-0.564 5804.0 
0.61 2843.0 
-0.564 5804.0 
-0.219 3428.0 
0.376 2992.0 
-0.035 3253.0 
-0.55 5075.0 
-0.505 4371.0 
0.036 3207.0 
-0.479 4144.0 
0.339 3017.0 
-0.555 5274.0 
-0.562 5669.0 
-0.445 3956.0 
0.163 3126.0 
-0.561 5575.0 
-0.498 4313.0 
-0.563 5719.0 
-0.198 3389.0 
-0.428 3873.0 
-0.487 4215.0 
-0.461 4043.0 
0.217 3093.0 
-0.533 4748.0 
-0.375 3689.0 
-0.126 3326.0 
-0.553 5198.0 
0.141 3147.0 
-0.27 3481.0 
-0.557 5374.0 
-0.516 4463.0 
-0.262 3467.0 
0.239 3078.0 
-0.407 3791.0 
-0.56 5531.0 
0.444 2952.0 
0.437 2958.0 
-0.379 3726.0 
-0.472 4097.0 
0.327 3024.0 
0.06 3198.0 
-0.012 3236.0 
0.302 3040.0 
-0.521 4538.0 
0.19 3123.0 
-0.532 4688.0 
-0.556 5342.0 
-0.344 3614.0 
-0.294 3510.0 
0.407 2977.0 
0.008 3224.0 
0.476 2936.0 
-0.547 4983.0 
0.099 3176.0 
-0.541 4877.0 
0.198 3108.0 
0.519 2904.0 
-0.069 3276.0 
-0.531 4647.0 
-0.311 3551.0 
0.125 3155.0 
-0.547 4983.0 
-0.544 4901.0 
0.593 2854.0 
0.111 3161.0 
-0.559 5458.0 
-0.551 5148.0 
0.402 2986.0 
0.531 2894.0 
0.476 2936.0 
0.256 3069.0 
-0.36 3646.0 
0.269 3059.0 
-0.438 3923.0 
-0.537 4808.0 
-0.494 4256.0 
0.078 3177.0 
0.503 2916.0 
-0.184 3378.0 
-0.526 4612.0 
-0.156 3346.0 
-0.559 5458.0 
-0.108 3310.0 
-0.074 3282.0 
-0.396 3754.0 
-0.465 4062.0 
-0.413 3838.0 
0.294 3050.0 
-0.415 3845.0 
-0.54 4812.0 
-0.298 3525.0 
-0.36 3646.0 
-0.159 3349.0 
-0.514 4433.0 
-0.092 3295.0 
-0.525 4583.0 
0.07 3183.0 
-0.397 3756.0 
-0.318 3565.0 
-0.119 3313.0 
