-0.565 5844.0 
0.619 2836.0 
-0.565 5844.0 
0.619 2836.0 
0.164 3127.0 
0.184 3116.0 
0.534 2892.0 
-0.537 4782.0 
-0.322 3573.0 
0.075 3181.0 
0.102 3169.0 
-0.564 5780.0 
-0.516 4455.0 
-0.551 5116.0 
-0.261 3470.0 
0.123 3152.0 
0.496 2918.0 
-0.002 3228.0 
-0.558 5424.0 
0.037 3209.0 
-0.561 5597.0 
-0.128 3320.0 
-0.156 3350.0 
-0.553 5184.0 
-0.541 4860.0 
0.055 3199.0 
-0.52 4515.0 
-0.038 3256.0 
-0.34 3598.0 
-0.461 4041.0 
0.433 2955.0 
-0.471 4079.0 
-0.562 5632.0 
-0.489 4281.0 
-0.502 4325.0 
-0.449 3964.0 
-0.457 4002.0 
-0.51 4399.0 
-0.556 5379.0 
0.34 3023.0 
-0.527 4591.0 
-0.231 3440.0 
0.223 3088.0 
-0.56 5513.0 
-0.217 3410.0 
-0.357 3638.0 
-0.201 3394.0 
-0.141 3333.0 
0.493 2919.0 
-0.487 4203.0 
-0.555 5325.0 
-0.554 5229.0 
-0.287 3513.0 
-0.023 3248.0 
-0.506 4373.0 
-0.559 5499.0 
-0.524 4549.0 
-0.177 3374.0 
-0.058 3272.0 
-0.43 3894.0 
-0.546 4955.0 
-0.406 3804.0 
0.292 3048.0 
-0.396 3760.0 
0.579 2863.0 
-0.104 3304.0 
-0.302 3545.0 
-0.349 3617.0 
-0.53 4660.0 
-0.548 5050.0 
0.279 3059.0 
-0.375 3711.0 
-0.083 3294.0 
0.315 3033.0 
0.553 2882.0 
-0.563 5703.0 
0.452 2944.0 
-0.287 3513.0 
0.412 2971.0 
-0.484 4170.0 
-0.544 4896.0 
-0.173 3373.0 
-0.533 4714.0 
-0.497 4287.0 
-0.529 4641.0 
-0.547 4976.0 
-0.478 4132.0 
0.223 3088.0 
-0.245 3443.0 
-0.413 3830.0 
0.464 2937.0 
0.265 3062.0 
0.56 2878.0 
-0.549 5054.0 
0.242 3084.0 
-0.563 5703.0 
0.604 2853.0 
-0.385 3729.0 
-0.476 4114.0 
0.122 3153.0 
