3.5197490063551627E-4
3.2697729394486383E-4
3.03668703510112E-4
3.078639618172844E-4
3.337945135752876E-4
3.2170936401296126E-4
3.2340898801903195E-4
3.332081543364855E-4
2.6575289564065687E-4
3.430287142173905E-4
3.1551950244109584E-4
3.1076579284068054E-4
3.8426560336734763E-4
2.9922792784678047E-4
3.495236445475132E-4
3.188782340982421E-4
3.009829621146934E-4
3.726822451736158E-4
3.5231377865698843E-4
2.6780715125619524E-4
3.8130312379023256E-4
3.112845490736586E-4
3.9244646151102077E-4
2.7069202911361815E-4
3.725443590770993E-4
3.399415246232742E-4
4.002331736359371E-4
3.0233945433549007E-4
3.5774027402659325E-4
2.859588618311376E-4
