0.3617038518139723
0.39706893223353423
0.36211788261018757
0.46858399864338507
0.39988469053634257
0.3046159143856687
0.3720159034148762
0.4975263333542052
0.41021843156389937
0.44154993185973207
0.49129804977713193
0.42611211205577865
0.4263369655037596
0.4187499893583699
0.5021178824792422
0.3698969683710566
0.4162350197041328
0.40444050910294005
0.4326709787069785
0.4867379888173612
0.33604490540530485
0.369059437665407
0.4252778562584521
0.3879205591772424
0.34198154600436226
0.40866711656431887
0.43414033186532375
0.3589495830452235
0.42459683141390897
0.399963332244447
