0.8351625347412903
0.8356734360655467
0.8353957153456948
0.8352144108757531
0.8349304021396023
0.8355688977945833
0.8349728462496174
0.8342672784207856
0.8354064573735376
0.8348083098231394
0.8351659407501187
0.8348934600438485
0.8353501272275295
0.8349340701491098
0.8343065785226514
0.8347061295582879
0.8350173863650658
0.8345740812160187
0.8352128388716785
0.8352432309504547
0.8345607191813843
0.8347221115997131
0.8353498652268505
0.8356113419045978
0.8349843742794987
0.8350506604513124
0.8346906715182204
0.8354124833891567
0.8349571262088706
0.8354714335419559
