0.62 2836.0 
-0.565 5872.0 
-0.375 3713.0 
-0.563 5735.0 
0.172 3131.0 
0.403 2985.0 
0.547 2886.0 
-0.564 5865.0 
0.422 2970.0 
-0.56 5517.0 
0.217 3092.0 
0.254 3069.0 
0.283 3061.0 
-0.314 3545.0 
-0.547 5023.0 
-0.553 5204.0 
-0.18 3378.0 
-0.549 5088.0 
-0.004 3239.0 
0.097 3165.0 
0.316 3034.0 
0.589 2858.0 
-0.515 4457.0 
-0.043 3258.0 
-0.555 5303.0 
0.237 3076.0 
0.562 2876.0 
0.353 3032.0 
-0.33 3574.0 
-0.283 3493.0 
-0.562 5694.0 
0.518 2907.0 
-0.559 5493.0 
-0.268 3473.0 
-0.531 4661.0 
-0.485 4169.0 
-0.561 5625.0 
-0.558 5409.0 
-0.544 4925.0 
-0.54 4823.0 
-0.113 3310.0 
-0.07 3277.0 
-0.346 3636.0 
-0.454 4028.0 
-0.554 5301.0 
-0.409 3802.0 
-0.336 3605.0 
0.021 3213.0 
-0.346 3636.0 
-0.509 4395.0 
-0.424 3900.0 
0.051 3196.0 
-0.551 5139.0 
0.147 3139.0 
-0.516 4497.0 
0.47 2933.0 
0.376 2997.0 
-0.139 3333.0 
-0.501 4303.0 
-0.558 5409.0 
-0.137 3330.0 
-0.164 3353.0 
-0.503 4350.0 
-0.479 4136.0 
-0.043 3258.0 
0.142 3150.0 
0.588 2874.0 
0.297 3047.0 
-0.463 4038.0 
-0.448 3972.0 
-0.393 3751.0 
0.118 3152.0 
-0.38 3730.0 
0.49 2921.0 
-0.004 3239.0 
0.356 3020.0 
0.021 3213.0 
-0.199 3390.0 
-0.226 3420.0 
-0.411 3808.0 
-0.204 3395.0 
-0.524 4573.0 
0.195 3104.0 
-0.538 4764.0 
-0.299 3522.0 
0.073 3181.0 
0.373 3001.0 
-0.494 4261.0 
-0.534 4730.0 
-0.561 5625.0 
0.052 3194.0 
-0.527 4601.0 
-0.529 4631.0 
-0.552 5177.0 
-0.297 3514.0 
0.073 3181.0 
-0.54 4823.0 
0.445 2954.0 
0.113 3160.0 
-0.075 3282.0 
-0.564 5804.0 
0.61 2843.0 
-0.564 5804.0 
-0.219 3428.0 
0.376 2992.0 
-0.035 3253.0 
-0.55 5075.0 
-0.505 4371.0 
0.036 3207.0 
-0.479 4144.0 
0.339 3017.0 
-0.555 5274.0 
-0.562 5669.0 
-0.445 3956.0 
0.163 3126.0 
-0.561 5575.0 
-0.498 4313.0 
-0.563 5719.0 
-0.198 3389.0 
-0.428 3873.0 
-0.487 4215.0 
-0.461 4043.0 
0.217 3093.0 
-0.533 4748.0 
-0.375 3689.0 
-0.126 3326.0 
-0.553 5198.0 
0.141 3147.0 
-0.27 3481.0 
-0.557 5374.0 
-0.516 4463.0 
-0.262 3467.0 
0.239 3078.0 
-0.407 3791.0 
-0.56 5531.0 
0.444 2952.0 
0.437 2958.0 
-0.379 3726.0 
-0.472 4097.0 
0.327 3024.0 
0.06 3198.0 
-0.012 3236.0 
0.302 3040.0 
-0.521 4538.0 
0.19 3123.0 
-0.532 4688.0 
-0.556 5342.0 
-0.344 3614.0 
-0.294 3510.0 
0.407 2977.0 
0.008 3224.0 
0.476 2936.0 
-0.547 4983.0 
0.099 3176.0 
-0.541 4877.0 
0.198 3108.0 
0.519 2904.0 
-0.069 3276.0 
-0.531 4647.0 
-0.311 3551.0 
0.125 3155.0 
-0.547 4983.0 
-0.544 4901.0 
0.593 2854.0 
0.111 3161.0 
-0.559 5458.0 
-0.551 5148.0 
0.402 2986.0 
0.531 2894.0 
0.476 2936.0 
0.256 3069.0 
-0.36 3646.0 
0.269 3059.0 
-0.438 3923.0 
-0.537 4808.0 
-0.494 4256.0 
0.078 3177.0 
0.503 2916.0 
-0.184 3378.0 
-0.526 4612.0 
-0.156 3346.0 
-0.559 5458.0 
-0.108 3310.0 
-0.074 3282.0 
-0.396 3754.0 
-0.465 4062.0 
-0.413 3838.0 
0.294 3050.0 
-0.415 3845.0 
-0.54 4812.0 
-0.298 3525.0 
-0.36 3646.0 
-0.159 3349.0 
-0.514 4433.0 
-0.092 3295.0 
-0.525 4583.0 
0.07 3183.0 
-0.397 3756.0 
-0.318 3565.0 
-0.119 3313.0 
-0.564 5800.0 
0.603 2849.0 
-0.564 5800.0 
0.603 2849.0 
-0.561 5592.0 
-0.562 5780.0 
0.416 2973.0 
-0.537 4770.0 
-0.494 4246.0 
-0.527 4601.0 
0.513 2905.0 
0.442 2959.0 
-0.558 5467.0 
-0.513 4462.0 
-0.36 3660.0 
-0.545 4922.0 
-0.304 3529.0 
0.496 2916.0 
-0.284 3501.0 
-0.018 3237.0 
-0.472 4108.0 
-0.252 3456.0 
-0.427 3869.0 
0.238 3076.0 
-0.186 3377.0 
-0.439 3940.0 
-0.271 3477.0 
-0.382 3713.0 
-0.541 4846.0 
-0.559 5504.0 
-0.318 3555.0 
-0.157 3353.0 
0.47 2933.0 
-0.466 4059.0 
-0.557 5366.0 
0.382 2988.0 
-0.412 3818.0 
0.544 2887.0 
0.348 3009.0 
-0.479 4157.0 
-0.549 5038.0 
-0.396 3761.0 
-0.448 3982.0 
-0.069 3279.0 
-0.429 3904.0 
-0.13 3333.0 
-0.53 4664.0 
0.46 2939.0 
0.106 3161.0 
-0.556 5360.0 
0.188 3119.0 
-0.533 4692.0 
-0.522 4530.0 
-0.214 3405.0 
-0.56 5577.0 
0.569 2870.0 
0.317 3029.0 
-0.552 5158.0 
-0.555 5275.0 
0.377 2995.0 
0.351 3008.0 
-0.082 3293.0 
-0.479 4157.0 
0.26 3068.0 
-0.511 4415.0 
0.038 3210.0 
-0.542 4874.0 
0.038 3210.0 
-0.233 3427.0 
-0.547 5002.0 
-0.111 3309.0 
0.599 2851.0 
-0.554 5242.0 
0.069 3185.0 
-0.55 5100.0 
-0.522 4530.0 
-0.33 3578.0 
0.547 2883.0 
-0.498 4271.0 
0.218 3090.0 
-0.456 4036.0 
-0.508 4388.0 
0.162 3126.0 
-0.234 3440.0 
-0.048 3262.0 
-0.502 4305.0 
-0.367 3678.0 
0.014 3218.0 
-0.373 3701.0 
-0.124 3319.0 
0.071 3182.0 
0.317 3029.0 
-0.053 3263.0 
-0.341 3603.0 
0.161 3128.0 
-0.207 3399.0 
0.201 3111.0 
0.287 3047.0 
-0.505 4352.0 
0.275 3053.0 
0.616 2838.0 
-0.565 5857.0 
-0.564 5769.0 
-0.143 3347.0 
-0.555 5271.0 
-0.286 3499.0 
0.001 3228.0 
-0.381 3718.0 
0.235 3078.0 
-0.215 3413.0 
-0.472 4120.0 
-0.46 4053.0 
0.484 2925.0 
0.06 3188.0 
-0.55 5118.0 
0.58 2870.0 
-0.558 5423.0 
-0.493 4268.0 
0.207 3103.0 
0.527 2909.0 
0.459 2944.0 
-0.364 3659.0 
0.163 3123.0 
-0.508 4461.0 
-0.559 5492.0 
0.554 2894.0 
-0.061 3270.0 
-0.339 3598.0 
-0.507 4382.0 
-0.176 3370.0 
-0.032 3251.0 
0.317 3030.0 
-0.241 3435.0 
-0.528 4614.0 
-0.553 5186.0 
-0.502 4349.0 
-0.457 4019.0 
-0.169 3359.0 
-0.562 5688.0 
0.408 2970.0 
-0.561 5586.0 
-0.54 4804.0 
0.606 2852.0 
-0.12 3313.0 
-0.513 4493.0 
0.179 3120.0 
0.434 2961.0 
-0.56 5543.0 
-0.556 5346.0 
-0.451 3968.0 
0.367 3000.0 
-0.108 3304.0 
-0.535 4732.0 
0.102 3165.0 
-0.532 4663.0 
-0.52 4530.0 
-0.543 4917.0 
0.137 3139.0 
-0.035 3254.0 
0.25 3069.0 
-0.549 5040.0 
0.345 3019.0 
0.563 2875.0 
-0.432 3927.0 
0.196 3108.0 
-0.303 3524.0 
-0.308 3531.0 
-0.247 3448.0 
0.528 2908.0 
-0.562 5688.0 
-0.087 3289.0 
0.481 2929.0 
-0.475 4154.0 
-0.557 5365.0 
0.384 2985.0 
0.035 3202.0 
0.439 2950.0 
-0.541 4879.0 
-0.201 3397.0 
-0.418 3835.0 
0.306 3037.0 
0.292 3045.0 
-0.534 4695.0 
0.4 2979.0 
-0.548 5032.0 
-0.547 4969.0 
-0.263 3465.0 
-0.552 5166.0 
-0.322 3563.0 
-0.263 3465.0 
0.079 3179.0 
-0.429 3882.0 
-0.359 3647.0 
-0.322 3563.0 
-0.072 3281.0 
0.126 3150.0 
-0.411 3819.0 
-0.399 3775.0 
0.282 3054.0 
0.345 3019.0 
-0.566 5952.0 
0.606 2848.0 
-0.566 5952.0 
0.606 2848.0 
-0.466 4071.0 
-0.163 3354.0 
-0.399 3771.0 
-0.559 5471.0 
-0.425 3860.0 
-0.558 5416.0 
0.214 3097.0 
0.586 2861.0 
-0.556 5311.0 
-0.388 3736.0 
0.312 3034.0 
-0.42 3839.0 
0.013 3221.0 
-0.442 3950.0 
0.052 3196.0 
-0.515 4474.0 
-0.201 3401.0 
-0.253 3463.0 
-0.196 3397.0 
0.295 3051.0 
-0.236 3432.0 
0.246 3077.0 
0.152 3133.0 
0.271 3060.0 
-0.445 3953.0 
-0.562 5682.0 
-0.554 5262.0 
-0.561 5588.0 
-0.039 3256.0 
0.365 3012.0 
-0.533 4687.0 
-0.062 3272.0 
-0.553 5197.0 
-0.502 4324.0 
0.422 2967.0 
-0.536 4781.0 
0.455 2949.0 
-0.37 3677.0 
-0.122 3337.0 
-0.54 4854.0 
0.555 2880.0 
-0.563 5708.0 
0.403 2984.0 
0.345 3022.0 
-0.372 3681.0 
-0.007 3240.0 
0.437 2961.0 
-0.346 3638.0 
-0.495 4246.0 
-0.547 5011.0 
-0.027 3246.0 
-0.544 4914.0 
-0.561 5588.0 
-0.527 4635.0 
-0.331 3578.0 
-0.565 5860.0 
0.088 3174.0 
0.185 3112.0 
-0.096 3299.0 
0.194 3107.0 
-0.494 4242.0 
-0.486 4180.0 
0.382 2994.0 
-0.301 3528.0 
-0.549 5050.0 
-0.55 5089.0 
-0.539 4784.0 
0.255 3074.0 
0.49 2926.0 
-0.475 4117.0 
-0.285 3500.0 
-0.273 3482.0 
-0.564 5786.0 
-0.085 3287.0 
-0.565 5860.0 
-0.564 5786.0 
-0.146 3341.0 
-0.521 4542.0 
-0.072 3284.0 
-0.483 4168.0 
-0.507 4368.0 
0.547 2885.0 
-0.512 4427.0 
-0.552 5152.0 
0.005 3225.0 
-0.316 3556.0 
-0.543 4885.0 
-0.296 3513.0 
-0.474 4109.0 
0.124 3151.0 
0.133 3143.0 
-0.551 5129.0 
-0.531 4677.0 
-0.313 3555.0 
-0.239 3436.0 
0.114 3162.0 
-0.565 5867.0 
0.606 2847.0 
-0.551 5122.0 
-0.557 5377.0 
-0.176 3370.0 
-0.552 5256.0 
-0.561 5600.0 
-0.008 3233.0 
-0.048 3259.0 
-0.559 5465.0 
0.486 2931.0 
0.451 2949.0 
0.32 3029.0 
-0.469 4080.0 
0.416 2971.0 
-0.449 3985.0 
-0.072 3289.0 
0.588 2872.0 
-0.555 5292.0 
-0.028 3247.0 
-0.564 5834.0 
-0.385 3746.0 
0.194 3107.0 
-0.532 4684.0 
-0.488 4200.0 
0.369 2996.0 
0.395 2985.0 
-0.201 3397.0 
0.107 3159.0 
0.337 3016.0 
0.074 3185.0 
0.276 3061.0 
-0.549 5075.0 
0.044 3201.0 
-0.498 4299.0 
0.093 3169.0 
-0.333 3584.0 
-0.502 4325.0 
-0.292 3516.0 
0.462 2942.0 
-0.438 3907.0 
-0.236 3432.0 
0.256 3068.0 
0.356 3005.0 
-0.534 4766.0 
0.13 3147.0 
-0.4 3774.0 
-0.539 4838.0 
0.169 3122.0 
-0.089 3290.0 
-0.547 4982.0 
-0.362 3670.0 
-0.522 4550.0 
-0.548 5017.0 
-0.46 4051.0 
-0.477 4147.0 
-0.258 3469.0 
0.057 3190.0 
-0.507 4386.0 
-0.563 5746.0 
-0.308 3541.0 
-0.138 3334.0 
0.022 3212.0 
-0.538 4771.0 
-0.308 3541.0 
-0.277 3497.0 
-0.56 5519.0 
0.507 2910.0 
-0.542 4862.0 
0.519 2906.0 
-0.526 4584.0 
-0.544 4928.0 
0.561 2875.0 
0.293 3050.0 
-0.562 5678.0 
0.022 3212.0 
0.244 3082.0 
-0.205 3414.0 
-0.375 3697.0 
-0.252 3454.0 
-0.493 4236.0 
-0.427 3867.0 
-0.378 3705.0 
0.15 3133.0 
-0.419 3859.0 
-0.345 3609.0 
0.226 3093.0 
-0.543 4911.0 
-0.511 4444.0 
-0.563 5746.0 
-0.562 5678.0 
-0.354 3652.0 
0.55 2883.0 
-0.531 4652.0 
-0.438 3907.0 
-0.509 4398.0 
0.408 2977.0 
-0.351 3628.0 
0.139 3140.0 
0.293 3050.0 
-0.565 5846.0 
-0.565 5846.0 
0.621 2838.0 
-0.554 5287.0 
-0.561 5579.0 
-0.524 4587.0 
-0.552 5161.0 
0.11 3169.0 
-0.559 5460.0 
-0.13 3331.0 
-0.526 4718.0 
0.462 2935.0 
0.352 3006.0 
0.217 3103.0 
-0.223 3417.0 
-0.54 4818.0 
-0.498 4275.0 
-0.007 3231.0 
-0.557 5370.0 
-0.563 5707.0 
-0.535 4722.0 
-0.371 3676.0 
-0.562 5653.0 
0.138 3141.0 
0.527 2895.0 
0.398 2981.0 
-0.491 4230.0 
-0.549 5109.0 
-0.517 4515.0 
-0.313 3545.0 
0.43 2964.0 
-0.547 4997.0 
0.085 3184.0 
-0.512 4433.0 
-0.352 3625.0 
-0.168 3360.0 
-0.119 3314.0 
-0.486 4180.0 
0.596 2852.0 
0.023 3211.0 
-0.289 3511.0 
-0.406 3806.0 
-0.089 3290.0 
0.373 2992.0 
-0.418 3835.0 
-0.474 4122.0 
-0.242 3456.0 
0.053 3201.0 
0.588 2862.0 
-0.099 3300.0 
0.323 3024.0 
0.427 2966.0 
0.547 2883.0 
0.017 3215.0 
0.239 3078.0 
0.171 3119.0 
-0.558 5414.0 
0.268 3068.0 
-0.503 4340.0 
-0.27 3482.0 
0.325 3023.0 
0.566 2877.0 
0.273 3055.0 
0.293 3041.0 
-0.521 4533.0 
-0.481 4147.0 
-0.183 3375.0 
0.484 2928.0 
-0.241 3454.0 
-0.545 4941.0 
0.243 3073.0 
0.071 3187.0 
-0.47 4073.0 
-0.397 3784.0 
-0.508 4388.0 
-0.564 5784.0 
0.191 3106.0 
-0.421 3870.0 
-0.204 3399.0 
-0.288 3504.0 
-0.068 3276.0 
0.384 2985.0 
-0.543 4879.0 
0.507 2910.0 
0.161 3125.0 
-0.461 4036.0 
-0.454 4005.0 
-0.27 3482.0 
-0.439 3927.0 
0.507 2910.0 
-0.541 4853.0 
0.293 3041.0 
-0.39 3738.0 
-0.447 3970.0 
-0.544 4919.0 
-0.168 3360.0 
-0.431 3903.0 
-0.025 3248.0 
-0.192 3387.0 
-0.564 5784.0 
-0.564 5796.0 
0.618 2839.0 
-0.564 5796.0 
0.618 2839.0 
-0.558 5417.0 
-0.559 5598.0 
0.294 3044.0 
-0.27 3477.0 
-0.187 3382.0 
-0.218 3423.0 
0.326 3026.0 
0.411 2970.0 
-0.516 4460.0 
0.447 2949.0 
-0.556 5354.0 
0.259 3067.0 
0.557 2880.0 
-0.551 5110.0 
-0.539 4831.0 
0.586 2864.0 
0.087 3176.0 
0.121 3150.0 
-0.252 3459.0 
-0.563 5723.0 
0.148 3135.0 
-0.547 5006.0 
-0.351 3624.0 
0.047 3200.0 
-0.318 3554.0 
0.203 3108.0 
0.059 3192.0 
-0.525 4615.0 
-0.448 3965.0 
-0.009 3234.0 
-0.113 3329.0 
-0.234 3429.0 
-0.503 4386.0 
0.538 2889.0 
0.488 2923.0 
0.103 3161.0 
-0.463 4041.0 
-0.544 4916.0 
-0.302 3525.0 
-0.383 3715.0 
-0.026 3245.0 
0.164 3126.0 
0.017 3216.0 
-0.491 4316.0 
-0.517 4506.0 
-0.14 3333.0 
0.508 2915.0 
0.205 3102.0 
-0.475 4151.0 
0.234 3084.0 
0.521 2903.0 
-0.555 5276.0 
-0.093 3294.0 
-0.337 3596.0 
-0.537 4770.0 
-0.174 3363.0 
-0.364 3658.0 
0.471 2935.0 
-0.069 3277.0 
-0.302 3525.0 
0.397 2986.0 
-0.553 5194.0 
-0.045 3265.0 
-0.439 3920.0 
-0.5 4345.0 
-0.104 3302.0 
-0.534 4701.0 
-0.481 4181.0 
-0.542 4900.0 
-0.162 3355.0 
-0.468 4094.0 
0.013 3221.0 
-0.523 4546.0 
-0.364 3658.0 
-0.549 5060.0 
-0.387 3733.0 
-0.074 3281.0 
-0.149 3342.0 
-0.535 4751.0 
-0.56 5661.0 
-0.474 4097.0 
0.46 2942.0 
-0.524 4571.0 
0.384 2990.0 
-0.553 5194.0 
-0.431 3891.0 
0.351 3023.0 
-0.431 3891.0 
-0.562 5666.0 
-0.554 5261.0 
0.248 3077.0 
-0.398 3762.0 
-0.412 3827.0 
-0.531 4676.0 
-0.457 3997.0 
-0.041 3261.0 
-0.563 5752.0 
-0.563 5752.0 
0.615 2839.0 
-0.556 5342.0 
-0.155 3360.0 
-0.324 3574.0 
-0.538 4777.0 
-0.535 4709.0 
-0.51 4405.0 
-0.523 4548.0 
-0.438 3914.0 
-0.367 3667.0 
-0.561 5620.0 
-0.13 3327.0 
-0.542 4857.0 
-0.442 3958.0 
0.439 2955.0 
-0.017 3241.0 
-0.273 3527.0 
-0.553 5207.0 
-0.562 5697.0 
0.006 3224.0 
-0.546 4945.0 
-0.458 4006.0 
0.045 3200.0 
0.199 3102.0 
-0.56 5553.0 
-0.24 3435.0 
0.028 3217.0 
-0.517 4480.0 
-0.074 3279.0 
0.553 2882.0 
-0.422 3852.0 
-0.27 3479.0 
-0.557 5413.0 
0.405 2976.0 
0.578 2866.0 
-0.548 5027.0 
-0.559 5501.0 
-0.117 3312.0 
0.292 3045.0 
-0.343 3620.0 
0.231 3088.0 
0.096 3165.0 
-0.039 3253.0 
-0.527 4636.0 
-0.505 4351.0 
0.15 3130.0 
-0.485 4187.0 
0.531 2896.0 
-0.306 3530.0 
0.304 3036.0 
-0.552 5183.0 
0.19 3111.0 
0.271 3060.0 
-0.222 3414.0 
0.509 2909.0 
0.459 2941.0 
-0.343 3620.0 
-0.503 4320.0 
-0.558 5450.0 
-0.528 4638.0 
-0.459 4048.0 
0.072 3181.0 
-0.375 3696.0 
-0.18 3374.0 
-0.467 4080.0 
-0.309 3535.0 
-0.397 3763.0 
0.376 2988.0 
0.251 3070.0 
0.068 3187.0 
-0.49 4215.0 
-0.549 5046.0 
-0.518 4502.0 
0.107 3163.0 
-0.551 5116.0 
0.344 3011.0 
-0.494 4249.0 
-0.382 3721.0 
-0.094 3296.0 
0.482 2927.0 
0.124 3152.0 
-0.058 3269.0 
-0.55 5106.0 
0.375 2989.0 
-0.097 3301.0 
0.6 2851.0 
0.324 3028.0 
0.469 2935.0 
0.168 3121.0 
0.589 2862.0 
0.543 2895.0 
-0.184 3378.0 
0.233 3081.0 
0.414 2971.0 
-0.479 4143.0 
0.327 3022.0 
-0.199 3395.0 
-0.477 4140.0 
0.611 2843.0 
-0.566 5977.0 
0.611 2843.0 
-0.566 5977.0 
-0.562 5656.0 
0.253 3068.0 
0.199 3101.0 
-0.563 5775.0 
-0.353 3634.0 
-0.549 5071.0 
-0.204 3394.0 
0.321 3036.0 
-0.049 3269.0 
-0.533 4676.0 
-0.151 3350.0 
-0.29 3502.0 
0.007 3226.0 
-0.516 4507.0 
-0.377 3697.0 
0.531 2901.0 
-0.535 4752.0 
0.306 3050.0 
-0.544 4922.0 
-0.564 5844.0 
-0.508 4381.0 
0.098 3166.0 
0.596 2853.0 
-0.521 4575.0 
-0.491 4261.0 
0.084 3182.0 
-0.528 4610.0 
-0.56 5533.0 
0.152 3132.0 
-0.452 4043.0 
-0.133 3327.0 
-0.539 4815.0 
-0.556 5369.0 
-0.552 5195.0 
-0.558 5437.0 
0.466 2934.0 
-0.547 5031.0 
0.173 3118.0 
-0.392 3745.0 
0.515 2903.0 
-0.502 4327.0 
0.03 3208.0 
0.562 2876.0 
-0.484 4192.0 
-0.266 3473.0 
-0.475 4135.0 
-0.026 3243.0 
0.127 3161.0 
-0.305 3527.0 
0.562 2876.0 
0.057 3190.0 
-0.467 4086.0 
-0.559 5532.0 
0.41 2971.0 
-0.26 3472.0 
-0.447 3961.0 
-0.403 3783.0 
-0.341 3602.0 
-0.555 5289.0 
-0.426 3875.0 
-0.115 3318.0 
-0.448 4007.0 
-0.497 4292.0 
-0.178 3366.0 
0.387 2990.0 
-0.546 4956.0 
0.353 3010.0 
0.431 2963.0 
-0.073 3282.0 
-0.09 3293.0 
-0.103 3310.0 
-0.183 3371.0 
-0.415 3831.0 
-0.553 5214.0 
-0.223 3433.0 
0.276 3061.0 
0.189 3110.0 
-0.018 3237.0 
-0.43 3888.0 
0.489 2929.0 
-0.513 4442.0 
-0.482 4174.0 
-0.327 3572.0 
-0.554 5277.0 
0.393 2986.0 
-0.241 3441.0 
-0.511 4439.0 
-0.537 4813.0 
-0.557 5411.0 
0.363 3001.0 
-0.565 5907.0 
0.276 3061.0 
-0.47 4098.0 
-0.438 3927.0 
0.493 2919.0 
-0.334 3587.0 
