1.0649912952695595 58.44190890551886 10.45837041567367 0.456847332367488 0.16459444700669254 
58.87058511482483 0.06106678729443882 1496.1275794441376 1454.4299401395815 1101.6258642239247 
1.0609739100227085 58.57779053894149 10.45837041567367 0.3653524690014649 0.36465674798929193 
58.87058511482483 0.05765403539674928 1496.1275794441376 1454.4299401395815 1101.6258642239247 
60.631692032849315 0.3200476763504403 1485.505822137981 1387.0056609532692 489.4902496946322 
1.3152193258044447 58.475861311536406 22.948499392290547 206.2727867824865 1.7356014295675575 
0.19199434779884417 58.577789688797765 23.911797551896214 238.75078682403873 1.7356014295675575 
36.74604095566663 0.23932174292536834 1494.4210292133657 1386.232976921487 837.0970726202645 
1.5337269504833468 57.72883108032738 603.9760946064994 337.43700543913036 11.33256699559955 
83.0 0.27438377888822885 1494.3949613795041 773.3379231488125 546.9602469498243 
0.9825839247030589 58.70729847078736 278.66842975546075 338.7317389352737 1.5961502814743236 
0.9986601240944637 37.5304248075783 225.61569915057024 30.074623051690082 4.844643644962831 
0.200618771314388 34.17180500441884 184.60110291642025 280.4009866207191 4.903086264066868 
38.64254783617855 0.12972945392999877 1469.0343878888805 546.7139012575511 296.8351403025875 
2.115734548615908 30.357213602367576 234.9011646095567 313.3305438328475 9.745619623408665 
0.9482250493991238 44.37777031471858 438.52158362599425 331.3490238986934 2.626127991753316 
0.8118854346643847 63.31008238830947 45.651165479710585 337.53804818898357 3.897977908440505 
38.64254783617855 0.5001949908181489 1481.8134049905896 370.868230284899 296.8351403025875 
31.056522836977027 31.827922187877853 533.0270896424045 367.4698508618694 102.96590242909508 
2.1228329363872263 58.39151299447933 28.261002716879513 29.04952414467903 26.393274799097526 
39.25182907405619 2.9490854793680628 1436.2581447802124 658.0774422572772 275.15227448259503 
4.025570998848547 30.359334075612182 89.31348003795354 121.5146819209516 1.8088886827168071 
38.80971007059605 0.1130864835428187 1435.3105494320707 740.8326135813568 477.724323477799 
58.87058511482483 0.05765403539674928 1496.1275794441376 1326.8451991471468 1101.6258642239247 
36.20726572509283 3.0652414722501664 1182.270253028728 475.72510857359663 274.07574895871926 
0.2422274320822595 58.87255034878664 48.53455861127571 282.5463979453323 1.9628788409636584 
1.0649912952695595 58.44190890551886 10.45837041567367 9.469020692157564 0.2737667946198803 
31.368959095529405 0.31062395050484093 1476.22265174781 373.1805920332467 489.4902496946322 
33.298608771889825 3.4012971494771125 1188.2584697226384 338.3699926442784 310.5191055058102 
0.7375758734320179 33.93891534150798 22.901034286672978 303.43743056527353 14.617084920442995 
58.35269915245853 0.30366097107971246 1459.3400404266563 471.7315308843089 291.0975122634693 
82.0 0.31385789683315846 1495.5325354333852 1104.6118940514627 844.2838530217792 
0.19199434779884417 45.04180988696251 66.47876283472237 238.75078682403873 1.7376055845866005 
0.200618771314388 4.631916503243657 1021.7978021682014 280.4009866207191 311.7061330198641 
1.3159836314304365 38.21392306775665 225.61569915057024 308.83180892977356 4.874076381262199 
83.05400378459437 0.24507136890727987 1374.9898804780887 672.9049011739319 377.3851523973804 
31.368959095529405 0.31062395050484093 1476.22265174781 1147.8817941746806 489.4902496946322 
83.0 0.08180518101303055 1440.5189311448846 996.2353926678107 375.6823963769483 
81.99500857236099 0.31062395050484093 1477.665506175087 1161.3053417834876 489.4902496946322 
0.5451604961954316 58.42695222556067 4.109496603786727 89.99531297787993 1.6811311922898615 
80.10967565779801 1.6650798727799747 1483.7045488305855 752.1408180414949 534.9210135614323 
0.15963233114453623 49.446830606343504 24.10380201020967 253.80075064679835 3.838826885216621 
1.5471130407622997 59.273656487264034 692.9737649379748 363.1875255838403 57.999101620341435 
1.3277057281356637 58.58020319908468 3.6408078821613543 60.91832061760698 1.0298141706747361 
36.698505761492285 3.004462636483873 1104.0594176804777 475.3045761119329 277.7595252073963 
0.8118854346643847 45.8065617406521 25.112556969392358 337.53804818898357 3.897977908440505 
2.255647277323571 58.37437991818728 5.759958225905621 29.04952414467903 2.649260488517676 
1.132801214111062 3.4012971494771125 1043.5903913400703 407.58145213877344 313.6053761004063 
4.619068592980866 57.72883108032738 375.4712650464548 337.39169708136234 11.680232436164431 
2.2267552999507174 5.452870978497145 1026.6391443879181 367.3681383051981 313.6053761004063 
0.7733962755078589 58.58020319908468 4.031536061010032 386.0414654818285 1.0298141706747361 
0.9986601240944637 32.65492166817113 225.61569915057024 145.93736420362146 2.2388698038327526 
0.9482250493991238 44.37777031471858 439.0283879419552 355.30668518232704 2.626127991753316 
2.255647277323571 58.37437991818728 5.759958225905621 29.04952414467903 2.649260488517676 
0.4798877279727165 58.52258441438792 0.17017979533172412 338.5580901387605 4.850259091248843 
1.6125513297927085 1.9679564197354225 985.6568943253305 338.2777431772529 311.9000037496986 
82.0 0.31385789683315846 1493.94219967969 1104.6118940514627 844.2838530217792 
0.21810291768460055 58.44190890551886 106.4317489576267 58.951286845970245 0.16459444700669254 
4.431055785829658 82.55359813811563 366.0567797054989 337.39169708136234 11.680232436164431 
0.21654484405483773 2.5846285666784574 883.8584122612311 391.0299515571074 59.92199803870059 
23.432570551456976 1.517060193396052 599.7086612109134 337.9384649750482 150.30664361061378 
6.1801276832002685 61.925191228950084 543.7134242728356 337.2511497371893 20.773372787981543 
38.16586507026351 0.23932174292536834 1494.6590187982508 1072.4569067804673 433.398961320725 
33.25820059779582 2.613466785666553 769.6155067302997 337.98840730807535 69.2736485123178 
0.25338160140134014 32.50603823983412 255.68946327133062 275.52277493833407 6.936068270893357 
45.85527140695469 60.39686699593876 1001.660077732306 367.3681383051981 1.5546166887813229 
29.52805724099945 3.6002945127558483 1024.7461893824116 492.8309424965227 313.6053761004063 
0.19506414988572024 45.46240595021488 259.112844552742 328.07117753446914 2.6493543597008307 
1.157988941423483 58.43809362644386 168.83052535012604 28.9245851519008 3.202256293845423 
74.98537588868555 0.060705680750101854 1480.6995407168795 745.8855540675761 373.349098029515 
2.234215404162827 36.83984080913579 28.05474690731515 138.52723036105115 3.8534535207446945 
0.9932394329302111 58.582477070743224 172.85082291348277 0.456847332367488 1.60129464194182 
0.19969783390263193 59.47534736024836 210.53307793418622 280.4009866207191 4.903086264066868 
1.2142800039159996 37.82047701852734 61.26590534385217 392.04667207457345 1.7104883042896577 
0.25338160140134014 32.50603823983412 255.68946327133062 267.64633633907636 7.01483663974399 
0.19506414988572024 44.37777031471858 259.112844552742 333.2054642763694 2.670555979693824 
0.36618832887555597 61.899149625250296 675.3308497223788 388.65592612595503 241.4277320951864 
83.0 0.08180518101303055 1464.2530971942535 996.2353926678107 382.28274607795527 
0.19506414988572024 44.37777031471858 259.112844552742 333.2054642763694 156.95463961211158 
3.925926734702907 37.80131981450537 40.072387411560285 175.4564759402835 5.226921144892927 
0.19199434779884417 37.777663662863944 28.083061415688192 240.58571214364378 3.855116455992567 
0.4798877279727165 58.52258441438792 0.17017979533172412 383.5783331393655 4.850259091248843 
33.39276757172894 2.613466785666553 769.6155067302997 337.98840730807535 102.96590242909508 
1.3152335027046287 31.4930417354758 20.631493011917907 60.91832061760698 4.655719742951524 
33.40483316054757 0.0851360746455413 1438.4782651168537 404.5380385700005 137.66607426020886 
30.962364037137924 3.4012971494771125 1024.7461893824116 367.84100561503146 313.6053761004063 
0.1544229610095868 58.86227982729973 535.7141592971769 331.4991103239422 2.626127991753316 
32.13816907501085 0.06683521402265524 1481.1085533712983 1072.4569067804673 446.2024245033597 
1.0649912952695595 58.41403387019845 169.57619348939454 24.566752268489665 0.7295283793766594 
0.15779778581573534 58.70729847078736 303.5557420480262 367.822134063219 1.6007340719857024 
32.450520759830134 1.1678038286177213 1438.7951187799172 404.5380385700005 137.66607426020886 
83.05400378459437 0.8503848710520998 1374.9898804780887 672.9049011739319 377.3851523973804 
83.0 0.08180518101303055 1490.689096786727 1161.3053417834876 397.2299913550974 
2.234215404162827 58.3377793643716 23.883483043523277 136.69230720468087 1.7993428422538806 
58.87058511482483 0.06106678729443882 1480.723420018086 1398.28527449149 1101.6258642239247 
3.925926734702907 37.80131981450537 40.072387411560285 175.4564759402835 5.226921144892927 
1.132801214111062 3.4012971494771125 1043.5903913400703 407.58145213877344 76.9622522159477 
33.39276757172894 2.613466785666553 821.1843713237708 381.57487882947726 6.861626523363277 
1.0009918344220998 58.74173573926146 22.804164218985335 60.91832061760698 4.655719742951524 
1.8241691965609643 58.70729847078736 543.7134242728356 337.2511497371893 1.6007340719857024 
