82.0 0.374566039721294 1497.1310779080336 1393.360691461241 1203.836456466945 
0.29738141344446767 49.543584662849554 4.020148966302329 8.915337223760616 5.862221398623838 
0.3140927013538827 49.51945252917921 4.020148966302329 8.915337223760616 5.862221398623838 
82.0 0.374566039721294 1497.1310779080336 1393.360691461241 1203.836456466945 
0.38129338675775815 48.4957680051526 752.6741042244674 559.4473163875523 127.47698537682334 
0.2184465957335011 71.70233184672574 60.10364630654248 127.11927286790188 5.234391978168398 
30.663161825129677 0.9686266379783959 924.9822434991834 450.0570842983328 28.87376756095759 
2.579594698448659 48.34487073006972 746.6164705563233 446.82572855862287 163.31729260661174 
67.68701967859452 0.3315154011618046 1498.071401826181 1482.7923631922808 465.4672269855185 
0.6410555126168913 37.73993717957478 87.48933585398822 123.1437988668656 21.69674396528419 
66.53939887233973 0.33172204320199894 1495.578608239241 1378.951155643545 473.3900541162631 
0.02465537700594833 48.36844814215321 366.29888120074565 387.00280670693866 7.98285896350106 
83.0 0.49249201872589293 1490.368709190668 609.4790858943352 465.4672269855185 
3.3311254232460943 49.413404527551414 63.15647406925718 422.13549346965476 5.307563926791985 
0.24565580498296025 39.67430994870928 97.900549516989 84.45794431522972 7.982476924610267 
0.9793370253447489 39.57145508689397 4.4157328617961795 217.27745569648317 13.793865309502799 
0.5212790177795987 45.548405438217756 813.7739258388139 376.67734476879764 0.30506324616890756 
2.978956340427576 52.87473747497259 63.19829518104855 309.5117784157256 0.07750463820880871 
0.01911029702043532 47.74170935909113 63.99582085170516 213.77178186525725 5.912034671195954 
0.226403536724607 50.124976630939315 1.65641524000009 25.56131771875566 3.992041564222066 
82.0 0.37485122541547017 1498.739068913343 1389.6535982572348 940.330263397532 
28.285025167178674 40.15284700997541 661.9777907823889 392.56564547326263 18.37066677198257 
0.20808255201963677 50.079687896448284 50.76592253769033 305.41746011382673 3.56413996661772 
48.64520956138362 0.2981772164764698 1495.4853083667217 1309.8314620664407 496.8674929989516 
1.7785984091236533 36.736199182271065 97.900549516989 65.56077192548034 7.982476924610267 
0.55996982288924 50.43861153999384 35.85696622297783 398.65424093158697 22.067240355124394 
28.308893922151224 36.12987071892352 523.2941498995237 304.84527881557017 23.715965151490593 
0.22975362532841354 50.41197542377874 69.08916585722054 192.3828848322205 22.28738415003376 
0.226403536724607 50.124976630939315 49.70437941672816 45.76197176332141 3.9881973546978475 
0.02465537700594833 47.859192839731925 42.18776459793682 387.00280670693866 7.98285896350106 
0.016178576772685638 36.73869782890693 215.88326925274237 67.21817872981696 7.645698094666422 
0.8798684660564717 48.91260893724906 17.911234850454097 24.878606389277692 0.5013375738299937 
25.878769739790922 0.4918758755413009 1189.9993908982658 517.0570918341124 21.264986670126362 
0.24225952459107955 50.60160636436393 91.61262238135137 30.47103571915234 13.653885295796295 
0.22975362532841354 49.521759764602635 69.51009044386103 1.712723412563264 7.6811057495440505 
0.2801840328162024 50.43237271748485 452.56836063994274 430.3441065742332 19.89486716131192 
80.12318508921301 0.49355097251515323 1497.965512407775 1116.2255144854205 621.984701214925 
74.38818980813969 0.12202294698396629 1497.2081137413545 377.7726398757565 395.31007516229454 
0.24225952459107955 50.60160636436393 258.6066722520684 127.00552198022672 13.656063698257686 
0.226403536724607 50.124976630939315 52.17288981764209 25.56131771875566 3.803928822195484 
82.0 0.49509953826391284 1498.739068913343 1389.6535982572348 854.2337623843897 
66.53939887233973 0.22414260006710351 1497.1903491052828 1029.6819836301306 465.9862885688477 
1.7785984091236533 36.736199182271065 81.7270418386925 65.56077192548034 5.27460228796623 
28.285025167178674 40.21842717425735 661.9777907823889 392.56564547326263 244.85677924867161 
28.120757498849198 0.24893908001724463 1495.6538033063866 977.027259949732 338.48905866182355 
0.28795548223869444 48.91260893724906 13.197209531531826 301.85765249140394 14.804571604631022 
66.53939887233973 0.22414260006710351 1497.1903491052828 1068.7625735686581 543.8105682401351 
79.2301174273589 0.0990931418423831 1462.4197991497315 736.9129897699406 449.0903209497307 
5.864205541433299 50.43237271748485 433.8979796608848 374.490261151966 20.06971855018567 
30.663161825129677 0.9686266379783959 924.9822434991834 520.8670373478843 20.444293092276716 
81.7081174247465 0.12202294698396629 1497.2081137413545 956.7272482427611 448.0618868115404 
0.010679629491962744 47.5920994769589 366.29888120074565 311.17250591252326 69.07541435577797 
0.22000604187098843 50.124976630939315 50.19196141103858 37.2795143633538 3.925897060426817 
0.22682351837936565 49.40811116741837 69.51009044386103 53.4384166955972 11.33956740854227 
0.12333268557687391 47.71117627464709 36.81246052900519 248.80983955829714 5.7660969696272435 
0.01911029702043532 47.74170935909113 63.99582085170516 286.838016288835 5.912034671195954 
0.01911029702043532 47.74170935909113 243.27712789185006 316.9430092841512 5.912034671195954 
83.0 0.45636993299221884 1492.4632887577109 1128.5660942152683 531.9519198532251 
0.6406392244568897 50.37950170847487 8.078404123031413 360.3639494605859 7.674101282190769 
7.60303564964873 39.609907211753054 294.29329220263696 390.41534113003564 25.791955553905908 
83.0 0.37718522547975486 1497.0394285552322 780.1992911005661 389.82677760727836 
0.01911029702043532 50.124048921880465 33.08158523285334 381.04193020313625 0.08904185668163533 
25.619276221313235 0.3974078901700638 1283.9043526339187 535.6056631443979 347.0023966864857 
0.3935645545786237 31.48069779740752 66.68392593962442 242.15650296278744 5.857410463996155 
1.7970499232153756 37.97368959022193 66.97842383885451 59.67619480963836 5.90387076005999 
83.0 0.4977187240211831 1497.0394285552322 780.1992911005661 575.5411937144045 
56.94857394542609 0.3756096231848118 1463.5621453761173 552.9217102306282 339.94098543375077 
14.986384565873008 0.9341730887414172 1495.6321632267898 609.4790858943352 465.4672269855185 
30.603281690383245 0.24893908001724463 1495.6538033063866 977.027259949732 460.254496597418 
48.64520956138362 0.3661300432914578 1496.029342233638 1314.598711077262 510.532674504218 
7.610824977239261 48.667249234109676 383.0612211479507 291.8409206407002 28.87376756095759 
25.325499900160928 0.416896680902044 995.6702348557096 439.6335336673514 326.39254887758625 
1.7970499232153756 38.03926975450387 76.69940099227675 59.67619480963836 5.90387076005999 
0.36703540061531637 29.709233781030665 516.5540852102375 306.35344815813625 0.040870828808577286 
0.2691484920099376 29.704401371584492 481.23630429089064 389.2761197432794 103.95982552016163 
0.3464221707407931 49.99937183784563 7.676593969983841 240.57720070136136 7.866765517826707 
7.60303564964873 50.79528840670434 347.30376239538293 307.8783623183473 7.653573679922596 
0.08743829031669303 47.74170935909113 36.81246052900519 248.80983955829714 5.912034671195954 
7.60303564964873 39.609907211753054 294.29329220263696 308.82640096001546 25.791955553905908 
25.021425061752346 0.4915070735937001 1495.6321632267898 609.4790858943352 465.4672269855185 
0.5243631187093023 50.46914462443789 35.85696622297783 398.65424093158697 22.21445674989537 
83.0 0.4977187240211831 1497.0394285552322 745.0379399377828 575.5411937144045 
66.53939887233973 0.22414260006710351 1497.1903491052828 1068.7625735686581 465.9862885688477 
0.25526967573200454 38.93761642047841 9.49959296688106 194.00264673744584 3.6048865854623764 
0.08743829031669303 48.25096466151242 361.73585983090265 248.80983955829714 5.912034671195954 
14.77402326597762 36.38204093738249 638.0176295694798 304.84527881557017 244.8802751088364 
0.38129338675775815 48.4957680051526 752.6741042244674 432.53119019106526 127.47698537682334 
17.496924485606453 0.9686266379783959 967.7360446330883 450.0570842983328 251.00927941840155 
4.342105055625794 0.3974078901700638 1155.2985587277778 535.6056631443979 323.2958583999185 
12.976336935382783 50.79528840670434 271.9493793557041 307.8783623183473 6.280568128919626 
12.976336935382783 50.79528840670434 308.25423228559066 246.54055230981163 8.730051871735157 
15.142654921929337 36.12987071892352 633.0149936818304 304.84527881557017 244.8802751088364 
65.88009531511625 0.4918758755413009 1398.6388704839287 431.3815616857271 249.53233053984434 
25.705288397888225 0.416896680902044 1254.2549943246713 431.7763285170339 212.30694148151397 
0.2801840328162024 50.43237271748485 508.8244521000182 430.3441065742332 19.89486716131192 
0.7945066664423024 50.470585936712965 16.429153784978915 367.21436353231616 8.031130647557587 
0.2691484920099376 29.695800990677995 549.6754448694047 373.81177209208636 103.71639819046678 
13.772812352916198 0.33939239657208425 1495.578608239241 454.0949413307245 473.3900541162631 
1.122489621056502 2.3708002308848695 1130.0749769867366 426.6522722521763 145.87624840527036 
56.94857394542609 0.4919105284055888 1458.1093295248502 552.9217102306282 252.2536126018764 
