78.65636797440304 0.217363258380054 1495.640907320716 1470.6085136108231 675.2906873152453 
0.4486124036770711 54.96724746222851 0.9134611512746522 2.679242030308711 0.6985609164338307 
78.65636797440304 0.217363258380054 1495.640907320716 1470.6085136108231 675.2906873152453 
0.4486124036770711 54.96724746222851 0.9134611512746522 2.679242030308711 0.6985609164338307 
1.305323239495944 56.817910752467775 97.95841196873104 208.77987539036042 4.627381310198377 
2.2544201496731433 56.757034842957125 97.95841196873104 195.68397623725363 4.627381310198377 
0.37409937488973477 57.40093255254573 1.7902142747795216 51.532082067162335 9.098894255242616 
56.489996023029136 0.217363258380054 1495.745753320734 509.4423075669704 567.852428041087 
1.3164703246179377 57.93369918104206 404.0542854312416 422.42908741591435 4.681241948379144 
2.342274949829477 54.99854757200765 27.37219007348824 309.4519339560058 0.6194435921707973 
3.0594485322804963 49.10330838861121 74.12666096575954 259.02767330289566 9.846479150506958 
80.48573108654854 0.217363258380054 1495.640907320716 1442.2689934122382 588.0755683992886 
34.163418997929526 0.061825156522723475 1361.0191209893162 448.9915492091562 196.51995371246946 
80.41419274029077 0.23226969408015685 1495.8783616087742 839.3488258974293 495.2769727344739 
1.4111308792748862 60.53672414404888 327.05597107865793 373.3846916994291 13.217652671327103 
0.37409937488973477 36.71173792598721 1.1064201773038675 297.1758461008193 11.470122249750144 
0.37409937488973477 57.40093255254573 52.665650210567264 40.654667319885675 8.77300462962348 
0.27653789945546736 57.814264902438445 52.46209249784414 340.7432004330457 1.1955770064776532 
67.93799454547661 0.065575542640877 1493.010251134082 1135.781177861834 531.8692252957313 
0.37409937488973477 36.71173792598721 79.22873887390796 297.1758461008193 11.470122249750144 
79.66442182603839 0.4015947148988729 1493.0512571083746 1234.5756140840977 675.227345732502 
0.029691615443962593 52.77643192345345 167.83972265196826 348.59133527917135 1.2708303236447387 
2.801055968832194 54.5245985348995 171.71557937797434 365.10844644590867 9.265786528577447 
80.18893080969005 0.21719341451077548 1495.8783616087742 904.6394879714162 495.2769727344739 
56.489996023029136 0.18359868306460037 1495.8951205548392 586.2102015938337 567.852428041087 
3.188131072883173 47.7760320469402 116.75667144302474 259.02767330289566 9.846479150506958 
7.4056861827136515 0.06176878165009843 1396.852682465047 472.25345100971225 301.46246191242574 
1.4785279366754247 48.649262416697326 11.669648065098698 385.6371951863305 16.112873232132827 
5.3583284584055475 40.113211893088874 512.289442543018 363.1664352439255 5.434907430413964 
5.407825352125995 0.8232780784263802 736.0843103908251 523.7092528924791 164.62817651415696 
0.37409937488973477 57.36989099326485 1.177142802777937 112.8602595688534 9.098894255242616 
11.333438466114316 0.14407722162376618 866.9303810017211 444.3359712857783 206.60066396759368 
75.12919124340935 0.010989786353241784 1496.2356039844506 1267.833803390209 685.0868721265776 
56.489996023029136 0.217363258380054 779.8394443818509 513.0147601606416 567.852428041087 
7.814839715911582 0.8364956637867544 1176.329072056006 446.3829111416809 287.48009349630826 
5.407825352125995 0.8232780784263802 736.0843103908251 446.37272707515575 164.62817651415696 
5.407825352125995 0.12585109601848415 787.557196913596 446.37272707515575 160.89887164480078 
6.693814635781301 0.06041818789243676 1186.4697242764978 512.2500991663283 287.48009349630826 
67.56725743633078 0.003126363900460352 1490.470294591693 1187.651689899937 287.160829100651 
2.272879545762792 54.75046566124221 194.82974104442349 35.561410974425144 13.790832408379933 
39.51607511630374 0.06176878165009843 1454.915477484015 472.25345100971225 295.7125954326916 
0.37282491827301373 36.64083688455359 331.4548799139521 297.26831898690904 130.49775565223604 
0.025687436215007686 40.26709799635968 3.944498005967347 237.0097169258752 4.511382312517502 
66.54083776200761 0.03169670543796288 1493.3685635967815 1198.6702772402623 591.8282138679114 
0.6304259078999241 55.92293164257505 331.4548799139521 313.5725010322093 13.52116881270797 
6.167390547013864 38.60887819883786 567.809454399716 363.1664352439255 1.4526256418977352 
0.37282491827301373 36.64083688455359 331.4548799139521 297.26831898690904 13.52116881270797 
0.1615604107668791 54.87625362516688 240.8325162919134 306.97116000474495 7.794814660739816 
2.203187214045437 54.96724746222851 30.776264763837226 53.59923089717259 0.6985609164338307 
6.693814635781301 1.5883245538468076 991.6393705544672 464.72493923367585 269.2498194474658 
64.47087294204205 0.003037727464012152 1490.470294591693 1131.8589852249006 308.16782947742047 
56.489996023029136 0.18409736450060588 1495.745753320734 906.3204181218853 665.644035540186 
8.402437530116732 37.98539244772225 339.46248425703226 397.28861260144356 4.971878985630186 
2.342251002944284 54.99854757200765 189.66886956823976 260.88842464844686 0.6194435921707973 
6.693814635781301 1.5514128072830573 1230.9529667605739 464.72493923367585 269.2498194474658 
67.56725743633078 0.003126363900460352 1490.470294591693 1187.651689899937 587.7418048319655 
39.51607511630374 0.06176878165009843 1395.3481452131107 472.25345100971225 299.5056830814576 
4.985560148085529 61.84217544649907 185.7379279937939 372.3555576147734 13.038666052563752 
5.439059230297656 56.361415922235686 61.381983191862446 363.6218793734979 5.169108742714649 
0.17391479090415485 10.148434815772486 848.7230841504809 378.13965600419954 28.521488582036124 
58.550602990562794 0.002126884265450782 1490.2442645769274 714.0402014559525 478.21538001148303 
1.305323239495944 56.81256452071571 772.664611704866 386.56608326783515 1.159556733856425 
0.10594801275004237 45.386793100237874 114.72855740015201 122.78254508249256 4.082127251036077 
33.05833227883016 54.99854757200765 649.7700665604345 389.0492946965693 0.6194435921707973 
0.4486124036770711 54.96724746222851 33.1883033144413 6.2517026995109575 0.6985609164338307 
2.272879545762792 54.878826381001204 194.82974104442349 309.5079393942626 0.6194435921707973 
28.863147356657926 38.64150418325294 340.5928608117413 397.28861260144356 0.30798774540625284 
0.6075517234278798 38.757760606736426 540.6082802968348 364.9307354716202 13.475683014768816 
65.31118445798172 0.5090118328524433 1469.427167662383 509.42245300507716 291.4802401041325 
80.41434889984171 0.23226969408015685 1403.0691282822347 839.3488258974293 495.2769727344739 
2.2902284382922327 54.878826381001204 194.82974104442349 74.97772000754479 3.0794514933723978 
0.6304259078999241 40.37455462397748 750.0443624838102 313.5725010322093 1.1705960883790825 
0.47117697820597426 56.817910752467775 316.87756080326596 217.78576307072208 4.627381310198377 
0.10594801275004237 45.386793100237874 114.72855740015201 109.12267980107646 4.082127251036077 
1.9183493426930465 50.973317153012395 6.8746901594017515 34.16833288666081 1.296811358154577 
82.0 0.22206761057488142 1492.4905876413256 1362.7718086464665 605.2161973035942 
0.4305749881389348 57.92170488542519 77.2121360988173 52.541578560504874 1.3018334816671553 
8.402437530116732 37.98539244772225 339.46248425703226 397.28861260144356 4.971878985630186 
1.329341811303122 46.20112735645555 15.957037081378644 113.23829425109085 11.470122249750144 
41.812822713364355 0.01742319950606036 884.9326743870934 446.87712279169153 308.6955195043842 
66.46693152245936 0.004007573231906127 1490.2442645769274 714.6083344626932 308.511194920052 
8.292794084271796 37.98539244772225 342.39375982295905 260.0958262426426 4.971878985630186 
66.46693152245936 0.38738366360613696 1490.2442645769274 599.9511129187423 148.1443372887323 
0.998043077413679 0.06041818789243676 1186.4697242764978 458.52286586933616 157.42631145899853 
42.082850470234206 0.5104760676804925 1469.427167662383 507.182463935519 308.66363315084 
65.08685318606642 0.29397991303936166 1488.7684948748217 783.7831484329471 337.6058758106079 
64.92870757881823 0.012774058104074323 866.9303810017211 444.3359712857783 189.0129102376618 
0.025687436215007686 40.26709799635968 3.944498005967347 237.0097169258752 3.6255950623374873 
0.21574856813334903 48.33444427701708 337.8854923581111 345.9604507028513 3.1533852948662506 
1.8902321543052674 56.81256452071571 786.4413173563427 402.0178472848512 1.1547929190121446 
0.4093057934854709 57.9177216544242 80.08387319054754 42.968494699910195 4.688471935473827 
1.305323239495944 46.14117712023494 15.067359539200723 203.06229539637673 5.910765657130074 
1.9183493426930465 52.96835889050371 0.6496344560244793 34.16833288666081 1.2704809086830444 
80.41573776461117 0.054013314568234494 1492.6194413128874 844.3821519894789 331.9450654917713 
2.9920504432281136 54.5245985348995 171.71557937797434 109.88659918049774 9.265786528577447 
82.0 0.22206761057488142 1492.4905876413256 1362.7718086464665 605.2161973035942 
2.9920504432281136 61.06889066643075 2.1588165076485453 3.1326304006860752 10.009774371600386 
6.074638347089017 38.31251706729305 566.6790791639098 451.0781941098283 1.4507329298139782 
56.042279152667945 0.007245439402028542 853.4765985545391 444.3359712857783 189.0129102376618 
0.9681508249325107 36.71173792598721 1.1064201773038675 297.1758461008193 6.921169484936115 
