PV_Cap;NGas_CHP_Cap;HP_Cap;Oil_boiler_Cap;Ngas_boiler_Cap;Biomass_boiler_Cap;NumberOfPetrolCars;NumberOfDieselCars;NumberOfElectricCars;AnnualPV;AnnualCHPelec;AnnualHPelec;AnnualElecCar;AnnualOilBoilerheat;AnnualNGasBoilerheat;AnnualBiomassBoilerheat;AnnualmCHPheat;AnnualHPheat;AnnualImport;AnnualExport;OilConsumption;BiomassConsumption;NgasConsuption;DieselCost;PetrolCost;BiomassCost;TotalElectricityExchangeCost;TotalVariableCost;FixedOperationCosts;AdditionalCost;ElecCarInvestmentCost;InvestmentCost;CO2-Emission;AnnualCost;LoadFollowingCapacity;ESD;oilBoilerFuelDemand;ngasBoilerFuelDemand;biomassBoilerFuelDemand;AnnualmCHPheat;AnnualHPheat;reducedPetrolDemand;reducedDieselDemand;
KWe;KWe;KWe;KWth;KWth;KWth; ; ; ;GWh;GWh;GWh;GWh;GWh;GWh;GWh;GWh;GWh;GWh;GWh;GWh;GWh;GWh;KEuro;KEuro;KEuro;KEuro;KEuro;KEuro;KEuro;KEuro;KEuro;Mt;KEuro;;;GWh;GWh;GWh;GWh;GWh;GWh;GWh;
8288;336;2297;229;1286;11722;363;275;3822.0;8.88;1.49;7.14;6.36;0.47;2.66;24.28;1.04;22.84;32.97;3.63;4.14;32.37;5.94;383.0;272.0;1133.0;1995.0;4315.0;619.0;6128.0;6425;7703.0;12.426;22694.0;0.63;0.33;0.5923998456659064;2.958830416269533;32.373209343644994;1.04;22.84;1.5;2.05;
12720;2366;1948;87;473;11308;1772;1343;1345.0;13.63;10.50;6.05;2.24;0.18;0.98;23.42;7.35;19.37;18.48;8.09;17.58;31.23;22.09;1484.0;1331.0;1093.0;866.0;6694.0;916.0;5576.0;2261;4831.0;12.704;19400.0;0.51;0.44;0.22505568785463928;1.0880969458842138;31.229971025409398;7.35;19.37;7.34;10.01;
13816;3870;1228;57;803;12206;144;109;4207.0;14.80;17.18;3.82;7.00;0.12;1.66;25.28;12.02;12.21;15.54;10.48;1.56;33.71;36.20;139.0;109.0;1180.0;507.0;5069.0;1116.0;5844.0;7072;10224.0;9.543;26578.0;0.47;0.41;0.1463346401592175;1.847199266979123;33.710266067073675;12.02;12.21;.6;.81;
14133;1946;1846;147;765;12073;1138;863;2459.0;15.14;8.64;5.74;4.09;0.3;1.58;25.01;6.05;18.36;21.31;9.04;11.53;33.34;19.04;988.0;856.0;1167.0;981.0;5649.0;910.0;5739.0;4134;6780.0;11.145;21606.0;0.56;0.4;0.38056293633872834;1.761039399387537;33.34313846334528;6.05;18.36;4.72;6.43;
6495;174;2468;228;440;11992;2292;1737;431.0;6.96;0.77;7.67;0.72;0.47;0.91;24.84;0.54;24.54;29.29;2.41;23.03;33.12;2.56;1962.0;1722.0;1159.0;1867.0;6951.0;559.0;5586.0;725;1729.0;15.840;15268.0;0.6;0.42;0.589189766201664;1.0124785313341287;33.119192301020895;0.54;24.54;9.5;12.94;
8714;1680;1997;129;905;11626;1329;1007;2124.0;9.34;7.46;6.21;3.53;0.27;1.87;24.08;5.22;19.86;23.49;4.32;13.35;32.11;16.99;1136.0;999.0;1124.0;1380.0;6121.0;769.0;5730.0;3570;5320.0;13.586;20123.0;0.52;0.41;0.3352394710971894;2.083315357653164;32.107647120206366;5.22;19.86;5.51;7.5;
13050;1992;2687;12;208;8662;2520;1910;30.0;13.98;8.84;8.35;0.05;0.02;0.43;17.94;6.19;26.71;19.84;8.05;24.70;23.92;18.16;2068.0;1893.0;837.0;971.0;7352.0;849.0;5586.0;50;2571.0;14.260;16389.0;0.53;0.48;0.030754287703863386;0.4797456179857682;23.921230466379026;6.19;26.71;10.44;14.23;
11881;4897;893;898;589;11648;406;308;3746.0;12.73;21.74;2.77;6.23;1.86;1.22;24.13;15.22;8.88;11.52;10.76;6.29;32.17;44.83;669.0;305.0;1126.0;229.0;6206.0;1191.0;5651.0;6297;9419.0;11.065;26318.0;0.42;0.48;2.3241297635293385;1.355786534989473;32.16740733529874;15.22;8.88;1.68;2.29;
12973;1406;2043;0;1513;11339;1788;1355;1317.0;13.90;6.24;6.35;2.19;0.0;3.13;23.49;4.37;20.31;22.37;7.75;17.51;31.32;15.96;1465.0;1343.0;1096.0;1133.0;6431.0;826.0;5601.0;2214;4501.0;12.899;18713.0;0.57;0.43;7.979729544194291E-4;3.4820820315169434;31.316306123684416;4.37;20.31;7.41;10.1;
14226;4089;1218;9;1121;11657;588;446;3426.0;15.24;18.15;3.79;5.70;0.02;2.32;24.14;12.7;12.11;13.59;11.27;5.78;32.19;38.87;485.0;442.0;1126.0;347.0;5765.0;1145.0;5702.0;5759;9019.0;10.252;25153.0;0.46;0.45;0.02240143420449861;2.579308584157721;32.192978039268304;12.7;12.11;2.44;3.32;
9787;3891;1232;32;1521;11462;130;99;4231.0;10.48;17.27;3.83;7.04;0.07;3.15;23.74;12.09;12.25;16.16;6.83;1.36;31.65;38.05;119.0;98.0;1108.0;746.0;5365.0;1037.0;5848.0;7112;9628.0;11.343;26227.0;0.42;0.43;0.0840098202667454;3.5006418951122265;31.6541501531543;12.09;12.25;.54;.74;
7908;2216;1762;147;765;12074;570;432;3458.0;8.47;9.83;5.47;5.75;0.3;1.58;25.01;6.88;17.52;23.08;3.94;5.96;33.34;21.43;522.0;428.0;1167.0;1357.0;5338.0;815.0;5886.0;5813;7601.0;12.544;23195.0;0.49;0.39;0.3807180981568684;1.7609014777714125;33.343907403306844;6.88;17.52;2.36;3.22;
11829;704;2540;22;1519;9978;2481;1881;98.0;12.67;3.12;7.89;0.16;0.05;3.15;20.67;2.19;25.25;24.95;6.47;24.36;27.56;9.74;2041.0;1864.0;964.0;1381.0;7110.0;712.0;5549.0;165;2073.0;14.758;15545.0;0.6;0.45;0.05813851201020349;3.495346722611786;27.556826320114325;2.19;25.25;10.28;14.02;
14105;1116;2179;43;1033;11559;1314;996;2150.0;15.11;4.95;6.77;3.58;0.09;2.14;23.94;3.47;21.66;25.06;8.55;12.98;31.92;12.28;1092.0;988.0;1117.0;1249.0;5525.0;814.0;5794.0;3614;6010.0;11.609;20353.0;0.62;0.39;0.11173536742611007;2.376986224365429;31.923977875355277;3.47;21.66;5.45;7.42;
10828;707;2226;411;1127;11485;255;194;4011.0;11.60;3.14;6.92;6.67;0.85;2.34;23.79;2.2;22.13;30.72;5.65;3.58;31.72;8.87;365.0;192.0;1110.0;1743.0;4193.0;708.0;6138.0;6742;8506.0;11.400;23668.0;0.63;0.33;1.0651692176898453;2.594785891981647;31.718317971558452;2.2;22.13;1.06;1.45;
8047;5654;739;61;888;11789;14;10;4436.0;8.62;25.10;2.30;7.38;0.13;1.84;24.42;17.57;7.35;11.12;8.95;0.29;32.56;52.24;33.0;11.0;1139.0;284.0;5981.0;1193.0;5722.0;7457;10245.0;11.490;27701.0;0.37;0.49;0.1575856373779267;2.044152600182332;32.55701092406522;17.57;7.35;.06;.07;
6895;965;2543;6;1197;9912;2045;1550;865.0;7.39;4.28;7.90;1.44;0.01;2.48;20.53;3.0;25.28;26.66;2.77;20.04;27.37;11.32;1677.0;1536.0;958.0;1677.0;6843.0;637.0;5687.0;1454;2711.0;15.813;16767.0;0.55;0.44;0.01538454258468369;2.7550308435266655;27.373544121438332;3.0;25.28;8.47;11.55;
14358;3302;1423;2;971;12012;1471;1115;1874.0;15.38;14.66;4.42;3.12;0.0;2.01;24.88;10.26;14.14;14.30;10.58;14.42;33.17;31.55;1206.0;1106.0;1161.0;453.0;6660.0;1063.0;5495.0;3150;6216.0;11.506;21360.0;0.48;0.46;0.005050754933281962;2.234962025387796;33.17390409140144;10.26;14.14;6.1;8.31;
10990;134;2454;56;859;11873;1145;868;2447.0;11.77;0.59;7.62;4.07;0.12;1.78;24.59;0.42;24.4;31.15;5.61;11.37;32.79;3.17;959.0;861.0;1147.0;1791.0;5053.0;646.0;5935.0;4113;5769.0;12.445;19918.0;0.66;0.35;0.14529898635231872;1.977861748106273;32.78937014598099;0.42;24.4;4.75;6.47;
11011;4105;1232;32;853;11808;2493;1890;77.0;11.80;18.22;3.83;0.13;0.07;1.77;24.46;12.75;12.25;10.08;9.92;24.49;32.61;38.40;2054.0;1873.0;1141.0;227.0;8619.0;1081.0;5115.0;129;2925.0;14.323;17819.0;0.42;0.56;0.0840098202667454;1.9639140492791236;32.61156163369957;12.75;12.25;10.33;14.08;
10917;952;2225;31;891;11736;2406;1824;230.0;11.70;4.23;6.91;0.38;0.06;1.85;24.31;2.96;22.12;23.47;5.88;23.64;32.41;10.50;1982.0;1808.0;1134.0;1318.0;7166.0;733.0;5470.0;387;2264.0;14.419;15869.0;0.57;0.44;0.07899614302904902;2.0508337437223982;32.41106617145061;2.96;22.12;9.97;13.59;
6668;906;2347;17;849;11275;783;593;3084.0;7.14;4.02;7.29;5.13;0.04;1.76;23.35;2.81;23.34;30.09;2.61;7.70;31.14;9.99;647.0;587.0;1090.0;1875.0;5081.0;637.0;6014.0;5184;6412.0;13.545;21314.0;0.58;0.37;0.04454696469286097;1.9531902246009305;31.138528592072337;2.81;23.34;3.24;4.42;
6698;17;2349;225;1279;11962;432;327;3701.0;7.18;0.08;7.30;6.16;0.47;2.65;24.78;0.05;23.36;34.93;2.51;4.81;33.04;3.10;438.0;325.0;1156.0;2179.0;4385.0;555.0;6124.0;6221;7171.0;13.084;22039.0;0.65;0.33;0.5820577614202644;2.9428494954350772;33.035540691045775;0.05;23.36;1.79;2.44;
8656;116;2366;205;1310;11722;455;345;3660.0;9.27;0.51;7.35;6.09;0.42;2.71;24.28;0.36;23.52;33.72;3.85;4.99;32.37;4.04;449.0;343.0;1133.0;2033.0;4327.0;602.0;6121.0;6152;7422.0;12.443;22234.0;0.65;0.33;0.5295100549622613;3.0147324524505508;32.37238615989084;0.36;23.52;1.89;2.57;
8831;176;2368;135;1362;11639;51;39;4370.0;9.46;0.78;7.36;7.27;0.28;2.82;24.11;0.55;23.54;34.59;3.98;0.85;32.14;4.70;93.0;38.0;1125.0;2072.0;3753.0;611.0;6249.0;7346;8660.0;11.743;23765.0;0.66;0.31;0.3502066825495036;3.1343082181721584;32.144318384925434;0.55;23.54;.21;.29;
5586;22;2494;10;1438;11315;2526;1914;20.0;5.98;0.10;7.75;0.03;0.02;2.98;23.44;0.07;24.79;29.79;1.87;24.76;31.25;3.51;2072.0;1898.0;1093.0;1930.0;7317.0;525.0;5521.0;34;817.0;16.847;14201.0;0.61;0.44;0.02578117784044834;3.3105813139317046;31.248913430703933;0.07;24.79;10.47;14.26;
13708;2243;1977;58;1108;10749;1385;1050;2025.0;14.69;9.96;6.14;3.37;0.12;2.29;22.26;6.97;19.65;19.89;8.80;13.71;29.69;22.46;1156.0;1041.0;1039.0;909.0;6097.0;922.0;5706.0;3404;6056.0;12.009;20863.0;0.53;0.43;0.15024863328649127;2.5490136446771947;29.685554457951003;6.97;19.65;5.74;7.82;
14410;3302;1423;3;969;12014;1908;1446;1106.0;15.44;14.66;4.42;1.84;0.01;2.01;24.88;10.26;14.14;13.23;10.84;18.69;33.18;31.54;1563.0;1434.0;1161.0;379.0;7271.0;1064.0;5360.0;1859;4933.0;12.166;19765.0;0.48;0.49;0.0071290668771344995;2.228958823505551;33.1788910675867;10.26;14.14;7.91;10.77;
12949;2772;1827;234;442;11163;1878;1424;1158.0;13.87;12.30;5.68;1.93;0.49;0.91;23.12;8.61;18.17;16.34;8.70;19.00;30.83;25.62;1627.0;1410.0;1079.0;698.0;7039.0;964.0;5501.0;1947;4660.0;12.855;19354.0;0.48;0.47;0.6066908082098371;1.0162289481060458;30.82932019127274;8.61;18.17;7.78;10.61;
14145;3519;1325;10;1150;11969;2492;1889;79.0;15.15;15.62;4.12;0.13;0.02;2.38;24.79;10.93;13.17;11.18;11.48;24.43;33.06;33.88;2044.0;1873.0;1157.0;220.0;8229.0;1084.0;5146.0;133;3218.0;13.222;17758.0;0.47;0.53;0.025643668554416174;2.646666494451344;33.05558077828357;10.93;13.17;10.33;14.07;
14057;1754;1905;203;700;12091;867;657;2936.0;15.06;7.78;5.92;4.88;0.42;1.45;25.04;5.45;18.94;23.03;8.86;9.01;33.39;17.18;787.0;651.0;1168.0;1095.0;5199.0;887.0;5841.0;4935;7516.0;10.765;22461.0;0.58;0.38;0.5244676987020461;1.6111632350703815;33.39230852759222;5.45;18.94;3.59;4.9;
13746;3762;1359;32;1032;11538;1492;1131;1837.0;14.73;16.70;4.22;3.06;0.07;2.14;23.9;11.69;13.51;12.71;10.64;14.69;31.87;35.77;1234.0;1120.0;1115.0;346.0;6914.0;1097.0;5468.0;3088;6186.0;11.873;21553.0;0.45;0.48;0.08198426522663911;2.375261443479629;31.86502400661153;11.69;13.51;6.18;8.43;
7232;524;2370;16;1065;11527;1792;1358;1310.0;7.75;2.32;7.36;2.18;0.03;2.21;23.88;1.63;23.56;28.61;2.92;17.59;31.83;7.10;1473.0;1347.0;1114.0;1787.0;6354.0;612.0;5708.0;2202;3395.0;14.931;17416.0;0.59;0.41;0.04097768097401829;2.4504077787497214;31.833549411218286;1.63;23.56;7.43;10.12;
6683;5318;1006;90;77;11796;493;374;3593.0;7.16;23.60;3.12;5.98;0.19;0.16;24.43;16.52;10.0;11.50;6.94;5.06;32.58;47.39;438.0;370.0;1140.0;433.0;6478.0;1120.0;5661.0;6040;8565.0;12.574;25517.0;0.35;0.49;0.2330514284753076;0.17832137270091883;32.5767934866507;16.52;10.0;2.04;2.79;
13996;1804;2123;128;444;11297;7;5;4448.0;14.99;8.01;6.60;7.40;0.27;0.92;23.4;5.61;21.11;25.97;8.76;0.40;31.20;17.04;54.0;5.0;1092.0;1267.0;3905.0;880.0;6181.0;7477;10077.0;9.524;25615.0;0.6;0.33;0.3320381735383735;1.022025435969909;31.198647364320948;5.61;21.11;.03;.04;
10284;4312;1107;58;867;12061;2116;1604;740.0;11.02;19.14;3.44;1.23;0.12;1.8;24.98;13.4;11.01;10.16;9.42;20.87;33.31;40.27;1754.0;1590.0;1166.0;251.0;8246.0;1093.0;5191.0;1244;3988.0;13.951;19279.0;0.4;0.55;0.14916120904742505;1.9959094212258446;33.30866999678346;13.4;11.01;8.77;11.95;
8177;2962;1762;128;1771;9968;637;483;3340.0;8.76;13.15;5.47;5.56;0.27;3.67;20.65;9.2;17.51;19.85;4.51;6.57;27.53;30.37;570.0;479.0;963.0;1122.0;5768.0;890.0;5866.0;5615;7600.0;13.218;23557.0;0.44;0.43;0.3318134970283674;4.075528305825231;27.530367444934612;9.2;17.51;2.64;3.6;
5646;3116;1552;22;1045;11576;2013;1525;922.0;6.05;13.83;4.82;1.53;0.05;2.16;23.98;9.68;15.43;15.94;3.24;19.76;31.97;30.07;1656.0;1512.0;1119.0;966.0;7860.0;865.0;5370.0;1550;3246.0;15.704;18289.0;0.38;0.5;0.058189271422173734;2.405383694461957;31.96952563905791;9.68;15.43;8.34;11.36;
6051;42;2501;230;1211;11260;2525;1914;21.0;6.48;0.19;7.77;0.03;0.48;2.51;23.32;0.13;24.86;29.49;2.14;25.31;31.10;3.16;2154.0;1896.0;1088.0;1898.0;7330.0;536.0;5523.0;35;895.0;16.729;14306.0;0.61;0.44;0.5944213179809577;2.787097446410143;31.09630336424256;0.13;24.86;10.46;14.26;
13733;4492;1049;147;731;12117;1109;841;2510.0;14.71;19.94;3.26;4.18;0.3;1.51;25.1;13.96;10.43;11.00;12.00;11.25;33.46;41.56;964.0;834.0;1171.0;146.0;6711.0;1182.0;5484.0;4219;7536.0;11.092;23493.0;0.45;0.49;0.38076866410581806;1.6820912846194451;33.46402757950467;13.96;10.43;4.6;6.27;
5721;345;2527;27;288;11807;808;612;3040.0;6.13;1.53;7.85;5.06;0.06;0.6;24.46;1.07;25.12;33.41;1.94;7.98;32.61;3.72;671.0;607.0;1141.0;2119.0;4881.0;556.0;6066.0;5110;6064.0;13.713;20692.0;0.62;0.35;0.06974565967523849;0.6624062706265504;32.60669849496278;1.07;25.12;3.35;4.56;
11012;2051;1881;6;809;11846;480;364;3616.0;11.80;9.10;5.84;6.02;0.01;1.68;24.54;6.37;18.7;23.53;6.35;4.71;32.72;20.07;395.0;361.0;1145.0;1254.0;4902.0;856.0;5954.0;6078;8290.0;11.262;23719.0;0.53;0.37;0.014330116360869232;1.8622140915713428;32.716127856778556;6.37;18.7;1.99;2.71;
10990;2388;1885;2;813;11325;2383;1807;270.0;11.77;10.60;5.86;0.45;0.0;1.68;23.46;7.42;18.74;17.01;6.86;23.34;31.28;23.07;1952.0;1791.0;1094.0;851.0;7695.0;886.0;5363.0;454;2757.0;14.338;16979.0;0.47;0.49;0.0044427102963546525;1.8710028969620225;31.27674721605125;7.42;18.74;9.88;13.46;
7343;940;2226;411;427;11835;255;194;4011.0;7.87;4.17;6.92;6.67;0.85;0.89;24.51;2.92;22.13;30.85;3.08;3.57;32.68;9.33;365.0;192.0;1144.0;1888.0;4412.0;660.0;6138.0;6742;8085.0;12.425;23418.0;0.59;0.33;1.064683653170344;0.9834709248607003;32.68479411245339;2.92;22.13;1.06;1.45;
14592;1545;2463;143;85;10399;962;729;2769.0;15.63;6.86;7.65;4.61;0.3;0.18;21.54;4.8;24.49;25.06;9.07;9.79;28.72;13.91;841.0;723.0;1005.0;1214.0;5001.0;849.0;5997.0;4655;7284.0;10.926;21977.0;0.6;0.37;0.3700000634645877;0.1960826995715375;28.720268744838354;4.8;24.49;3.99;5.43;
12738;1001;2520;71;317;10782;47;36;4377.0;13.65;4.44;7.83;7.28;0.15;0.66;22.33;3.11;25.05;30.50;7.26;0.64;29.78;9.62;66.0;34.0;1042.0;1637.0;3628.0;759.0;6300.0;7358;9547.0;10.152;24733.0;0.64;0.31;0.1841329331401525;0.7290984373481822;29.77799861501258;3.11;25.05;.19;.27;
6764;4848;1053;2;291;12149;248;188;4024.0;7.25;21.52;3.27;6.69;0.0;0.6;25.16;15.06;10.47;13.20;5.78;2.43;33.55;43.70;204.0;187.0;1174.0;608.0;5953.0;1075.0;5753.0;6764;9163.0;12.121;26080.0;0.35;0.45;0.004747437182705881;0.6698637236816588;33.55129978595212;15.06;10.47;1.03;1.4;
12141;2143;2226;49;790;10031;126;96;4238.0;13.01;9.51;6.92;7.05;0.1;1.64;20.78;6.66;22.13;24.91;7.25;1.37;27.70;20.84;123.0;94.0;969.0;1285.0;4285.0;869.0;6177.0;7124;9524.0;10.709;25211.0;0.55;0.36;0.12598039249454096;1.817774567538475;27.702265247882774;6.66;22.13;.52;.72;
12653;1482;2505;2;1166;9352;1703;1291;1466.0;13.56;6.58;7.78;2.44;0.0;2.42;19.37;4.6;24.91;23.67;7.36;16.68;25.83;15.84;1396.0;1280.0;904.0;1235.0;6198.0;803.0;5781.0;2464;4735.0;13.240;19024.0;0.57;0.43;0.0046015959528029225;2.6843734730509063;25.828226938997698;4.6;24.91;7.06;9.62;
5926;1164;2211;58;1141;11210;22;16;4422.0;6.35;5.17;6.87;7.36;0.12;2.36;23.22;3.62;21.98;31.13;2.20;0.36;30.96;12.96;39.0;16.0;1083.0;1946.0;4221.0;654.0;6206.0;7433;8606.0;12.723;24233.0;0.57;0.34;0.1508470056703702;2.6249502883507825;30.960486928253676;3.62;21.98;.09;.12;
9263;4567;1081;411;201;12114;1555;1178;1727.0;9.92;20.27;3.36;2.87;0.85;0.42;25.09;14.19;10.75;10.69;8.43;16.29;33.46;41.00;1428.0;1168.0;1171.0;328.0;7642.0;1097.0;5356.0;2903;5582.0;13.423;21452.0;0.38;0.52;1.0651692176898453;0.46343125186782536;33.456473428007605;14.19;10.75;6.44;8.78;
10343;1010;2134;124;940;11948;1790;1357;1313.0;11.08;4.48;6.63;2.18;0.26;1.95;24.75;3.14;21.21;24.85;5.38;17.85;33.00;11.12;1513.0;1345.0;1155.0;1419.0;6410.0;732.0;5630.0;2207;4010.0;13.675;18132.0;0.57;0.41;0.3210863399588727;2.1627262659398663;32.996198668310704;3.14;21.21;7.42;10.11;
8714;4448;1132;126;945;11592;522;396;3542.0;9.34;19.74;3.52;5.89;0.26;1.96;24.01;13.82;11.25;13.37;6.82;5.44;32.01;41.66;475.0;392.0;1120.0;573.0;6164.0;1073.0;5694.0;5954;8491.0;12.191;25063.0;0.38;0.46;0.3268721737259439;2.173868913378969;32.013479678586464;13.82;11.25;2.16;2.95;
5613;2536;2460;204;1681;7272;2521;1911;28.0;6.01;11.26;7.64;0.05;0.42;3.48;15.06;7.88;24.45;19.29;2.65;25.22;20.08;26.38;2141.0;1895.0;703.0;1224.0;8252.0;763.0;5511.0;47;1551.0;17.745;16106.0;0.42;0.54;0.5277704502312663;3.868525796962349;20.083594737761157;7.88;24.45;10.45;14.24;
12060;1401;2454;56;189;10643;1145;868;2447.0;12.92;6.22;7.62;4.07;0.12;0.39;22.04;4.35;24.4;25.61;6.83;11.37;29.39;12.87;959.0;861.0;1029.0;1375.0;5352.0;786.0;5937.0;4113;6321.0;12.089;20911.0;0.58;0.38;0.14529898635231872;0.43597760423604814;29.39299149675669;4.35;24.4;4.75;6.47;
14529;5020;999;1;292;12149;248;188;4024.0;15.56;22.28;3.10;6.69;0.0;0.6;25.16;15.6;9.93;11.45;13.28;2.43;33.55;45.23;203.0;187.0;1174.0;82.0;5558.0;1249.0;5734.0;6764;10379.0;9.241;27056.0;0.46;0.45;0.0023367031554725848;0.672006598372533;33.55129978595212;15.6;9.93;1.03;1.4;
14023;443;2390;135;986;11510;593;450;3417.0;15.02;1.97;7.43;5.68;0.28;2.04;23.84;1.38;23.76;30.55;8.21;6.16;31.79;6.20;537.0;446.0;1112.0;1600.0;4250.0;739.0;6087.0;5744;7933.0;10.592;22522.0;0.68;0.33;0.3502066825495036;2.268783868586528;31.78630937257117;1.38;23.76;2.46;3.35;
5635;4005;1523;151;80;11218;1835;1391;1234.0;6.04;17.78;4.73;2.05;0.31;0.16;23.24;12.44;15.14;13.32;4.13;18.35;30.98;35.74;1559.0;1378.0;1084.0;743.0;7859.0;949.0;5416.0;2074;4063.0;15.282;19555.0;0.34;0.52;0.39090191736685437;0.18324234690183133;30.981457072805867;12.44;15.14;7.6;10.36;
13138;1895;2043;9;713;11396;214;163;4083.0;14.07;8.41;6.35;6.79;0.02;1.48;23.61;5.89;20.31;24.94;8.06;2.12;31.47;18.46;179.0;161.0;1101.0;1244.0;4295.0;875.0;6090.0;6864;9353.0;10.149;24810.0;0.58;0.35;0.023809189449627358;1.6418485249913075;31.473740329482492;5.89;20.31;.89;1.21;
5652;3755;2639;133;34;6302;2490;1888;82.0;6.05;16.67;8.20;0.14;0.28;0.07;13.05;11.67;26.23;15.26;3.43;24.73;17.41;33.41;2090.0;1871.0;609.0;922.0;8387.0;868.0;5579.0;138;2128.0;17.395;17046.0;0.36;0.56;0.34445922332611467;0.07929222172242364;17.405171069487757;11.67;26.23;10.32;14.07;
13880;3231;1332;86;1495;11946;2062;1563;835.0;14.87;14.34;4.14;1.39;0.18;3.1;24.74;10.04;13.24;12.97;10.43;20.42;32.99;32.12;1722.0;1550.0;1154.0;388.0;7598.0;1052.0;5282.0;1404;4346.0;12.792;19136.0;0.47;0.5;0.2223741648418528;3.439693405306808;32.99156433946098;10.04;13.24;8.55;11.65;
12628;360;2399;31;601;12080;1949;1478;1033.0;13.53;1.60;7.45;1.72;0.06;1.24;25.02;1.12;23.85;27.28;7.01;19.17;33.36;4.58;1608.0;1465.0;1167.0;1488.0;6143.0;703.0;5670.0;1736;3718.0;12.959;17296.0;0.64;0.39;0.08099603079935347;1.3822109390549693;33.362940386889896;1.12;23.85;8.08;11.01;
5847;1199;2449;204;549;10460;2507;1900;53.0;6.26;5.32;7.61;0.09;0.42;1.14;21.67;3.73;24.35;24.58;2.25;25.08;28.89;11.91;2130.0;1884.0;1011.0;1582.0;7652.0;643.0;5511.0;89;1279.0;16.718;15139.0;0.52;0.47;0.5277704502312663;1.2636480322766814;28.88724935948515;3.73;24.35;10.39;14.16;
10664;294;2422;108;750;11842;1807;1369;1284.0;11.42;1.30;7.53;2.14;0.22;1.55;24.53;0.91;24.08;28.55;5.40;17.97;32.70;4.33;1519.0;1358.0;1144.0;1653.0;6068.0;656.0;5719.0;2158;3814.0;13.590;17577.0;0.63;0.39;0.2784149713091018;1.7264191885582845;32.704917282311435;0.91;24.08;7.49;10.2;
14088;2503;1743;4;1039;11605;1530;1160;1770.0;15.09;11.11;5.41;2.94;0.01;2.15;24.04;7.78;17.33;17.83;9.45;14.99;32.05;24.61;1254.0;1149.0;1121.0;744.0;6407.0;967.0;5582.0;2975;5767.0;11.848;20542.0;0.52;0.44;0.009097609955023914;2.3907890014693063;32.049492942677425;7.78;17.33;6.34;8.64;
10801;148;2436;114;1392;11348;276;209;3975.0;11.57;0.66;7.57;6.61;0.24;2.88;23.51;0.46;24.22;33.64;5.47;2.99;31.34;4.52;269.0;207.0;1097.0;1937.0;3919.0;644.0;6201.0;6682;8282.0;11.430;23132.0;0.67;0.31;0.29476165093805773;3.2030779837339853;31.341129781207737;0.46;24.22;1.14;1.56;
10257;28;2511;138;1047;11488;1948;1477;1035.0;10.99;0.12;7.80;1.72;0.29;2.17;23.8;0.09;24.96;29.64;5.01;19.44;31.73;2.66;1648.0;1463.0;1110.0;1745.0;6217.0;618.0;5706.0;1740;3241.0;14.143;16846.0;0.65;0.4;0.3575553419089226;2.41066163569405;31.727695562298454;0.09;24.96;8.07;11.01;
7343;93;2491;411;427;11834;255;194;4011.0;7.87;0.41;7.74;6.67;0.85;0.88;24.51;0.29;24.76;35.27;2.92;3.58;32.68;1.80;365.0;192.0;1144.0;2175.0;4052.0;567.0;6225.0;6742;7842.0;12.471;22809.0;0.65;0.31;1.0651692176898453;0.983039311954477;32.681092528750575;0.29;24.76;1.06;1.45;
13050;2027;2676;12;744;8126;2520;1910;30.0;13.98;9.00;8.31;0.05;0.02;1.54;16.83;6.3;26.61;19.68;8.07;24.70;22.44;19.70;2068.0;1893.0;785.0;960.0;7422.0;853.0;5583.0;50;2552.0;14.510;16441.0;0.53;0.49;0.030754287703863386;1.712550053458633;22.441865143811587;6.3;26.61;10.44;14.23;
6262;526;2522;60;608;11203;2331;1767;362.0;6.71;2.33;7.84;0.60;0.12;1.26;23.21;1.63;25.08;27.93;2.32;22.98;30.94;6.07;1932.0;1751.0;1083.0;1787.0;7096.0;584.0;5590.0;609;1676.0;16.110;15318.0;0.57;0.44;0.15407554030642095;1.3992467321299003;30.941086113181807;1.63;25.08;9.66;13.17;
12184;1741;2259;150;154;11006;1515;1149;1796.0;13.05;7.73;7.02;2.99;0.31;0.32;22.8;5.41;22.46;22.57;7.13;15.23;30.40;15.81;1297.0;1139.0;1064.0;1174.0;6055.0;830.0;5757.0;3019;5341.0;12.554;19829.0;0.55;0.41;0.38744358776734444;0.35550347794866377;30.396086468284278;5.41;22.46;6.28;8.56;
8410;4319;1344;231;445;11163;1878;1424;1158.0;9.01;19.17;4.17;1.93;0.48;0.92;23.12;13.42;13.36;11.28;7.14;18.99;30.83;39.36;1625.0;1410.0;1079.0;447.0;7968.0;1043.0;5342.0;1947;4419.0;14.447;19962.0;0.37;0.53;0.5988986456156407;1.0231553148564427;30.82932019127274;13.42;13.36;7.78;10.61;
5999;4555;1263;127;445;11297;2;2;4456.0;6.43;20.22;3.93;7.41;0.26;0.92;23.4;14.15;12.56;15.33;4.42;0.35;31.20;41.46;49.0;2.0;1092.0;817.0;5547.0;1021.0;5899.0;7491;9674.0;12.321;26722.0;0.36;0.44;0.33010116375050164;1.0237472224480175;31.198647364320948;14.15;12.56;.01;.01;
10955;4551;910;15;1495;12062;9;7;4444.0;11.74;20.20;2.83;7.39;0.03;3.1;24.98;14.14;9.05;13.53;9.02;0.13;33.31;43.84;13.0;7.0;1166.0;450.0;5427.0;1139.0;5781.0;7470;10354.0;10.537;27269.0;0.41;0.44;0.0385957168929132;3.439604462049499;33.312252231193355;14.14;9.05;.04;.05;
13779;3700;1324;10;1200;11651;2052;1555;853.0;14.76;16.42;4.11;1.42;0.02;2.49;24.13;11.5;13.16;11.58;11.01;20.12;32.18;35.61;1684.0;1541.0;1126.0;263.0;7699.0;1094.0;5282.0;1434;4513.0;12.744;19465.0;0.45;0.52;0.025652807251111184;2.7628841455377184;32.17637172297021;11.5;13.16;8.5;11.59;
8177;186;2629;127;445;11297;637;483;3340.0;8.76;0.82;8.17;5.56;0.26;0.92;23.4;0.58;26.14;33.85;3.49;6.57;31.20;2.67;570.0;479.0;1092.0;2063.0;4455.0;585.0;6152.0;5615;6878.0;12.746;21503.0;0.64;0.33;0.32917327839600224;1.0245720094297945;31.198647364320948;0.58;26.14;2.64;3.6;
14091;626;2486;3;22;11873;1924;1458;1078.0;15.10;2.78;7.72;1.79;0.01;0.05;24.59;1.94;24.71;26.18;8.31;18.84;32.79;5.60;1576.0;1445.0;1147.0;1347.0;6018.0;752.0;5707.0;1812;4119.0;12.252;17704.0;0.64;0.39;0.006962927290680451;0.05110799071812044;32.79013603737973;1.94;24.71;7.97;10.86;
5925;5141;1096;33;1064;10698;278;211;3971.0;6.35;22.82;3.41;6.61;0.07;2.2;22.16;15.97;10.9;12.69;5.63;2.81;29.54;48.08;240.0;208.0;1034.0;581.0;6220.0;1083.0;5758.0;6675;8986.0;12.989;26129.0;0.34;0.49;0.08623160401908854;2.4477250764568743;29.544744556548505;15.97;10.9;1.15;1.57;
7343;426;2331;409;429;12101;436;330;3694.0;7.87;1.89;7.24;6.15;0.85;0.89;25.07;1.32;23.17;32.83;2.98;5.33;33.42;4.77;510.0;328.0;1169.0;2022.0;4461.0;607.0;6117.0;6210;7406.0;12.673;22388.0;0.62;0.33;1.0601861954892493;0.9877947761227377;33.42033726636806;1.32;23.17;1.81;2.46;
6322;246;2481;25;643;11823;2437;1847;176.0;6.77;1.09;7.71;0.29;0.05;1.33;24.49;0.76;24.66;28.68;2.32;23.92;32.65;3.66;2005.0;1831.0;1143.0;1836.0;7150.0;562.0;5544.0;296;1295.0;16.121;14732.0;0.59;0.43;0.06345374864825341;1.479799435826049;32.653231494679524;0.76;24.66;10.1;13.76;
6368;6922;1947;6;889;4144;45;34;4381.0;6.82;30.72;6.05;7.29;0.01;1.84;8.58;21.51;19.36;10.70;8.69;0.45;11.44;63.49;38.0;34.0;400.0;262.0;6218.0;1214.0;6111.0;7364;10437.0;13.774;28483.0;0.34;0.57;0.014322369017425706;2.0459229561737224;11.443466021076574;21.51;19.36;.19;.25;
11283;18;2510;13;1071;11610;2259;1712;489.0;12.09;0.08;7.80;0.81;0.03;2.22;24.05;0.05;24.95;28.49;5.83;22.15;32.06;2.62;1855.0;1697.0;1122.0;1635.0;6556.0;638.0;5609.0;822;2479.0;14.170;15785.0;0.65;0.41;0.03313325764197747;2.464075068610047;32.064248169396784;0.05;24.95;9.36;12.76;
14257;5662;687;60;807;12111;91;69;4300.0;15.27;25.13;2.13;7.15;0.12;1.67;25.09;17.59;6.83;10.09;14.99;1.05;33.45;52.12;97.0;69.0;1170.0;-115.0;5724.0;1320.0;5680.0;7228;10958.0;9.223;28102.0;0.47;0.48;0.15590642116851586;1.8577232989688972;33.44786279186612;17.59;6.83;.38;.51;
8538;736;2284;2;873;11826;2261;1714;485.0;9.15;3.27;7.10;0.81;0.0;1.81;24.49;2.29;22.71;25.63;3.92;22.14;32.66;8.55;1852.0;1699.0;1143.0;1556.0;7007.0;662.0;5535.0;815;2276.0;15.047;15979.0;0.57;0.43;0.004767070501270378;2.0101923472027234;32.659017509886915;2.29;22.71;9.37;12.77;
13816;23;2458;302;2535;10098;2532;1919;9.0;14.80;0.10;7.64;0.02;0.63;5.25;20.92;0.07;24.44;26.91;7.94;25.57;27.89;6.04;2187.0;1902.0;976.0;1426.0;7032.0;692.0;5507.0;15;1963.0;14.490;15203.0;0.67;0.45;0.7822399665561761;5.835330664536022;27.886970549436555;0.07;24.44;10.49;14.3;
14757;7238;222;39;574;12232;35;26;4399.0;15.81;32.13;0.69;7.32;0.08;1.19;25.34;22.49;2.21;8.06;21.77;0.44;33.78;65.57;42.0;27.0;1182.0;-665.0;6247.0;1502.0;5545.0;7395;11662.0;8.770;29478.0;0.57;0.57;0.10129404927747264;1.3202933161487318;33.78132129160087;22.49;2.21;.15;.19;
10343;43;2449;32;1032;11883;2171;1645;644.0;11.08;0.19;7.61;1.07;0.07;2.14;24.61;0.13;24.35;28.73;5.10;21.34;32.82;2.76;1790.0;1632.0;1148.0;1687.0;6516.0;625.0;5616.0;1083;2608.0;14.318;16027.0;0.64;0.4;0.08175009205659316;2.375469597408559;32.81664745772671;0.13;24.35;9;12.26;
14051;1356;2029;146;732;12117;2467;1870;123.0;15.05;6.02;6.30;0.20;0.3;1.52;25.1;4.21;20.17;20.46;8.81;24.53;33.46;13.72;2075.0;1853.0;1171.0;969.0;7268.0;844.0;5385.0;207;2675.0;13.261;16298.0;0.58;0.45;0.37841024544586943;1.6841876567616216;33.46402757950467;4.21;20.17;10.22;13.93;
8562;4092;1156;354;1158;11568;276;209;3975.0;9.17;18.16;3.59;6.61;0.73;2.4;23.96;12.71;11.5;15.18;6.09;3.62;31.95;38.99;359.0;207.0;1118.0;726.0;5784.0;1035.0;5778.0;6682;9073.0;12.044;25756.0;0.39;0.44;0.9173713885427618;2.6639520851015748;31.94657207333876;12.71;11.5;1.14;1.56;
5565;3945;1287;59;1043;11571;2499;1894;67.0;5.96;17.51;4.00;0.11;0.12;2.16;23.97;12.26;12.79;11.86;5.00;24.62;31.96;37.42;2068.0;1878.0;1118.0;610.0;8914.0;954.0;5131.0;113;2031.0;16.467;17099.0;0.35;0.57;0.1514822293409125;2.4015649462850543;31.95616950930632;12.26;12.79;10.36;14.11;
12953;3278;1430;2;1013;11970;2188;1659;613.0;13.88;14.55;4.44;1.02;0.0;2.1;24.79;10.18;14.22;12.89;9.63;21.44;33.06;31.43;1793.0;1644.0;1157.0;429.0;7747.0;1033.0;5275.0;1030;3875.0;13.165;18560.0;0.45;0.5;0.005286010577369777;2.33201248256727;33.057192603432384;10.18;14.22;9.07;12.36;
13752;4803;1004;433;768;11545;140;106;4214.0;14.73;21.32;3.12;7.01;0.9;1.59;23.91;14.92;9.98;12.33;12.03;2.49;31.88;44.40;277.0;105.0;1116.0;208.0;5546.0;1213.0;5770.0;7084;10473.0;9.820;27334.0;0.45;0.45;1.1202178457009844;1.7677245258379912;31.88385324758758;14.92;9.98;.58;.79;
13227;1613;1949;203;696;12095;47;35;4378.0;14.17;7.16;6.05;7.28;0.42;1.44;25.05;5.01;19.38;26.28;8.05;0.98;33.40;15.92;114.0;34.0;1169.0;1326.0;4034.0;855.0;6112.0;7359;9776.0;9.796;25277.0;0.6;0.33;0.5256690231547334;1.600827303999103;33.40343023212822;5.01;19.38;.19;.26;
13816;747;2343;339;841;11219;2066;1566;828.0;14.80;3.32;7.28;1.38;0.7;1.74;23.24;2.32;23.3;24.92;8.16;21.11;30.98;8.57;1820.0;1552.0;1084.0;1279.0;6493.0;766.0;5614.0;1392;3632.0;13.072;17356.0;0.63;0.42;0.8784848235469184;1.9360531340553566;30.98338014529192;2.32;23.3;8.56;11.67;
6895;167;2491;6;1197;11359;2193;1662;605.0;7.39;0.74;7.74;1.01;0.01;2.48;23.53;0.52;24.76;29.49;2.66;21.49;31.37;4.24;1797.0;1648.0;1098.0;1865.0;6794.0;565.0;5623.0;1017;2051.0;15.765;15655.0;0.61;0.42;0.01538454258468369;2.7550308435266655;31.36955424571522;0.52;24.76;9.09;12.38;
13016;1517;2417;56;784;10049;1145;868;2447.0;13.94;6.73;7.51;4.07;0.12;1.62;20.81;4.71;24.03;24.82;7.69;11.37;27.75;15.27;959.0;861.0;971.0;1278.0;5404.0;818.0;5925.0;4113;6467.0;12.009;21129.0;0.58;0.39;0.14529898635231872;1.8032929909937914;27.7522130326474;4.71;24.03;4.75;6.47;
9287;730;2270;85;955;11736;93;71;4296.0;9.95;3.24;7.05;7.15;0.18;1.98;24.31;2.27;22.57;31.67;4.44;1.14;32.41;8.68;109.0;71.0;1134.0;1864.0;3946.0;677.0;6203.0;7222;8785.0;11.467;24027.0;0.62;0.32;0.22122661339799615;2.1971234247715765;32.412025393128125;2.27;22.57;.39;.53;
14132;1946;1846;147;765;12073;867;657;2936.0;15.14;8.64;5.74;4.88;0.3;1.58;25.01;6.05;18.36;22.10;9.03;8.87;33.34;19.04;766.0;651.0;1167.0;1025.0;5267.0;910.0;5824.0;4935;7582.0;10.722;22601.0;0.57;0.38;0.3807180981568684;1.7609014777714125;33.34313846334528;6.05;18.36;3.59;4.9;
7229;1151;2075;57;788;12236;131;100;4229.0;7.74;5.11;6.45;7.03;0.12;1.63;25.35;3.58;20.63;29.91;3.06;1.44;33.79;12.03;130.0;98.0;1183.0;1827.0;4293.0;686.0;6126.0;7109;8495.0;12.098;23947.0;0.57;0.33;0.14730627906758298;1.8144787653736374;33.793906114930316;3.58;20.63;.54;.75;
14653;768;2299;61;771;11746;2527;1915;18.0;15.70;3.41;7.14;0.03;0.13;1.6;24.33;2.39;22.86;23.25;8.97;24.90;32.44;8.59;2092.0;1898.0;1135.0;1139.0;7025.0;787.0;5456.0;30;2422.0;13.219;15709.0;0.63;0.43;0.1588000628311618;1.7739395645501006;32.438969791630825;2.39;22.86;10.47;14.27;
14057;269;2456;64;803;11708;51;39;4370.0;15.06;1.19;7.63;7.27;0.13;1.66;24.25;0.84;24.42;33.04;8.18;0.67;32.33;4.24;66.0;38.0;1131.0;1748.0;3369.0;720.0;6276.0;7346;9504.0;9.621;24361.0;0.7;0.29;0.16571458901769812;1.8490049275474016;32.33354786652129;0.84;24.42;.21;.29;
14987;3651;1314;73;792;12117;117;89;4254.0;16.06;16.21;4.08;7.08;0.15;1.64;25.1;11.34;13.07;16.39;11.27;1.33;33.46;34.23;123.0;87.0;1171.0;518.0;4865.0;1114.0;5881.0;7151;10416.0;9.103;26649.0;0.5;0.4;0.18903404769508766;1.8216149280852376;33.46326825895992;11.34;13.07;.48;.66;
10949;4897;893;14;883;12237;9;7;4444.0;11.73;21.74;2.77;7.39;0.03;1.83;25.35;15.22;8.88;12.55;9.63;0.13;33.79;45.51;13.0;7.0;1183.0;350.0;5488.0;1172.0;5775.0;7470;10483.0;10.330;27486.0;0.41;0.45;0.03741168316931611;2.0326382936533536;33.79435117728611;15.22;8.88;.04;.05;
5847;1165;2460;204;549;10460;2521;1911;28.0;6.26;5.17;7.64;0.05;0.42;1.14;21.67;3.62;24.45;24.71;2.24;25.22;28.89;11.61;2141.0;1895.0;1011.0;1591.0;7657.0;639.0;5510.0;47;1227.0;16.742;15062.0;0.52;0.47;0.5277704502312663;1.2636480322766814;28.88724935948515;3.62;24.45;10.45;14.24;
14653;1964;2299;61;868;9855;2527;1915;18.0;15.70;8.72;7.14;0.03;0.13;1.8;20.41;6.1;22.86;18.60;9.62;24.90;27.22;19.43;2092.0;1898.0;952.0;806.0;7442.0;898.0;5457.0;30;2752.0;13.599;16568.0;0.55;0.48;0.1588000628311618;1.9972786344942746;27.215861449931964;6.1;22.86;10.47;14.27;
10996;3995;1232;137;748;11974;4;3;4453.0;11.78;17.73;3.83;7.41;0.28;1.55;24.8;12.41;12.25;15.94;7.99;0.39;33.07;37.18;54.0;4.0;1157.0;665.0;5100.0;1071.0;5888.0;7485;10247.0;10.435;26883.0;0.43;0.41;0.353974897626887;1.7224244912305517;33.069281641016104;12.41;12.25;.02;.02;
10225;2305;1728;1;822;12191;2010;1524;926.0;10.95;10.23;5.37;1.54;0.0;1.7;25.25;7.16;17.18;18.03;6.08;19.69;33.67;22.36;1647.0;1510.0;1178.0;951.0;7231.0;871.0;5428.0;1557;3724.0;13.852;18206.0;0.47;0.46;0.001296265243509834;1.8908079749287812;33.66867689603596;7.16;17.18;8.33;11.36;
6659;52;2505;31;608;12028;808;612;3040.0;7.13;0.23;7.78;5.06;0.06;1.26;24.91;0.16;24.9;34.17;2.47;7.99;33.22;1.86;673.0;607.0;1162.0;2140.0;4764.0;549.0;6058.0;5110;6107.0;13.414;20603.0;0.64;0.34;0.0803305433652124;1.398473679956721;33.218537844362324;0.16;24.9;3.35;4.56;
6266;151;2441;32;1032;11761;2524;1913;23.0;6.71;0.67;7.58;0.04;0.07;2.14;24.36;0.47;24.27;28.75;2.29;24.79;32.48;3.71;2078.0;1896.0;1137.0;1844.0;7296.0;554.0;5504.0;39;982.0;16.395;14360.0;0.6;0.44;0.0817652017747632;2.3754561665479637;32.48187398278061;0.47;24.27;10.46;14.25;
14760;78;2431;23;924;12033;1757;1332;1371.0;15.81;0.35;7.55;2.28;0.05;1.91;24.92;0.24;24.17;28.63;8.73;17.26;33.23;2.82;1447.0;1320.0;1163.0;1476.0;5669.0;717.0;5740.0;2305;4511.0;11.971;18046.0;0.69;0.37;0.058354910910614004;2.1270306441637725;33.231296086825836;0.24;24.17;7.28;9.92;
12195;449;2393;32;1048;11527;2137;1620;703.0;13.06;1.99;7.43;1.17;0.07;2.17;23.88;1.4;23.79;26.46;6.69;21.01;31.83;6.40;1762.0;1606.0;1114.0;1457.0;6512.0;703.0;5608.0;1182;3100.0;13.642;16646.0;0.63;0.41;0.08409452583248662;2.411778660219254;31.83391305227248;1.4;23.79;8.86;12.07;
14389;2241;1977;58;1028;10831;1419;1075;1966.0;15.41;9.95;6.14;3.27;0.12;2.13;22.44;6.96;19.65;19.69;9.42;14.04;29.91;22.26;1183.0;1066.0;1047.0;863.0;6095.0;936.0;5694.0;3305;6062.0;11.773;20808.0;0.54;0.43;0.15024863328649127;2.366366599249479;29.913684636979028;6.96;19.65;5.88;8.01;
14144;867;2162;136;906;12045;867;657;2936.0;15.15;3.85;6.72;4.88;0.28;1.88;24.95;2.69;21.5;27.33;8.50;8.84;33.27;9.78;762.0;651.0;1164.0;1386.0;4825.0;793.0;5928.0;4935;7270.0;10.812;21834.0;0.64;0.35;0.3531304996742771;2.0849819883855254;33.26504597068246;2.69;21.5;3.59;4.9;
10643;1903;1891;97;1400;11339;235;178;4047.0;11.40;8.45;5.87;6.73;0.2;2.9;23.49;5.91;18.8;24.95;5.98;2.55;31.32;20.12;229.0;176.0;1096.0;1359.0;4612.0;834.0;6033.0;6803;8882.0;11.325;24521.0;0.54;0.36;0.2521133274089771;3.222404914992978;31.315084578589346;5.91;18.8;.97;1.33;
5727;1422;1984;53;1165;11892;2;2;4456.0;6.14;6.31;6.17;7.41;0.11;2.41;24.63;4.42;19.73;29.51;2.16;0.16;32.84;15.30;21.0;2.0;1149.0;1845.0;4355.0;685.0;6137.0;7491;8708.0;12.603;24466.0;0.55;0.34;0.13649830995618584;2.680570004295253;32.842339491115396;4.42;19.73;.01;.01;
14195;592;2425;11;1154;11075;823;624;3013.0;15.21;2.63;7.53;5.01;0.02;2.39;22.94;1.84;24.11;29.33;8.40;8.09;30.59;7.91;678.0;618.0;1070.0;1518.0;4587.0;755.0;6028.0;5065;7319.0;10.961;21786.0;0.67;0.35;0.02843535602141314;2.656339002299097;30.585220450723924;1.84;24.11;3.41;4.65;
13566;2200;2131;24;164;11052;261;198;4001.0;14.53;9.77;6.62;6.66;0.05;0.34;22.89;6.84;21.18;23.75;8.55;2.62;30.52;19.91;223.0;196.0;1068.0;1143.0;4364.0;908.0;6105.0;6726;9393.0;9.996;24883.0;0.56;0.35;0.06088917716296836;0.3782631177229091;30.522139675789408;6.84;21.18;1.08;1.48;
10116;4896;1058;349;548;11447;83;63;4314.0;10.84;21.73;3.29;7.18;0.72;1.14;23.71;15.21;10.52;12.81;8.69;1.71;31.61;44.73;199.0;62.0;1106.0;421.0;5656.0;1146.0;5807.0;7252;10137.0;10.999;27181.0;0.39;0.45;0.9035808390504374;1.2612676922610262;31.61307717032567;15.21;10.52;.34;.47;
7343;940;2226;308;531;11835;50;38;4372.0;7.87;4.17;6.92;7.27;0.64;1.1;24.51;2.92;22.13;31.45;3.08;1.29;32.68;9.57;156.0;38.0;1144.0;1921.0;4103.0;660.0;6202.0;7349;8692.0;12.080;24151.0;0.59;0.32;0.7973202018524995;1.2211273260321176;32.68479411245339;2.92;22.13;.21;.28;
5871;348;2387;133;447;12206;2509;1902;49.0;6.29;1.54;7.42;0.08;0.28;0.93;25.28;1.08;23.74;27.97;2.09;24.91;33.71;4.12;2105.0;1885.0;1180.0;1805.0;7350.0;567.0;5490.0;82;1047.0;16.311;14504.0;0.58;0.44;0.34446647465374053;1.029024609234094;33.7097827660308;1.08;23.74;10.4;14.17;
12586;178;2453;186;712;11828;69;52;4339.0;13.48;0.79;7.62;7.22;0.38;1.48;24.5;0.55;24.39;33.70;6.91;1.16;32.67;3.22;126.0;53.0;1143.0;1859.0;3479.0;682.0;6271.0;7294;9204.0;10.205;24096.0;0.69;0.29;0.48108873795059975;1.6394407899054473;32.66633578816932;0.55;24.39;.29;.39;
5652;186;2629;127;445;11297;1871;1418;1171.0;6.05;0.82;8.17;1.95;0.26;0.92;23.4;0.58;26.14;31.34;1.88;18.65;31.20;2.67;1580.0;1405.0;1092.0;2014.0;6343.0;535.0;5768.0;1968;2852.0;15.605;16702.0;0.61;0.4;0.32917327839600224;1.0245720094297945;31.198647364320948;0.58;26.14;7.75;10.57;
8714;38;2510;2;1069;11592;517;392;3551.0;9.34;0.17;7.80;5.91;0.0;2.21;24.01;0.12;24.95;34.28;3.86;5.06;32.01;2.80;424.0;388.0;1120.0;2069.0;4263.0;589.0;6151.0;5969;7247.0;12.398;21900.0;0.66;0.32;0.0045633182989098095;2.4603656737585546;32.013479678586464;0.12;24.95;2.14;2.92;
5646;3116;1552;22;1074;11547;278;211;3971.0;6.05;13.83;4.82;6.61;0.05;2.23;23.92;9.68;15.43;20.53;2.76;2.78;31.89;30.14;236.0;208.0;1116.0;1250.0;5423.0;865.0;5909.0;6675;8370.0;13.012;24649.0;0.42;0.41;0.058189271422173734;2.4726515943207983;31.888804159227302;9.68;15.43;1.15;1.57;
7865;4953;980;422;197;12016;928;704;2828.0;8.43;21.98;3.04;4.70;0.87;0.41;24.89;15.39;9.74;11.12;7.57;10.19;33.19;44.42;920.0;698.0;1161.0;387.0;7008.0;1111.0;5516.0;4754;7332.0;12.970;23874.0;0.36;0.5;1.0918102969120889;0.45434193307083837;33.186417912019714;15.39;9.74;3.85;5.25;
13102;3021;1575;475;1124;11077;140;106;4214.0;14.04;13.41;4.89;7.01;0.98;2.33;22.94;9.39;15.66;19.50;8.82;2.60;30.59;29.40;293.0;105.0;1070.0;854.0;4873.0;1004.0;5960.0;7084;9846.0;10.369;26015.0;0.51;0.39;1.2289640258871393;2.5867618617059085;30.59209783092312;9.39;15.66;.58;.79;
12755;5222;1232;13;1222;9783;29;22;4409.0;13.66;23.18;3.83;7.33;0.03;2.53;20.26;16.22;12.25;12.06;11.52;0.31;27.02;49.17;28.0;22.0;945.0;214.0;5459.0;1221.0;5880.0;7412;10763.0;10.305;27855.0;0.43;0.47;0.03334397690931051;2.813455119073189;27.01909293932189;16.22;12.25;.12;.16;
10917;164;2472;31;904;11722;2378;1803;279.0;11.70;0.73;7.68;0.46;0.06;1.87;24.28;0.51;24.57;27.52;5.58;23.36;32.37;3.54;1959.0;1786.0;1133.0;1589.0;6793.0;646.0;5560.0;469;2121.0;14.424;15407.0;0.63;0.42;0.08092752588602434;2.079863372246146;32.37417047550801;0.51;24.57;9.85;13.43;
14195;428;2291;132;782;12215;812;616;3032.0;15.21;1.90;7.12;5.04;0.27;1.62;25.3;1.33;22.78;29.65;8.38;8.30;33.73;5.60;715.0;611.0;1180.0;1539.0;4549.0;746.0;5986.0;5097;7321.0;10.663;21719.0;0.68;0.33;0.34205521472428574;1.7989350607698964;33.73330526335395;1.33;22.78;3.37;4.59;
10134;28;2511;138;1064;11472;1767;1340;1353.0;10.86;0.12;7.80;2.25;0.29;2.2;23.76;0.09;24.96;30.21;4.92;17.66;31.68;2.70;1499.0;1327.0;1109.0;1782.0;5970.0;616.0;5762.0;2274;3756.0;13.912;17495.0;0.65;0.39;0.3575553419089226;2.448071693790346;31.682803492582895;0.09;24.96;7.32;9.98;
14358;3302;1423;3;970;12012;1924;1458;1078.0;15.38;14.66;4.42;1.79;0.01;2.01;24.88;10.26;14.14;13.20;10.80;18.84;33.17;31.55;1576.0;1445.0;1161.0;379.0;7295.0;1063.0;5355.0;1812;4877.0;12.209;19698.0;0.48;0.49;0.006962927290680451;2.2332623166256647;33.17390409140144;10.26;14.14;7.97;10.86;
8149;127;2393;32;1048;12012;236;179;4045.0;8.73;0.56;7.43;6.73;0.07;2.17;24.88;0.39;23.79;34.58;3.49;2.39;33.18;3.54;205.0;178.0;1161.0;2101.0;3970.0;592.0;6199.0;6800;8019.0;12.079;22938.0;0.65;0.31;0.08409452583248662;2.411778660219254;33.175171939504885;0.39;23.79;.98;1.33;
8290;3935;1146;0;1514;11849;538;408;3514.0;8.88;17.47;3.56;5.85;0.0;3.14;24.54;12.23;11.39;15.03;5.75;5.27;32.72;38.42;441.0;404.0;1145.0;741.0;6057.0;1015.0;5694.0;5907;8214.0;12.427;24592.0;0.39;0.45;5.893135164239363E-4;3.484884222624628;32.723132658854354;12.23;11.39;2.23;3.04;
12179;711;2171;32;1009;12241;442;335;3683.0;13.05;3.16;6.74;6.13;0.07;2.09;25.35;2.21;21.58;29.66;6.77;4.41;33.81;8.63;374.0;332.0;1183.0;1619.0;4272.0;738.0;6063.0;6191;8186.0;10.818;23045.0;0.64;0.33;0.08197227612646436;2.3223559849299398;33.80630789090627;2.21;21.58;1.83;2.5;
12621;567;2507;2;1166;10714;1467;1112;1881.0;13.52;2.52;7.79;3.13;0.0;2.42;22.19;1.76;24.93;28.14;7.04;14.37;29.59;7.72;1203.0;1102.0;1035.0;1530.0;5556.0;716.0;5854.0;3162;5171.0;12.630;19231.0;0.64;0.38;0.0046015959528029225;2.6843734730509063;29.588113547612178;1.76;24.93;6.08;8.29;
10225;4292;1108;1;1057;11956;2010;1524;926.0;10.95;19.05;3.44;1.54;0.0;2.19;24.76;13.33;11.01;10.38;9.18;19.69;33.02;40.53;1647.0;1510.0;1155.0;277.0;8098.0;1090.0;5223.0;1557;4278.0;13.854;19641.0;0.4;0.54;0.001296265243509834;2.432639799822837;33.018478706163094;13.33;11.01;8.33;11.36;
13138;2190;1950;9;713;11396;214;163;4083.0;14.07;9.72;6.06;6.79;0.02;1.48;23.61;6.81;19.39;23.50;8.23;2.12;31.47;21.09;179.0;161.0;1101.0;1144.0;4420.0;907.0;6058.0;6864;9438.0;10.133;25020.0;0.56;0.36;0.023809189449627358;1.6418485249913075;31.473740329482492;6.81;19.39;.89;1.21;
12060;104;2421;56;784;12150;1145;868;2447.0;12.92;0.46;7.52;4.07;0.12;1.62;25.17;0.32;24.07;30.90;6.47;11.37;33.55;2.72;959.0;861.0;1174.0;1729.0;4979.0;666.0;5926.0;4113;5926.0;11.970;20012.0;0.67;0.34;0.14529898635231872;1.8032929909937914;33.554103289574435;0.32;24.07;4.75;6.47;
10603;1620;2009;2;1526;11166;1708;1294;1458.0;11.36;7.19;6.24;2.43;0.0;3.16;23.13;5.03;19.97;22.18;5.84;16.72;30.84;17.89;1399.0;1284.0;1079.0;1223.0;6544.0;800.0;5615.0;2451;4440.0;13.679;18898.0;0.53;0.43;0.004712088590845293;3.5116666779761028;30.83835934049105;5.03;19.97;7.08;9.64;
5926;416;2490;58;780;11354;129;98;4233.0;6.35;1.85;7.74;7.04;0.12;1.62;23.52;1.29;24.75;34.87;2.07;1.41;31.36;5.49;128.0;96.0;1097.0;2191.0;4005.0;569.0;6265.0;7116;8094.0;12.810;23284.0;0.63;0.32;0.1508470056703702;1.795375297280981;31.355789659050174;1.29;24.75;.53;.73;
11008;12;2523;31;608;12000;808;612;3040.0;11.79;0.06;7.84;5.06;0.06;1.26;24.86;0.04;25.08;32.85;5.59;7.99;33.14;1.51;673.0;607.0;1160.0;1893.0;4484.0;631.0;6064.0;5110;6749.0;11.815;21053.0;0.67;0.32;0.0803305433652124;1.398473679956721;33.14072313927219;0.04;25.08;3.35;4.56;
14276;3814;1423;57;1284;10877;2284;1731;445.0;15.29;16.93;4.42;0.74;0.12;2.66;22.53;11.85;14.14;10.95;11.79;22.52;30.04;36.81;1892.0;1717.0;1051.0;183.0;8030.0;1110.0;5242.0;748;3925.0;13.133;18764.0;0.46;0.54;0.14863551878331072;2.954743066629684;30.03876452609235;11.85;14.14;9.47;12.9;
12389;3762;1283;21;965;11982;400;303;3757.0;13.27;16.70;3.99;6.25;0.04;2.0;24.82;11.69;12.75;15.52;9.04;3.97;33.09;35.61;336.0;301.0;1158.0;591.0;5470.0;1074.0;5781.0;6316;9215.0;10.551;25402.0;0.45;0.42;0.054092479984321956;2.219939203919133;33.09097145039459;11.69;12.75;1.66;2.26;
11011;4105;1232;32;853;11808;2455;1860;145.0;11.80;18.22;3.83;0.24;0.07;1.77;24.46;12.75;12.25;10.14;9.87;24.11;32.61;38.40;2022.0;1844.0;1141.0;234.0;8565.0;1081.0;5126.0;244;3039.0;14.262;17960.0;0.41;0.56;0.0840098202667454;1.9639140492791236;32.61156163369957;12.75;12.25;10.17;13.86;
13023;1562;2017;227;651;11864;1337;1014;2109.0;13.95;6.93;6.27;3.51;0.47;1.35;24.57;4.85;20.05;22.94;7.83;13.69;32.77;15.36;1181.0;1004.0;1147.0;1155.0;5830.0;843.0;5732.0;3545;5917.0;11.943;20490.0;0.57;0.4;0.5874046746810676;1.4984148307747787;32.76520404051688;4.85;20.05;5.54;7.56;
8047;3174;1511;62;888;11803;641;486;3333.0;8.62;14.09;4.70;5.54;0.13;1.84;24.45;9.86;15.03;18.40;4.65;6.44;32.60;30.21;548.0;482.0;1141.0;1022.0;5813.0;920.0;5782.0;5603;7683.0;12.603;23624.0;0.42;0.42;0.15933187779674857;2.042600386476712;32.59584016250451;9.86;15.03;2.66;3.62;
12628;222;2393;32;1025;11892;442;335;3683.0;13.53;0.99;7.43;6.13;0.07;2.12;24.63;0.69;23.79;32.24;6.97;4.41;32.84;4.33;374.0;332.0;1149.0;1771.0;4020.0;690.0;6136.0;6191;8112.0;10.761;22744.0;0.68;0.31;0.08197227612646436;2.3594042916243794;32.84248801833709;0.69;23.79;1.83;2.5;
8290;88;2375;229;1286;11722;463;351;3646.0;8.88;0.39;7.38;6.07;0.47;2.66;24.28;0.27;23.61;33.97;3.58;5.13;32.37;3.74;466.0;348.0;1133.0;2063.0;4353.0;592.0;6122.0;6129;7336.0;12.598;22151.0;0.65;0.33;0.5917505856725782;2.9594075362636025;32.373209343644994;0.27;23.61;1.92;2.62;
5709;2261;1941;6;1436;10616;207;157;4096.0;6.12;10.03;6.03;6.81;0.01;2.97;21.99;7.02;19.3;25.27;2.36;2.04;29.32;23.37;172.0;156.0;1026.0;1571.0;4956.0;766.0;6058.0;6885;8325.0;13.215;24315.0;0.48;0.39;0.014322369017425706;3.304435112295873;29.319186221607463;7.02;19.3;.86;1.17;
13767;5276;1108;101;441;10992;138;105;4217.0;14.75;23.42;3.44;7.01;0.21;0.91;22.77;16.39;11.02;11.37;12.86;1.61;30.36;47.85;151.0;103.0;1062.0;96.0;5549.0;1252.0;5806.0;7089;10647.0;9.677;27589.0;0.44;0.47;0.26185670299934577;1.015742839797788;30.35688999560929;16.39;11.02;.57;.78;
13049;4341;1251;45;1477;10727;420;319;3721.0;13.98;19.27;3.89;6.19;0.09;3.06;22.22;13.49;12.44;13.48;10.43;4.24;29.63;41.93;362.0;315.0;1037.0;381.0;5723.0;1143.0;5765.0;6255;9388.0;10.724;25844.0;0.44;0.46;0.1157244555857134;3.3987283602224045;29.626501089313276;13.49;12.44;1.74;2.38;
14363;435;2499;57;792;11271;1924;1459;1077.0;15.39;1.93;7.76;1.79;0.12;1.64;23.35;1.35;24.85;26.95;8.49;18.99;31.13;5.68;1598.0;1445.0;1089.0;1386.0;6028.0;739.0;5710.0;1810;4061.0;12.513;17645.0;0.66;0.39;0.14874221328635598;1.821635080162165;31.127058170420938;1.35;24.85;7.97;10.87;
6034;494;2488;141;946;10994;1423;1079;1958.0;6.46;2.19;7.73;3.26;0.29;1.96;22.77;1.54;24.74;30.70;2.14;14.31;30.36;6.56;1219.0;1070.0;1062.0;1951.0;5888.0;579.0;5862.0;3291;4294.0;14.947;18636.0;0.6;0.39;0.36569669158906587;2.1771751026012307;30.361799838847563;1.54;24.74;5.9;8.04;
12954;2503;1743;17;1025;11605;1530;1160;1770.0;13.88;11.11;5.41;2.94;0.04;2.12;24.04;7.78;17.33;18.03;8.43;15.02;32.05;24.58;1259.0;1149.0;1121.0;813.0;6478.0;944.0;5583.0;2975;5596.0;12.270;20420.0;0.5;0.44;0.044724464971486924;2.3591206858991174;32.049492942677425;7.78;17.33;6.34;8.64;
8149;450;2393;32;1048;11527;2054;1557;849.0;8.73;2.00;7.43;1.41;0.07;2.17;23.88;1.4;23.79;27.89;3.55;20.19;31.83;6.41;1694.0;1543.0;1114.0;1714.0;6638.0;622.0;5634.0;1427;2738.0;15.006;16505.0;0.59;0.42;0.08409452583248662;2.411778660219254;31.83391305227248;1.4;23.79;8.51;11.6;
14358;3539;1423;37;928;11664;1924;1458;1078.0;15.38;15.71;4.42;1.79;0.08;1.92;24.16;11.0;14.14;12.45;11.10;18.93;32.21;33.55;1589.0;1445.0;1127.0;313.0;7381.0;1086.0;5355.0;1812;4944.0;12.280;19874.0;0.47;0.5;0.09617621655881858;2.136761312437098;32.21323915705806;11.0;14.14;7.97;10.86;
6662;5279;1018;28;284;11653;251;190;4019.0;7.14;23.43;3.16;6.69;0.06;0.59;24.14;16.4;10.12;12.10;6.60;2.53;32.18;47.51;216.0;189.0;1126.0;487.0;6126.0;1115.0;5741.0;6756;9259.0;12.261;26372.0;0.35;0.48;0.07197743206698623;0.6525085401906008;32.18293383315954;16.4;10.12;1.04;1.42;
8631;46;2495;6;1106;11608;954;723;2783.0;9.25;0.20;7.75;4.63;0.01;2.29;24.04;0.14;24.81;32.96;3.80;9.36;32.06;2.95;784.0;716.0;1122.0;1997.0;4894.0;588.0;6011.0;4678;5944.0;13.118;20298.0;0.65;0.35;0.015030796988727025;2.546341303350673;32.058125794693225;0.14;24.81;3.95;5.39;
13727;5087;1356;143;85;10399;962;729;2769.0;14.71;22.58;4.21;4.61;0.3;0.18;21.54;15.81;13.48;10.45;12.69;9.79;28.72;45.36;841.0;723.0;1005.0;65.0;6556.0;1221.0;5632.0;4655;8166.0;11.052;24421.0;0.44;0.5;0.3700000634645877;0.1960826995715375;28.720268744838354;15.81;13.48;3.99;5.43;
6604;498;2693;133;434;10525;2536;1922;2.0;7.07;2.21;8.37;0.00;0.28;0.9;21.8;1.55;26.78;27.83;2.53;25.17;29.07;5.42;2126.0;1905.0;1017.0;1774.0;7310.0;580.0;5582.0;3;1117.0;16.446;14591.0;0.58;0.45;0.34445922332611467;0.9984850291436398;29.067174278627657;1.55;26.78;10.51;14.32;
7054;4094;1276;7;529;11962;2349;1780;331.0;7.56;18.17;3.97;0.55;0.02;1.1;24.78;12.72;12.69;11.24;6.24;23.01;33.04;37.56;1926.0;1764.0;1156.0;501.0;8599.0;999.0;5173.0;556;2771.0;15.434;17882.0;0.36;0.55;0.01923435408141236;1.2178457980061284;33.03543273469143;12.72;12.69;9.73;13.26;
12837;1754;1905;203;679;12112;47;35;4378.0;13.75;7.78;5.92;7.28;0.42;1.41;25.09;5.45;18.94;25.66;7.78;0.97;33.45;17.13;114.0;34.0;1170.0;1302.0;4115.0;863.0;6096.0;7359;9759.0;9.924;25333.0;0.58;0.33;0.5244676987020461;1.563450871606988;33.44956336374829;5.45;18.94;.19;.26;
13708;4911;983;433;768;11480;140;106;4214.0;14.69;21.80;3.06;7.01;0.9;1.59;23.78;15.26;9.78;12.02;12.22;2.49;31.71;45.36;277.0;105.0;1109.0;177.0;5591.0;1224.0;5764.0;7084;10498.0;9.845;27409.0;0.45;0.46;1.1202178457009844;1.7677245258379912;31.7052034036937;15.26;9.78;.58;.79;
13781;3809;1443;98;962;11067;2374;1800;286.0;14.76;16.91;4.48;0.48;0.2;1.99;22.92;11.84;14.35;10.90;11.40;23.50;30.56;36.03;1981.0;1784.0;1069.0;203.0;8158.0;1098.0;5220.0;481;3596.0;13.352;18366.0;0.45;0.54;0.25273608908533557;2.2145219149696813;30.56405085205154;11.84;14.35;9.84;13.41;
12389;3989;1212;21;965;11982;400;303;3757.0;13.27;17.70;3.77;6.25;0.04;2.0;24.82;12.39;12.05;14.62;9.36;3.97;33.09;37.63;336.0;301.0;1158.0;515.0;5566.0;1099.0;5758.0;6316;9280.0;10.538;25565.0;0.44;0.43;0.054092479984321956;2.219939203919133;33.09097145039459;12.39;12.05;1.66;2.26;
10801;4082;1159;114;1436;11529;276;209;3975.0;11.57;18.12;3.60;6.61;0.24;2.97;23.88;12.68;11.53;14.79;8.04;2.99;31.84;39.54;269.0;207.0;1114.0;594.0;5606.0;1079.0;5780.0;6682;9404.0;11.185;25955.0;0.42;0.44;0.29476165093805773;3.3053807794367653;31.840974693581554;12.68;11.53;1.14;1.56;
14757;7204;233;38;575;12232;52;40;4368.0;15.81;31.97;0.72;7.27;0.08;1.19;25.34;22.38;2.31;8.06;21.64;0.62;33.78;65.27;58.0;40.0;1182.0;-656.0;6258.0;1498.0;5542.0;7343;11601.0;8.801;29389.0;0.57;0.57;0.09896684178415802;1.3223619450316784;33.78132129160087;22.38;2.31;.22;.3;
10297;1525;2009;2;1526;11309;1795;1361;1304.0;11.03;6.77;6.24;2.17;0.0;3.16;23.42;4.74;19.97;22.39;5.56;17.58;31.23;17.05;1471.0;1349.0;1093.0;1253.0;6654.0;785.0;5588.0;2192;4110.0;13.903;18477.0;0.53;0.44;0.004712088590845293;3.5116666779761028;31.231865117748935;4.74;19.97;7.44;10.14;
8597;4278;1168;335;705;11702;118;90;4252.0;9.21;18.99;3.63;7.07;0.69;1.46;24.24;13.29;11.62;15.02;6.30;2.03;32.32;39.60;223.0;89.0;1131.0;700.0;5569.0;1052.0;5831.0;7148;9620.0;11.626;26443.0;0.39;0.43;0.8666490669172706;1.6228721917012112;32.31893747170091;13.29;11.62;.49;.67;
10039;4458;1195;42;855;11447;83;63;4314.0;10.75;19.79;3.71;7.18;0.09;1.77;23.71;13.85;11.88;14.34;7.77;0.92;31.61;41.54;84.0;62.0;1106.0;574.0;5420.0;1097.0;5851.0;7252;9999.0;10.987;26802.0;0.4;0.43;0.10976664754524325;1.9668803069323102;31.61307717032567;13.85;11.88;.34;.47;
14051;1393;2017;147;731;12117;1134;859;2467.0;15.05;6.18;6.27;4.10;0.3;1.51;25.1;4.33;20.05;24.01;8.66;11.48;33.46;14.05;983.0;852.0;1171.0;1174.0;5410.0;848.0;5795.0;4147;6626.0;11.179;21215.0;0.6;0.38;0.38076866410581806;1.6820912846194451;33.46402757950467;4.33;20.05;4.7;6.4;
12628;2128;1799;8;755;12178;12;9;4439.0;13.53;9.45;5.59;7.38;0.02;1.56;25.22;6.61;17.88;24.02;7.80;0.14;33.63;20.63;13.0;9.0;1177.0;1195.0;4190.0;899.0;6073.0;7462;9943.0;9.844;25668.0;0.56;0.34;0.020855758530390504;1.7369062938979665;33.633014387022214;6.61;17.88;.05;.07;
6719;940;2226;411;427;11835;255;194;4011.0;7.20;4.17;6.92;6.67;0.85;0.88;24.51;2.92;22.13;31.10;2.66;3.58;32.68;9.33;365.0;192.0;1144.0;1925.0;4449.0;648.0;6138.0;6742;7991.0;12.655;23349.0;0.58;0.34;1.0651692176898453;0.983039311954477;32.68479411245339;2.92;22.13;1.06;1.45;
6289;4661;1024;27;954;11878;90;68;4302.0;6.74;20.69;3.18;7.16;0.06;1.98;24.6;14.48;10.18;14.19;5.05;0.95;32.80;43.57;84.0;67.0;1148.0;709.0;5777.0;1050.0;5794.0;7232;9471.0;12.295;26514.0;0.35;0.45;0.07111633826422253;2.1947894294776296;32.80466225937291;14.48;10.18;.37;.51;
5586;42;2501;230;1211;11260;2526;1914;20.0;5.98;0.19;7.77;0.03;0.48;2.51;23.32;0.13;24.86;29.72;1.87;25.32;31.10;3.16;2154.0;1898.0;1088.0;1926.0;7360.0;527.0;5523.0;34;823.0;16.903;14254.0;0.61;0.45;0.5944213179809577;2.787097446410143;31.09630336424256;0.13;24.86;10.47;14.26;
7147;2243;2223;143;85;10502;962;729;2769.0;7.66;9.96;6.91;4.61;0.3;0.18;21.75;6.97;22.11;23.40;3.27;9.79;29.00;20.11;841.0;723.0;1015.0;1421.0;5751.0;778.0;5919.0;4655;6365.0;13.617;21659.0;0.48;0.41;0.3700000634645877;0.1960826995715375;29.003184374033825;6.97;22.11;3.99;5.43;
6499;213;2629;133;34;11660;2411;1828;221.0;6.96;0.95;8.17;0.37;0.28;0.07;24.15;0.66;26.14;29.26;2.41;23.95;32.20;1.97;2025.0;1811.0;1127.0;1867.0;7021.0;554.0;5601.0;372;1412.0;15.954;14815.0;0.6;0.42;0.34445922332611467;0.07929222172242364;32.20202654570014;0.66;26.14;9.99;13.62;
12767;2303;1805;17;1070;11560;1400;1061;1999.0;13.68;10.22;5.61;3.33;0.04;2.22;23.94;7.16;17.95;19.33;8.08;13.75;31.93;22.91;1153.0;1052.0;1117.0;913.0;6227.0;918.0;5643.0;3360;5894.0;12.169;20737.0;0.52;0.43;0.044682061195383406;2.462521440728948;31.925457267576135;7.16;17.95;5.8;7.91;
13910;2309;1774;1080;249;11461;873;662;2925.0;14.90;10.25;5.51;4.87;2.24;0.52;23.74;7.17;17.63;20.50;9.06;11.35;31.65;21.07;1120.0;656.0;1108.0;922.0;5640.0;943.0;5796.0;4917;7611.0;11.228;22997.0;0.54;0.4;2.796660821912012;0.5730878681692261;31.652896386246738;7.17;17.63;3.62;4.93;
6266;663;2234;32;1032;11988;2457;1862;141.0;6.71;2.94;6.94;0.23;0.07;2.14;24.83;2.06;22.21;26.14;2.40;24.13;33.11;8.26;2023.0;1846.0;1158.0;1672.0;7431.0;612.0;5456.0;237;1327.0;16.211;14971.0;0.56;0.45;0.0817652017747632;2.3754561665479637;33.106903653278756;2.06;22.21;10.18;13.87;
10217;4236;1171;87;1116;11588;10;7;4443.0;10.95;18.80;3.64;7.39;0.18;2.31;24.0;13.16;11.65;15.14;7.64;0.32;32.00;40.17;40.0;7.0;1120.0;633.0;5276.0;1081.0;5866.0;7469;10165.0;10.872;26955.0;0.41;0.43;0.22545759675567448;2.568015155167555;32.002207231278156;13.16;11.65;.04;.05;
14762;7280;214;39;570;12209;85;64;4311.0;15.81;32.31;0.67;7.17;0.08;1.18;25.29;22.62;2.13;7.96;22.03;0.93;33.72;65.94;84.0;63.0;1180.0;-687.0;6333.0;1506.0;5526.0;7247;11528.0;8.848;29324.0;0.58;0.57;0.10154169242941835;1.3114779585493326;33.71754658259574;22.62;2.13;.35;.48;
12702;1615;1936;36;1051;11967;1400;1061;1999.0;13.61;7.17;6.01;3.33;0.07;2.18;24.79;5.02;19.24;22.39;7.61;13.80;33.05;16.76;1160.0;1052.0;1157.0;1134.0;5965.0;846.0;5687.0;3360;5689.0;12.144;20242.0;0.56;0.41;0.09204596542138102;2.4180686438146393;33.05051530449368;5.02;19.24;5.8;7.91;
8073;141;2571;21;856;11336;761;576;3123.0;8.65;0.62;7.99;5.20;0.04;1.77;23.48;0.44;25.56;33.55;3.42;7.49;31.31;3.22;630.0;571.0;1096.0;2051.0;4646.0;582.0;6095.0;5250;6469.0;13.022;21002.0;0.64;0.34;0.05415171248843229;1.9709635516760995;31.30784618845327;0.44;25.56;3.15;4.29;
14757;7204;233;39;574;12232;13;10;4437.0;15.81;31.97;0.72;7.38;0.08;1.19;25.34;22.38;2.31;8.12;21.58;0.22;33.78;65.27;25.0;9.0;1182.0;-650.0;6201.0;1498.0;5555.0;7459;11717.0;8.736;29532.0;0.57;0.56;0.10154169242941835;1.320073188902558;33.78132129160087;22.38;2.31;.05;.07;
14132;5113;853;675;191;12139;31;24;4405.0;15.14;22.70;2.65;7.33;1.4;0.4;25.14;15.89;8.48;11.53;13.17;2.06;33.52;45.83;279.0;24.0;1173.0;87.0;5526.0;1258.0;5755.0;7405;10958.0;9.329;28025.0;0.46;0.45;1.7471259230950023;0.4397442063094928;33.5237936759412;15.89;8.48;.13;.18;
12621;200;2444;2;1166;11568;1467;1112;1881.0;13.52;0.89;7.59;3.13;0.0;2.42;23.96;0.62;24.3;29.48;6.95;14.37;31.95;4.46;1203.0;1102.0;1118.0;1620.0;5448.0;685.0;5833.0;3162;5069.0;12.459;18969.0;0.66;0.37;0.0046015959528029225;2.6843734730509063;31.948245985032617;0.62;24.3;6.08;8.29;
8576;1991;1881;933;136;11685;822;623;3015.0;9.19;8.84;5.84;5.02;1.93;0.28;24.2;6.19;18.7;23.39;4.34;10.47;32.27;17.99;1023.0;618.0;1129.0;1361.0;5700.0;801.0;5848.0;5068;6883.0;12.993;22331.0;0.5;0.4;2.4161681488880418;0.3118811337360805;32.27153968249067;6.19;18.7;3.41;4.64;
10359;4294;1107;32;1025;11956;1869;1417;1174.0;11.10;19.06;3.44;1.95;0.07;2.12;24.76;13.34;11.01;10.59;9.14;18.39;33.02;40.47;1543.0;1405.0;1155.0;292.0;7898.0;1092.0;5267.0;1973;4716.0;13.592;20180.0;0.4;0.53;0.08324950008094616;2.359792479967338;33.018478706163094;13.34;11.01;7.75;10.56;
14051;1754;1905;203;696;12095;47;35;4378.0;15.05;7.78;5.92;7.28;0.42;1.44;25.05;5.45;18.94;25.43;8.85;0.97;33.40;17.17;114.0;34.0;1169.0;1229.0;4044.0;887.0;6096.0;7359;9941.0;9.483;25468.0;0.6;0.33;0.5244676987020461;1.6018951479570473;33.40343023212822;5.45;18.94;.19;.26;
12543;111;2421;17;823;12139;1145;868;2447.0;13.44;0.49;7.52;4.07;0.04;1.7;25.14;0.35;24.07;30.75;6.87;11.26;33.52;2.88;945.0;861.0;1173.0;1698.0;4946.0;677.0;5926.0;4113;6001.0;11.786;20065.0;0.67;0.34;0.04434161262658927;1.893032878749995;33.52355650251027;0.35;24.07;4.75;6.47;
5603;696;2303;24;732;11911;2520;1910;30.0;6.00;3.09;7.16;0.05;0.05;1.52;24.67;2.16;22.9;26.34;2.01;24.73;32.89;7.86;2072.0;1893.0;1151.0;1706.0;7520.0;599.0;5459.0;50;1065.0;16.493;14674.0;0.55;0.45;0.06230851998443711;1.684501846987012;32.894737713884105;2.16;22.9;10.44;14.23;
7154;37;2516;161;915;11559;1314;996;2150.0;7.66;0.16;7.82;3.58;0.33;1.9;23.94;0.11;25.01;32.57;2.79;13.29;31.92;2.43;1136.0;988.0;1117.0;2034.0;5506.0;557.0;5903.0;3614;4657.0;14.262;18833.0;0.64;0.37;0.41600723819184066;2.106522339240335;31.923977875355277;0.11;25.01;5.45;7.42;
5652;206;2629;133;34;11671;2490;1888;82.0;6.05;0.91;8.17;0.14;0.28;0.07;24.18;0.64;26.14;29.47;1.91;24.73;32.23;1.91;2090.0;1871.0;1128.0;1907.0;7182.0;537.0;5576.0;138;1048.0;16.390;14427.0;0.6;0.43;0.34445922332611467;0.07929222172242364;32.233357953475725;0.64;26.14;10.32;14.07;
8318;566;2336;33;1047;11627;2166;1642;652.0;8.91;2.51;7.26;1.08;0.07;2.17;24.08;1.76;23.22;26.84;3.71;21.30;32.11;7.44;1786.0;1628.0;1124.0;1642.0;6841.0;639.0;5579.0;1096;2465.0;15.091;16194.0;0.58;0.43;0.08591062031876648;2.409906017802904;32.10949348381063;1.76;23.22;8.98;12.23;
7375;3773;1314;160;736;11902;381;289;3790.0;7.90;16.75;4.08;6.30;0.33;1.53;24.65;11.72;13.07;16.63;4.67;4.15;32.87;35.19;372.0;286.0;1150.0;900.0;5756.0;973.0;5798.0;6371;8524.0;12.398;24947.0;0.39;0.43;0.4154366801991449;1.694468039959892;32.8708415955605;11.72;13.07;1.58;2.15;
6106;731;2540;20;7;11451;2476;1877;107.0;6.54;3.25;7.89;0.18;0.04;0.01;23.72;2.27;25.25;26.78;2.27;24.30;31.63;6.51;2036.0;1860.0;1107.0;1719.0;7303.0;600.0;5553.0;180;1315.0;16.162;14881.0;0.56;0.44;0.052552469357840685;0.015139067970040382;31.625141207366216;2.27;25.25;10.26;13.99;
14952;5536;726;64;803;12111;51;39;4370.0;16.02;24.57;2.26;7.27;0.13;1.66;25.09;17.2;7.22;10.37;15.21;0.67;33.45;50.99;66.0;38.0;1170.0;-108.0;5573.0;1320.0;5707.0;7346;11144.0;8.911;28236.0;0.48;0.47;0.16571458901769812;1.8490049275474016;33.44786279186612;17.2;7.22;.21;.29;
8079;1626;1988;85;955;11746;757;574;3129.0;8.66;7.22;6.18;5.20;0.18;1.98;24.33;5.05;19.77;25.54;3.81;7.64;32.44;16.63;653.0;569.0;1135.0;1524.0;5333.0;751.0;5904.0;5260;6897.0;12.899;22101.0;0.53;0.38;0.22122661339799615;2.1971234247715765;32.43907821069563;5.05;19.77;3.14;4.28;
5586;12;2508;24;598;12087;2526;1914;20.0;5.98;0.05;7.79;0.03;0.05;1.24;25.04;0.04;24.94;29.87;1.87;24.79;33.38;1.48;2077.0;1898.0;1168.0;1936.0;7228.0;524.0;5524.0;34;858.0;16.475;14155.0;0.61;0.43;0.06233757978530845;1.3759045815856796;33.380494322672625;0.04;24.94;10.47;14.26;
