59468.54140768559 0.0013224428729031563 0.043384062539570487 0.36880117193243206 0.5479048282235602 0.033329511631602665 
51996.40547294989 0.024232152336562396 0.040505501869750826 0.4132928055147615 0.6623136067064753 0.9885569244445787 
38432.23260723456 0.0013064883238083237 0.05331980631244897 0.4771545944760493 0.5023615899681944 0.011928468563400074 
43361.484006417064 0.002467946013275642 0.02225992819318622 0.3084896653760844 0.5777488414515345 0.9860245441205588 
46245.74782129233 0.0028897428725746174 0.010182809666108445 0.4991287450888889 0.6511986556802077 0.43996946822258826 
52739.19622788434 0.0010607151927034776 0.02576212587237387 0.487232658004438 0.6686437057116773 0.9781128888510133 
8822.75531437651 0.0013779313053557726 0.052119593424635 0.4767232180318868 0.5072915307961305 0.018102265553783005 
5626.40742899981 0.0057089739180385315 0.048020107338180656 0.5244871821929713 0.6725544262312452 0.02699476809660582 
12669.81945493551 8.531926841455267E-4 0.0016124804715167192 0.44285268378070314 0.6689587227569112 0.18976170240230594 
59795.355369298755 6.818076214633419E-4 0.05247744421435491 0.4547920481381923 0.5905110353869214 0.9832977805109191 
60959.870687660805 6.842212291257825E-4 0.03878446080974763 0.4984011121750473 0.7406302424779933 0.9716608311300783 
51724.95364542594 0.023870173159871035 0.03329341825141321 0.5125345488007818 0.7436016185240693 0.60169032168093 
37980.99611485901 0.0024492988044377832 0.03643917427012991 0.4388103594370338 0.560105239306074 0.0015993031340832409 
12622.322137336581 0.0016761254789622196 0.012239454178690906 0.46291635851238794 0.7544155580918451 0.6034492998849421 
6309.130013072598 3.6071442938175697E-4 0.019566616208347484 0.31137307183639323 0.60163496571695 0.8525944057307878 
51926.995836292015 0.003646325010778292 0.019742409715623785 0.41638276127052365 0.6425553901136766 0.013915972154945656 
14369.310583370181 0.004540176863118637 0.06282632737089307 0.5244967453593441 0.6105426197938983 0.01344670856143957 
59986.21732318907 0.0024400696515798626 0.026764719986510126 0.4409383183297132 0.6616850909371242 0.9526019858363381 
20799.42983704845 0.0025379307882880545 0.03712707884498211 0.3836248473242084 0.6626576357993972 0.8856719377363511 
47251.92665135553 0.002467946013275642 0.02225992819318622 0.21936443761299435 0.5777488414515345 0.9860245441205588 
44524.637721773164 0.0029018679381742304 0.05572396937195769 0.4541333412178531 0.6737151363155307 0.9247666246792408 
56924.851220980854 0.001991930057653103 0.042906554818637886 0.4785864729552729 0.6541722257872433 0.9893185481583748 
44070.45674337247 0.005685149745313939 0.01825227175006744 0.44236250892870993 0.5946552399148954 8.529206730715777E-4 
10513.338980813194 0.0023941685742670566 0.04656594891555526 0.5087502307899064 0.738507144946911 0.016214414728222975 
52739.19622788434 0.001991930057653103 0.02040360446215734 0.481044042247093 0.6541722257872433 0.9781128888510133 
12740.121927703687 0.0031477088931374103 0.05416866816378346 0.45273003155342173 0.5531496862572505 0.08402594806661931 
38432.23260723456 0.0012997873420316076 0.046614917858797233 0.4825692100604086 0.6414343949087041 0.9291534788890687 
56866.42366421784 0.0015068603471046632 0.0060010085911473224 0.3640471942996157 0.6260853644226086 0.01422224267172836 
8899.940158897463 0.0057089739180385315 0.019955307365979925 0.4180271246153186 0.6725544262312452 0.0294205742360764 
36699.562316775766 0.0057089739180385315 0.06610326415747121 0.4222343078205718 0.5188227103506147 0.9432273151628442 
54269.88568623016 0.0016760636949479952 0.010070553343327382 0.46714439979531697 0.6441790982615924 0.04115525825212543 
36572.542790178704 0.0012999922134297563 0.0860891213751073 0.36802709964750474 0.5926560638470828 0.9718836304150273 
19294.376330572963 0.0015954049191414423 0.048020107338180656 0.5097512016988871 0.7142531244699346 0.5994694773974352 
30440.644468520124 0.002196091525985481 0.03324609601613765 0.510506957801315 0.8223350976280195 0.9247666246792408 
60014.46075172584 0.015095262885326397 0.026780876265101793 0.3718514807161119 0.6687851897372055 0.9913067798185061 
52663.483673929186 0.0027570800957218596 0.019742409715623785 0.41638276127052365 0.5725388372507931 0.016619876837547065 
35501.872037908965 0.0022296214711260893 0.024717193488750178 0.5140482588565936 0.5489153008453121 0.8630914030957306 
50703.52817655837 0.0019676708375360487 0.05359959396430718 0.4521902958158577 0.598620829702182 0.08070882643223844 
18004.027436662098 8.539053869071863E-4 0.11288320589380052 0.36372651707091974 0.6626576357993972 0.8856719377363511 
32421.324312744197 2.2842758920500034E-4 0.0042523466249397845 0.3718514807161119 0.6840448090544761 0.9684351075685719 
38431.59626144248 0.002527510933092879 0.04222692788093932 0.42579984189143005 0.6424621428203203 0.0043126012165067285 
26602.37513963202 0.0015633298764990392 0.008836802339593976 0.4469325210644319 0.6663223251128594 0.043582356250164156 
31729.250043925636 7.831271736126206E-4 0.027622956360420246 0.5079167413734714 0.6377932706752266 0.9376729566767574 
8758.281637565657 0.0019296043060161839 0.09318774069802234 0.576262639413722 0.7515554746553129 0.004832569433038281 
48601.42924640505 4.1073961305316403E-4 0.0023444097749084278 0.3660715135956418 0.6571079873274404 0.19118161602083195 
17450.48775549679 5.46504372030712E-4 0.028188170592084033 0.3867918137639217 0.6378682125289811 0.7865989140681848 
59956.57380222382 0.0017126784807305557 0.026096722124651927 0.3246438987620926 0.5199603329827249 0.2844468651346543 
35402.247302395386 0.001974877377464964 0.027115152782328386 0.44707304414020343 0.6657261749905864 0.05417390393370497 
38032.698593512825 6.938375150623491E-4 0.030450359527024476 0.3717968782262028 0.6634726565522344 0.9747008395146042 
46745.32047684369 6.903684316254773E-4 0.045967982226844784 0.5033641852468924 0.6677534365300056 0.8387413933869882 
36536.02685289545 0.005667302600209211 0.06513681618002323 0.5214191677862352 0.5941986945411286 0.001469837088007131 
36086.792490069 2.3931801987042874E-4 0.04660750302016341 0.5088031804873094 0.6670850341775109 0.015971015025120938 
18004.027436662098 8.539053869071863E-4 0.052081349133757275 0.384723645788217 0.6626576357993972 0.8856719377363511 
6182.009672799584 0.001611600117930761 0.01699116505722091 0.42228856773714696 0.49959115179158553 0.019525903279873462 
8899.940158897463 0.0057089739180385315 0.019955307365979925 0.42028562714506185 0.6725544262312452 0.021318018443901535 
60331.94063074537 0.0015068603471046632 0.009293589228389063 0.3640471942996157 0.5818963599219589 0.01422224267172836 
53415.106456202695 0.011639604481584565 0.02654352818776137 0.3688250056159882 0.5478092911545842 0.1974064278855086 
6474.009595446058 0.00272806347637904 0.04013410172381501 0.3150877155619828 0.60163496571695 0.9275101731737583 
59482.816038009 0.0023708443190487527 0.026447598783371686 0.34051263544752813 0.5953816489140146 0.9974316530165248 
38431.59626144248 0.0024767222089285743 0.02165573488884292 0.4656378620503073 0.496010367807483 0.08289097112055865 
60506.75500211528 0.0057089739180385315 0.046465875456606284 0.48326729380562194 0.5444733865006104 0.005998329196383323 
31444.79716216035 0.005692915508942882 0.029181759854423554 0.4610211695936274 0.7387822377565216 0.9333458493489624 
9367.0142631418 0.0030746737685058353 0.007594356120500844 0.4372958065277358 0.5721950343075023 0.03487474047899967 
52510.222837287176 0.002483585917348285 0.024591774211847536 0.31627649202681346 0.5707494212932744 0.1923659476392588 
30019.327966528064 0.0024538675336093487 0.01997093217442896 0.5058964328144258 0.6017540259543952 0.9347427834368756 
35501.872037908965 6.013388678065487E-4 0.024717193488750178 0.41788443648384466 0.5489153008453121 0.9776831185009099 
50959.8693763691 0.0036072091707252097 0.05956571978203708 0.4733123605560141 0.5009644579028004 0.01817288279981656 
60592.380360764655 0.001533551812401628 0.04968372936223176 0.5214868175451344 0.5798619504805694 0.19119869888346858 
59631.47238281822 0.005457032466220401 0.03940763292927428 0.367868407538073 0.5118066782128595 0.005905577308175328 
56973.913764133926 0.0015827581299969412 0.02764065597785432 0.468996813604666 0.6747221474280221 0.0030311139540360604 
51724.95364542594 0.023870173159871035 0.028185484374435153 0.4809071753536718 0.5089756244765135 0.03168610727901325 
45842.154317064604 0.0015794395602202645 0.001721803802740736 0.38973893965117823 0.6766795344153219 0.9502714618667296 
7130.023196480293 0.002436720526746381 0.038848662261053636 0.4469325210644319 0.6614382976616231 0.043582356250164156 
57315.80274247008 0.001991930057653103 0.02576212587237387 0.481044042247093 0.6541722257872433 0.9781128888510133 
35034.083801395725 7.831271736126206E-4 0.04090163223219166 0.3718514807161119 0.5707139248736592 0.9646531827027929 
38678.4282594795 0.0057089739180385315 0.06088474335041966 0.4222343078205718 0.5245890344987283 0.9432273151628442 
51719.81760678966 0.003646325010778292 0.019742409715623785 0.47124488760265226 0.6453935882655378 0.016619876837547065 
53415.106456202695 0.0018114716827623322 0.026420491348498998 0.3677215244480004 0.6616850909371242 0.9624434547291759 
38432.23260723456 0.0013064883238083237 0.04721794941944203 0.4825692100604086 0.6414343949087041 0.011928468563400074 
37476.17409561423 0.005692915508942882 0.029181759854423554 0.4179832694869207 0.7387822377565216 0.9333458493489624 
23749.1812963815 0.012074564676802835 0.02089848338038032 0.4738231362833344 0.5531496862572505 0.17830912342187197 
46745.32047684369 6.903684316254773E-4 0.01624160051509716 0.4099196925201232 0.6677534365300056 0.840209290441321 
38441.64265038311 5.407335327127908E-4 0.008927612473956018 0.453279748763625 0.5646023033431895 0.9542615743159673 
58717.4571459405 0.002912475885472861 0.006074041827783072 0.4676455048644215 0.6753968322532489 0.965546115853746 
5968.5940809216045 9.982886815429297E-4 0.026780876265101793 0.3718514807161119 0.6689587227569112 0.9929801411961084 
35034.083801395725 7.831271736126206E-4 0.006141175078056308 0.3718514807161119 0.6840448090544761 0.9646531827027929 
60454.33770132791 0.002203848858906493 0.03761954269801761 0.4984429909978871 0.5947076273596962 0.38771668841181717 
44198.47350842816 0.0036037277152557038 0.019756902919526663 0.4230097480472209 0.6074088872998363 0.021980124633960256 
5669.238946276018 0.0024808840529036364 0.019977153347761005 0.42228856773714696 0.6081681173068818 0.021514970797786578 
36699.562316775766 0.0033293132593072514 0.03342495838549332 0.5248031853691009 0.7143234551723305 0.590655679709888 
36624.05188129859 0.04820435221619073 0.05580178785861814 0.4945824504971989 0.6016571062806793 0.8685153500138675 
25612.568175478784 0.0020880832476123387 0.02398123918821999 0.46571917219847536 0.6660652198713899 0.030611037437896976 
44198.47350842816 0.0036037277152557038 0.019759345521809274 0.41397952122875054 0.6438180975363635 0.013355261365511018 
52179.17618479316 0.0019645422386372793 0.0022186251862566404 0.3283190046142586 0.6014580423666759 0.9934712502118218 
26740.160791912975 0.001533551812401628 0.04968372936223176 0.5246177729106097 0.7188077355315677 0.7997367273658618 
15920.037354413755 0.007945229998217984 0.053480254034946786 0.4767232180318868 0.496754156926866 0.018102265553783005 
34258.86395218785 0.034481711378555456 0.06510990658310017 0.48309855922622913 0.6621532621760567 0.13790364075058442 
57119.55193786288 0.00391332824494336 0.004732900834863753 0.49642855552685616 0.6520477746256945 0.32304904551351626 
59468.54140768559 0.005361907685282786 0.043692692334922664 0.4739386179424798 0.5479048282235602 0.013355261365511018 
46609.3181562426 0.002988311222303141 0.0379488169174044 0.3208327113716471 0.5721950343075023 0.4745909027326076 
27647.990545128403 2.6094256483669923E-4 0.04731855453697516 0.4446224908099945 0.5400985161052714 0.07208481267636381 
36572.542790178704 0.0017692323128343517 0.02427769724685703 0.36802709964750474 0.6710274869411816 0.9885569244445787 
35501.872037908965 0.0022296214711260893 0.024717193488750178 0.5140482588565936 0.5489153008453121 0.9245032581381866 
16991.81543936337 6.903684316254773E-4 0.015719270690805906 0.4099196925201232 0.652286428833814 0.8369076172171823 
11241.703950531562 0.0057089739180385315 0.04763913751415119 0.5256433997905421 0.7798829171149297 0.010451574533303348 
50234.43091188284 0.00137357347386732 0.007312893360553902 0.3747120895793025 0.5818963599219589 0.0034201421759544742 
36624.05188129859 0.002322958058067205 0.04820435221619073 0.4568990904349397 0.5027909509508661 0.05417390393370497 
6309.130013072598 3.6071442938175697E-4 0.019566616208347484 0.31137307183639323 0.60163496571695 0.9835784694107101 
59707.408060468835 6.68962703044269E-4 0.04726527303814012 0.3867918137639217 0.6616850909371242 0.9867170813564555 
10584.69067855284 5.420797748805384E-4 0.019149685343336775 0.45245088079835794 0.6425553901136766 0.016619876837547065 
9367.0142631418 0.0030746737685058353 0.042427324316255025 0.5272011771866763 0.5721950343075023 0.03304622557426912 
54269.88568623016 0.005942055717966912 0.010070553343327382 0.46714439979531697 0.6441790982615924 0.2848857366036065 
35034.083801395725 7.831271736126206E-4 0.024299828976416554 0.3718514807161119 0.6688092513860658 0.9646531827027929 
8729.460070912708 0.0019307169602860753 0.09318774069802234 0.576262639413722 0.5960731662253739 0.010208517683883173 
43676.35813234715 0.0057089739180385315 0.06510990658310017 0.40822560205252917 0.5950513265442108 0.004671293904415626 
59986.21732318907 0.0024400696515798626 0.026357559172860336 0.3512984545908414 0.6616850909371242 0.9526019858363381 
10291.454238486444 0.004829683883155226 0.019748808218877607 0.4825692100604086 0.510750342420986 0.01817288279981656 
60602.56944732768 0.0021050247034683635 0.03878446080974763 0.4984011121750473 0.6616850909371242 0.9716922889405342 
5631.027352220432 0.011651511804254926 0.09210276763586643 0.5813268118048156 0.5813972706297124 5.431668394056538E-4 
59795.355369298755 6.818076214633419E-4 0.024146545868252545 0.4547920481381923 0.7587901247302968 0.9784115990335621 
45996.13024016947 1.7487868210352238E-4 4.5263847495007753E-4 0.4929990192552108 0.6680492123961581 0.44597265449367085 
9057.817825178234 0.002078628362063042 0.03955225889257335 0.5087502307899064 0.7387822377565216 0.017977410032071414 
30643.73392809629 0.002203848858906493 0.0375645090772848 0.32574846642307764 0.5968969709063058 0.9049557495419601 
52663.483673929186 0.003646325010778292 0.019742409715623785 0.41638276127052365 0.6425553901136766 0.016619876837547065 
9322.930568972732 0.001102499960942388 0.04742728602169695 0.5268979458408557 0.6957740833195662 0.02801412717350886 
55379.01573079786 0.00497975874355522 0.02491057205155034 0.4132928055147615 0.620793028262195 0.9885569244445787 
51841.234431545934 0.002912475885472861 0.006074041827783072 0.4680989467145222 0.6753968322532489 0.20157862255762654 
59468.54140768559 6.839529550657507E-4 0.043692692334922664 0.363913444976238 0.5479048282235602 0.013355261365511018 
15920.037354413755 0.007945229998217984 0.053480254034946786 0.466401102327888 0.496754156926866 0.018102265553783005 
50234.43091188284 0.00137357347386732 0.007312893360553902 0.3747120895793025 0.5818963599219589 0.028834638807356636 
58853.04414519707 0.002912475885472861 0.006074041827783072 0.4680989467145222 0.6747221474280221 0.08619431708344645 
30421.98637501567 0.0022296214711260893 0.024717193488750178 0.510506957801315 0.6005519236368411 0.9245032581381866 
24931.10320022984 1.796391652383756E-4 0.026096722124651927 0.3246438987620926 0.5979079941661589 0.9316323903813657 
49244.16392619066 0.002219919375157288 0.05248330839222816 0.4404633346800273 0.5688562862913105 0.2813611054696575 
5633.22915225019 0.011651511804254926 0.09210276763586643 0.5843289303537468 0.6172137604776406 0.002691907634152793 
38451.448603446144 0.002392590814592313 0.013225224964716883 0.34011665589408424 0.5315386278764639 0.9526067679831212 
8729.460070912708 0.012322009817627778 0.09318774069802234 0.576262639413722 0.6410416012738783 0.024329340035362024 
13480.48746885977 0.0016623039144861174 0.055012166879689066 0.5211335691946603 0.7230657891540263 0.06742748929005501 
7322.405401403241 0.004937463177388326 0.04721794941944203 0.4825692100604086 0.5024972468066377 0.01817288279981656 
5654.841664669573 0.00496247201636003 0.04721794941944203 0.4825692100604086 0.5009644579028004 0.01817288279981656 
49968.18456861225 7.256719173140695E-5 0.019580767412572753 0.4130057827569038 0.7227690681855394 0.9963600373294614 
60076.78233694738 0.008823177303367711 0.010182809666108445 0.5003202967979008 0.6512369657800572 0.768581965513234 
10541.732946432076 0.0016589859185372955 0.08767338156866747 0.46291635851238794 0.7544155580918451 0.6034492998849421 
16991.81543936337 6.903684316254773E-4 0.015719270690805906 0.4099196925201232 0.6484614194688573 0.752228139671866 
59986.52881626593 1.796391652383756E-4 0.026096722124651927 0.3246438987620926 0.5979079941661589 0.9316323903813657 
59626.24147114795 0.0058818218556152355 0.023803246200831043 0.4901702774257273 0.6198752445239518 0.40741149887482353 
14270.885491260628 0.008608469957033741 0.053480254034946786 0.496754156926866 0.5531496862572505 0.017951646401716627 
5626.40742899981 0.0057089739180385315 0.048020107338180656 0.5244871821929713 0.6725544262312452 0.018324922561652395 
45494.965009745654 0.0036072091707252097 0.05956571978203708 0.4733123605560141 0.5009644579028004 0.01817288279981656 
5802.707227871315 0.011651511804254926 0.09210276763586643 0.5843289303537468 0.5960731662253739 0.002691907634152793 
