22456.076915765607 0.00422291487182828 0.071702373683814 0.38074480126862653 0.6991163311459974 0.037446266620529134 
58417.196763346525 0.004263272456639078 0.0061044955645706694 0.40914878823762113 0.6765295110904752 0.9991802568871573 
36400.51301762539 0.022970762929180013 0.059724409364169104 0.48805622009984195 0.5161064048110645 0.005188550332185177 
53038.20316137534 0.04575814806629326 0.07765072199127881 0.5297603782041904 0.8062858983501805 0.9569394581726476 
42266.86669464949 0.020664373050219315 0.10412268815208658 0.5573522409708032 0.7570663141310306 0.0041901016808505165 
14500.076420381502 0.02451208214394133 0.0361946041756602 0.5282627137153939 0.6843583048892093 0.7167693068368757 
49623.8650729394 0.0012162630618101477 0.12704468474646188 0.5277810697678167 0.6908068622824842 0.5859023158519246 
48904.29603304902 0.026166676629663432 0.036019108185300644 0.49617978283099995 0.5117661736557443 0.8244895106966934 
26714.714885344507 0.00908339453065743 0.12699592966583934 0.5268070984357935 0.6920979571482616 0.599800345001612 
17342.02853574419 0.009555602758898496 0.011877658884761833 0.46778996304501796 0.6038704693878019 0.016703500710590343 
44604.74301579603 7.371943052731145E-5 0.09910722040098159 0.4224239591763218 0.7411336217607623 0.9915054782721077 
34247.749231430054 0.02332454532599746 0.08576013690165074 0.416320132515677 0.6177550067797896 0.018557448176446056 
7587.917432041308 0.007928355022440069 0.102317027533226 0.5770820337660583 0.7115790072210997 0.8135798147286023 
59173.53295821532 4.0407801119243976E-5 0.12639747849880748 0.5996077232152026 0.625998571331096 0.004699233938623214 
60841.93464259596 0.0012918212064504334 0.08891260292487645 0.567103996301051 0.711883645976058 0.0707876416237019 
16464.757201145745 1.070974253183907E-5 0.12639747849880748 0.6017287505237586 0.6136966097068003 0.021998477385277243 
57362.003341378935 2.3652436072706194E-5 0.024636672436059392 0.3942396133987346 0.5881783854533159 0.9714666105665715 
12584.86259483923 3.4789834134967267E-4 0.019789042818776276 0.46443459489180206 0.5731211867961895 0.006729279170535905 
48527.67102628022 4.1276287678347157E-4 0.0873647996762192 0.5792030521622354 0.7407928054112675 0.7732243696277942 
27711.289559253502 0.0013186002650754213 0.12687910054255055 0.6063132828063185 0.8665285850339187 0.8301317474162876 
21295.567311029936 0.001277657782934094 0.0038138089092933647 0.4674947743067006 0.5847929393073572 0.10232580508290068 
48842.1603963887 0.0012429907636426242 0.027703369747808633 0.4903821135652847 0.49197906791639523 0.003230805985268456 
36973.31591259607 0.0015248637238092166 0.026529239808164726 0.4932578567950875 0.5180003548593927 0.0018537548253711237 
59750.648146380154 6.0566897600064916E-5 0.008131073139703885 0.4227833721716727 0.6181166086420175 0.999158400828114 
25941.159463304808 0.001181965121751274 0.12704468474646188 0.4381751255404508 0.685866826797138 0.5934671389808848 
12584.86259483923 3.4745936607739024E-4 0.004603711904508118 0.3409756497609918 0.6055968837149427 0.9215236800067159 
17013.243915851235 0.007805330162011983 0.12673956275974665 0.6114331919455857 0.6151340728626811 0.03551967116555928 
28857.583058435506 3.087556681416581E-5 0.16322915550727793 0.5994852721331534 0.7215159203759199 0.004699233938623214 
50513.96331792299 0.005394726574278726 0.008239757275416225 0.27145455323270745 0.6247870470307471 0.9871728209678434 
49715.26929083154 0.018547631194538637 0.06113202665576083 0.5224902157591428 0.6306207332305064 0.20355046178038572 
8863.1868692912 0.0010202271542542507 0.004071367722704503 0.4677882637346855 0.7405503106421362 0.8171051704470154 
27645.8296096073 0.013265564524703642 0.12906718383320875 0.5827162000408477 0.739654006177028 0.29837923576721354 
34433.93565406712 6.53524484503152E-4 0.08709316649633572 0.5505932518012072 0.7303019763281707 0.02260912678650856 
54871.77981654788 0.026007587364350836 0.059596189261844394 0.5101755170367233 0.6693640422949009 0.7410829163045132 
11216.391474675824 0.08930231357312246 0.13793636072216742 0.600270300036522 0.7607526327531263 0.6120591199864562 
27761.947486874662 5.78442275441495E-5 0.16322915550727793 0.5994852721331534 0.6602371022527692 0.004588415772844144 
57520.68118124251 0.008083810603352299 0.03854457873688549 0.4951154109511818 0.722798139817076 0.7207563009787195 
57242.53887168472 0.001075541180186032 0.08583364185682321 0.40999224929526085 0.5846823034824954 0.017377199771382357 
18165.718417803706 0.0024858048123480806 0.04764206684432337 0.5354029209534134 0.8098822229192559 0.09051390271459103 
23156.17394938221 0.0025902580066394197 0.1091283550907301 0.486652552047022 0.6247488675756034 0.7776807034625055 
57858.22591877685 0.007167306483759545 0.013137611313654218 0.42472160800985215 0.6788205728978872 0.04604857164733761 
53051.782457385765 0.002255760607314528 0.022226344104652768 0.4977786473810982 0.6136793074497794 0.977646958646923 
48085.28419737106 0.01260915199043839 0.07689434623461333 0.5618514170560006 0.7123008525239201 0.9036468186738881 
23978.740564637832 9.190283755291309E-4 0.13565469994637788 0.4680489353895341 0.6998978108472194 0.2751384874463643 
36825.566889259295 0.04323376428528503 0.04764206684432337 0.49610339279628063 0.6033104463399912 0.9313567714638671 
48708.9424366934 6.292174899596268E-5 0.08549489630407214 0.48466599047196157 0.7358900719714647 0.9639880687438084 
56024.849596990294 0.02269915711031659 0.026166676629663432 0.47764295802784323 0.5159387118915848 0.7384754324462037 
27464.536141977645 0.012418224197395276 0.12906718383320875 0.5827162000408477 0.739654006177028 0.14189962835048714 
12730.625697923577 0.04239853941868072 0.11373616436408854 0.5830186332514402 0.7109001242459404 0.004724137101524058 
55097.20297641447 0.04764206684432337 0.06989397182969154 0.555300073366069 0.7036302864423016 0.02067758351135579 
60753.5052853526 0.0030820544912026644 0.08697637206424787 0.4935598119325784 0.6858183175856148 0.6035278133593494 
57398.27257147476 3.2832353204992684E-4 0.08128225839703956 0.48860526158711093 0.5166110771861849 0.00315198031640649 
16907.25296239576 0.007805330162011983 0.12588995478395548 0.6112985827231344 0.7263316690970146 0.021983786070495517 
56024.849596990294 0.056957456581699484 0.058024525179890166 0.34973478047721007 0.5870758497911398 0.7410829163045132 
12492.395669717911 3.4483392714360593E-4 0.012415974689584955 0.29613613381963605 0.5931737975242578 0.0029494108597448287 
34987.56483985918 0.001200869375110404 0.12578385877765783 0.5857714697901089 0.590900699416472 0.8157617759694598 
36233.48929704843 3.9668318894943953E-4 0.12445582802998109 0.5792030521622354 0.7407928054112675 0.9374862780843869 
18508.734420990968 3.560400788394716E-4 0.13565469994637788 0.49729480817131055 0.6974518554689435 0.2751384874463643 
17183.192238385058 6.144304319648558E-4 0.0349265438033258 0.41362676710862534 0.7008309513345425 0.7357124426958234 
5570.200537146441 0.005058143041667632 0.00933869508167283 0.46374609761565805 0.6923633920030945 0.005474294255352528 
8863.1868692912 0.0010202271542542507 0.00632917984803314 0.4677882637346855 0.7422820058311265 0.0027534303776902648 
8935.849159521453 0.0015248637238092166 0.10412268815208658 0.5573522409708032 0.7570663141310306 0.0041901016808505165 
27505.60769071448 0.00908339453065743 0.128999259101296 0.5827162000408477 0.7419877871810392 0.8375489369415566 
7821.933916955719 0.008445266593211008 0.1096936418661768 0.5341424134994266 0.5998734364643665 3.005268350585195E-4 
16894.609574228678 0.0018807754593292703 0.018101151598791554 0.46700227187484944 0.6683624705212794 0.7306233818690492 
21122.00648456511 7.234081958815337E-4 0.012413004391294627 0.49420633966635535 0.5135991723242225 0.7227391600028185 
54598.41950460313 0.0016461363701694143 0.010420729033407232 0.4652143842914267 0.6163565058988555 0.1950189467649856 
57714.036624024164 1.0638306341401432E-4 6.288655770709806E-4 0.3904316072122483 0.5983935258981831 0.881427089511742 
16991.517192972686 1.3156010937947224E-5 6.288655770709806E-4 0.3904316072122483 0.4983298488713378 0.8847898206763206 
55950.73662299999 3.2832353204992684E-4 0.08128225839703956 0.5017863437722505 0.6038517408291095 0.005761244835245961 
36400.51301762539 0.0012432591113130873 0.022479508789904946 0.4927161451999067 0.5161064048110645 0.0018750569751935786 
11069.716287536172 0.012418224197395276 0.016616668092995807 0.49835705812834963 0.7396550214592315 0.7567939741670212 
34449.526192243226 6.53524484503152E-4 0.08752147562165921 0.5437109084565517 0.7303019763281707 0.02260912678650856 
57524.32298194049 9.859372399631113E-6 0.009296608920488954 0.3963901358403627 0.6735117115420076 0.015318856146851745 
5793.488691972252 1.2465100229919E-4 0.11788786907932311 0.6090516382185895 0.6118196136859868 0.004414357481540454 
58507.69262045934 6.581535997831303E-5 0.0061044955645706694 0.40873134682296774 0.6246866111217145 0.8922695089753439 
48527.67102628022 3.9668318894943953E-4 0.12445582802998109 0.5792030521622354 0.7407928054112675 0.7589171095951894 
23666.85480061236 2.8521104882877485E-4 0.0822287183275003 0.5548636485322178 0.6132812518146994 0.058358131002281544 
25693.865003023944 1.2633856711501286E-4 0.1351688703681857 0.5168987112458283 0.5954149496580504 0.14320819928999975 
17673.84713201477 0.001548475592325932 0.12952814401706753 0.5572718476838459 0.7635795432641812 0.02541077491984084 
56024.849596990294 0.026166676629663432 0.058024525179890166 0.47843625191973976 0.5117661736557443 0.5923013152940249 
52595.14898799378 3.464019531664378E-4 0.09103065130339409 0.5389076990656428 0.7571297156582506 0.8919101952603522 
42283.91255288455 0.0012432591113130873 0.022479508789904946 0.4927161451999067 0.5011312823045099 0.938985057093608 
58417.196763346525 0.004263272456639078 0.0061044955645706694 0.40914878823762113 0.7099054218903181 0.9991802568871573 
12584.86259483923 1.6793571382012727E-4 0.005603601632304474 0.4692851922675175 0.7515847894939726 0.06552299447059584 
48610.25307920148 0.001292978984054408 0.11847965190743036 0.5080015788306399 0.567926044087126 0.7608627376829045 
42691.915894038226 0.02055166489150755 0.0867273297837631 0.46465044042671316 0.7115790072210997 0.12784569480495928 
7587.917432041308 0.10525559099069073 0.10896847176718845 0.584021142642434 0.7115790072210997 0.0065389321381452495 
32351.03963117644 0.04243955820403714 0.11472904909325733 0.5872552912101329 0.6900167564071265 0.004724137101524058 
16991.517192972686 0.0063788207790850685 0.023722173147753045 0.3917394577861834 0.7259559902874979 0.785578407219373 
5570.200537146441 0.005058143041667632 0.08128225839703956 0.5017863437722505 0.6038517408291095 0.007528088351438058 
60514.34907962415 0.04764206684432337 0.06989397182969154 0.555300073366069 0.7036302864423016 0.02067758351135579 
55907.08738267383 0.02332454532599746 0.03854457873688549 0.4951154109511818 0.6864586595726468 0.7207563009787195 
48674.28415741521 0.0012152791796427348 0.08852291071885714 0.537385083692065 0.6563019721507878 0.003076691919605183 
16612.937845068216 0.04323376428528503 0.04764206684432337 0.34697218314896355 0.6969904814530292 0.9289047021384959 
55907.08738267383 0.007544114395583815 0.02332454532599746 0.41956958540573713 0.6268074314419982 0.9918990944720855 
35464.44206868213 0.001200869375110404 0.12579621753603185 0.5851714199435784 0.6893574007001034 0.08393043076225296 
43214.19008247892 0.005593050000815121 0.08681241645905549 0.5392231055581871 0.5456315453681057 0.26568323836201224 
54812.76669868764 0.002372680208752348 0.08868392443202021 0.5593544326984811 0.6573012359341012 0.0716681473191581 
43214.19008247892 0.005593050000815121 0.015422617489184408 0.4677882637346855 0.5456315453681057 0.3017265887710348 
11216.391474675824 0.12670095054502464 0.13976660568502816 0.600270300036522 0.7607526327531263 0.6100735407598552 
12584.86259483923 3.4745936607739024E-4 0.0034654832166906777 0.3409756497609918 0.5457131328560632 0.9215236800067159 
56882.980595211855 0.0072411911450409455 0.0940779351244728 0.5482797113162057 0.61516528827794 0.9983735178039372 
45305.158664621085 0.018547631194538637 0.06113202665576083 0.5468368394448571 0.6306207332305064 0.2239673120097771 
36400.51301762539 0.0012432591113130873 0.022479508789904946 0.4927161451999067 0.5011312823045099 0.0018750569751935786 
26322.02587002019 4.915469766374034E-4 0.12702759790029627 0.5944404590079473 0.7584674155173575 0.8038012344230203 
57637.73349502075 0.023504708021050223 0.059579423717109295 0.5150496936564608 0.7136511635653436 0.2247628344472979 
26111.310523977547 0.0012162630618101477 0.12704468474646188 0.5274845416163564 0.685866826797138 0.5934671389808848 
6278.058276100288 0.025763103953670576 0.12610285281067563 0.2970068331163891 0.6915316379026871 0.8502074757365251 
16991.517192972686 1.3156010937947224E-5 6.288655770709806E-4 0.3904316072122483 0.5983935258981831 0.8847898206763206 
23978.740564637832 7.234081958815337E-4 0.007944143706991681 0.463661055602684 0.5249360658414236 0.2751384874463643 
35253.6028883074 0.0025902580066394197 0.05241901223522844 0.49966970311980496 0.6280110074225274 0.7776807034625055 
59381.81948986394 0.0035421310541752698 0.04764206684432337 0.5260822228722273 0.7998531608515924 0.9317026492434468 
55907.08738267383 0.02332454532599746 0.03854457873688549 0.416320132515677 0.6177550067797896 0.7300623159464308 
20256.82703335403 3.508600900495101E-5 0.1256851903701618 0.48466599047196157 0.7358900719714647 0.9639880687438084 
16894.609574228678 0.0014006995886403101 0.12587754060191575 0.614106813620461 0.7259559902874979 0.7737444062656802 
8935.849159521453 0.005986423027713 0.10486609808224004 0.56557206948646 0.5932592895859575 0.003938921301016848 
26673.173897180517 0.004577335560828812 0.12518706341541763 0.506679521809576 0.6876482726962354 0.512125699937007 
59381.81948986394 0.0028460912394300333 0.04764206684432337 0.5354029209534134 0.6958042013746002 0.9289047021384959 
58470.06356698934 3.7031435964432176E-5 0.0061044955645706694 0.40914878823762113 0.7347437015539445 0.9991802568871573 
12584.86259483923 1.253833140630972E-4 0.012524627109826249 0.46430922136160346 0.5249360658414236 0.005423538731453625 
16957.915644718567 4.4981249670399516E-4 0.034776262234138836 0.4974085602212624 0.6937408743053032 0.8381032891612088 
43214.19008247892 0.005593050000815121 0.015422617489184408 0.4677882637346855 0.5456315453681057 0.2908943559475877 
17013.243915851235 0.007805330162011983 0.12673956275974665 0.6112985827231344 0.6751170231352396 0.03551967116555928 
10415.063615617353 0.009555602758898496 0.011877658884761833 0.4677882637346855 0.6038704693878019 0.0027534303776902648 
31684.707414890723 0.004198617730424409 0.12320678465436448 0.5872552912101329 0.7008309513345425 0.004724137101524058 
16991.517192972686 8.049404292537912E-4 0.02011878500114831 0.39134959733551794 0.6029214979368821 0.8111195064338721 
56849.83983442936 0.02312755740815234 0.059579423717109295 0.5150496936564608 0.6621552930871843 0.6058661124682834 
52958.05715961846 0.012316776696023086 0.12927320980550983 0.5789025308979509 0.6203193025880315 0.008013550947326448 
5986.7873491191185 1.0316086196936329E-4 0.12568886235853 0.6120086671409106 0.6259225022600008 0.004693680369338522 
48691.97634527023 6.0566897600064916E-5 0.005510009278454505 0.4170558765598109 0.7411336217607623 0.9915054782721077 
48674.28415741521 0.0012152791796427348 0.08852291071885714 0.5260089067506023 0.6638839977278937 0.0716681473191581 
58507.69262045934 9.859372399631113E-6 0.0061044955645706694 0.3963901358403627 0.678215979335257 0.9601962394421435 
5630.825737398185 0.004182765931818011 0.14510802773036402 0.5601266991155053 0.7006042518343156 0.01119957836458263 
10281.71846695158 0.011663731279930235 0.1253570789522068 0.5972700068551011 0.7841756504295205 0.7853717257955326 
56024.849596990294 0.026166676629663432 0.058024525179890166 0.5101755170367233 0.6700584759849487 0.7410829163045132 
32718.070604915876 6.53524484503152E-4 0.08752147562165921 0.5437109084565517 0.7018250622346338 0.021558732319085505 
8595.513860346698 0.0016798205934314275 0.1096936418661768 0.6040255738286245 0.6158311410323849 3.005268350585195E-4 
44632.075486543064 3.9668318894943953E-4 0.10499546811295496 0.5792030521622354 0.7331028852936046 0.9144019229934177 
9379.875071053217 1.070974253183907E-5 0.12639747849880748 0.6019823768353245 0.6113023137678649 0.004699233938623214 
23210.099549082803 0.011513236232490431 0.12687910054255055 0.6063132828063185 0.8624209622548813 0.8713841609721574 
60407.72730632171 0.007473382706615898 0.02914246794200183 0.4777066241288795 0.6106474740428657 0.9267919145218784 
45420.03529852466 0.004038386739816587 0.027220857636682583 0.38389969304343535 0.6219601622046689 0.8743555225779237 
12584.86259483923 0.0011957325374110511 0.004463799092352262 0.46430922136160346 0.4715969853189086 0.016995997576843523 
47215.01293362521 1.389170855216823E-4 0.060644526151087286 0.5277947189009731 0.7586721504235354 0.9249669978987336 
23666.85480061236 5.572540393068973E-4 0.08222106373846773 0.5670560732333668 0.8042334793894872 0.008108751607301042 
57362.003341378935 6.615374866503019E-4 0.024636672436059392 0.25666135009589086 0.5881783854533159 0.9714666105665715 
59750.648146380154 6.0566897600064916E-5 0.0061044955645706694 0.40873134682296774 0.7397444971211239 0.9991802568871573 
7182.210566367815 0.005177265503935105 0.12320678465436448 0.5881676518814659 0.5992214483062428 0.004724137101524058 
60753.5052853526 0.0012918212064504334 0.08697637206424787 0.5671301967504817 0.711883645976058 0.6035278133593494 
