55806.593831321494 5.472597788115582E-4 0.07230431379264418 0.4289539891170628 0.6796610050407474 0.950205674296263 
7371.169854013265 0.002670713365180279 0.07742293729332332 0.47718365662133366 0.6788804937453592 0.04126144504112211 
42649.61912820813 0.023711790361308722 0.07896702384578776 0.5066590815362393 0.6635422734559104 0.002403331401374177 
28109.55893057428 0.014898714604616132 0.07106627387227861 0.4289539891170628 0.6450552504811903 0.7524080421708106 
27638.91812298611 0.019709158405788837 0.07106627387227861 0.4289539891170628 0.6450552504811903 0.782617798727222 
29672.22840201707 0.00700882780628836 0.07211374407500011 0.536241246653989 0.6012196347162876 0.7405950318461614 
6016.127530106334 0.004496725935380389 0.11350774110476482 0.5254552250234708 0.5279723761962349 0.00445585234718282 
41229.102397083036 0.013503555332871797 0.03495582013622679 0.48451377502546733 0.6062589801817819 0.17210214299804522 
9336.65649399271 0.0028083615120359524 0.10304447435087001 0.4261646068130262 0.6539527959601724 0.3719208539525184 
45091.77265635282 0.0031750882656122487 0.07228877909056336 0.44400747846070093 0.6317462420646892 0.9802939578307266 
59197.098552406365 0.0033818456982125135 0.07229518220502991 0.5334917087088701 0.7340393740467122 0.9815223641427566 
49288.792367803006 0.013110805660815182 0.07447445968060536 0.5295593394409912 0.8185881897903327 0.75288080836887 
59992.602813218546 0.003942573309608947 0.07741657162103784 0.5464692672760065 0.6752297689044072 0.847533324731498 
35599.56172460693 0.005921662777484392 0.0741128349616241 0.4835435276141735 0.7343670968099353 0.09756887544983905 
59545.525295577645 0.008171479918303057 0.07218928782518545 0.5211245042943722 0.5417933872653125 0.1398191080767086 
51832.95990855947 0.0013165141953771094 0.014973885261049123 0.4074957559674882 0.4459070082963583 0.005643552519138617 
60233.17026804374 0.01500313080197627 0.06906120326635985 0.44290497067932305 0.6044463912827791 0.8828400017888313 
29162.75223297974 0.02505334870698892 0.062432081597403585 0.528524002500023 0.746612731103082 0.6642544290174086 
5925.769432904101 0.020996804486008366 0.04053249642367704 0.49161501637989935 0.5336445234478566 1.1466335461085553E-4 
24044.576132508468 0.01531632351992986 0.06898321493231709 0.5272768336783821 0.6115549303673997 0.0719438665787358 
13399.9865182987 0.041348458898916016 0.05556495492123524 0.5361398775154059 0.7766242287552064 0.015805467924889238 
15855.748763466467 0.0011635800404889642 0.0821154806615056 0.5508579083432944 0.8580883646829901 0.09349196500568341 
23261.156613841857 0.040861582617562196 0.06660789191281113 0.5130273469472031 0.6406181104039026 0.13773693932596381 
50633.578191442786 0.02441989734857007 0.07868921438603274 0.5337860437719772 0.6139015775925453 0.9887501375599711 
60269.70162377873 0.020357548490141292 0.07231297318498728 0.515437895067934 0.7423674354995118 0.021153444255115783 
60246.82057522239 0.020381813732039088 0.06259621434556785 0.5311131715721927 0.8139743070654913 0.75288080836887 
16111.613857601515 3.082761471448134E-4 0.06848720942430321 0.45024507010487813 0.6400001539093632 0.05000175522513356 
11417.047170247912 4.604677194779731E-4 0.08638277736163315 0.5214699801976304 0.7073844492102601 0.06415757870093382 
57737.58650815867 0.023790089000100843 0.06545671116306388 0.4907728931703955 0.5268675311787938 0.11687959566475833 
44534.31842460634 1.741989273384495E-4 0.039217135659795496 0.4322624817771131 0.6167430817444681 0.6469019412568419 
12805.511248807028 0.002404578889116881 0.04762099403332513 0.5214922850983066 0.6727691001279802 0.9366977411457253 
36338.56805238203 0.003100219095468881 0.07010079096423025 0.528673858688601 0.5777862364357164 0.7727948685233903 
9232.033464841437 0.002678517315719775 0.07543803614634387 0.531726678420874 0.6660577430216981 0.14291429896282634 
56586.812439020556 0.00862293479622197 0.08507973386864058 0.4050168655722012 0.6118108047597248 0.0668252322323617 
6574.302111172532 0.020996804486008366 0.041076332711586186 0.49669274341228475 0.5443820924713653 0.012593797792619238 
22811.616591807455 0.002324433488807417 0.05902311770621264 0.47985772186933795 0.7557790571423517 0.6950157728473187 
33448.3521015705 0.0028753383606629967 0.05894976745518267 0.5242932994379431 0.7990700437116887 0.8296355754488152 
47784.692939061926 0.002474649129811001 0.0716299660292512 0.46918745512451066 0.6826215978050688 0.9811233599261169 
58946.69620096602 8.209288712239444E-4 0.06727672281790405 0.4336832943963437 0.5882530301602598 0.9648385820746201 
44623.65734739687 0.033417044199854945 0.0390162270777604 0.4813195479783642 0.6827874213618125 0.029270486839720555 
47487.81150134926 0.03336012973781026 0.034776812732294 0.48111366449439275 0.738421739237789 0.9950102392511376 
33761.6919337081 0.004520726765294893 0.047813592699398215 0.36863859699765794 0.6828588751406799 0.9883766639258469 
19389.711099183056 0.002875351988582381 0.05997665373672909 0.5285595688588426 0.7984012039621381 0.6651391343677988 
14978.77316801394 0.024881036056115066 0.08345351374802797 0.38679826998118283 0.6158011388236745 0.9680081511663008 
57606.31958563549 0.021940329448160302 0.03565562549318142 0.2995243260225954 0.5904725731644015 0.9680081511663008 
33550.01213220957 0.004520726765294893 0.04756890801726876 0.4761657532488289 0.6789381028800267 0.9364891569437972 
43771.084574694985 0.004340878180832199 0.06238537434321448 0.5295593394409912 0.7885971148872174 0.75288080836887 
6574.302111172532 0.020996804486008366 0.06067905977514795 0.5286627528761183 0.5936940282085686 1.1466335461085553E-4 
42754.56401289409 0.00412117058223694 0.06999567564625311 0.5260215435433707 0.6651663130938658 0.053476772601160676 
26215.518714676407 0.001575892545224283 0.13888999168117824 0.3937268661951537 0.5532216209899677 0.0029472532312496136 
59197.098552406365 0.0033818456982125135 0.07229518220502991 0.515437895067934 0.7340393740467122 0.9815223641427566 
7566.4862745240325 0.023609980626285464 0.0853199891449795 0.540931738119018 0.7059246889325398 1.1466335461085553E-4 
24590.641951829683 0.016127674689975443 0.06906120326635985 0.4293505119601246 0.5852135496208434 0.15252973453667173 
5566.562162087339 0.022054164108310542 0.06959205920568984 0.5353765719266055 0.7578827929466534 0.7899644869145434 
13399.9865182987 0.041348458898916016 0.05556495492123524 0.536000461968105 0.6425279374100126 0.4937970109679002 
38675.55189114666 0.004472811279263134 0.07206150897972301 0.536241246653989 0.6440901662309172 0.029568618495581622 
40120.09043764017 0.0028526826115118156 0.0673156600295183 0.2776179552449777 0.6281226838664815 0.9702075961017999 
39126.227559391606 0.00700882780628836 0.07206150897972301 0.536241246653989 0.6012196347162876 0.029568618495581622 
45091.77265635282 0.013593424241284142 0.034161102692747775 0.4313526830860793 0.6574893816459708 0.6838775437423233 
5953.387749778877 0.016067546953521347 0.07419632119121446 0.5645065259822667 0.7826188865931556 0.5840863477992903 
49508.07541086448 0.012628866232267041 0.07403870464155281 0.4308168019905946 0.6429839886319555 0.9813152027731219 
6611.90806761565 0.004521354052761718 0.0743683833604999 0.5195442157752194 0.6396182529088772 0.004675952211085521 
15855.748763466467 6.167421212062204E-4 0.07609444083261281 0.5472563069276716 0.8580883646829901 0.7435992444642229 
43496.610352394535 0.0038729960732314626 0.06238537434321448 0.4509540895941919 0.5418866903887921 0.75288080836887 
59545.525295577645 0.008174382375215653 0.07218928782518545 0.44290497067932305 0.5920516514516592 0.1948417231139412 
16785.08785825652 0.012512403089948585 0.07399522281343313 0.5385509363472972 0.5617296413831655 0.17210214299804522 
59758.553330383 0.020213178926003855 0.027337870071294762 0.5156913633308619 0.6785440692757827 0.305848896926367 
40433.172284207234 0.04013584489959244 0.06982112772428165 0.5426451425006464 0.7388437261773654 0.0036425522039152843 
10818.488578379543 0.04028470458108861 0.07221583031179656 0.5663391274321722 0.8274233535207418 0.9432272527731134 
11076.37438495906 4.527051151158798E-4 0.07445532505636135 0.5632421936182528 0.6400001539093632 0.05000175522513356 
37870.594364099605 0.003100219095468881 0.07010079096423025 0.5291414381484547 0.8137185568037819 0.75288080836887 
27638.91812298611 0.019709158405788837 0.07106627387227861 0.4289539891170628 0.7003613745344591 0.7524080421708106 
57722.18451992264 0.004112352508398521 0.06829807804974194 0.5575486114773722 0.789801754630582 0.36794844644775154 
7068.700177320916 0.0016891221652659185 0.047115597923024236 0.5173495764843445 0.7127304448285439 0.006646137157850798 
55282.766692908874 0.007314084265505194 0.06540957285254335 0.35591426812255966 0.5638439662948023 0.12032451574299063 
12991.382948386708 0.040893318173869694 0.07226744331343357 0.5520484637570308 0.778185264633419 0.4937970109679002 
50439.77940389099 0.0024276709493689635 0.059020083192962675 0.5245278831292647 0.5956139676475419 0.964790420881681 
22568.63124503623 0.0028753383606629967 0.05988768196748799 0.54783746677838 0.7963341160385543 0.6627845251469764 
33761.6919337081 0.004520726765294893 0.04762099403332513 0.5214922850983066 0.6720815144379975 0.9364891569437972 
56013.98389685431 0.01172580315217557 0.07313417574394857 0.4573956225606047 0.6457985364594578 0.021609585652867358 
52932.49641384666 0.0033004122803636134 0.07411239387375189 0.4320620384452631 0.6860292681923501 0.9960906662281844 
19927.972095997964 0.025540873226727462 0.05519601083460565 0.36330643251498945 0.6143392350018728 0.05119721243573696 
39636.141639081514 0.003535283275366915 0.07308705492957293 0.5174764873702449 0.6475883725005 0.0521160889942297 
53521.68737499186 0.007975411415770068 0.034887393613442855 0.3899804597099872 0.5638439662948023 0.6852449799826293 
54940.486791146504 0.00165361985659538 0.07260233677764898 0.42650136042364767 0.7474943337171246 0.950205674296263 
60849.135587965146 0.003007611376223245 0.01787605561495804 0.44003848148232366 0.8119155238102975 0.9994456397616462 
9175.27646340257 5.743693493145425E-4 0.028872121961015105 0.5203604918304214 0.7557790571423517 0.7607342163878106 
16785.08785825652 0.012512403089948585 0.07399522281343313 0.5385509363472972 0.6053243947542749 0.07766031679468358 
60269.70162377873 0.020357548490141292 0.07231297318498728 0.515437895067934 0.7287086168160611 0.021153444255115783 
56586.812439020556 0.00862293479622197 0.08125454830711905 0.3675819753945084 0.6118108047597248 0.0668252322323617 
59545.525295577645 0.008174382375215653 0.0744414083914043 0.44290497067932305 0.6105738977195887 0.1948417231139412 
54940.486791146504 0.03340254585825593 0.07230431379264418 0.4289539891170628 0.6796610050407474 0.6447540712999889 
6579.617742958846 0.014854781636788342 0.24445927542379792 0.6474512075811405 0.7066801603314414 0.009654589041761474 
27638.91812298611 0.019601999928718195 0.0709632729642256 0.4289539891170628 0.6450552504811903 0.025688574946285292 
41971.85284174114 0.003100219095468881 0.03318386304115453 0.5262483661131092 0.8185881897903327 0.8719686984388076 
46270.37558235372 0.002474649129811001 0.0716299660292512 0.46918745512451066 0.6801807437799889 0.9803560273292297 
30852.36671074292 0.004472811279263134 0.07210025424206057 0.5197918809508941 0.6395203571920003 0.0033452035913480588 
43771.084574694985 0.007049607971347473 0.07764430009289736 0.5295593394409912 0.6943168818596537 0.06490604301751995 
42351.711525786464 0.004010122095157365 0.04832109812346904 0.5272768336783821 0.6305988344917288 0.06892148351315916 
45091.77265635282 0.013593424241284142 0.034161102692747775 0.4313526830860793 0.6317462420646892 0.6838775437423233 
57606.31958563549 0.021913462274170868 0.07709228002993332 0.5493983308347601 0.6937383367080344 0.1916524712362352 
59438.536693181006 0.0030075760765114444 0.07272543030589913 0.515437895067934 0.7325773938302361 0.9350511292749542 
44916.32399720797 0.033417044199854945 0.034776812732294 0.4813195479783642 0.6068289408925043 0.9891782684051813 
19047.01286190499 0.03917494287764174 0.06660789191281113 0.31175568530867104 0.5588725112287135 0.9856213007916178 
47511.506673041644 0.001701332287387522 0.0716299660292512 0.4336832943963437 0.6815812731320375 0.6167328372324986 
8663.351474835894 0.02391224624497623 0.047115597923024236 0.5253452106513221 0.7127304448285439 0.0022519803670613472 
8539.837682721613 0.002324433488807417 0.030719598747569868 0.47985772186933795 0.7557790571423517 0.7607342163878106 
13432.197450780157 0.01450657900528517 0.07234826721962276 0.5619290481870232 0.8274233535207418 0.9591646172166126 
16026.348730329293 0.005092145174708736 0.06788159452383322 0.4647894579632148 0.6277319759630431 0.4979651607982704 
19496.79555519076 0.0028083615120359524 0.046675649504503924 0.47441599656991645 0.6875785712955349 0.010060504400968798 
43771.084574694985 0.007039288510016697 0.06333535454783523 0.5295593394409912 0.6943168818596537 0.75288080836887 
55282.766692908874 0.0017809088153193983 0.06610205957332808 0.4102456747261832 0.5637156010885851 0.06719989328404885 
37811.693168820006 0.020213178926003855 0.027337870071294762 0.5166167817255517 0.7001850382085393 0.29448189751952153 
49325.20992720611 8.765977320086171E-4 0.021282751377378825 0.44260932490319654 0.6840169924236728 0.19827669220520378 
56387.945846277704 0.031622091631088575 0.07046125605121638 0.5488274751258325 0.6788957944196184 0.8167223922536754 
41971.85284174114 0.003100219095468881 0.06238537434321448 0.5298378276192288 0.8185881897903327 0.75288080836887 
33609.286762569376 5.562068457993508E-4 0.08638277736163315 0.5253489198427492 0.7073844492102601 0.07831002751909061 
6574.302111172532 0.020996804486008366 0.04053249642367704 0.49669274341228475 0.5443820924713653 1.1466335461085553E-4 
40953.50596589201 4.527051151158798E-4 0.05519601083460565 0.36330643251498945 0.6400001539093632 0.05000175522513356 
44023.07593652632 0.011885392117799105 0.07325426337362645 0.5424894001930157 0.5660202273553003 0.05031925984376123 
15144.913520316222 0.022727566947550605 0.023840669478455492 0.46649299257983323 0.49645338549156093 0.005097075381371573 
43771.084574694985 0.007039288510016697 0.06238537434321448 0.5295593394409912 0.8185881897903327 0.75288080836887 
30123.662194060213 0.004010122095157365 0.04832109812346904 0.5272768336783821 0.6233227299448852 0.06892148351315916 
22533.96329819406 0.0028753383606629967 0.05894976745518267 0.523985077283756 0.7990700437116887 0.17243714791376347 
12199.742279776377 0.0028083615120359524 0.07741657162103784 0.531726678420874 0.6660577430216981 0.14291429896282634 
56586.812439020556 0.004788825490314511 0.06829807804974194 0.3554272690803521 0.6406045269484659 0.9401629831800569 
6929.498959149636 0.023609980626285464 0.08551156482066136 0.540931738119018 0.5423852180153783 1.1466335461085553E-4 
7718.91989161235 0.007915284095258181 0.07431544214190544 0.5546880720907469 0.7293352267853258 0.006597016003043965 
56824.4916110228 0.015147075043339056 0.07229704956412497 0.5557443264603865 0.7569695414143877 0.9425377429238918 
39023.814815887585 0.0014529706642902526 0.06720088915762934 0.2776179552449777 0.5963635501156099 0.9878076439203795 
52932.49641384666 0.0453169659290506 0.05568343805606192 0.3926910737426792 0.6418124047795617 0.027649842387175716 
13448.133879809153 0.041348458898916016 0.05546523901956267 0.5470384125760409 0.7809769176097694 0.4937970109679002 
48172.12789932218 0.022077888413699818 0.06956485021281486 0.5291684712894426 0.6450484594111501 0.7899644869145434 
47212.46601253356 0.0037814519866034985 0.038190296258157015 0.49588939001165355 0.7108020408433716 0.58322428169942 
33229.31925212739 0.005736812133470635 0.07586212717243311 0.542317009309298 0.873339003676768 0.9580182626355961 
15089.006912808494 0.023790089000100843 0.07056203065852132 0.5305486215553085 0.6139015775925453 0.004746315058321307 
5897.76581941957 0.007503046456206884 0.1356402152205354 0.3378836763117057 0.6104103303142727 0.6953949256244382 
35419.315175471915 0.001713611616971783 0.07234214749086405 0.5409441095032 0.7160900298636155 0.12149610212963152 
60233.17026804374 0.015986311750082693 0.06906120326635985 0.44290497067932305 0.6104103303142727 0.1948417231139412 
42649.61912820813 0.011885392117799105 0.07310817686843166 0.46680660178531563 0.5066590815362393 0.003938131398474888 
7718.91989161235 0.007915284095258181 0.07431544214190544 0.5674203317345955 0.6587173389545713 0.051545334912518406 
6574.302111172532 0.020996804486008366 0.040016217736551646 0.49669274341228475 0.5232750559657362 1.1466335461085553E-4 
60233.17026804374 0.01645989043085936 0.06906120326635985 0.5478062302748077 0.6104103303142727 0.8756972860519117 
5953.387749778877 0.015606630401344863 0.12097096172100721 0.5645065259822667 0.7826188865931556 0.0883247826598843 
7718.91989161235 0.007915284095258181 0.07431544214190544 0.5674203317345955 0.6556793209169164 0.006597016003043965 
58727.68563804432 0.021913462274170868 0.06720088915762934 0.2995243260225954 0.5904725731644015 0.9680081511663008 
47283.913708837594 0.022405692860156375 0.07162908313930108 0.5369031811246635 0.5674420543042962 0.5840984458149068 
7718.91989161235 0.004217389321191117 0.0743683833604999 0.5197918809508941 0.6395203571920003 0.004675952211085521 
9336.65649399271 0.0028083615120359524 0.07741657162103784 0.4828568947462449 0.6792774073867047 0.5459741881119877 
13123.9118984151 1.741989273384495E-4 0.039166032978903656 0.3759079210558043 0.6174831991922402 0.6476158581427327 
