-0.047 3265.0 
-0.386 3725.0 
-0.354 3648.0 
-0.542 4852.0 
-0.413 3813.0 
-0.29 3506.0 
0.439 2971.0 
-0.095 3301.0 
0.511 2918.0 
-0.554 5254.0 
-0.505 4351.0 
-0.407 3792.0 
-0.483 4165.0 
-0.004 3241.0 
-0.53 4633.0 
-0.533 4677.0 
0.238 3085.0 
-0.552 5152.0 
-0.456 3991.0 
-0.246 3462.0 
0.33 3035.0 
-0.553 5207.0 
-0.559 5464.0 
-0.55 5068.0 
-0.449 3968.0 
0.031 3222.0 
-0.488 4203.0 
-0.207 3405.0 
-0.565 5886.0 
-0.467 4057.0 
0.069 3199.0 
-0.336 3587.0 
-0.152 3354.0 
-0.396 3752.0 
-0.44 3916.0 
-0.442 3938.0 
-0.56 5538.0 
-0.182 3378.0 
0.294 3065.0 
-0.418 3834.0 
-0.343 3605.0 
-0.508 4379.0 
-0.545 4951.0 
-0.561 5602.0 
-0.118 3326.0 
-0.353 3626.0 
-0.558 5423.0 
-0.564 5799.0 
-0.502 4305.0 
-0.479 4139.0 
-0.544 4898.0 
-0.52 4497.0 
0.118 3156.0 
-0.475 4105.0 
-0.512 4406.0 
-0.373 3680.0 
-0.536 4736.0 
-0.534 4715.0 
0.2 3113.0 
-0.427 3862.0 
0.604 2852.0 
-0.524 4551.0 
-0.323 3565.0 
-0.526 4574.0 
-0.521 4524.0 
-0.518 4474.0 
-0.556 5306.0 
-0.504 4325.0 
-0.434 3890.0 
-0.516 4455.0 
-0.555 5283.0 
-0.49 4236.0 
0.556 2888.0 
-0.276 3483.0 
-0.563 5725.0 
-0.541 4825.0 
-0.46 4014.0 
-0.54 4807.0 
-0.538 4758.0 
-0.496 4258.0 
0.382 3000.0 
0.345 3019.0 
-0.562 5664.0 
0.461 2948.0 
-0.227 3436.0 
-0.464 4034.0 
-0.548 5029.0 
-0.551 5110.0 
-0.471 4080.0 
0.162 3137.0 
-0.402 3773.0 
-0.514 4435.0 
-0.499 4278.0 
-0.382 3706.0 
-0.528 4601.0 
-0.547 4979.0 
0.096 3177.0 
-0.304 3537.0 
-0.557 5392.0 
-0.539 4784.0 
