-0.116 3342.0 
-0.408 3798.0 
-0.558 5433.0 
-0.337 3595.0 
-0.452 3989.0 
-0.397 3755.0 
-0.536 4743.0 
-0.538 4772.0 
-0.51 4392.0 
-0.18 3374.0 
-0.377 3695.0 
-0.555 5324.0 
-0.017 3254.0 
-0.112 3317.0 
-0.411 3814.0 
0.169 3133.0 
-0.513 4424.0 
-0.368 3671.0 
-0.549 5044.0 
0.245 3075.0 
-0.5 4286.0 
-0.533 4683.0 
0.467 2953.0 
0.435 2979.0 
-0.437 3900.0 
0.125 3189.0 
-0.487 4190.0 
-0.358 3649.0 
-0.562 5704.0 
0.305 3045.0 
-0.201 3394.0 
-0.515 4450.0 
-0.553 5219.0 
-0.498 4270.0 
-0.457 4006.0 
-0.542 4848.0 
-0.546 4954.0 
-0.388 3725.0 
-0.554 5250.0 
-0.271 3495.0 
-0.494 4235.0 
-0.557 5379.0 
0.547 2901.0 
-0.545 4925.0 
-0.308 3532.0 
-0.401 3779.0 
-0.165 3359.0 
-0.431 3881.0 
0.38 3023.0 
-0.548 5004.0 
-0.559 5481.0 
-0.525 4564.0 
-0.483 4154.0 
-0.518 4479.0 
-0.544 4899.0 
-0.445 3942.0 
-0.081 3301.0 
-0.476 4115.0 
-0.531 4652.0 
-0.42 3842.0 
-0.426 3859.0 
-0.48 4136.0 
-0.522 4545.0 
-0.556 5359.0 
-0.442 3923.0 
-0.47 4069.0 
-0.067 3276.0 
-0.56 5535.0 
-0.535 4715.0 
-0.563 5777.0 
-0.552 5149.0 
-0.527 4591.0 
-0.352 3625.0 
-0.213 3422.0 
0.129 3162.0 
-0.473 4094.0 
-0.543 4870.0 
-0.529 4620.0 
-0.325 3566.0 
-0.241 3456.0 
-0.468 4053.0 
0.218 3100.0 
0.413 3001.0 
-0.263 3473.0 
-0.485 4171.0 
-0.551 5118.0 
0.559 2881.0 
0.502 2933.0 
-0.521 4510.0 
-0.501 4303.0 
-0.491 4213.0 
0.022 3227.0 
-0.541 4829.0 
-0.227 3440.0 
-0.464 4033.0 
-0.55 5091.0 
-0.503 4321.0 
0.055 3208.0 
-0.506 4347.0 
-0.451 3969.0 
