-0.27 3482.0 
0.344 3052.0 
-0.55 5080.0 
-0.443 3937.0 
-0.142 3352.0 
-0.512 4402.0 
-0.331 3599.0 
-0.561 5589.0 
-0.501 4317.0 
-0.396 3754.0 
-0.53 4631.0 
-0.321 3573.0 
0.279 3077.0 
-0.551 5137.0 
-0.39 3740.0 
-0.535 4706.0 
0.02 3264.0 
-0.496 4258.0 
-0.454 3980.0 
-0.504 4331.0 
-0.548 5014.0 
-0.306 3544.0 
-0.435 3892.0 
-0.253 3463.0 
-0.482 4146.0 
-0.526 4570.0 
-0.542 4846.0 
-0.527 4596.0 
-0.399 3770.0 
-0.194 3407.0 
-0.523 4553.0 
0.247 3111.0 
-0.477 4118.0 
-0.406 3787.0 
0.19 3132.0 
-0.449 3957.0 
-0.41 3804.0 
-0.516 4464.0 
-0.563 5711.0 
-0.178 3384.0 
-0.057 3295.0 
0.099 3197.0 
-0.556 5350.0 
-0.458 4005.0 
-0.363 3656.0 
-0.494 4235.0 
-0.464 4038.0 
-0.372 3680.0 
-0.515 4449.0 
-0.562 5668.0 
-0.549 5042.0 
0.146 3158.0 
-0.438 3919.0 
0.117 3181.0 
-0.417 3828.0 
0.034 3234.0 
-0.531 4649.0 
-0.554 5221.0 
-0.387 3724.0 
-0.428 3867.0 
-0.545 4931.0 
-0.546 4958.0 
-0.231 3428.0 
-0.538 4763.0 
-0.279 3501.0 
-0.555 5296.0 
-0.506 4349.0 
-0.472 4085.0 
-0.244 3445.0 
-0.552 5178.0 
-0.544 4899.0 
-0.107 3326.0 
-0.469 4070.0 
-0.486 4183.0 
-0.345 3616.0 
-0.553 5192.0 
-0.5 4292.0 
-0.509 4377.0 
-0.56 5524.0 
-0.547 4988.0 
-0.381 3704.0 
-0.521 4507.0 
-0.541 4833.0 
-0.498 4274.0 
-0.514 4431.0 
-0.355 3634.0 
-0.287 3518.0 
-0.558 5409.0 
-0.421 3847.0 
-0.474 4104.0 
-0.536 4734.0 
-0.539 4790.0 
-0.529 4617.0 
-0.467 4052.0 
-0.54 4813.0 
0.083 3217.0 
-0.488 4202.0 
-0.491 4215.0 
-0.533 4676.0 
-0.518 4478.0 
