-0.498 4277.0 
-0.527 4604.0 
-0.394 3758.0 
-0.475 4121.0 
-0.539 4818.0 
-0.459 4024.0 
-0.533 4673.0 
-0.437 3911.0 
-0.513 4433.0 
-0.544 4911.0 
-0.278 3488.0 
-0.547 4987.0 
-0.534 4692.0 
-0.488 4198.0 
-0.482 4162.0 
-0.53 4630.0 
-0.551 5133.0 
-0.561 5708.0 
-0.465 4048.0 
-0.555 5348.0 
-0.384 3718.0 
-0.541 4838.0 
-0.516 4450.0 
0.193 3120.0 
-0.411 3804.0 
-0.404 3782.0 
-0.347 3614.0 
-0.564 5817.0 
-0.428 3865.0 
-0.072 3284.0 
0.124 3174.0 
-0.31 3539.0 
-0.505 4338.0 
-0.563 5784.0 
-0.33 3576.0 
0.237 3091.0 
-0.502 4316.0 
0.145 3150.0 
0.383 2992.0 
-0.243 3448.0 
-0.358 3639.0 
-0.565 5955.0 
-0.073 3320.0 
-0.339 3596.0 
-0.435 3897.0 
-0.442 3926.0 
0.008 3224.0 
-0.508 4366.0 
-0.379 3702.0 
-0.176 3392.0 
-0.509 4386.0 
-0.559 5643.0 
-0.455 3998.0 
0.467 2939.0 
-0.5 4302.0 
-0.366 3661.0 
-0.554 5251.0 
-0.562 5729.0 
-0.471 4079.0 
-0.558 5405.0 
0.316 3044.0 
-0.45 3971.0 
-0.174 3373.0 
-0.317 3555.0 
-0.543 4880.0 
0.279 3064.0 
-0.548 5022.0 
-0.259 3465.0 
-0.566 5980.0 
-0.29 3521.0 
-0.234 3434.0 
-0.445 3947.0 
-0.469 4062.0 
-0.373 3680.0 
-0.536 4730.0 
-0.473 4101.0 
-0.537 4759.0 
-0.532 4657.0 
-0.494 4248.0 
-0.549 5039.0 
-0.157 3348.0 
-0.417 3827.0 
-0.512 4418.0 
-0.39 3738.0 
-0.492 4222.0 
-0.55 5119.0 
-0.035 3253.0 
-0.486 4176.0 
-0.538 4794.0 
-0.524 4551.0 
0.077 3194.0 
-0.542 4856.0 
-0.553 5188.0 
-0.526 4578.0 
-0.545 4948.0 
0.331 3024.0 
-0.211 3410.0 
-0.519 4497.0 
-0.521 4522.0 
0.065 3210.0 
