0.17287078476643725 75.1064220678394 15.477174509775894 406.8457824792234 6.304322036007659 
27.917999121278637 0.09988922640912712 983.4413870203774 483.9371482149993 236.30783529369492 
19.3557779561611 76.12295810060571 429.21875038516 346.1514905409187 170.6678902328359 
57.866456948430454 0.18089158986824788 1494.5994056107534 726.7300291111841 335.13692446613686 
0.6654116663794531 73.77579484968611 40.08529302670104 354.61814636400743 6.354802713460131 
31.961561549291655 44.622314451347066 604.9421518108471 394.05771018918205 156.69898136733116 
5.824547531796767 52.20992254956176 485.20343166579835 323.408760344029 39.53920093940705 
33.343944816086264 0.0026216095654993943 945.5270018793949 485.2692788701107 233.23878263018264 
28.882238521852585 0.10121183430644373 708.6948248256076 318.81009141868435 193.49428777504335 
4.113232455009642 0.3976492448606589 811.0429544073147 412.93257785421827 346.3356802429857 
28.031977083153127 57.38290574555471 40.08529302670104 276.985514497323 0.45083737294028764 
33.350500222009465 0.26437363883667275 1358.6618295036521 480.77730051646944 188.80696625536694 
82.15059580991208 0.29504559512280576 1494.5994056107534 768.6510029521645 335.13692446613686 
27.425731386429508 0.23526327724042262 1100.2016572071468 431.94701926885455 236.72222069443384 
0.25612739939618623 53.403937484217934 347.8577176011786 86.61923899668145 45.44493521281369 
0.9162093785556308 54.99172884128065 306.1408746973762 369.8558103507895 6.144417633031858 
24.252442412749907 0.0026216095654993943 991.8605236953838 396.786889454821 143.219685081303 
46.63757170196658 0.3038994017299599 1470.6373330857236 479.6745725710049 208.801224625675 
24.851931076700843 0.06491303375975854 707.2800156949199 334.9364609737352 81.39317011997449 
0.25612739939618623 53.403937484217934 348.6620387132365 272.2442237456814 0.32281548116053926 
22.01820256849403 27.196345911525952 556.8775035234262 353.19113115992417 245.6975013820689 
3.526949061773786 40.090727981777675 169.8757221370575 128.69968102034693 14.159419472310987 
0.25612739939618623 53.403937484217934 421.22615443749964 271.2608274216231 0.08159453822000229 
18.35516618916938 54.14564076751106 486.0065253401192 346.5161942312994 1.204514241392792 
24.25389606628891 0.17904766335329425 990.9101828503163 328.8737790848197 228.66640278433042 
33.333869902371205 0.26437363883667275 1033.1458686649864 462.9285838284677 312.47679782418766 
4.543102251163832 0.3879116989277507 636.084312440645 457.00049277463245 237.82088629984722 
16.8869004827676 37.738662088673415 594.7359242917776 390.73388007435534 24.962657344818197 
24.252442412749907 0.048475383694456975 1010.7719130048429 396.786889454821 238.62680986339666 
40.755564162074556 0.0018950527862152122 1092.0980484806125 529.1827350433748 326.76697516175483 
83.0 0.05084736349400587 1495.7597520750194 998.361134337182 491.37782364523406 
83.0 0.06363818397516324 1494.4842060438928 911.8686065126296 485.90920141727247 
0.7136090630949141 54.206093136796326 90.1032901177565 72.65610761368276 15.344780929824328 
23.979458024450768 0.17904766335329425 707.2800156949199 334.9364609737352 228.66640278433042 
2.845552303210603 29.44427770452684 402.90183299105615 337.1701895684516 15.226730453623333 
4.057115426198795 37.16206876498368 210.66947040116236 338.70394944927244 9.25263475983555 
1.7447903093808925 52.751397356770035 78.0652364841207 157.12215576556054 4.640614027365755 
45.37392831876979 0.03935650783796303 1251.6764181687352 431.94701926885455 236.72222069443384 
0.8574042494693184 53.30993771724709 275.0527161520176 341.36952308813613 6.142180781096537 
28.260643951120194 0.0018950527862152122 1304.4844166042794 529.1827350433748 249.90033788483586 
36.060503147914346 0.17904766335329425 707.2800156949199 344.4355426097095 234.2194137693046 
0.673546553101008 52.797945799516 218.30013208242173 87.13357098790073 0.03351502033592528 
27.70679273173155 0.039611744237047275 1494.0190535398583 527.128205098273 338.6860670301565 
0.17287078476643725 75.1064220678394 17.579908742532155 430.81292259557415 6.304322036007659 
84.0 0.3491407303810874 1412.0383058892207 695.323491609229 298.49461376870823 
0.6163910671440267 56.79535130655803 679.6802512700535 334.2127053959159 0.23319506294345427 
82.0 0.2962335126559229 1492.3656362959412 1395.7834901398146 741.1808194649291 
42.881551969177956 0.06504389653655089 1494.4842060438928 878.684664960752 431.27020164506257 
1.7187657532266236 53.3079621060821 9.020642192764853 52.72761734058588 1.2464845329415937 
24.25389606628891 0.17904766335329425 990.9101828503163 345.52252812936524 228.66640278433042 
47.28373954144094 0.3038994017299599 1488.0235832099484 493.17104501434795 208.801224625675 
55.402446544140005 0.0717225170696045 1494.4452533320114 1383.0358412895846 667.2610260957646 
45.39477845185942 0.026354773152191757 1494.252489425763 536.9698093797776 338.6860670301565 
31.961561549291655 0.31159140529554014 856.9335432064156 394.8086776129245 156.69898136733116 
80.70174275456654 0.0588832126897882 1494.4715818319853 1354.0594525139911 482.4213594223809 
0.45320873288261243 57.99594240642723 556.7069843430197 384.7237617095059 0.23319506294345427 
0.25790089209905503 57.38290574555471 40.08529302670104 276.985514497323 0.45083737294028764 
82.0 0.2962335126559229 1491.116418351497 1094.292294110605 379.4118545796658 
1.7447903093808925 52.127547540927125 177.1798555519074 70.68631129120374 0.03351502033592528 
27.425731386429508 0.3112409396493595 1201.9203960133452 430.0398250640706 229.23608389014203 
1.2849781598382357 54.29803643952876 46.97986886651944 128.69968102034693 0.7867241007377013 
5.6913385852859 28.11086860580284 576.0316804619392 370.2737745089256 183.35052326029358 
24.252442412749907 0.0026216095654993943 991.8605236953838 396.786889454821 234.35730457976348 
4.01796021721016 0.9944931948500901 811.0429544073147 404.4603159170194 170.6678902328359 
33.39486151428107 0.2650143993725587 1033.1458686649864 462.9285838284677 354.52860619644446 
54.55453367982025 0.18089158986824788 1494.5994056107534 761.0955266212799 335.13692446613686 
0.45082678699491296 53.81678994269417 206.75789978154734 332.1107809164381 6.320142527577659 
0.25550071673737584 57.047619557023 22.98997071821134 268.1330298238247 1.1066181286179808 
1.7447903093808925 52.797945799516 77.51234681146605 54.58220138171309 0.03351502033592528 
47.419244988158766 0.22954494941595605 1482.932092797199 1215.0679670088862 445.49642466794995 
33.877402411687626 0.3150581592620347 1444.0631807657344 480.640262560153 233.47747933984223 
82.0 0.07717524277268262 1492.720561249431 1254.144667236715 461.43620976477473 
27.425731386429508 0.23526327724042262 1251.6764181687352 431.94701926885455 236.72222069443384 
31.91562865393827 0.34826816634237573 1493.9202668233615 724.0861056817955 341.3867023280952 
4.891387180316103 55.235345164248926 647.1409399039298 399.9292858595811 218.04680790070645 
1.7418264336493454 55.088022626341555 342.01599471198216 369.8558103507895 6.245329698495958 
1.3835153624801764 33.94294851076933 42.39075610085928 56.412733255313555 0.7468263266441006 
5.824547531796767 52.20992254956176 490.0100612871895 311.3964356806001 3.215921612052444 
45.937109076224715 0.029362691924823103 1494.252489425763 536.9698093797776 430.31248870936054 
83.0 0.06504389653655089 1494.4842060438928 897.2906973201682 431.27020164506257 
47.419244988158766 0.22954494941595605 1482.932092797199 1164.0244780178555 425.4360849056799 
24.252442412749907 0.0026216095654993943 991.8605236953838 443.06766298669055 234.35730457976348 
33.74966851332664 0.2650143993725587 1473.8886487991358 531.1107872270771 226.287637560363 
28.527899859797447 0.3097753036153337 1296.301753420424 447.38805152514504 238.50292772278814 
33.33908433381903 0.3111859216653334 811.0429544073147 404.4603159170194 170.6678902328359 
27.425731386429508 0.23526327724042262 1228.6239636298042 431.94701926885455 229.02412088286405 
0.786917032185495 44.85884467596729 645.126841155661 379.7286396184126 176.09661746164767 
47.28373954144094 0.3038994017299599 1487.917281245199 1350.3697362673606 482.4213594223809 
28.260643951120194 0.34931003293900675 1304.4844166042794 458.84101748334666 249.90033788483586 
83.0 0.06504389653655089 1494.4842060438928 979.5315010825466 431.27020164506257 
28.5545480430031 0.3491407303810874 1412.0383058892207 704.4600646341675 298.49461376870823 
83.0 0.07717524277268262 1494.4842060438928 721.948644113378 321.67362412335 
33.50774198559649 0.3150581592620347 1408.4463477684644 480.640262560153 234.26722073788545 
46.41327130510885 0.029362691924823103 1481.0192695539495 536.9698093797776 238.07172882644232 
33.351173982014444 0.30888162706638883 1337.9813427820668 480.8825791774169 186.65219097725426 
1.7447903093808925 52.797945799516 149.8157396363129 70.68631129120374 0.03351502033592528 
80.50159968424255 0.23049475517857143 1481.0034143893959 1208.9743442826866 464.7983479255449 
83.0 0.06363818397516324 1494.4842060438928 769.4085547978489 428.91205239012805 
83.0 0.06363818397516324 1494.4842060438928 769.4085547978489 485.90920141727247 
1.7187657532266236 53.3079621060821 262.4424637770869 141.52328076054357 0.08159453822000229 
