25.57010314928016 0.3627061098849809 1198.9071608711586 437.4842349747439 107.4160641611137 
1.3983418566774934 55.444121320003205 432.89549688378054 368.73782192616335 180.1409881697905 
1.9619098347096866 41.665144525341844 259.19992041353674 276.00392369451 5.672496206564375 
27.31684350097155 0.1754796224477311 1287.9155349609143 470.10440762037683 245.03727329193146 
49.39585419800969 0.1923457648414481 1494.5262014165853 912.3724442053898 326.81247560395997 
0.9459218020087281 41.65820985438606 6.7768588596775885 54.70774076567176 1.2706566250646247 
2.349548528989078 55.40194029208523 33.65799234797275 338.9173912070904 17.77071791414224 
25.663313018470497 0.43391441318636165 959.6283466996133 377.36168216378405 235.0245988313331 
1.7504140447250913 39.87517939400309 96.43351255284267 208.15493369408063 25.37872183856179 
0.9428398705300447 38.15361130351801 277.9421484351051 62.38816870550862 1.4090355348264154 
32.20952329476601 0.02028198245513671 1491.223104725616 502.8848654408299 240.92585316247713 
1.5733054825565471 41.92511486651035 19.440224238860253 365.8815422618077 1.073372207061095 
51.35759563382312 0.45072207736426273 1492.077817891689 808.307429749042 271.3790528976322 
0.22596985770642863 41.65820985438606 6.7768588596775885 19.958305815551938 1.2706566250646247 
1.9037655090248937 30.259007598390333 120.17272145894212 102.14553651266472 37.09729244547549 
0.8119379994963181 35.80605000092344 22.75420432767217 120.59596950022676 3.240151186880773 
2.3073315602414093 60.687370306952594 575.5355447378882 353.4529108819576 84.01959107972229 
51.32026287909901 0.45115468516610185 1482.9538939937966 555.1196122407234 273.86326919249603 
3.131980867032728 55.40194029208523 420.4457835463587 185.78643502693558 32.51032708680083 
26.82878473332223 1.3801651643495276 847.7445154703944 400.5715967298772 245.21560955177014 
1.5733054825565471 42.58078731999104 407.1056428505656 129.75360235768358 7.298310860062941 
2.2510007158182725 33.00136172974131 36.641004806293324 73.45257458186146 1.1562051926381045 
14.802858707133485 0.43239230024775943 640.4724966829135 377.68170740235206 170.28604927440074 
6.895393539191355 0.17397308237670506 1017.1257853580288 430.05113298594404 244.30647257602922 
52.56292129853911 0.35062667749904153 1425.8304865874456 500.2546482356932 272.5160447201031 
51.35759563382312 0.45147547483750955 1317.7527969140363 528.3402417096671 271.3790528976322 
75.11588686665807 0.22658279930589365 1496.8451156313852 998.6084991165945 308.7519654910592 
1.7962183029783159 41.65820985438606 565.0333875474254 366.43792460042806 1.303121499935775 
17.321744935107105 0.06179801573805792 1022.3130820001766 435.2664063074024 255.35206232524737 
76.74477418950383 0.03358415645453297 1487.8611248976206 1309.2547109381035 376.386702034009 
1.4308079005909178 39.91787600881481 404.7407794259706 329.96069618898645 3.359770938178955 
26.80255380155171 0.1754796224477311 1312.3123693357657 435.9097248091092 240.12184017390095 
52.56292129853911 0.35062667749904153 1425.8304865874456 528.3402417096671 272.5160447201031 
12.325153361191546 1.0357044324164366 735.9492817324169 392.1351303620741 246.2566939837792 
16.629339447628794 0.43239230024775943 712.2835012435206 377.68170740235206 170.28604927440074 
25.58530893059882 0.40918156822109847 993.2661917931478 470.2921873283165 245.21668987158296 
12.325153361191546 0.9912075917313621 797.5343267166334 338.2955758765678 217.80588426248403 
3.131980867032728 55.40194029208523 257.92810807647044 338.9173912070904 17.08219183438876 
25.663313018470497 0.3060066664271407 952.5774394682143 408.9957725592704 233.17419209010995 
1.978481606463915 41.92511486651035 406.38280022988005 263.6365629947551 7.298310860062941 
54.14830648466159 0.262343978608275 1499.0541744279817 1370.598052885565 636.9861867513889 
26.782178323474852 0.3977345204466296 1436.197567076538 513.079766705602 236.03557117525875 
12.325153361191546 36.03330562696341 735.9492817324169 360.1392380808091 12.811644638071058 
3.851821684800731 40.39825636921651 107.28535663604075 103.6688726714629 2.7542703985785537 
14.802858707133485 0.43239230024775943 847.3811619831235 377.68170740235206 170.28604927440074 
25.5084972573143 0.182811812922905 1198.9071608711586 482.5379869151426 240.29772246173286 
1.9037655090248937 30.89974747491607 14.44588193908028 102.14553651266472 0.9240111093371937 
1.5733054825565471 41.92511486651035 283.9083329400376 365.8815422618077 7.298310860062941 
51.447564912196604 0.4475722068095198 1469.907275765523 1069.158674753228 559.1674979830939 
1.5733054825565471 43.312634361462386 272.6360979256167 399.5642099248331 2.4404602259051273 
53.87796070058522 0.06523398666924685 1491.223104725616 673.2779118002697 392.90336082512545 
12.325153361191546 1.0336133401686083 554.5524205521424 392.2276074125796 212.1965666469279 
2.349548528989078 55.40194029208523 5.894552595082132 338.9173912070904 17.77071791414224 
27.288574783151624 0.1754796224477311 1241.2981812107678 435.9097248091092 240.32176344834232 
11.2151390516016 0.9624225638668733 566.1309454920208 353.41843827989015 77.83928765711265 
12.325153361191546 17.918477552483075 634.3289328010266 399.9946833871091 212.1965666469279 
1.3983418566774934 39.87517939400309 96.43351255284267 367.437851139296 15.301203662603662 
4.826181380342355 39.44995737850889 180.14866160265757 28.194397243181612 3.173907445598303 
77.24650707530866 0.262343978608275 1498.6563622422307 1113.4354249598186 697.3465520768076 
25.58530893059882 0.3365440511560687 1198.9071608711586 471.55776889676883 107.4160641611137 
51.36999462194554 0.4544037133200466 1486.6043053082872 589.6749910770175 343.2578454328558 
27.406261212294726 55.3479204321589 585.1894217631595 356.3457684869463 110.48185401955627 
26.782178323474852 0.3977345204466296 1304.0558258856697 513.079766705602 236.03557117525875 
32.20559641492192 0.45440346869391696 1482.9538939937966 789.6548173294514 339.96939203112987 
25.844187323762675 0.4542121379453565 1240.7753999815084 436.988553070589 194.64449548069058 
51.35759563382312 0.45147547483750955 1492.077817891689 528.3402417096671 271.3790528976322 
75.11588686665807 0.23814573637619704 1496.9325538920555 913.6915307398972 697.3465520768076 
25.7949918459987 23.57528192153251 634.2109959008574 354.53026345750965 202.34536831522962 
25.53433393516255 0.4542121379453565 908.4841982366659 465.28477333323747 233.68879419451628 
17.680412763130867 23.57528192153251 634.2109959008574 390.58883935430924 26.147862582927672 
1.5733054825565471 41.92511486651035 414.9904095095902 410.15415621107627 7.298310860062941 
51.43381622774111 0.4475722068095198 1483.622491194778 1052.3409243449016 701.6111953503757 
50.22593788328639 0.4542121379453565 1160.4365932297123 561.5346419102183 234.33754300057285 
51.31999954880523 0.45440346869391696 1482.9538939937966 868.5805039880405 339.96939203112987 
82.0 0.01904510734558862 1491.223104725616 675.0577202572749 392.90336082512545 
1.5733054825565471 41.92511486651035 406.38280022988005 22.27871273351522 7.298310860062941 
26.13873692398149 40.25989594759177 460.6482188918217 363.9214020514916 3.8113767497496553 
1.0153109181230189 52.076601923830864 431.63756178541894 325.4610920189366 79.44176109795357 
15.744109056575095 41.92511486651035 406.38280022988005 331.24844370434016 7.298310860062941 
52.96982881245701 0.2654651107967503 1498.6563622422307 1233.2038480510262 706.5802655228074 
51.36999462194554 0.4544037133200466 1453.46682854641 645.2172074914369 343.2578454328558 
51.35759563382312 0.45147547483750955 1466.4199399896759 528.3402417096671 271.3790528976322 
26.70258670484496 0.3977345204466296 1301.7102476012012 493.97927660959203 368.91639738860573 
51.36999462194554 0.4544037133200466 1465.4529458186512 567.1080932500072 343.2578454328558 
27.288574783151624 0.1754796224477311 1020.9389310478299 475.6599685739699 245.03727329193146 
1.4108314806386346 35.86777391652116 427.85267615411215 368.75055759276626 18.036182398555724 
53.447198758487325 0.26982298269685073 1488.4285172491093 972.9683102636122 338.2383888020698 
77.24650707530866 0.262343978608275 1498.6563622422307 1384.0210740247646 697.3465520768076 
26.001299707843447 0.3328897787309835 728.840707402501 416.7208652375755 188.42216910256388 
3.851821684800731 40.28559586896208 109.39938362740199 241.01738950785443 2.723873546886601 
57.277901774692765 0.26967360771099286 1488.6392711410226 808.3137690228989 387.0215724874755 
79.31153641939567 0.1923457648414481 1494.5262014165853 912.3724442053898 324.3044289806404 
12.325153361191546 1.0628256986578695 634.3289328010266 393.61214799922897 212.1965666469279 
79.15806348009991 0.2654651107967503 1498.6563622422307 1271.2787379151837 698.3126721846022 
13.569045091308638 0.5430000027776813 867.6864272429079 360.6005997583694 257.5896099865219 
72.67608266215352 0.4458693797950133 1472.1716242236848 643.1258771864352 339.96939203112987 
82.0 0.18721068731785195 1472.4103588921434 1435.5824799575923 925.9099554896027 
17.016075056356446 56.0768928059508 630.6885110714345 345.5822687218375 20.31679488964089 
51.43381622774111 0.4475722068095198 1498.6781050794307 1072.1957397633994 701.6111953503757 
72.67608266215352 0.4458693797950133 1483.328990753669 653.707914750574 339.96939203112987 
