2.275771563047556 46.59677047757891 137.83540532940768 151.79442691192966 0.6344901806789665 
53.16314351212767 0.01693639102977406 1487.3645082042594 603.311040643891 294.84718855475245 
1.2399767319314847 49.48437755777947 630.812003388882 371.32692703421634 205.1922553840003 
31.268713767168578 1.5039691159044217 670.1316043847357 390.1061484159511 15.381458538760057 
52.38638383034946 0.2834080408116424 853.3971970299883 451.41420384002424 219.53648402672266 
4.100905294457801 44.17407685962131 504.7644215394963 339.6876732979374 27.945404337445368 
33.07048114250871 0.17360333510902498 705.9780910153332 395.2136782632909 185.63377981596463 
69.31827039667743 0.31272774076388327 1492.158767565441 1358.3155142669445 875.014781130774 
31.53492838989971 0.14687927240265625 867.4273361330461 516.6318512347016 125.4989317295312 
53.84536693085194 0.12685242397651914 1488.4545200009734 1144.5454721067492 392.922852564154 
29.778285563406577 0.10492033852546212 1191.4123804282767 456.29645244956276 199.86417462381996 
2.4492288112426372 48.47342288556862 249.01594979103027 364.1272344614704 67.65814261626876 
25.710116341386566 0.3088241687266451 1454.0448767438672 597.449405128167 395.87214437371136 
30.164580970461977 49.95131124208292 716.2698487991684 356.79104273149903 222.0852309364813 
6.146688780218633 46.38495308607026 153.6386419164295 355.35550327383595 81.9719323673778 
3.8227158396887564 44.79678823835373 557.6681777379741 353.81096791181716 27.945404337445368 
54.736187739226864 0.17360333510902498 1067.5473809263574 395.2136782632909 183.3449342981007 
1.1547651856788468 43.65960354472013 431.7216472959267 356.8385661727465 1.3067930290589516 
22.17899549727525 19.39279356691205 789.5977243429381 413.7939426151987 87.13843793038855 
53.16314351212767 0.22543057373111008 1431.7376037920794 811.3926378708505 294.84718855475245 
2.877521307608321 45.64036644495126 43.328263450020145 120.30979328771332 0.9935995592837568 
31.268713767168578 0.3639817452997143 670.1316043847357 390.1061484159511 172.74821105418167 
30.32955109877671 0.6185685459712722 1261.3386225994818 455.53395897903994 206.20218017749465 
83.0 0.13684037572582497 1493.3512181394337 1144.4239032838466 393.3991930229064 
0.4516694878849088 45.28914902207916 345.77876811878804 46.42774456268946 16.95603702059846 
2.4492288112426372 48.420070047299156 431.53131869724666 355.3992453473119 61.1351025113068 
4.3142471703371745 46.98985868743704 159.4221201765902 182.46459432363775 61.554258994352686 
6.201591128340169 45.64036644495126 151.99924475572374 46.8917823932493 3.4863491151557326 
68.82114358561788 0.0398885987779965 1483.2331688119318 1003.739957394369 338.8686525260873 
35.28548518892184 0.15654310087063655 1496.5759703288454 1060.2693261783725 974.9204862733588 
2.8226374115590476 46.26165297121013 101.8427018266167 356.2212825339101 52.87959767140486 
53.16314351212767 0.0032246124501859597 1483.6772304714839 811.3926378708505 294.84718855475245 
5.295400551087437 48.79290790841801 575.1662651820121 375.278655634788 22.900463385697364 
35.96849178048075 0.129296181435053 1499.4674602542277 967.2552723037411 402.0575711623507 
0.6262565375425098 49.47471154363034 172.7478166238407 248.5641052844723 0.002201846309420663 
5.895323211590908 49.48437755777947 578.6611979490531 409.19322587646735 22.904919169706453 
70.42244652419014 0.025306791302777132 1483.4757006390203 907.0022769517748 396.2441348332857 
5.310113102995658 49.48437755777947 582.4881796619958 356.5620406078227 266.13311078422294 
54.95754180325354 0.10003920518799728 1050.3912810145632 463.92793809014483 198.60097049112494 
29.778285563406577 0.09447039665036994 1218.9741604418498 504.37822594901627 206.18958569732646 
69.26415085475317 0.3088224567748057 1489.9423163640572 1093.3946295675325 317.22846038438604 
4.340976033681297 42.3903408106778 96.89710132396579 347.60582630075834 22.089819016841183 
31.671483199985936 46.4574038648385 613.1748732527161 376.9002637021309 2.3552152304418854 
6.182474037962903 46.764371073931 7.881474478856319 42.757434391117755 2.316079685003706 
81.8947979475876 0.20102692160032376 1442.295443636102 1042.8972243493677 428.1508369972923 
38.595176928505005 0.20170199384784596 1440.3539922741393 576.709143834753 310.4954295369316 
39.13863429649529 0.20257849213700524 1399.6992577308336 582.6692275291285 314.57312329553736 
0.06124740001637452 46.473116611046436 153.2234382667213 375.1334535786689 0.22720832603354865 
0.29813108608190353 49.47471154363034 153.50515593173836 248.5641052844723 0.025470328990558677 
32.19335067512746 0.18223199143343338 874.3088786500057 418.38515489732754 3.236145422697703 
39.13863429649529 0.19921068916708223 1399.6992577308336 559.5719081561812 314.57312329553736 
0.6616558808551503 43.65960354472013 431.7216472959267 336.19427664760275 3.4546743338755164 
52.38638383034946 0.2834080408116424 848.614014588361 428.22363906100423 224.08542278692843 
3.074783758217947 49.47880985634649 106.28681438956997 321.5589781599566 41.03021534069267 
53.84536693085194 0.09785015318790864 1491.5137779288966 1445.1895653669517 399.29232131526976 
53.84536693085194 0.23049111587244095 1493.4733911993642 1347.1193670285745 479.49838814717293 
2.3796122317764805 46.76374829524391 459.4217969567582 265.71956133784704 0.6994381134386618 
31.53492838989971 0.14687927240265625 867.4273361330461 418.5544841620254 125.4989317295312 
29.74402017381509 0.02287104051113366 649.7127329911551 396.09423234848174 139.47098952735814 
69.2782253829211 0.025306791302777132 1483.4757006390203 797.9747144936633 395.87214437371136 
4.100905294457801 44.79678823835373 504.7644215394963 355.7440930002048 27.945404337445368 
29.778285563406577 0.09447039665036994 1218.9741604418498 458.2969726185547 206.18958569732646 
55.298221129897506 0.14687927240265625 867.4273361330461 418.5544841620254 125.4989317295312 
2.275771563047556 49.33868920779602 137.83540532940768 26.585626397458668 1.1516471328163966 
53.277362611259136 0.10523884715129661 1100.1908283815533 456.0186810184309 199.53857373569812 
34.04179266168774 0.010439665227782571 1039.5353346302736 421.4533054079872 177.78326556176728 
17.45929324662491 46.63271618866873 671.5958072385539 365.1232163573694 201.6815725093431 
31.268713767168578 48.970865579366645 667.8782392979559 343.37485790944424 178.33012012275714 
2.8226374115590476 46.26165297121013 7.419849793406911 355.7692718261215 52.87959767140486 
27.08359774877514 0.18829877666152012 951.1710049268028 464.223207538348 185.63377981596463 
4.3142471703371745 48.81602374794677 159.4221201765902 382.4313319010207 52.267859616119736 
14.288264208934292 0.18223199143343338 793.4673272008886 419.2198166147797 140.52917755020002 
52.401025361587514 0.14865990885146213 1381.4328030997729 461.98173759936753 290.3387999925995 
34.133963523449005 42.88209124537738 282.3277262609288 369.21173476633925 0.23378022402155807 
53.16314351212767 0.01812495053445312 1483.6772304714839 825.1445886327647 294.84718855475245 
6.182474037962903 46.764371073931 120.48546598270043 39.795032165064924 2.316079685003706 
30.352090239455435 44.33205893158838 504.0807585531816 350.4203289811256 3.6582192392239463 
69.2782253829211 0.025306791302777132 1483.4757006390203 819.5988907485555 395.87214437371136 
28.937564544150117 0.15805523260873955 1492.136205722849 462.04136246481306 292.51236084916917 
81.8947979475876 0.20102692160032376 1442.295443636102 886.4941611416673 428.1508369972923 
4.340976033681297 48.81602374794677 96.89710132396579 147.40902437453667 18.806454976422458 
2.298266749074532 49.46752343102872 98.08096603666108 121.63936862021353 49.296881932470185 
0.5841563440031825 45.75374395186912 51.56920031994383 121.63936862021353 78.34983402027974 
68.31194744284625 0.2338885058971411 1493.3001242365963 1490.1068270435042 396.06351911190643 
55.55448779835028 0.22030707444002096 1242.2050611225297 497.4445416610813 281.63230438496294 
52.38638383034946 0.2834080408116424 848.614014588361 346.39316119345153 224.08542278692843 
27.01182605498525 0.1906070288882595 1106.6291770021317 455.34973729693286 315.6897182275736 
53.277362611259136 0.14865990885146213 1351.2205836434723 505.45687179827655 290.3387999925995 
53.277362611259136 0.10523884715129661 1394.051728950733 456.0186810184309 199.53857373569812 
80.9442830286008 0.2013345633233479 1444.0957863823355 558.5675646230341 314.57312329553736 
24.553208778032154 0.3340260371920821 1277.6641552740791 455.53395897903994 292.8212801241012 
22.17899549727525 3.1948950628685147 791.1602704542481 412.7784057741417 90.00841943333243 
2.275771563047556 49.33868920779602 108.17533362356879 1.3826170940522502 49.296881932470185 
58.00523316171274 0.20642098660558336 1240.439489605494 464.223207538348 315.8036154183364 
68.82114358561788 0.3088224567748057 1497.980559269676 1093.3946295675325 1002.8852205844794 
5.310113102995658 49.48437755777947 582.4881796619958 356.5620406078227 22.904919169706453 
62.44232673026296 0.16394826886594593 1489.4461402567276 462.04136246481306 292.51236084916917 
38.47031246992043 0.026724073659006198 1470.9066944581577 812.7662084195781 157.56617143003027 
69.2782253829211 0.025306791302777132 1483.4757006390203 596.2400403307731 395.87214437371136 
2.275771563047556 49.47857786473452 205.96787249296258 370.1754658359311 49.296881932470185 
