80.2237761715473 0.34768383941929665 1496.1431236126248 998.9355885973063 377.17547438334265 
44.76811985004463 0.17396764636681095 1499.5324834200999 755.1107471076954 269.4898824678823 
81.99982616796125 0.16132491142923594 1499.4498182476614 794.4248455186585 497.45240992821715 
1.4963946942155806 71.58521238441386 47.25457464634628 225.6670945446968 9.789925161666488 
0.89999230389434 22.318611826843124 316.9928840726961 322.1202932705063 86.46901939433843 
66.20203472921902 0.0898796717148224 1499.1532263019556 630.9907176828591 477.7583212198813 
29.31786881511867 46.73094036742741 403.98730023326584 318.5574564642726 55.49715054369387 
81.52966229451462 0.007929973286244674 1498.7349828176389 1423.8629110056604 464.8569908072279 
42.660716358301784 0.14136407134789236 1347.7832293368756 455.94163437275756 177.1628569409333 
8.521722441751539 45.707515504561385 262.1448205349488 316.3719500407741 43.63890216061513 
44.87719708327065 0.0898796717148224 1499.1532263019556 655.3995226398089 277.04937138739484 
22.3875206206652 0.09791849728619817 748.9568692205146 484.94088602968236 119.60725380242475 
39.5761631337451 0.18013815746981687 1470.0251858638112 507.5524928108524 266.43111487673536 
0.89999230389434 41.045499419742164 465.2878813637851 368.3264906075291 86.46901939433843 
1.1748734021656038 72.45628866514413 451.52918327405035 375.0933683081964 28.68160137573483 
34.273794597878634 0.17793984180631242 1301.2909494039684 511.86647786586576 269.670030866462 
36.65016962426746 0.1593892803911937 703.7369999051534 486.0751483414674 261.4518221908456 
43.275365909223005 0.03688019835702899 1473.767251477002 1206.9275346314857 506.36176313883436 
38.50992367857211 0.007929973286244674 1499.6424591055518 1444.7292719958314 984.6721148222994 
3.8654059624769754 54.60504434615542 254.55772051689002 274.7838085709582 9.83836205082218 
21.969598348710576 36.68380330347571 482.0408413809913 363.72467793766396 18.61579115532787 
0.13716023355497448 54.53899518219987 55.23400842870524 158.61061191935158 28.948035493021496 
0.8879600709694424 47.178888175563955 710.9857152278995 372.7956455714528 128.19609882586732 
14.856062602696703 1.0929794147637715 813.7479207776973 374.56646706094756 179.5803014709912 
0.6427262982742158 65.31533737869736 150.09649455523447 329.04421035246486 3.503195499181345 
81.53564988409403 0.03688019835702899 1474.7799150166297 1311.797057737272 506.36176313883436 
0.89999230389434 40.899546802028475 465.2878813637851 322.1202932705063 86.46901939433843 
81.53564988409403 0.03688019835702899 1473.767251477002 1206.9275346314857 693.364693376325 
1.4426014661054722 45.707515504561385 262.1448205349488 316.3719500407741 43.63890216061513 
45.08041260679005 0.14136407134789236 1419.9102219985973 469.86544380228906 276.1670001703302 
58.32134572353195 0.13887484909623302 802.230808990691 368.22951980651015 156.43865352452676 
1.4973442146366767 71.79488586725893 111.48496810279013 228.53825199122272 10.013864457279034 
0.5624898175374682 40.50820819454938 630.0305719054593 361.8917447487176 95.26447411714325 
36.97364106509534 0.4112167497424116 819.4521835888852 408.9665824298051 195.45729941292907 
0.8879600709694424 1.1337583932488364 671.4617150518549 372.13569053451886 187.38638397586465 
0.8139645184524154 67.66213554978812 213.87547162426853 329.04421035246486 13.217555317677565 
81.99219300344006 0.159204743813314 1499.8720364832643 759.3352821957978 503.19772545216506 
0.22323063029165002 54.36633198195159 246.8701987750805 161.09382459138698 16.291154744696627 
35.31477417166444 0.324918918329412 1323.4454146826731 484.7526636666602 237.61153391477362 
1.4697688744255972 67.60615884273702 104.29140911175438 210.12147238539546 9.96489132394537 
5.434564920293546 0.05151024059908593 993.8010283976791 370.542263496841 185.04163050443984 
38.04000163394785 0.05151024059908593 992.3952478016168 534.3263562411801 273.7894917867473 
1.267139499466396 46.45360870708418 608.3615411121161 372.85217542038896 59.44628834481685 
18.10168961542161 31.1015998004947 4.766514930285435 83.58892132093825 10.3995329305016 
15.96391759816288 0.09791849728619817 748.9568692205146 411.55802909582866 127.9646226201533 
39.33723988706818 0.3356867472348963 1163.254216232996 505.7952410015653 235.98795934708 
15.25697173545014 0.16972660796039674 670.3496773667911 408.48652893609244 177.44250130637374 
58.874907585407065 0.04180847101999774 801.3542359233181 460.9030850520584 190.20038339346706 
34.60131928079681 0.042175894778572864 1302.2826896615193 550.5108062996259 269.67082770866443 
44.62415522198482 0.14136407134789236 913.3252960708 469.86544380228906 188.58938967811244 
6.032213175804015 46.73094036742741 427.81655668704974 318.5574564642726 7.379535305179331 
37.10641522393021 0.14136407134789236 921.5530332757561 455.41656707476625 176.28688712535723 
37.161809434711024 0.05151024059908593 962.6971054331597 466.80969491989924 269.6398819790241 
82.88422227276027 0.14548349300774893 1499.0541953335064 1058.0804187487718 525.1680452133214 
1.4963946942155806 71.58521238441386 47.25457464634628 89.43199240599274 10.013864457279034 
1.4963946942155806 71.8168435054436 17.716266613112666 226.53694787392712 10.013864457279034 
13.209765898507257 11.020108169038007 646.7215756557647 370.3279267968827 183.60084252589425 
2.8926141543742183 58.10079147646498 16.957231597133568 371.4964510783916 14.107995432386666 
0.22323063029165002 57.68182920054441 16.957231597133568 172.22545677744532 16.291154744696627 
44.62415522198482 0.14136407134789236 1419.9102219985973 469.86544380228906 188.58938967811244 
8.098416933327854 0.3301894507518488 670.3496773667911 394.29053937948726 176.0521777692947 
42.52586988175157 0.14136407134789236 1080.1998964725426 455.8290358991532 176.22727201550242 
1.216702042471995 42.85793297221133 608.3615411121161 333.7513583305083 20.60245939749342 
24.35995199876468 0.3356867472348963 1163.0716925657925 505.80271031552974 236.65613324011377 
79.04517042194449 0.3278496901815748 1499.0662308332803 1379.0400420327067 428.48831513944845 
44.87719708327065 0.0898796717148224 1499.1532263019556 630.9907176828591 477.7583212198813 
38.4651070448236 0.05151024059908593 993.8010283976791 370.542263496841 184.2256991697559 
3.9573216461216942 71.32811178549348 364.95740323033573 274.9574506252425 17.997417993534782 
1.267139499466396 47.15725898895089 609.9825259852406 350.5377403615925 24.89567757323823 
81.44733484176759 0.34768383941929665 1496.1431236126248 960.8083755632638 377.17547438334265 
38.4651070448236 0.05151024059908593 993.1800247990277 511.86647786586576 269.670030866462 
1.267139499466396 46.45360870708418 608.3615411121161 372.85217542038896 20.60245939749342 
1.4963946942155806 60.940626902115866 81.30637667979448 345.76719004987024 35.48587049426157 
0.5812303120242256 20.667135501959237 630.2658087623893 363.4256393526923 207.2618107372734 
15.652777098752471 0.16972660796039674 1010.1290222432276 470.90552215492056 180.40106457623978 
82.08124744035938 0.1474829640374378 1498.9941757521776 1075.9720463085391 359.95946313513747 
36.88671137712825 0.14727473718311476 1491.8605317433435 460.8129578011715 264.3320660567601 
82.08124744035938 0.1474829640374378 1499.8132583332363 736.1084849632747 362.6893557903641 
44.87719708327065 0.0898796717148224 1499.1532263019556 630.9907176828591 277.04937138739484 
6.032213175804015 71.32811178549348 364.95740323033573 373.48694922944975 17.997417993534782 
37.568609009819085 0.2601497650683825 1473.767251477002 527.0802540590555 453.8018107516526 
24.35995199876468 0.3356867472348963 1172.3047745205006 471.81485614682236 235.98795934708 
13.209765898507257 40.50820819454938 630.0305719054593 370.3279267968827 95.26447411714325 
82.08124744035938 0.1474829640374378 1498.9941757521776 754.7421815515221 359.95946313513747 
81.53564988409403 0.03688019835702899 1473.767251477002 1206.9275346314857 506.36176313883436 
1.4992920148861228 31.1015998004947 5.021074580828042 83.58892132093825 10.3995329305016 
79.16094918166628 0.15884616376564506 1491.8605317433435 732.3879154784 307.54864361151635 
82.0 0.034001641306816724 1491.7253063668304 1325.633046925129 963.6358342969271 
0.9417951674596208 69.03996013303498 66.20160871524342 172.22545677744532 16.291154744696627 
82.0 0.007929973286244674 1499.2156395466927 1444.7292719958314 1008.7851099228567 
0.21643861105386009 62.44959135958688 24.733168995622677 347.31058782036115 15.316001925953946 
15.021624836670945 0.16132723570730206 699.8478955990396 374.3415296544333 261.4518221908456 
37.2116991747942 0.2575461201035329 1488.5669534167762 534.9978867815967 259.1560867396902 
35.600286122231424 0.3381747970491401 1488.4048765600114 572.9853812616253 241.1926533461605 
35.46816084962992 0.34111599663445424 1200.3760790040665 516.0190554562209 237.87405559195258 
42.53526575540531 0.42004789109378027 1473.3594988125997 630.0753148572722 250.61363815257408 
38.4651070448236 0.05151024059908593 993.1800247990277 467.8693207020069 269.6400454114548 
83.0 0.2522027667220391 1496.1431236126248 974.759897524589 236.3114912493537 
0.89999230389434 40.97472591816907 316.9928840726961 322.1202932705063 86.46901939433843 
0.8879600709694424 48.3096955565093 624.8957994576582 372.7956455714528 187.38638397586465 
