0.24256346017467767 88.32207469336532 143.5536795817335 283.1941433198566 2.3364204693821025 
58.018935070452585 0.2754074759007391 1225.706404558368 459.77229632900503 196.90881198948304 
62.55726708672838 0.34678332361103076 1496.5843859804468 916.5589453302435 496.3929005548516 
23.689463427965098 1.196383618906637 877.2765520303765 369.9570877765675 162.97375974286095 
25.391478904758827 42.503372607996226 634.2666298163801 432.8035985873657 340.1372295681364 
8.47320470106316 0.20997525961746327 618.6557006656499 410.54087264128646 201.06787140781444 
78.33560526491603 0.29738950874885645 1498.181506914733 717.5243882048567 475.9727368444907 
23.445632811539607 0.28925208149143145 1449.8533233079488 507.3737450969985 258.4339418362332 
0.5993177844595063 39.74791893692228 266.45057378329585 390.0830160841001 23.208912466578695 
0.4548722266615468 55.27527471009154 6.221419840838621 174.65751887154232 1.4583059055002758 
30.326459535683814 0.13201746984679463 1320.9374827279248 361.0114097107843 235.66734462856195 
21.766365683543746 0.2451470735889264 1468.3001030635464 543.1472823405318 247.06772103994751 
81.07385041078855 0.07417892963202909 1494.7807548282412 1418.727351154369 1136.1295435713541 
83.0 0.2693332503166318 1478.605205320262 1167.8757879619236 474.6306494775581 
62.79838379610788 0.3106733733044586 1449.070925542699 532.3689575428431 266.5185674223093 
15.09174932254766 35.19796907277648 577.3878040733571 364.83723712315617 46.03107463551952 
0.5993177844595063 39.74791893692228 49.05347271299698 312.5132214213776 38.22297525739609 
0.12796618459175035 40.518633572045196 115.64501192213392 383.2390993854894 8.652029298607847 
78.33560526491603 0.29738950874885645 1498.181506914733 683.6041606162319 508.90142305154166 
30.326459535683814 0.29103916440827704 1329.7509229316988 466.3144637225745 235.75731345760818 
25.391478904758827 42.503372607996226 634.2666298163801 374.66010525372417 202.95733477311222 
82.0 0.2322677650573986 1496.5952858231747 1360.2141190687819 370.8954481362176 
25.208332518647055 1.0747152734575338 869.1488723178448 465.8211086956605 238.3675625068058 
0.08403274365142599 73.91074855823493 10.42679775408672 78.86492170056096 33.756233150663775 
6.731415602883939 58.7033071552036 76.36126855615072 30.776357513775395 21.648267733891075 
81.90993065856236 0.29738950874885645 1472.9128912334704 874.0801220842807 382.00969551052447 
81.93523923427858 0.008062728295418264 1495.0301916244523 1051.765498564437 365.15182127030164 
49.226337109734196 0.042222819341709045 1037.0554250812072 438.9024207425842 261.45644313432484 
80.89356336900808 0.29738950874885645 1496.3009672429093 522.1034434469634 426.7687821651151 
0.08752374989729805 34.44288644309158 4.529068403127331 5.699454260661128 8.289149203828824 
71.26351159174251 0.3035878463307765 1473.483006992154 1058.4303617008372 651.0586947449913 
0.30500252617847323 22.082524190043628 697.3745169595638 283.1941433198566 5.071964570950913 
5.774427703955932 85.35899367309486 23.816488794343144 223.7517003409881 9.182990537169122 
0.13782290285914423 52.9689457240915 10.42679775408672 281.30095759677005 8.536223607294886 
23.421493912057656 0.24424362473575606 1156.0985922199943 509.78773507974836 249.20909457989097 
6.206548517637225 37.42880262794901 634.2666298163801 364.79883541071496 184.54356230298708 
30.326459535683814 0.13201746984679463 1329.7509229316988 510.95150072817313 235.66734462856195 
80.74311135081189 0.06840498695277696 1487.828674858361 1386.5952591754203 476.68336176974503 
63.577737071690265 0.3056752288314084 1471.469101276463 723.61230556714 370.2472296773964 
24.453196528187313 0.28834603595493724 911.590483992035 465.8211086956605 33.86470873599713 
20.551535407305607 50.520572016338285 2.8623824983779436 402.4588855115949 2.3595280107285497 
0.08403274365142599 58.89735323382046 10.42679775408672 78.86492170056096 6.511461359631037 
0.2893231477600182 59.606174374486784 15.329203282174381 49.858462713532546 9.533831636568454 
15.09174932254766 35.19796907277648 538.8474877125459 319.48848140248185 46.03107463551952 
31.149877026166592 0.13802664380570792 730.859225655803 362.45924108904615 242.31695875769498 
25.391478904758827 36.52754184096425 634.2666298163801 364.79883541071496 185.10579891659057 
22.60109762667641 0.045794771018308866 1005.4463899110635 431.9313262572841 192.71362215370686 
6.961342683079723 59.59454994518481 13.368098954361873 396.39986809315667 5.987162186700129 
14.194810925764063 38.434819435934955 426.5706260845549 385.43062291456994 8.654422214323738 
1.6101915216982077 39.66803994285253 58.49705177563183 97.81833568281692 11.898887976550876 
31.046498730793864 0.13802664380570792 802.3320448840432 362.3677180763996 234.6053041792681 
79.71712856248274 0.07378709491966404 1496.5843859804468 609.2064135309602 281.7410845399156 
20.18424053171463 0.33495624682907893 1484.2603645561449 452.7422763499575 237.5437693579021 
25.391478904758827 8.73652478754018 634.2666298163801 355.52364119346885 202.95733477311222 
5.6728183750640655 46.547421202097134 451.6159048321191 314.2999078472395 14.311730783098142 
1.2996940727908495 30.05248019372025 67.72932745706515 150.12921647540176 7.593710202464768 
9.325205634628345 0.28834603595493724 802.3320448840432 466.1764344327833 158.76674795847907 
14.98627538432395 32.30763294644777 598.819795156584 389.49781748766185 87.40412716114606 
22.9876413677403 1.503670574061105 636.6097035441334 364.79883541071496 313.0212137639623 
82.0 0.2546819922651602 1482.1011991761516 1307.8096637243639 1349.0486411886825 
63.577737071690265 0.19523638375911778 1471.469101276463 714.6976747825852 317.42169584712684 
23.64939690515846 0.2718910297787628 881.4242601088381 384.6153742057714 228.2859309916854 
28.431492128301503 0.1193442769729447 1036.2749131397336 433.07136367613856 192.71362215370686 
23.05444014988357 0.2718910297787628 1051.4040694766525 509.7573260805496 228.2859309916854 
4.48057633873312 80.31665235281415 4.689697850758086 208.8771249162031 8.289149203828824 
33.888940363990535 0.1384421175408015 898.2400166585663 386.64405441316876 289.05215026430324 
28.495622371115473 0.0786674488909086 691.7020572527579 452.498132611746 162.47098033266792 
50.37019773006237 0.0761791507153416 1495.0301916244523 557.0002284234868 277.57113847896574 
1.602580508123872 49.87348471522864 83.86661225448272 280.47393076582773 6.568540624701109 
4.050216076120108 58.73050001323621 108.56017812731105 397.89668620507655 28.60966372880462 
77.7575920361521 0.30835847498684676 1495.0301916244523 897.745632089607 423.4784757084155 
83.0 0.3754449441474905 1458.0413522370475 714.6136691023647 425.5842330160808 
14.98627538432395 35.34585780081998 578.1440155533812 364.17743292326776 87.40412716114606 
0.30500252617847323 22.082524190043628 439.4261520059498 281.44942773844383 5.071964570950913 
82.0 0.2322677650573986 1496.5843859804468 1360.651666754848 676.1261620547612 
61.344409890924055 0.2921117769649216 1034.9370370255187 522.931120396337 189.94053951525822 
9.045443353306858 0.24507866696040959 1030.653864628614 509.09800990184823 144.39657930333183 
0.001107534558183243 22.082524190043628 13.711568742416887 276.91308355578695 5.071964570950913 
62.55726708672838 0.34678332361103076 1496.5843859804468 588.5944162763027 237.28606907400695 
58.36040619632435 0.22020759804718004 1377.109182714258 578.8086654432693 363.67900118038744 
0.12796618459175035 76.21199544858445 219.8648261973995 383.2475700353775 8.844325878466037 
6.731415602883939 59.606174374486784 76.36126855615072 44.250442586715906 29.091232624162462 
60.50671426478902 0.21762409574340713 1496.5843859804468 1233.445021317436 426.0926159047855 
14.605040841828455 35.07983309677253 578.1440155533812 364.52421603168034 135.58110507670185 
22.985792051537754 0.1581041968875212 636.6097035441334 364.79883541071496 162.97375974286095 
1.1841047293579852 42.61907871342195 266.0138419030644 375.0691263764525 22.34918433883545 
8.76189193610642 0.2750524584507323 1223.6200016657983 533.359800940974 233.58014272044701 
25.014327337247767 0.19523638375911778 1460.0685663932104 700.8515274928614 436.7798774661471 
22.13741653039246 0.26832836746301825 1479.3428198028219 641.8792159486968 471.8100534742816 
81.90993065856236 0.29738950874885645 1496.3009672429093 874.0801220842807 426.7687821651151 
61.12511766548284 0.20245152928866228 1499.9497805356157 953.4023607568747 498.84264763947965 
5.591421652366549 46.547421202097134 494.025267004676 317.4931046135982 14.311730783098142 
0.70797502431 84.53361032696931 18.040670921574105 223.7517003409881 9.182990537169122 
22.74053585626264 34.38484130526977 479.2662875591749 364.72503302137034 50.29120442104006 
23.433879555127604 1.3810920623453495 956.2328123715677 431.9313262572841 237.49044108503827 
1.9167624193641721 78.3788405064467 215.02523501632567 359.732913041076 0.8093137258298148 
78.33560526491603 0.29738950874885645 1496.3009672429093 763.5111080490494 508.90142305154166 
5.689599045908196 34.37856729239904 14.272285357854162 4.341627051798831 12.718788046635934 
21.79188837782899 0.3123254570941649 1449.070925542699 532.3689575428431 266.5185674223093 
23.421493912057656 0.2910039767108882 1436.7018756894147 509.78773507974836 237.10000066561824 
