PV_Cap;Biomass_CHP_Cap;HP_Cap;Oil_boiler_Cap;NGas_boiler_Cap;Biomass_boiler_Cap;SolarThermal;NumberOfConCars;NumberOfFCEVCars;Eloctrolyzer_Cap;AnnualPV;AnnualCHPelec;AnnualHPelec;AnnualH2demand;AnnualOilBoilerheat;AnnualNGasBoilerheat;AnnualBiomassBoilerheat;AnnualmCHPheat;AnnualHPheat;AnnualSolarThermalheat;AnnualImport;AnnualExport;OilConsumption;BiomassConsumption;NGasConsuption;DieselCost;BiomassCost;TotalElectricityExchangeCost;TotalVariableCost;FixedOperationCosts;AdditionalCost;InvestmentCost;CO2-Emission;Total Local System Emission;AnnualCost;LoadFollowingCapacity;ESD;oilBoilerFuelDemand;NGasBoilerFuelDemand;biomassBoilerFuelDemand;AnnualmCHPheat;AnnualHPheat;AnnualSolarThermal;transOilDemand;OilSolarInput;NGasSolarInput;BiomassBoilerSolarInput;BiomassCHPSolarInput;HPSolarInput;OilSolarUtilization;nGasSolarUtilization;biomassBoilerSolarUtilization;biomassCHPSolarUtilization;HPSolarUtilization;Annual MaximumImportElectr.;Annual MaximumExportElectr.;
KWe;KWe;KWe;KWth;KWth;KWth;GWh;1000 units;1000 units;KWe;GWh;GWh;GWh;GWh;GWh;GWh;GWh;GWh;GWh;GWh;GWh;GWh;GWh;GWh;GWh;KEuro;KEuro;KEuro;KEuro;KEuro;KEuro;KEuro;Kt;kt;KEuro;;;GWh;GWh;GWh;GWh;GWh;GWh;GWh;GWh;GWh;GWh;GWh;GWh;GWh;GWh;GWh;GWh;GWh;KW;KW;
39050;11975;6077;2;9;11662;86.58420687193815;0.010995971695847677;19.368848989544464;9117;51.01;10.21;27.24;62.46453799128089;0.01;0.04;52.56;53.96;149.54;35.70;36.65;130.76;0.08;97.43;0.03;;;-3962;256;30013;44044.0;87081;-7.427;1.35206297;161394.0;0.8454196545803454;0.13083314207983004;0.010206555114801171;0.0430982791945678;62.56678542851084;53.96;149.54;35.70;0.0704984733335882;0.009554602084339617;0.031196672405700912;51.93838566683151;33.816734996622245;0.7883349339943599;0.0034682612096604047;0.013219815052736502;18.356594138728585;16.53365949022222;0.7883349339943697;36557;60672;
38049;10320;6280;101;91;12030;88.16723904844649;0.010995971695847677;19.368848989544464;9117;49.70;8.80;28.15;62.46453799128089;0.46;0.41;54.21;46.51;154.52;34.56;38.09;128.58;0.40;90.56;0.28;;;-3791;189;29909;44187.0;87057;-7.002;1.542164762;161342.0;0.8378324033579652;0.13806177990084403;0.5129638222895705;0.41548075731909934;64.53977908165977;46.51;154.52;34.56;0.0704984733335882;0.4801977896079018;0.3007455824034425;57.426733350079004;29.144965344610114;0.8145969817460221;0.16244321101028728;0.13297060319688395;19.19881367413593;14.250376465860729;0.8145969817460481;36686;60148;
37211;5001;6834;4;49;14463;19.342278101328517;0.0018366839472335808;19.378008277293077;9122;48.60;4.24;30.66;62.49407669427017;0.02;0.22;65.18;22.54;168.16;11.70;42.05;124.33;0.02;96.54;0.15;;;-3399;782;29507;44591.0;82203;-6.480;1.5594446899999999;157083.0;0.8259531374106434;0.15490598742137945;0.018496665915498915;0.2222550536064353;77.59301091277801;22.54;168.16;11.70;0.011775531790898656;0.015278054378399712;0.1401543098197589;3.8778926359784944;14.540872816278998;0.7680802848728673;0.006569252669517636;0.06784844249001246;3.877892635978577;6.9850088869919125;0.7680802848728702;37869;59613;
1190;18;8262;13;31;11659;0.8576689730129692;17.394480258601593;1.9853647026387176;935;1.55;0.02;37.10;6.402801166009864;0.06;0.14;52.54;0.08;203.29;0.81;35.50;131.99;111.58;62.64;0.10;;;-4155;14497;26960;34221.0;71898;22.103;31.0294539;147576.0;0.8057052145468541;0.31512503433726047;0.06724897756146661;0.143301882208289;62.546924309094436;0.08;203.29;0.81;111.52123128197239;0.009192759254275613;0.08744530546372041;0.023790488651481718;0.003217691980954993;0.7340227276625364;0.008575067899793403;0.042839198877028806;0.023790488651482193;0.003217691980955046;0.7340227276625333;31927;52562;
37969;3130;7424;18;115;13035;11.93276766580512;0.011014562607678765;19.368830398632632;9117;49.59;2.79;33.26;62.46447803559024;0.08;0.52;58.74;14.1;182.67;8.65;43.97;123.23;0.13;81.27;0.35;;;-3252;299;29362;44996.0;81837;-6.170;1.6979137460000002;156494.0;0.8194471672221133;0.16415359526963938;0.08961222259829868;0.5256511458635907;69.9291866359577;14.1;182.67;8.65;0.07061766524661087;0.056902647801479994;0.3875170988131721;3.4829131848986643;6.917774714021357;1.0876600202704458;0.02568214106009763;0.16949918593101246;3.482913184898712;3.879797416807672;1.0876600202704407;38751;59868;
10577;342;7966;82;68;12847;5.462493128938116;0.007826504921906794;19.372018456318404;9119;13.82;0.30;35.79;62.47475952162685;0.37;0.31;57.89;1.54;196.0;4.79;56.94;95.39;0.32;66.35;0.21;;;-1369;1551;28891;45400.0;79595;-2.916;2.1891916920000005;155437.0;0.7374255700246889;0.21172243845045144;0.4159549963919821;0.30955697577152735;68.92112619733776;1.54;196.0;4.79;0.05017807100582102;0.34220343315402874;0.223419406314018;3.575185180650153;0.7632456452004576;0.5584394636194582;0.12744770324909546;0.09995873299776528;3.575185180650268;0.42579715201649704;0.5584394636194695;39801;47674;
1005;563;8097;2;43;12011;0.9724279088346444;16.41009552883057;2.9697494324097384;1398;1.31;0.69;36.36;9.577441919521407;0.01;0.19;54.13;2.54;199.24;0.93;36.25;129.83;105.22;68.08;0.14;;;-4018;13965;27100;34750.0;72263;20.647;29.37059025;148078.0;0.8017765762286377;0.30623271265864677;0.011184743962822841;0.19370306190807987;64.43870201043151;2.54;199.24;0.93;105.21004546399145;0.011171769136904363;0.07998804169019673;0.1729952489008927;0.001250417810203467;0.707022431296447;0.0035777869682609314;0.04847413525986218;0.1729952489008976;0.0012504178102034928;0.7070224312964554;32138;52102;
39555;1671;7993;97;1;11423;6.17498403816702;0.010775154179912927;19.3690698070604;9117;51.67;1.43;35.81;62.465250127769785;0.44;0.01;51.48;7.53;196.66;3.57;45.60;123.02;0.39;69.21;0.01;;;-3159;-122;29251;45402.0;81665;-6.027;1.75489008;156196.0;0.8162060119076432;0.17174706211407212;0.4909417086383161;0.006691421065663368;61.280273415997414;7.53;196.66;3.57;0.06908274599367575;0.4207913525468992;0.00264610566266972;0.01102163064807614;4.621412221154295;1.1191127281550795;0.15263286914534208;0.001969769835834966;0.011021630648076309;2.287809051331552;1.119112728155091;39529;60501;
1530;281;8214;57;94;11549;1.0409403233246377;18.777173524361093;0.6026714368792204;284;2.00;0.32;36.89;1.943615383935486;0.26;0.42;52.04;1.27;202.12;1.03;33.31;136.47;120.62;63.50;0.42;;;-4472;15529;26838;33283.0;71390;24.049;33.423215758000005;147040.0;0.8175470698704675;0.32183619984323064;0.2868853127600227;0.42810782938401726;61.957553373474525;1.27;202.12;1.03;120.38609261673626;0.06486396586514226;0.007477723039556602;0.18626128826574134;0.09956505553439197;0.6827722906198055;0.049503360766579456;0.0074777230395568035;0.18626128826574315;0.09956505553439185;0.6827722906198208;31180;53347;
1607;77;8265;4;41;11583;0.96919214279208;15.42588664398525;3.95395831725506;1862;2.10;0.08;37.20;12.751515573147568;0.02;0.18;52.2;0.35;203.36;0.96;38.02;126.87;98.91;61.81;0.18;;;-3791;13023;27169;35527.0;72718;19.350;27.762632036000003;148437.0;0.7928166169824021;0.3041663372141113;0.020800712252861994;0.18630839326270246;62.14339179455626;0.35;203.36;0.96;98.89998704058263;0.01964111966902436;0.00888564149815982;0.6653143617129631;0.04254939956708775;0.23280162034484486;0.006976050206708851;0.008885641498159813;0.6653143617129776;0.041976220239764404;0.2328016203448522;32843;51756;
1572;271;8029;8;37;12676;1.297704848788677;14.312993386808731;5.0668515744315785;2385;2.05;0.30;36.11;16.34059632754184;0.03;0.17;57.12;1.22;197.56;1.22;38.95;124.47;91.79;68.94;0.12;;;-3632;12467;27314;36081.0;73096;17.704;25.88628111;148958.0;0.7898883464643048;0.29516727506685025;0.038363306876384354;0.17051979809610157;68.0047290968493;1.22;197.56;1.22;91.76489450084682;0.03622463943055101;0.10488556189170883;0.6116276706345573;0.12102788819729296;0.42393908863456714;0.01088722583934707;0.051761147835387634;0.6116276706345578;0.12102788819729367;0.4239390886345697;33134;51286;
37217;4675;6894;1;51;14463;18.000961959426657;0.0015505979492908897;19.37829436329102;9122;48.61;3.99;30.92;62.494999321613534;0.01;0.23;65.18;21.07;169.63;11.19;42.32;124.09;0.01;95.12;0.16;;;-3375;745;29484;44633.0;82111;-6.440;1.568213776;156973.0;0.8250371839365395;0.15614670237502215;0.006848361442674228;0.23272676166786357;77.59301091277801;21.07;169.63;11.19;0.009941348632288682;0.005644852828891815;0.14641882815464652;3.8778926359784944;13.178089627819771;0.792916014644854;0.0029336562365991133;0.07091256274034008;3.877892635978577;6.450763092710528;0.7929160146448556;37989;59604;
1607;31;8282;13;40;11525;2.587082267140637;2.1012087303754288;17.27863623086488;8134;2.10;0.03;37.24;55.72360184453924;0.06;0.18;51.94;0.14;203.79;2.55;58.55;92.22;13.51;59.57;0.17;;;-1161;3352;28536;44258.0;78095;0.968;5.752444389999999;154241.0;0.7247860782617055;0.23839558424515314;0.06421251794787455;0.18266270760492354;61.82905355160471;0.14;203.79;2.55;13.471479533055987;0.05659585814580047;0.013675707924040386;2.0579333459495373;0.017148070634433257;0.4417292844868255;0.020753779587039816;0.013675707924040468;2.0579333459495652;0.016903207192090684;0.4417292844868268;39139;45489;
1122;786;7881;13;26;12978;3.077201199557213;5.681241464448416;13.698603496791893;6448;1.46;0.88;35.45;44.17799627715386;0.06;0.12;58.48;3.54;193.91;3.01;51.40;101.88;36.47;71.83;0.08;;;-1965;6351;28235;41629.0;76581;5.734;11.591744519999999;152796.0;0.743247830092615;0.24860344017937194;0.06742532724121392;0.11732366820444741;69.62324887383042;3.54;193.91;3.01;36.42414340101813;0.0537112875618846;0.0709855925599314;2.267090968549871;0.309362981257245;0.3760503696282811;0.020521017164785788;0.03590981014670539;2.267090968549937;0.3093629812572563;0.3760503696282815;36964;47116;
1796;18;8263;4;53;11639;5.216599126755261;10.44865824048054;8.931186720759769;4204;2.35;0.02;37.10;28.803077174450255;0.02;0.24;52.45;0.08;203.32;5.13;45.09;113.64;67.00;57.43;0.17;;;-2823;9242;27685;38772.0;74973;12.454;19.515437362;150672.0;0.7635655185684049;0.27806176435540825;0.02260819313498384;0.24152686643439353;62.43933837854224;0.08;203.32;5.13;66.98948257719289;0.022238999249752745;0.1468434403569373;4.309560925905436;0.002972316290867566;0.7349834449522666;0.00714922547535706;0.07282679866133515;4.3095609259055125;0.002972316290867615;0.7349834449522715;35197;49501;
1105;52;8261;13;32;11629;3.8666464065806165;12.734639157902127;6.645205803338185;3128;1.44;0.05;37.01;21.430788715765647;0.06;0.14;52.41;0.23;203.27;3.77;41.97;119.20;81.69;59.72;0.10;;;-3238;11018;27443;37258.0;73937;15.666;23.300550146;149656.0;0.7756388661629531;0.29012251462349953;0.0645607377326395;0.14571858266046692;62.38989962496313;0.23;203.27;3.77;81.6455920330579;0.061520842413401534;0.09148038807617219;2.493254984960163;0.04517558644541189;1.175214604685468;0.02111283106837113;0.043597396424193524;2.49325498496019;0.03814373852030618;1.1752146046854943;34112;50358;
1220;3;8262;13;30;11672;2.5431387805457173;12.829038007037727;6.5508069542025815;3084;1.59;0.00;37.10;21.126352427303324;0.06;0.14;52.6;0.01;203.3;2.46;41.84;119.47;82.29;60.66;0.10;;;-3257;11126;27431;37211.0;73815;15.794;23.456846512;149583.0;0.7759765249182221;0.2908251454378873;0.06795476971299076;0.13829131621517704;62.617201389738824;0.01;203.3;2.46;82.25081137452099;0.06176833884541896;0.08538986432398632;1.660306439739907;0.0012210345436741274;0.7344531030927312;0.021129693622079518;0.04242776133183299;1.6603064397399343;0.0012040094147187182;0.7344531030927214;34079;50422;
1044;414;7947;58;55;12916;0.9831383596227243;13.787520443406201;5.592324517834108;2633;1.36;0.47;35.73;18.035246570014998;0.26;0.25;58.2;1.87;195.53;0.89;39.64;122.83;88.67;71.67;0.17;;;-3523;12246;27376;36368.0;73227;17.067;25.090246552;149217.0;0.7867415621519539;0.2921464576707324;0.2952434336079487;0.24872482244326458;69.2913787307452;1.87;195.53;0.89;88.39592981881017;0.01894044574464866;0.17428604542107334;0.17592905444386978;0.15958775340725195;0.4543950606058806;0.018940445744648624;0.07970616024012576;0.17592905444387197;0.15958775340725212;0.4543950606058866;33284;50882;
1170;78;7827;13;54;13951;3.272812419816407;2.7128432079180778;16.667001753322232;7846;1.53;0.09;35.17;53.751080654464204;0.06;0.25;62.87;0.35;192.58;3.16;56.53;94.28;17.44;72.38;0.17;;;-1358;4269;28513;43531.0;77685;1.690;6.725357154;153998.0;0.7322651128914786;0.2370480096095234;0.0665901058248595;0.2479734543389782;74.84353787885468;0.35;192.58;3.16;17.39285165892517;0.06264930207854169;0.14524769153068554;2.4833174663876783;0.028944114681242892;0.5526538451382587;0.02118923671563216;0.07425086185405294;2.483317466387774;0.02894411468124283;0.5526538451382679;38474;45732;
2419;131;8038;4;42;12766;1.9269532048801956;16.150900157207722;3.2289448040325874;1520;3.16;0.16;36.00;10.413346993005096;0.02;0.19;57.53;0.59;197.78;1.93;36.15;130.34;103.56;68.54;0.18;;;-4043;13726;27127;34862.0;72458;20.168;28.934972069999997;148173.0;0.8051552374504305;0.3043255293770777;0.018458093401449188;0.19200583475620384;68.48842062547182;0.59;197.78;1.93;103.54826617790587;0.0034111322316720707;0.007429078295859495;0.6891585606234659;0.014259399258201149;1.212695034470997;0.0030524670018281666;0.007429078295859506;0.6891585606234815;0.014259399258201483;1.21269503447102;32307;52477;
1480;464;8012;2;45;12572;2.4466882844850657;4.714426843773752;14.665418117466558;6903;1.93;0.57;35.88;47.29597342882965;0.01;0.2;56.65;2.09;197.15;2.40;53.24;99.45;30.23;69.29;0.15;;;-1759;5562;28311;42331.0;76971;4.425;10.011319032000001;153175.0;0.7388464144004645;0.24539652842100543;0.011184743962822841;0.20681275018602702;67.44591493629738;2.09;197.15;2.40;30.225604823486652;0.010754154117255353;0.09717386500644452;1.1119129490152493;0.0010301900012377652;1.2258171263448787;0.0035519076392618574;0.05477727631056366;1.1119129490152726;0.0010301900012377816;1.2258171263449127;37596;46797;
7123;178;8032;5;138;12658;1.6884286987391592;12.429483514374242;6.950361446866065;3272;9.30;0.21;35.97;22.41491566614306;0.02;0.62;57.04;0.8;197.62;1.65;39.42;124.45;79.71;68.75;0.50;;;-3596;10797;27561;37293.0;74222;14.603;22.764286556000002;149873.0;0.7925997581620314;0.2789177549073713;0.024952297308832538;0.626357031336574;67.90755943692966;0.8;197.62;1.65;79.68914765570759;0.003744536897458549;0.16230313206568575;0.2905493651235494;0.0201347874846286;1.211696877167837;0.003225241522354231;0.12137184078948778;0.2905493651235545;0.020134787484628797;1.2116968771678511;34043;52354;
1044;7;8943;104;131;7761;1.4048341158078683;9.912453109398937;9.467391851841374;4457;1.36;0.01;40.20;30.532338722188427;0.47;0.59;34.97;0.03;220.04;1.23;47.81;110.06;63.91;41.12;0.55;;;-2523;8416;27666;39612.0;75164;12.209;18.868851858;150858.0;0.7482699781969855;0.2838264906893506;0.5288564766424183;0.5955667467125024;41.63623242002568;0.03;220.04;1.23;63.551710620289406;0.32834968057642305;0.04045927389762875;0.47162456868286307;0.0035511860304104823;0.5608494066205428;0.14995742534526071;0.040459273897629607;0.4716245686828728;0.00351371033139223;0.5608494066205493;35999;48832;
1194;206;8968;46;54;7561;2.432042379906542;13.466238191759606;5.913606769480702;2784;1.56;0.18;40.35;19.071381831575263;0.21;0.24;34.07;0.93;220.66;2.16;42.42;119.58;86.54;39.80;0.23;;;-3234;10862;27311;37309.0;73866;16.989;24.635831955999997;149348.0;0.7672997679155024;0.3006755308212495;0.2313300789595001;0.24527004772380603;40.56118035563439;0.93;220.66;2.16;86.33609291882837;0.02311675205156162;0.019411429533950985;1.4651764857571907;0.5458988499603579;0.37843886260348086;0.023050213000879265;0.019411429533950676;1.4651764857572318;0.27740684525966103;0.378438862603482;34303;50542;
1746;479;7905;29;101;13064;1.9021945409579886;5.299594374448931;14.080250586791378;6628;2.28;0.59;35.61;45.408808142402194;0.13;0.45;58.87;2.16;194.49;1.64;51.97;101.24;34.07;71.74;0.31;;;-1905;6081;28263;41905.0;76677;5.238;11.020368146000001;152926.0;0.7423324773487087;0.24774001783535532;0.14545765075182396;0.45944059847729046;70.08420992141372;2.16;194.49;1.64;33.97728941290443;0.13953536165424374;0.31830425582589306;1.348197595423395;0.005771934752583332;0.09038539330187369;0.046157715229848656;0.14419022993613906;1.3481975954234269;0.005771934752583533;0.09038539330187202;37231;47136;
1369;173;7915;38;63;13339;0.8944799545132285;4.014741052607197;15.365103908633113;7233;1.79;0.18;35.61;49.552460105341794;0.17;0.28;60.11;0.78;194.76;0.78;54.46;97.51;25.91;72.32;0.20;;;-1610;5225;28374;42747.0;77071;3.532;8.912460828;153417.0;0.7363244343233685;0.243506503640528;0.1935481638044354;0.28725521011014143;71.56128487307788;0.78;194.76;0.78;25.739709310580523;0.02707841565472181;0.17255757253822446;0.1882320369976511;0.15361590977840311;0.352996019544228;0.024915142751093168;0.08521444641193285;0.18823203699765548;0.12955803350374356;0.35299601954423593;37911;46383;
1322;50;8086;16;68;12546;7.613867766826923;7.1290962287676045;12.250748732472706;5767;1.73;0.06;36.30;39.508664662224476;0.07;0.31;56.54;0.23;198.97;7.46;49.94;105.00;45.76;59.77;0.24;;;-2181;6953;28042;40817.0;76342;7.879;14.045919092000002;152154.0;0.7482132509175199;0.26071038206210206;0.0794173023710669;0.30954917329473436;67.30528051027554;0.23;198.97;7.46;45.706774651497746;0.07653306338243437;0.09598608656010577;6.678481184500431;0.00972249142293182;0.7531449409610205;0.024942313661598176;0.06681894656387746;6.60959217282817;0.00972249142293188;0.7531449409610221;36610;47816;
3461;319;8204;8;50;11663;1.6855294663329796;0.12244479626176602;19.257400164978545;9065;4.52;0.33;36.75;62.105115532055805;0.03;0.22;52.56;1.44;201.85;1.67;60.63;89.33;0.82;64.13;0.22;;;-921;1980;28778;45476.0;78931;-2.010;2.4567025340000006;155165.0;0.7225943237122344;0.22438978782804606;0.03881821551628292;0.22635465781258687;62.568220732074444;1.44;201.85;1.67;0.7850303222730605;0.0036762825371925395;0.006741285132831564;0.2527811556811463;0.22967852270760758;1.1926522202742016;0.0036236057131161757;0.006741285132831623;0.25278115568114784;0.21123082223241357;1.1926522202742438;39943;45252;
1245;40;8956;14;15;7866;1.0617063880676407;3.5613950803071477;15.818449880933164;7446;1.63;0.04;40.21;51.01450086600945;0.06;0.07;35.45;0.18;220.35;1.00;57.93;94.20;22.88;42.25;0.05;;;-1285;3810;28320;43773.0;77673;3.232;8.200011674;153576.0;0.7210294326745342;0.2517194791991783;0.06837894319936429;0.06801914043143548;42.19809397774444;0.18;220.35;1.00;22.833172278373215;0.06534349392856181;0.037049998994465934;0.16194130967708084;0.01667570280798711;0.7806958826595449;0.02136313335189914;0.019957250332889604;0.16194130967708134;0.01667570280798779;0.7806958826595619;38991;45920;
2186;133;8263;13;34;11536;1.5734221074889458;4.386321054015178;14.993523907225132;7058;2.85;0.16;37.04;48.35411460080105;0.06;0.15;51.99;0.6;203.32;1.56;54.30;98.50;28.18;62.26;0.12;;;-1662;5060;28312;42730.0;77163;4.031;9.49667174;153265.0;0.7352516600904629;0.24681159175884318;0.0645607377326395;0.15550544217697732;61.88724137683743;0.6;203.32;1.56;28.12202017360751;0.0063264095783937884;0.044854112489055145;0.4187639241107763;0.023167387196887726;1.0803102741138328;0.006323756690821929;0.031689382132822214;0.41876392411077745;0.023167387196887653;1.0803102741138346;38025;46804;
2171;4;8262;13;33;11670;1.3192250983739497;3.5041634018580505;15.87568155938226;7473;2.84;0.00;37.10;51.199073029007785;0.06;0.15;52.59;0.02;203.3;1.24;55.86;96.18;22.51;62.11;0.10;;;-1477;4427;28396;43317.0;77482;2.824;8.038115348;153622.0;0.7313834904752743;0.24340191582564588;0.0645607377326395;0.149096721323608;62.608062505697355;0.02;203.3;1.24;22.46624281833252;0.054923206514819814;0.09230585466023308;0.4405547169648379;6.308521402592612E-4;0.7308104680937996;0.0206215016557452;0.04562332699349712;0.44055471696484777;6.308521402592754E-4;0.7308104680938329;38468;46361;
1810;8;8269;8;97;11572;1.1374193591353488;15.847278730621484;3.5325662306188277;1663;2.36;0.01;37.12;11.392526093745719;0.03;0.44;52.15;0.04;203.45;1.11;37.38;128.24;101.63;61.82;0.39;;;-3886;13331;27125;35239.0;72571;19.955;28.504475684000003;148266.0;0.7966329966329966;0.3065457309052872;0.03901075772117402;0.44326063701227697;62.081490756347925;0.04;203.45;1.11;101.60165812563352;0.038377673289425665;0.058174071621541854;0.25881069612106566;0.00697639202186928;0.7750805260814463;0.010996662364252674;0.056620171866681064;0.25881069612106516;0.006186558199990001;0.7750805260814685;32663;52047;
1220;511;8279;4;41;11070;2.7424742907785884;11.485757873728877;7.894087087511431;3716;1.59;0.60;37.18;25.458430857224364;0.02;0.18;49.89;2.3;203.72;2.73;43.53;116.13;73.65;60.51;0.16;;;-3017;10130;27591;38102.0;74412;13.904;21.228993753999998;150235.0;0.7677437968840161;0.2819453678623833;0.021775036897895738;0.1854166523572718;59.389174529685924;2.3;203.72;2.73;73.63863945583795;0.020178334949357963;0.02248409872043511;1.8729297849038067;0.09092569730453047;0.735956374900458;0.007014758965079251;0.02210957708773945;1.8729297849038358;0.09092569730453273;0.7359563749004772;34613;49810;
1557;3;8282;41;325;11246;1.880863361343935;4.19590492289416;15.18394003834615;7148;2.03;0.00;37.11;48.96820662366633;0.18;1.47;50.68;0.01;203.77;1.76;55.03;97.40;27.10;59.97;1.18;;;-1576;4966;28318;42864.0;77214;4.105;9.451084454;153362.0;0.7332243013131946;0.24969331353222318;0.20546526830237866;1.4800957907008094;60.33167286008132;0.01;203.77;1.76;26.901205232151327;0.0036858085041461355;0.41773549293595397;0.31977659833121935;0.001865378483356004;1.1378000830892596;0.0036858085041462105;0.30162368051106275;0.3197765983312201;0.0016090874645280804;1.1378000830893065;38158;46489;
37969;123;7997;114;19;12912;5.4628370105617226;0.011014562607678765;19.368830398632632;9117;49.59;0.11;35.82;62.46447803559024;0.52;0.09;58.19;0.55;196.77;4.98;46.84;120.86;0.45;65.77;0.06;;;-3000;-101;29161;45402.0;81378;-5.731;1.8257555120000002;155840.0;0.8117134559535334;0.17801899468427906;0.5787157817164411;0.08595198665637177;69.27055832829049;0.55;196.77;4.98;0.07061766524661087;0.505610762763396;0.06279241172778934;3.4501093539508854;0.27268779497877976;1.1716366871408712;0.18100490929990443;0.028702065735195396;3.4501093539509355;0.152096839480328;1.171636687140889;39873;59743;
1248;146;8262;14;31;11529;1.0203702798376701;2.4056390017728613;16.974205959467447;7990;1.63;0.16;37.10;54.741814219282524;0.06;0.14;51.95;0.66;203.3;0.97;58.06;92.79;15.48;62.60;0.10;;;-1213;3707;28506;44036.0;77849;1.393;6.244715308;154098.0;0.7256590340581106;0.23923889148073263;0.06851956147840112;0.14215964010114587;61.85020485698637;0.66;203.3;0.97;15.423273332066344;0.013049101088538108;0.09196439757801919;0.1188432141157888;0.06656343775604093;0.729950129299283;0.010558180427608081;0.043684426277238224;0.1188432141157901;0.06656343775604184;0.7299501292992833;38954;45529;
1147;62;8262;7;101;11550;3.4014142187256766;1.2395059945263711;18.140338966713937;8539;1.50;0.07;37.02;58.50259316765245;0.03;0.46;52.05;0.28;203.29;3.23;60.14;89.91;7.97;60.11;0.32;;;-976;2779;28624;44787.0;78454;-0.170;4.363973452;154644.0;0.7220885466794995;0.23480676189576838;0.033804447734949;0.459699197402571;61.96326916965373;0.28;203.29;3.23;7.946844782706924;0.032016028018572784;0.292906549410924;1.8963115731245455;0.013348701017533892;1.1668313671541009;0.0106399785636929;0.14183804299692584;1.8963115731245832;0.013348701017533998;1.1668313671540969;39521;44965;
1155;150;8262;2;95;11471;3.2045444151559663;12.023352247082121;7.356492714158188;3463;1.51;0.17;37.01;23.724689003160158;0.01;0.43;51.7;0.68;203.3;3.20;42.92;117.40;77.09;60.24;0.42;;;-3106;10539;27521;37724.0;74186;14.725;22.175922856;149970.0;0.7715481976996006;0.2863436610983518;0.011281073510365822;0.43255368652458304;61.54174370296792;0.68;203.3;3.20;77.0853182617176;0.010238444829318192;0.01288229614666895;1.8834112915294212;0.05486139839064884;1.2431509842599093;0.0035177790588682713;0.012882296146669022;1.8834112915294052;0.05486139839065018;1.2431509842599324;34426;50049;
1253;133;8263;13;26;11544;3.063795310011775;1.730144255214684;17.649700706025627;8308;1.64;0.16;37.10;56.92028477693264;0.06;0.12;52.02;0.6;203.32;2.98;59.22;91.15;11.13;60.21;0.08;;;-1080;3115;28577;44481.0;78251;0.453;5.125686196;154424.0;0.7233500096209352;0.23633291513037907;0.0645607377326395;0.11791606804062395;61.93154313921242;0.6;203.32;2.98;11.092473863457903;0.06256189554417352;0.07293099060829948;2.174621119733407;0.023167387196887726;0.7305139169290078;0.021183371014136664;0.03631359975093073;2.1746211197334544;0.023167387196887653;0.7305139169290201;39276;45215;
1027;91;8270;101;120;11365;1.4824346886680386;10.470068716028646;8.909776245211665;4194;1.34;0.10;37.04;28.734028390807616;0.45;0.54;51.22;0.41;203.48;1.47;45.33;113.12;67.56;61.42;0.54;;;-2788;9546;27673;38745.0;74676;12.738;19.747120993999996;150640.0;0.7624386488307189;0.2796793468824644;0.5110805408064948;0.5484236987323484;60.97238978452958;0.41;203.48;1.47;67.12675155907446;0.08414679646409365;0.008351241828633352;0.10389407135848985;0.03310956118058197;1.25293301783624;0.0725139428864348;0.00835124182863355;0.10389407135849046;0.03310956118058181;1.2529330178362672;35176;49271;
1191;92;8272;12;32;11529;1.0640068070028519;1.7751807667475579;17.604664194492752;8287;1.56;0.10;37.14;56.77504202723913;0.06;0.15;51.95;0.42;203.54;0.98;59.22;91.17;11.42;62.25;0.10;;;-1080;3245;28567;44456.0;78097;0.533;5.206686196;154365.0;0.7233070411696805;0.23679127631223168;0.06275732302479739;0.14691405064383503;61.850706673398804;0.42;203.54;0.98;11.381216449848619;0.06014753708434125;0.09036582803646828;0.15060260331061967;0.03207199417606428;0.7308188443953584;0.02101696869669327;0.045228286006717196;0.15060260331061975;0.03207199417606503;0.7308188443953659;39271;45210;
1810;8;8269;8;97;11572;1.1374193591353488;15.847278730621484;3.5325662306188277;1663;2.36;0.01;37.12;11.392526093745719;0.03;0.44;52.15;0.04;203.45;1.11;37.38;128.24;101.63;61.82;0.39;;;-3886;13331;27125;35239.0;72571;19.955;28.504475684000003;148266.0;0.7966329966329966;0.3065457309052872;0.03901075772117402;0.44326063701227697;62.081490756347925;0.04;203.45;1.11;101.60165812563352;0.038377673289425665;0.058174071621541854;0.25881069612106566;0.00697639202186928;0.7750805260814463;0.010996662364252674;0.056620171866681064;0.25881069612106516;0.006186558199990001;0.7750805260814685;32663;52047;
1253;136;8262;13;26;11544;3.143251830121229;2.3606024902693457;17.019242470970966;8011;1.64;0.15;37.09;54.88705696888136;0.06;0.12;52.02;0.62;203.3;3.07;58.14;92.68;15.18;60.18;0.08;;;-1204;3567;28513;44066.0;78007;1.324;6.163609852;154153.0;0.7255496223601289;0.23914876863715362;0.06446755133049706;0.11842562529754518;61.931041322799985;0.62;203.3;3.07;15.134530745863854;0.06139404903993722;0.07175614881487943;2.1746034993010164;0.062322452564128925;0.7731756804012673;0.02110416973496295;0.036071283499170964;2.174603499301061;0.062322452564129736;0.7731756804012928;38977;45512;
7123;178;8032;5;93;12703;1.6369911335312801;12.36256733691067;7.0172776243296395;3304;9.30;0.21;35.97;22.630720338463085;0.02;0.42;57.24;0.8;197.62;1.61;39.51;124.26;79.28;68.99;0.34;;;-3583;10747;27567;37337.0;74245;14.477;22.619542918;149896.0;0.7921160822249094;0.2782554905731135;0.024952297308832538;0.4225035930289693;68.14781527493504;0.8;197.62;1.61;79.26012796713539;0.0047673577705605544;0.10948014155964567;0.29157732403973635;0.019469432993500697;1.211696877167837;0.003710941988756186;0.08201863767083495;0.2915773240397443;0.019469432993501283;1.2116968771678511;34075;52322;
1365;259;7901;36;10;13388;0.6442141034874243;15.233570720183392;4.1462742410569176;1952;1.78;0.29;35.54;13.37173442740856;0.16;0.05;60.33;1.17;194.4;0.64;37.50;127.10;97.83;73.23;0.04;;;-3828;13311;27227;35391.0;72621;18.974;27.4268175;148550.0;0.7977898410236526;0.29937799207407706;0.18007452922638895;0.046031275790231516;71.82711676268003;1.17;194.4;0.64;97.66699195831178;0.013120241460622564;0.008755305876856818;0.15286221051520274;0.1179295231721866;0.35154682246255553;0.013120241460622873;0.007751633610617;0.15286221051520504;0.11792952317219044;0.35154682246255875;32600;51673;
1016;187;8267;8;259;11237;2.957845513429721;7.682238393955916;11.697606567284394;5507;1.33;0.21;37.03;37.72478117949217;0.04;1.17;50.64;0.84;203.42;2.55;49.53;105.90;49.28;60.45;0.82;;;-2244;7465;27966;40570.0;75882;8.830;15.087084554;151883.0;0.7479428323949762;0.2652580024831524;0.03995119797763629;1.1797607460341477;60.28776461699761;0.84;203.42;2.55;49.25313501516956;0.03630561418855286;0.7414480442737484;0.856811837513891;0.06332038100139312;1.259959636452135;0.013722365910848765;0.36008631911660766;0.8568118375138956;0.0633203810013939;1.2599596364521397;36465;47959;
1220;89;8263;13;32;11582;2.9226120534052265;11.559848992068881;7.819995969171431;3681;1.59;0.11;37.10;25.219487000577864;0.06;0.14;52.19;0.4;203.31;2.83;43.64;116.12;74.16;60.32;0.10;;;-3011;10194;27565;38044.0;74350;14.035;21.354973752;150153.0;0.7685203001731769;0.2839149539694941;0.0645607377326395;0.14571858266046692;62.13449205312662;0.4;203.31;2.83;74.11365984285122;0.06429556815485697;0.08963050385382736;2.018641009491598;0.01553779662085898;0.7345071752840854;0.021296857244490302;0.04325858699369171;2.0186410094916036;0.015537796620859301;0.73450717528409;34658;49829;
1264;563;8097;2;43;12011;2.9596974139644674;9.875852375942115;9.503992585298194;4474;1.65;0.69;36.36;30.65037608758668;0.01;0.19;54.13;2.54;199.24;2.92;45.46;112.36;63.32;65.71;0.14;;;-2746;9149;27776;39029.0;74994;11.600;18.543824628000003;150948.0;0.761900164140195;0.27170698276442734;0.011184743962822841;0.19370306190807987;64.43870201043151;2.54;199.24;2.92;63.317052337877676;0.011171769136904363;0.08174482591547763;2.1585079698054352;0.001250417810203467;0.707022431296447;0.0035777869682609314;0.04900967656846765;2.1585079698054375;0.0012504178102034928;0.7070224312964554;35213;49115;
1366;1;8282;9;502;11100;2.4091443051929433;9.149456628245895;10.230388332994416;4816;1.78;0.00;37.23;32.99300237390699;0.04;2.26;50.02;0.0;203.78;1.40;47.30;109.78;58.70;59.36;1.53;;;-2534;8525;27808;39640.0;75278;11.001;17.660399139999996;151251.0;0.7551560021152829;0.27461477088938396;0.04433665896823488;2.2854334875857125;59.551234512931245;0.0;203.78;1.40;58.65991128067291;0.009557515200545343;1.7500455701999702;0.16900322539056326;4.1624596517095004E-4;0.48012174843669364;0.007431838913875035;0.7453563557173883;0.16900322539056536;0.0;0.48012174843670036;35827;48724;
1984;45;8262;13;32;11629;0.7737849098570209;0.9542257463092515;18.425619214931057;8673;2.59;0.05;37.19;59.42262196815266;0.06;0.14;52.41;0.2;203.3;0.69;60.29;89.78;6.16;62.23;0.10;;;-961;2611;28657;45001.0;78445;-0.674;3.843400722;154714.0;0.7215944607395297;0.23231287058833347;0.0645607377326395;0.14571858266046692;62.38989962496313;0.2;203.3;0.69;6.117827527312504;0.06343794442196571;0.08963050385382736;0.3690672406469484;0.016774599249271088;0.23487462168500825;0.021241400319938875;0.04325858699369171;0.369067240646954;0.016774599249271056;0.2348746216850075;39659;45075;
1984;45;8262;13;32;11629;2.4328813487404233;1.1123268920808884;18.267518069159422;8599;2.59;0.05;37.19;58.912745773039134;0.06;0.14;52.41;0.2;203.3;2.34;60.02;90.16;7.17;60.25;0.10;;;-993;2639;28644;44898.0;78493;-0.456;4.103631635999999;154674.0;0.7221233831802665;0.23314462745074271;0.0645607377326395;0.14571858266046692;62.38989962496313;0.2;203.3;2.34;7.131461403198199;0.06350646000325219;0.08963050385382736;2.031655342394931;0.020255252780908107;0.22783378970750512;0.02124586790041327;0.04325858699369171;2.0316553423949717;0.020255252780908027;0.22783378970750393;39585;45149;
1155;150;8262;88;16;11465;3.536268766002011;0.5049048213063875;18.874940139933923;8885;1.51;0.17;37.02;60.871681951286895;0.39;0.07;51.67;0.68;203.3;3.27;61.36;88.20;3.52;60.21;0.07;;;-837;2264;28704;45268.0;78761;-1.173;3.1731152479999998;154997.0;0.719730510105871;0.23123097670276674;0.44380831992654873;0.07201777785017441;61.5083881080599;0.68;203.3;3.27;3.237096280841642;0.40502037990358164;0.0021448305054226737;1.8823904835330039;0.05475952465290515;1.1919535474070972;0.13758187680793757;0.002144830505422682;1.8823904835330183;0.05475952465290591;1.1919535474071496;39848;44625;
1318;252;7975;5;217;12816;1.335998274061322;18.03967557366445;1.3401693875758613;631;1.72;0.28;35.84;4.322046274932153;0.02;0.98;57.75;1.14;196.22;1.24;33.89;134.73;115.68;69.83;0.78;;;-4363;15236;26932;33600.0;71585;22.989;32.202201202000005;147353.0;0.8160875036298519;0.3164576225125511;0.02620065137411045;0.9896891329152225;68.75412152967121;1.14;196.22;1.24;115.65777200543488;0.003754065723677806;0.30449998677315904;0.38849897501626884;0.12136356395527129;0.5178816825929451;0.0032301280737265705;0.21165944112477103;0.38849897501627345;0.12127106681245617;0.5178816825929521;31340;52968;
1318;252;7975;109;114;12816;1.1566840248095365;17.021968664556155;2.3578762966841555;1110;1.72;0.28;35.84;7.604151056806401;0.49;0.51;57.75;1.14;196.22;1.15;35.24;131.87;109.60;69.83;0.48;;;-4162;14537;27037;34267.0;71975;21.643;30.571046632;147816.0;0.8087794018004066;0.31105670816228403;0.5506290187319249;0.5182333279167832;68.75412152967121;1.14;196.22;1.15;109.13294769906888;0.07889489067155091;0.03826463353054281;0.38849897501626884;0.12136356395527129;0.5296619616359027;0.07229725242879115;0.03826463353054284;0.38849897501627345;0.12127106681245617;0.5296619616359058;31819;52489;
2351;83;8272;39;4;11540;0.5584811686400076;15.307631178126496;4.072213783113816;1917;3.07;0.09;37.26;13.132889450542057;0.17;0.02;52.01;0.37;203.54;0.42;37.90;127.19;98.27;62.15;0.01;;;-3810;12912;27188;35613.0;72789;19.109;27.552290220000003;148502.0;0.7935493174389541;0.3025932876302597;0.1957258021823223;0.017144773214933563;61.911336799351965;0.37;203.54;0.42;98.1418157723224;0.19308029200186927;0.011934574947737963;0.22998642863254892;0.033972002652180415;0.08950787040567107;0.061011536011838965;0.006006700586702906;0.22998642863255145;0.033972002652180706;0.08950787040567408;32903;51950;
1248;31;8262;13;32;11646;4.806073746767783;11.940525293555979;7.439319667684332;3502;1.63;0.04;37.10;23.99180592828197;0.06;0.14;52.48;0.14;203.29;4.72;43.10;117.13;76.60;58.02;0.10;;;-3085;10370;27527;37793.0;74321;14.562;21.98543558;150011.0;0.7707812199345776;0.2862472196383802;0.0645607377326395;0.14571858266046692;62.47796269189727;0.14;203.29;4.72;76.55428981457545;0.061007179706308326;0.09055570285912086;3.9201264633016564;3.616732381623035E-4;0.7340227276625364;0.021077402784019157;0.04342908228773294;3.9201264633017163;3.61673238162301E-4;0.7340227276625333;34491;50015;
1318;252;7975;109;114;12816;1.1566840248095365;17.021968664556155;2.3578762966841555;1110;1.72;0.28;35.84;7.604151056806401;0.49;0.51;57.75;1.14;196.22;1.15;35.24;131.87;109.60;69.83;0.48;;;-4162;14537;27037;34267.0;71975;21.643;30.571046632;147816.0;0.8087794018004066;0.31105670816228403;0.5506290187319249;0.5182333279167832;68.75412152967121;1.14;196.22;1.15;109.13294769906888;0.07889489067155091;0.03826463353054281;0.38849897501626884;0.12136356395527129;0.5296619616359027;0.07229725242879115;0.03826463353054284;0.38849897501627345;0.12127106681245617;0.5296619616359058;31819;52489;
2251;320;8285;101;49;11123;1.4343623970701271;5.015388899252271;14.364456061988038;6762;2.94;0.38;37.23;46.325370799911425;0.46;0.22;50.13;1.44;203.86;1.29;53.20;100.12;32.51;61.20;0.21;;;-1791;5503;28255;42348.0;76935;4.987;10.62787176;153041.0;0.7370799480794192;0.2500056935996523;0.5117567428654379;0.22462689894041668;59.67513371786404;1.44;203.86;1.29;32.15516284977608;0.28742115488046616;0.015731128142363555;0.4737803963618122;0.0681994042576284;0.5892303134278569;0.14077725055011187;0.015731128142363885;0.4737803963618107;0.06819940425763056;0.589230313427858;37706;47103;
2906;3;8270;102;122;11451;3.6989688813340464;10.871200478804791;8.50864448243552;4006;3.80;0.00;37.04;27.44037845585455;0.46;0.55;51.6;0.02;203.48;3.38;43.99;115.79;70.13;59.23;0.36;;;-2975;9620;27650;38484.0;74779;13.071;20.348637382000003;150533.0;0.768838417861611;0.27947580480776674;0.5153941323014867;0.5540091630213242;61.43297849324034;0.02;203.48;3.38;69.69852762976116;0.08485700723632447;0.49350368422019897;1.8672987033861435;5.347860191728684E-4;1.2527747004722065;0.0735306398262356;0.18820681904654588;1.8672987033861759;5.347860191728766E-4;1.252774700472207;35007;50105;
1155;117;7824;8;339;13651;1.4409898334006996;0.10243067840293894;19.27741428283737;9074;1.51;0.13;35.18;62.169661062150524;0.03;1.53;61.52;0.53;192.51;1.44;60.99;87.96;0.69;72.84;1.50;;;-844;2506;28780;45242.0;78596;-1.647;2.695727982;155124.0;0.7231986793552145;0.22756658887916797;0.03881821551628292;1.5423238139154973;73.2333890581707;0.53;192.51;1.44;0.6567138084447625;0.004971080371067686;0.04593342455258484;0.945288766288972;0.043000180969420806;0.40179638121865446;0.004501507210378441;0.04593342455258492;0.9452887662889787;0.043000180969421264;0.4017963812186626;39692;44494;
1264;404;8201;2;32;11618;2.941039732185815;9.875852375942115;9.503992585298194;4474;1.65;0.47;36.82;30.65037608758668;0.01;0.14;52.36;1.82;201.78;2.93;45.80;112.02;63.32;62.44;0.12;;;-2713;9039;27759;39102.0;75022;11.651;18.55212644;150922.0;0.7602119460500963;0.27338443236029714;0.011184743962822841;0.1435742543846885;62.329638171499475;1.82;201.78;2.93;63.317052337877676;0.01099884074110984;0.019057595334170913;2.0878605023187955;0.1070903753870886;0.7160324184046502;0.003567240315402669;0.01842089321774409;2.0878605023188097;0.10709037538708978;0.7160324184046738;35331;49076;
1044;7;8943;104;73;7819;2.502868033194701;9.912453109398937;9.467391851841374;4457;1.36;0.01;40.20;30.532338722188427;0.47;0.33;35.24;0.03;220.04;2.50;47.81;110.06;64.01;39.79;0.31;;;-2523;8353;27667;39612.0;75237;12.185;18.844851858;150869.0;0.7482699781969855;0.28368599659471483;0.5288564766424183;0.3309121237811537;41.948146797051905;0.03;220.04;2.50;63.551710620289406;0.06576141000946073;0.02248020784573913;1.850225822688548;0.0035511860304104823;0.5608494066205428;0.06309313866666579;0.02248020784573945;1.8502258226885306;0.00351371033139223;0.5608494066205493;35999;48832;
1270;185;8262;98;6;11432;3.5879793314574058;0.445165153376008;18.934679807864303;8913;1.66;0.21;37.02;61.064342380362376;0.44;0.03;51.52;0.83;203.29;3.29;61.38;88.16;3.17;60.25;0.03;;;-834;2215;28713;45308.0;78799;-1.270;3.0718388840000004;155035.0;0.7196342637151106;0.23061376962487387;0.49372221174786074;0.027145693283540363;61.33111937701597;0.83;203.29;3.29;2.8540873478396;0.4510698470588291;8.145181231572934E-4;1.8769653865241405;0.06720586969187002;1.1919237100594091;0.15482176107977863;8.145181231573063E-4;1.8769653865241733;0.06720586969187134;1.1919237100594378;39868;44638;
34582;342;7966;82;68;12847;5.441042685438598;0.00796855712267131;19.37187640411764;9119;45.17;0.30;35.80;62.474301403279384;0.37;0.31;57.89;1.54;196.0;4.76;47.71;117.51;0.32;66.35;0.21;;;-2807;113;29139;45400.0;81163;-5.399;1.8552336780000003;155815.0;0.7997870074547392;0.18090767590220852;0.4159549963919821;0.30955697577152735;68.92112619733776;1.54;196.0;4.76;0.05108881028058257;0.34220343315402874;0.22614752528717838;3.575185180650153;0.7632456452004576;0.5342609011467803;0.12744770324909546;0.10035951499834529;3.575185180650268;0.42579715201649704;0.5342609011467905;39801;58084;
2251;320;8285;101;49;11123;1.4692715394680023;4.990039223296218;14.389805737944092;6774;2.94;0.37;37.23;46.4071235048697;0.46;0.22;50.13;1.44;203.86;1.32;53.25;100.05;32.35;61.15;0.20;;;-1786;5483;28258;42366.0;76948;4.952;10.58468085;153055.0;0.7369837988558243;0.24992485711999265;0.5117567428654379;0.22462689894041668;59.67513371786404;1.44;203.86;1.32;31.992638472319044;0.28742115488046616;0.022517558128585347;0.4737803963618122;0.0963221166692815;0.5892303134278569;0.14077725055011187;0.02251755812858554;0.4737803963618107;0.09632211666928157;0.589230313427858;37718;47089;
2932;80;8777;8;143;8680;4.020693426358699;19.334607877349328;0.04523708389098274;22;3.83;0.09;39.44;0.14588959554841935;0.03;0.64;39.12;0.36;215.95;4.00;33.33;137.83;123.99;43.17;0.54;;;-4532;15086;26740;33324.0;71674;24.866;34.34893939399999;146824.0;0.8141946532204358;0.32931988000571355;0.0392579407024818;0.6507602361405768;46.567811772673586;0.36;215.95;4.00;123.95997148404973;0.005053201280976065;0.1261429064699419;3.2603661444806575;0.04279230731280767;0.5863388668143157;0.0045450590186174615;0.1063523979899882;3.2603661444806864;0.04232096011450609;0.5863388668143416;31414;53958;
37786;6588;7301;2;96;10283;4.923887191611174;0.002161018764238749;19.37768394247607;9122;49.36;7.10;32.81;62.493030714485336;0.01;0.43;46.34;29.69;179.64;4.76;41.54;125.28;0.02;94.02;0.32;;;-3470;615;29526;44933.0;81620;-6.563;1.572991972;156694.0;0.8193919151235325;0.15054540716386458;0.00893465367303899;0.43809455659683844;55.16597720149234;29.69;179.64;4.76;0.01385493960316389;0.0067716867011977915;0.22026282404770742;0.5050271039556946;3.707158115800128;0.48466746110644626;0.0031555541265199214;0.1207497882864081;0.5050271039557006;3.6455994316008984;0.4846674611064512;37897;59818;
35599;46;8742;4;28;9024;1.477528590052513;0.02916583120100104;19.35067913003931;9109;46.50;0.06;39.21;62.405940194376775;0.02;0.13;40.67;0.21;215.09;1.45;49.33;116.89;0.21;48.24;0.09;;;-2696;-578;29058;45927.0;81255;-5.277;1.857848194;155662.0;0.7915615029287109;0.18714361939493399;0.021616505025420032;0.12781991741326593;48.41086181179717;0.21;215.09;1.45;0.18699089357897797;0.0035768731734719564;0.06444108927080852;0.39920219412905916;0.0016253366106134327;1.0086830968685598;0.003139260586016198;0.03594688985725776;0.39920219412905084;0.001625336610613488;1.0086830968685792;40481;58439;
1363;167;9043;2;94;7191;2.488606003690637;12.541731245525183;6.83811371571513;3219;1.78;0.18;40.73;22.052916733181295;0.01;0.42;32.41;0.75;222.52;2.34;43.88;117.06;80.42;37.23;0.29;;;-3043;10075;27399;37974.0;74274;15.687;23.070657384000004;149722.0;0.7609096496619545;0.29632067224280345;0.01068409522986745;0.42684512742023945;38.578792612425154;0.75;222.52;2.34;80.4088015344356;0.00537653498140586;0.2760621239739882;1.977167223778169;0.09108883035135658;0.13891129060571772;0.002871317686433058;0.1310834589616005;1.97716722377819;0.08987133749265322;0.13891129060572202;34807;50142;
1068;19;8741;6;49;9034;0.989484294729051;18.9471026786497;0.43274228259061326;204;1.40;0.02;39.37;1.3955938613547278;0.03;0.22;40.71;0.09;215.07;0.94;34.51;134.98;121.50;47.69;0.17;;;-4345;15086;26756;33567.0;71484;24.445;33.651633918;146893.0;0.8065191529859623;0.32849192051786946;0.02883087911428146;0.22170562572864602;48.46410998771431;0.09;215.07;0.94;121.47555940362682;0.003066804573380703;0.0782991093701157;0.7280120494601225;0.046553682611594774;0.13355264871383732;0.0030668045733807116;0.05133297165949726;0.7280120494601395;0.025388122418228406;0.13355264871383735;31581;53117;
2974;19;8741;6;48;9034;2.712924133844845;18.58661446041048;0.7932305008298288;374;3.88;0.02;39.37;2.558168365176198;0.03;0.22;40.71;0.09;215.07;2.69;34.27;135.75;119.19;45.62;0.17;;;-4388;14623;26816;33799.0;71866;23.749;33.025950286;147104.0;0.8090411610754223;0.3245424146535637;0.02883087911428146;0.2192281903971184;48.46702982221217;0.09;215.07;2.69;119.16436129002972;0.003066804573380703;0.07742416098148937;2.4868182366933476;0.01206228288279029;0.13355264871383732;0.0030668045733807116;0.05101038369805286;2.486818236693415;0.01170378349331739;0.13355264871383735;31751;53606;
3174;21;9060;1;4;7336;0.14337074137905317;6.709655724758416;12.670189236481894;5964;4.15;0.02;40.82;40.86136028765411;0.01;0.02;33.06;0.1;222.93;0.12;52.18;103.35;43.02;39.40;0.01;;;-1991;5858;28005;41810.0;76536;7.411;13.351966324000001;152209.0;0.7350189035916824;0.26495278610549844;0.005951764566412313;0.018484100670433552;39.35515733130546;0.1;222.93;0.12;43.017615748143626;8.970021097274587E-4;0.00851591856513176;0.052768551278334755;0.05202178427181574;0.029167485154043476;8.970021097274872E-4;0.005131924097001143;0.05276855127833485;0.02828388986323579;0.029167485154044024;37598;48009;
5953;1;8737;4;40;9084;4.664427027688101;3.976800376804197;15.403044584436113;7251;7.78;0.00;39.31;49.67481878480647;0.02;0.18;40.94;0.0;214.97;4.63;54.54;99.55;25.51;43.70;0.13;;;-1691;3850;28349;43357.0;77961;3.260;8.797355372;153517.0;0.7334475700890095;0.2452379426315353;0.02162197289048151;0.18188859803172236;48.73305764315375;0.0;214.97;4.63;25.49646025580475;0.007913496501488709;0.08094116846600957;4.229884004669811;1.738160881407497E-4;0.34551454196265025;0.004942350804970748;0.04747210440021455;4.229884004669873;0.0;0.34551454196265674;38628;47767;
4775;158;9125;0;15;6838;2.4794485576351306;7.878186730996243;11.501658230244066;5414;6.24;0.18;41.06;37.092847792537114;0.0;0.07;30.81;0.71;224.52;2.47;49.68;107.70;50.51;35.19;0.05;;;-2313;6427;27905;41081.0;76372;8.871;15.263511823999998;151785.0;0.7429191842900302;0.2685416930339623;0.0018606576220226978;0.06629572143368126;36.6827352757128;0.71;224.52;2.47;50.50941858843621;1.9189135446490724E-4;0.02804145839650041;2.0999726808778645;0.04386890968378776;0.30737361732251317;0.0;0.017410203138325996;2.0999726808779027;0.04386890968378826;0.30737361732252005;37070;49117;
3528;25;9041;2;25;7416;1.566222331718879;0.5270361029262047;18.852808858314106;8874;4.61;0.02;40.70;60.80030856806299;0.01;0.11;33.42;0.11;222.45;1.54;62.33;88.53;3.39;38.44;0.10;;;-800;1350;28647;45837.0;79089;-1.153;3.1772115940000005;154923.0;0.7133535086060148;0.2361211257753188;0.009409304826192257;0.11574920222153896;39.78791164206896;0.11;222.45;1.54;3.3789865666907763;0.0054126981433341445;0.01656394407609467;1.2423292089991478;0.05126837834338633;0.2506481021569162;0.002879982026079588;0.015544018443341166;1.2423292089991689;0.029529738452270745;0.2506481021569162;40492;45236;
8582;57;9037;1;50;7382;0.5099025330665259;11.792296174615311;7.5875487866250015;3572;11.21;0.07;40.67;24.46984483686563;0.0;0.22;33.27;0.26;222.36;0.51;42.09;121.54;75.61;39.78;0.20;;;-3326;9209;27543;38457.0;74898;13.889;21.704891961999998;150107.0;0.773847245211634;0.28328804253850165;0.005398999951511737;0.22691176954494757;39.60599565150291;0.26;222.36;0.51;75.60394846431113;0.0026051985105034433;0.03057429114274442;0.17219236124305404;0.008006807585263905;0.2965238745849601;0.0;0.029390552246550006;0.1721923612430611;0.008006807585263865;0.29652387458496526;35179;52289;
6710;70;8737;2;62;8995;1.032072576779688;0.024103139924070732;19.35574182131624;9111;8.76;0.07;39.32;62.42226737374487;0.01;0.28;40.54;0.32;214.97;0.86;60.85;90.56;0.16;48.17;0.19;;;-960;1155;28761;45946.0;79339;-2.272;2.28266253;155201.0;0.7206568300809139;0.22572128430602004;0.008631309468893442;0.2810955674722484;48.256682906076165;0.32;214.97;0.86;0.1545324609951947;0.0014868410852719562;0.24121046859477543;0.3967290498155177;0.08690503171416797;0.3057411855699549;0.0014010420533092562;0.09493577650324879;0.3967290498155259;0.06397921063660025;0.3057411855699625;40474;46166;
3097;44;8748;6;20;8998;0.42175397963030503;8.211913704763672;11.167931256476638;5257;4.04;0.04;39.37;36.016578302137155;0.03;0.09;40.55;0.2;215.25;0.40;49.07;107.84;52.67;48.46;0.08;;;-2353;7269;27880;40592.0;75828;9.393;15.822440926;151569.0;0.7466571496550083;0.2692981593677803;0.029694101615262414;0.09039289029743362;48.273543835060686;0.2;215.25;0.40;52.64904233535133;0.02485969836858494;0.010419936771067433;0.05675456223618984;0.038151816774938556;0.2915679654795243;0.010077553975513673;0.010335898211753857;0.05675456223619014;0.03261205042414598;0.29156796547952984;36635;48770;
3354;38;9050;7;44;7330;0.8851615893675144;14.071083831322138;5.308761129918171;2499;4.38;0.04;40.74;17.120754643986103;0.03;0.2;33.03;0.17;222.67;0.85;40.93;122.89;90.24;38.92;0.15;;;-3457;11128;27254;36973.0;73684;17.581;25.552921074;149039.0;0.7744894099848714;0.30194263914497893;0.036456591997902854;0.20101530850308744;39.325324723381776;0.17;222.67;0.85;90.21393976775563;0.005312776271871327;0.08319483387162585;0.5259137633396039;0.030346909717989985;0.24039330616642327;0.004681950772906568;0.05071630814106177;0.5259137633396197;0.02665473449200875;0.24039330616643093;34121;51549;
3679;26;9041;2;25;7415;2.222552863744325;1.6783897292325105;17.7014552320078;8333;4.80;0.02;40.58;57.087193123225155;0.01;0.11;33.42;0.12;222.45;2.20;60.21;91.49;10.77;38.42;0.10;;;-1042;2162;28532;45063.0;78688;0.411;5.067506178;154445.0;0.7177327781983345;0.2405859088398522;0.009409304826192257;0.11574920222153896;39.782833074192986;0.12;222.45;2.20;10.760660071028395;0.005370509153329981;0.01656394407609467;1.2557445184076483;0.053187865167234255;0.8916860269400179;0.0028698680071063704;0.015544018443341166;1.255744518407656;0.031420651275788844;0.8916860269400354;39949;45859;
4155;49;8735;0;53;9033;1.9996496175602125;11.404170004070902;7.9756749571694066;3755;5.43;0.05;39.17;25.721551736871337;0.0;0.24;40.71;0.22;214.94;2.00;43.72;117.27;73.12;47.72;0.21;;;-3055;9467;27566;38473.0;74735;13.696;21.102868296000004;150241.0;0.7668016194331985;0.28371387374521434;0.0015719579641280677;0.24192393911116286;48.462599123044804;0.22;214.94;2.00;73.11555514709978;6.40004259142996E-4;0.03223653161108641;0.8722788291289992;0.02744541901785037;1.0670488335431334;0.0;0.03126167388837007;0.8722788291290117;0.026992851833913808;1.0670488335431307;35121;50678;
3175;82;9055;2;70;7239;2.7973507803249023;0.8343878526659815;18.54545710857433;8730;4.15;0.07;40.68;59.80909917515221;0.01;0.31;32.62;0.37;222.8;2.67;61.94;89.03;5.36;37.13;0.23;;;-843;1542;28615;45631.0;79037;-0.671;3.716100692;154825.0;0.7139411709070274;0.2380031404464566;0.012565900465960242;0.31662128166838255;38.834176715283995;0.37;222.8;2.67;5.349510839797407;0.0018958612188862817;0.1565033198487036;1.7780122252054507;0.1560483230904194;0.7048910509614419;0.0016246688439202016;0.08646341557533097;1.7780122252054704;0.09448342527731587;0.7048910509614625;40346;45276;
4199;11;9058;2;177;7183;2.146716078972569;2.221620232619061;17.15822472862125;8077;5.48;0.01;40.69;55.33527474980353;0.01;0.8;32.37;0.05;222.88;2.06;59.09;93.17;14.25;37.21;0.63;;;-1174;2514;28479;44725.0;78508;1.226;6.062982562;154226.0;0.7200075660850238;0.2434643264450488;0.010948972323318885;0.8079235608767671;38.537968224183054;0.05;222.88;2.06;14.243473797390585;0.010051715806934714;0.25277467229171785;1.1694203081176968;0.016322746226644053;0.6981466365295758;0.0035047418725571264;0.17446214946106514;1.1694203081177157;0.01111014884775928;0.698146636529594;39711;46282;
4124;42;8745;0;5;9037;0.2658913928217623;7.481998591946866;11.897846369293445;5601;5.39;0.04;39.38;38.37055454097136;0.0;0.02;40.73;0.19;215.17;0.25;49.76;106.84;47.97;48.65;0.02;;;-2270;6685;27965;41073.0;76172;8.262;14.583406367999999;151895.0;0.7451465550057099;0.26419830921153825;0.0018947700008120386;0.021098604684598912;48.485021904518675;0.19;215.17;0.25;47.96933757254894;0.0011768828611069886;0.009700796128591219;0.05168583050936389;0.05398891148307645;0.14933897183962372;0.0;0.005473256650237489;0.051685830509364386;0.03898367527481539;0.14933897183962458;36976;48775;
3354;110;9037;7;44;7330;0.9617305203242794;6.089147670448542;13.290697290791767;6256;4.38;0.11;40.68;42.86249876280345;0.03;0.2;33.03;0.49;222.35;0.92;52.97;102.05;39.07;39.33;0.15;;;-1891;5399;28078;42191.0;76845;6.551;12.355549946;152513.0;0.7330937293105078;0.26136467185160206;0.03618014407757952;0.2015656182926791;39.32496904714057;0.49;222.35;0.92;39.039352459546734;0.005276520504972212;0.08274855077035183;0.5275641455630347;0.08657758381561793;0.25956371967030284;0.004663337678700493;0.05057745477694957;0.5275641455630385;0.07637044677853932;0.2595637196703051;37852;47796;
3975;54;8742;2;183;8860;1.078901130657443;7.130381519780214;12.249463441460096;5766;5.19;0.06;39.37;39.50451959870881;0.01;0.83;39.93;0.25;215.1;0.93;50.36;105.82;45.72;47.22;0.62;;;-2193;6422;28002;41301.0;76355;7.915;14.129115448;152080.0;0.7431834403997145;0.2637185927003757;0.010884078260535036;0.8346837827280411;47.530245500436784;0.25;215.1;0.93;45.71501503776689;0.006668466193132682;0.3550733086634196;0.5408264986082474;0.02703915744857798;0.14929369974406528;0.0031379456936886725;0.2134807199284365;0.54082649860826;0.0269922178761714;0.14929369974406542;37137;48560;
5133;42;9063;4;17;7282;0.6418300943971017;16.68319431397908;2.6966506472612313;1270;6.70;0.04;40.80;8.69669833741747;0.02;0.08;32.82;0.19;223.01;0.58;36.66;131.67;106.98;38.95;0.06;;;-4075;12896;27003;35274.0;72758;20.985;29.836424788000002;147931.0;0.7955855941015219;0.3138782661007946;0.018533769840134152;0.07706079735741554;39.06558997240562;0.19;223.01;0.58;106.96096370521407;0.002265559021531461;0.037124943345554426;0.2691495892811756;0.10298127190979867;0.23030873083904155;0.0022529574167727278;0.021430564491308295;0.26914958928118027;0.054753087466481984;0.23030873083904543;32901;53389;
4463;112;8794;11;123;8570;1.92181008575023;9.122795678653958;10.257049282586351;4828;5.83;0.10;39.38;33.07898393634098;0.05;0.56;38.62;0.51;216.38;1.67;47.10;111.46;58.53;46.53;0.41;;;-2616;7784;27801;40000.0;75682;10.578;17.37916278;151267.0;0.7544727826417967;0.2722619964518747;0.0542464945706381;0.561396719174931;45.97728423419523;0.51;216.38;1.67;58.48897993455412;0.026202496639586587;0.27183063948357056;0.0018477826237004312;0.2616829727158627;1.3602461942875097;0.014190197274153113;0.15330733439824343;0.001847782623700504;0.14332717049299507;1.3602461942875237;36228;49710;
2983;142;9055;19;2;7230;1.0796306272628016;15.507028626032488;3.872816335207822;1823;3.90;0.13;40.78;12.489832681045227;0.09;0.01;32.58;0.64;222.79;0.97;39.03;126.49;99.50;38.73;0.01;;;-3720;12168;27107;36040.0;73117;19.583;27.921175654000002;148432.0;0.7823785214596332;0.3096862044837668;0.0959824380649256;0.010541792379315776;38.78720924821691;0.64;222.79;0.97;99.42021263008209;0.01411859794286823;0.0013138329406569386;0.6518312421229382;0.27251127745114606;0.13985567680519218;0.01306023056788737;0.0012804576679423137;0.6518312421229426;0.1642221441941213;0.13985567680519412;33426;52090;
4372;56;8770;0;79;8814;3.3887728937147625;13.649565825611345;5.730279135628964;2698;5.71;0.05;39.38;18.48015021240341;0.0;0.35;39.72;0.25;215.78;3.21;40.48;123.38;87.51;44.83;0.25;;;-3500;10957;27337;37036.0;73969;16.798;24.828639264000003;149299.0;0.7796916634944804;0.29590893613601665;0.0018074857836375999;0.3578256526110382;47.28765567765851;0.25;215.78;3.21;87.51146137774202;1.7375816189580109E-4;0.22240663742166292;2.2921302692080396;0.13204983958835087;0.7420123893348136;0.0;0.1078340705007609;2.2921302692080228;0.07120896678467487;0.7420123893348185;34090;51786;
6306;19;9051;5;20;7369;0.4697441147494139;2.5090625314304287;16.870782429809882;7942;8.24;0.02;40.73;54.40827333613687;0.02;0.09;33.21;0.08;222.71;0.45;57.61;95.60;16.11;39.50;0.07;;;-1355;2657;28470;44545.0;78419;1.298;6.390433498;154091.0;0.7243629142830126;0.24062088420430724;0.024175727793904807;0.09135503534581273;39.53284619819034;0.08;222.71;0.45;16.086352607759906;0.0026667770587584694;0.020375991978830315;0.10458629735182208;0.03681987289899201;0.30529517546101104;0.0025906350526242483;0.01620694026787723;0.10458629735182388;0.021343610709763233;0.3052951754610145;39568;47128;
2254;24;8920;1;178;7925;2.272231129004635;0.21225792317200473;19.167587038068305;9023;2.94;0.02;40.11;61.81546819777028;0.0;0.8;35.72;0.11;219.48;2.09;63.18;87.01;1.36;41.04;0.59;;;-690;1319;28678;45948.0;79127;-1.404;2.7699661239999998;155072.0;0.712172222485656;0.2362864310717134;0.0032256615396895733;0.8118448879660366;42.518667496440024;0.11;219.48;2.09;1.3608492228326738;0.0011883622479239345;0.3895806420734741;1.352291585186153;0.036223599303518816;0.4929469401935652;0.0;0.21934765516408206;1.3522915851861683;0.024564094105392384;0.49294694019356955;40543;44685;
3174;21;9060;1;48;7292;0.35486872443888556;8.658969084955512;10.720875876284799;5047;4.15;0.02;40.79;34.57482470101848;0.01;0.21;32.86;0.1;222.93;0.32;49.10;108.37;55.52;39.22;0.16;;;-2377;7261;27805;40527.0;75780;10.129;16.59952638;151373.0;0.7442926690929716;0.27462004007856633;0.005951764566412313;0.21660729377796678;39.121654996571586;0.1;222.93;0.32;55.51524849437527;0.0015250703906304179;0.08987157157068101;0.027068987734038007;0.011968615200787526;0.22443447954274862;0.0014249452928415147;0.05402344544019513;0.027068987734038267;0.011827737805370272;0.22443447954274784;36680;48936;
4710;33;9139;3;20;6877;2.859160013383846;9.370784173973437;10.009060787266874;4712;6.15;0.04;41.16;32.27922103893567;0.01;0.09;30.99;0.15;224.87;2.86;47.52;111.38;60.09;33.87;0.08;;;-2591;7462;27745;40120.0;75798;10.966;17.743359136;151125.0;0.7497404925922431;0.2769306404073771;0.01564527497748729;0.0909418742148604;36.896535419284056;0.15;224.87;2.86;60.0789085745959;0.003828940841033862;0.014674557679051766;2.7094300877576574;0.017302596919379812;0.11392383018672347;0.002428732081965023;0.013377284756836838;2.7094300877576565;0.017170305295538514;0.11392383018672501;36406;49779;
4054;254;8739;3;49;8813;1.264030791287346;7.454751215385198;11.925093745855113;5614;5.30;0.28;39.34;38.45842733038274;0.01;0.22;39.72;1.14;215.02;1.26;49.68;106.83;47.81;47.76;0.20;;;-2274;6633;27979;41086.0;76260;8.250;14.573511823999999;151958.0;0.7448600799543118;0.2635906010891095;0.015182088647613237;0.22132431149332843;47.28158383624887;1.14;215.02;1.26;47.794646467199115;0.007099617790964577;0.021310999674589548;0.8905917219777478;0.1290308559877026;0.21599759585634154;0.003208249406931082;0.021310999674589604;0.8905917219777675;0.12832544612721;0.21599759585635048;36937;48749;
3628;10;8744;0;77;9000;3.3057991146049988;18.018108309457986;1.3617366517823248;641;4.74;0.01;39.37;4.391600701997997;0.0;0.35;40.56;0.04;215.16;3.24;34.78;134.76;115.52;44.86;0.26;;;-4315;14146;26881;34171.0;72173;22.910;32.086403004;147371.0;0.8067570782774208;0.3208266733467425;0.0022079253882451304;0.3504083316185073;48.28133554857915;0.04;215.16;3.24;115.51949780442798;4.2393634259214706E-4;0.1518788064097444;2.9226794112883483;0.012624702118676783;0.2181922584456371;0.0;0.09067227201439179;2.9226794112884247;0.008717541555122062;0.21819225844564505;32023;53567;
4840;127;8747;21;173;8751;3.771524970937534;17.23561093165109;2.144234029589219;1010;6.32;0.13;39.08;6.915154745425232;0.09;0.78;39.44;0.57;215.23;3.71;35.25;133.98;110.57;45.77;0.68;;;-4253;13570;26980;34639.0;72604;21.775;30.870408449999996;147793.0;0.8063947393500428;0.3145466794578746;0.10605190881121836;0.7894187560121546;46.947475600556594;0.57;215.23;3.71;110.50267236609463;0.07750164286733237;0.1197589245233801;1.6175867958122772;0.08087663088426746;1.8758009768502768;0.030512306760391773;0.11162767934384761;1.6175867958122876;0.07728767641222904;1.8758009768502941;32368;53695;
5179;656;8688;1;14;8724;1.153347244200269;12.418045962502053;6.961798998738257;3277;6.77;0.76;39.01;22.451801770930878;0.0;0.06;39.32;2.95;213.77;1.14;41.38;121.33;79.62;50.85;0.04;;;-3358;10217;27504;37784.0;74379;14.888;22.717202884;149884.0;0.7755851089184423;0.2845288679202976;0.005281251201171314;0.06315872015697373;46.80448077736805;2.95;213.77;1.14;79.61581807938941;7.286251963439884E-4;0.03482788249155822;0.1312817582475471;0.18420838728567107;0.8023005909791485;0.0;0.01781339061985623;0.13128175824754765;0.1842083872856719;0.8023005909791634;34472;51532;
3121;21;9060;1;4;7336;0.06162464280965703;1.3316130838447524;18.04823187739556;8496;4.08;0.02;40.82;58.20554780460067;0.01;0.02;33.06;0.1;222.93;0.06;61.18;90.05;8.54;39.47;0.01;;;-928;1997;28557;45330.0;78653;-0.009;4.491602524;154537.0;0.7146975425330813;0.24029888055450838;0.005951764566412313;0.016614865253899012;39.35736035876066;0.1;222.93;0.06;8.537370964453862;8.970021097274587E-4;0.0077342898744361096;0.010351258291235458;0.013474607380214523;0.029167485154043476;8.970021097274872E-4;0.004883199966122019;0.010351258291235581;0.013056931792794315;0.029167485154044024;40129;45460;
3223;579;8918;3;21;7537;1.3372454184339608;6.453945744777725;12.925899216462586;6085;4.21;0.67;40.09;41.68602497309184;0.02;0.1;33.96;2.61;219.42;1.33;51.83;103.40;41.39;43.43;0.08;;;-2010;5784;28073;41859.0;76710;6.958;12.918302694;152426.0;0.7361407502252574;0.25976448637994115;0.0169925395401627;0.09738897662221278;40.43256003849911;2.61;219.42;1.33;41.37818235349343;0.0020866917868682037;0.025656554433266903;0.6268955466595761;0.14169825843889486;0.5409083671153547;0.0020865110581487776;0.019349267889198277;0.6268955466595832;0.14169825843889297;0.5409083671153548;37481;47985;
4918;61;8740;4;20;9025;3.844204894211403;10.682645097306144;8.697199863934166;4094;6.42;0.07;39.19;28.048469561187687;0.02;0.09;40.67;0.28;215.05;3.84;44.47;116.03;68.51;45.55;0.08;;;-2958;8802;27651;38948.0;75195;12.599;19.876004646;150596.0;0.7643949135590798;0.27895245039429306;0.022386262057942693;0.09301509412503865;48.41695614156723;0.28;215.05;3.84;68.48964251235888;0.0025681011262410286;0.018402309206522124;2.717564820268846;0.035513914709183116;1.0701557489006108;0.0025147076362081987;0.01527969620092264;2.7175648202688416;0.03485005661845798;1.070155748900637;35461;50601;
4372;142;8786;2;77;8639;3.808486203116691;13.88642542419096;5.493419537049348;2586;5.71;0.17;39.46;17.716278006984147;0.01;0.35;38.93;0.64;216.18;3.73;40.13;124.05;89.04;43.84;0.25;;;-3548;11084;27316;36894.0;73917;17.125;25.223975634000002;149211.0;0.7809170471841704;0.2969890023911819;0.011355563144843492;0.34924202750853994;46.346638481656434;0.64;216.18;3.73;89.03003932211551;0.002241542599166664;0.1705202748937653;2.87912788970904;0.03164090556483007;0.7249555903498884;0.0017904245472459704;0.09598582004799579;2.8791278897091193;0.03164090556483075;0.7249555903498891;33973;51899;
4818;35;8779;3;30;8831;2.8814761404859146;18.502220487932068;0.8776244733082443;414;6.29;0.03;39.47;2.8303389264190884;0.01;0.14;39.8;0.16;216.0;2.86;33.76;137.21;118.64;44.80;0.14;;;-4478;14417;26841;33871.0;72048;23.440;32.854497568000006;147177.0;0.8131747919143876;0.3220321396084954;0.015186972847684523;0.1385799034490017;47.37795587958366;0.16;216.0;2.86;118.62328621427886;8.174633437213581E-4;4.094436782628019E-4;2.315178395776793;0.060472562589946106;0.5045982750971911;8.174633437213678E-4;4.0944367826280866E-4;2.315178395776859;0.038591149582931854;0.5045982750972055;31818;54211;
5042;199;8761;4;76;8716;2.0386672387768425;10.832629224611413;8.547215736628898;4024;6.59;0.23;39.14;27.564770750628195;0.02;0.34;39.28;0.9;215.58;2.03;44.12;116.68;69.47;47.94;0.30;;;-3005;9011;27639;38842.0;75046;12.820;20.163341015999997;150538.0;0.7660060975609756;0.2789073494813873;0.020196919257868175;0.3449050896850799;46.761200804647224;0.9;215.58;2.03;69.45123574775114;0.0036163343536566067;0.053096692641712157;0.08231806724718123;0.052022071167823807;1.8476140733664688;0.0031594969802737688;0.04919454312591396;0.08231806724718095;0.052022071167825104;1.8476140733665107;35378;50752;
3354;27;9050;7;1;7385;0.8800346195627018;6.59908410640644;12.78076085483387;6016;4.38;0.02;40.77;41.21795375683923;0.03;0.0;33.28;0.12;222.67;0.84;52.25;103.25;42.34;38.85;0.00;;;-1982;5744;28021;41873.0;76636;7.240;13.170499049999998;152274.0;0.7350508154100684;0.2641522798199433;0.036456591997902854;0.0029027912830292832;39.621617249371596;0.12;222.67;0.84;42.30870793140361;0.006811880427872845;0.0013343650604495624;0.7553701086551938;0.07088161643195094;0.04563664898723465;0.005411474346386399;0.0;0.7553701086552106;0.03588796675110209;0.045636648987235594;37640;48022;
5457;71;8916;3;68;8010;2.159467939687085;14.904090703502442;4.475754257737867;2107;7.13;0.08;39.92;14.434307481204621;0.01;0.31;36.1;0.32;219.37;2.08;38.58;127.58;95.57;42.76;0.22;;;-3787;11729;27205;36300.0;73524;18.455;26.899893844;148758.0;0.7886093972472711;0.3019962189111056;0.012903340632427348;0.3115719581832703;42.972707989372935;0.32;219.37;2.08;95.55459672736521;0.001351594982300701;0.17381421445396297;0.5602126349884216;0.023158044436120982;1.4009314508262785;0.0013087159503427123;0.09067798579795484;0.5602126349884298;0.02315804443612108;1.4009314508262978;33614;52752;
2595;70;8771;0;85;8788;0.6295907135866055;16.807522553319775;2.5723224079205362;1211;3.39;0.08;39.42;8.295739765543729;0.0;0.38;39.6;0.31;215.81;0.63;36.80;130.44;107.76;47.55;0.37;;;-4015;13461;26991;34973.0;72423;21.368;30.11549024;147848.0;0.7956232159847765;0.3150376204895325;0.0017436773716618887;0.3865846837432874;47.144740633673024;0.31;215.81;0.63;107.75806934609906;2.344006830341252E-4;0.012305477164137426;0.059353569121419814;0.0019243973098155061;0.5557728693081986;0.0;0.012305477164137367;0.05935356912142104;0.001924397309815503;0.5557728693082014;32601;52654;
3938;161;8747;12;151;8748;4.200837167309794;18.327827259615898;1.052017701624412;496;5.14;0.18;39.31;3.392757087738729;0.06;0.68;39.42;0.73;215.23;4.18;34.17;136.06;117.56;43.88;0.57;;;-4405;14326;26860;33959.0;72145;23.365;32.671332105999994;147290.0;0.8102717882812129;0.3221247537631391;0.06287166691960759;0.6852104104141357;46.92994893188968;0.73;215.23;4.18;117.5051989095754;0.00596474834517021;0.13282070402105717;3.428300068901867;0.049386993943651064;0.584364652098049;0.005964748345170329;0.11241061072903126;3.4283000689019536;0.04938699394365198;0.5843646520980731;31847;53842;
3163;30;8764;0;62;8885;3.4186765274326336;17.008466229655706;2.3713787315846027;1117;4.13;0.03;39.28;7.647696409360344;0.0;0.28;40.04;0.14;215.65;3.42;36.30;131.59;109.05;45.24;0.24;;;-4093;13459;26979;34821.0;72559;21.552;30.413399340000005;147818.0;0.7992478339522041;0.3152576446773497;0.0018906719006387348;0.28409797861694774;47.665028884544505;0.14;215.65;3.42;109.04637953819163;7.855235844471485E-4;0.04316875739404767;2.195482949472089;0.010746052189301226;1.1684932447927485;0.0;0.04017847388112485;2.1954829494721175;0.010746052189301589;1.16849324479277;32510;52971;
2282;45;8752;4;59;8940;3.0356814283481075;10.282767970235602;9.097076991004707;4282;2.98;0.05;39.23;29.33807329599018;0.02;0.27;40.29;0.2;215.34;3.02;46.21;112.63;65.94;46.10;0.23;;;-2719;8709;27662;39214.0;75131;12.353;19.284960977999997;150716.0;0.7563449359554307;0.28067427449503074;0.020647302383268378;0.26771196534583536;47.95987790590042;0.2;215.34;3.02;65.92591028757151;0.01637025581042481;0.04057333139464957;1.8001542747568495;0.01321339444337804;1.1653701719428056;0.006697655485901287;0.03810083100950185;1.800154274756834;0.013213394443378552;1.1653701719428278;35662;49505;
4787;20;9106;3;94;6996;2.701223040680605;3.450020005931403;15.92982495530891;7499;6.25;0.02;40.98;51.37368548087123;0.01;0.42;31.53;0.09;224.06;2.60;56.87;96.52;22.13;35.07;0.31;;;-1438;3260;28356;43967.0;78118;2.818;8.015658966;153701.0;0.7243577635058557;0.2483111413517443;0.01517233990161466;0.42582028732053295;37.53130585772713;0.09;224.06;2.60;22.119113264028;0.00761622507864163;0.2110005981186213;2.1649407881416636;0.010919593907023873;0.30674583543465467;0.0032816436463707142;0.1168744290841185;2.164940788141644;0.010774839418822612;0.3067458354346506;39170;47035;
3622;6;8744;2;72;9007;3.8902921127852435;0.04843897315039524;19.331405988089916;9100;4.73;0.01;39.30;62.34378431158998;0.01;0.32;40.59;0.03;215.16;3.86;62.33;88.07;0.32;44.57;0.26;;;-778;1210;28727;45927.0;79314;-1.901;2.3922115940000004;155178.0;0.7159177456207159;0.23112183137355152;0.009947129610584816;0.3272200236131417;48.32287221076055;0.03;215.16;3.86;0.310556788559129;0.005250740483997864;0.1005759320118657;3.1743663238939828;0.007248396018893095;0.6028507203765044;0.0028405971986492076;0.069572292621746;3.174366323894018;0.005608922664768334;0.6028507203765118;40483;45124;
1254;101;9044;2;94;7255;3.3409300766513557;13.400516421899699;5.979328539340613;2815;1.64;0.11;40.63;19.283334539373477;0.01;0.42;32.7;0.45;222.53;3.22;42.68;119.30;85.92;36.71;0.30;;;-3207;10676;27308;37396.0;73978;16.883;24.495239224000002;149358.0;0.7661889219999054;0.3009085312994912;0.01170278799221815;0.42736313581957114;38.92316540576057;0.45;222.53;3.22;85.91473093572554;0.005777807776557647;0.24153695109103915;2.3951298423022043;0.03396605900525195;0.6645194164763029;0.002963062658676834;0.12420098687133471;2.3951298423022505;0.03396605900525296;0.6645194164763008;34418;50532;
9221;5;9055;10;76;7303;2.2621473628583755;0.4846160109918622;18.89522895024845;8894;12.04;0.00;40.78;60.937113364551244;0.04;0.34;32.91;0.02;222.79;2.17;59.75;93.12;3.14;36.94;0.25;;;-1128;932;28710;45875.0;79528;-1.755;3.0498625500000003;155045.0;0.722584609567026;0.22779585031610008;0.048375312435803695;0.3438519597345426;39.18172761569674;0.02;222.79;2.17;3.107018631272126;0.024636991226596794;0.16992143822068628;1.9065642465594776;0.010618575368294747;0.15040611148331953;0.012170660848691206;0.09437956142051418;1.9065642465595114;0.005710131814502127;0.15040611148332256;40527;47173;
4772;77;9069;0;77;7161;3.943106939548639;5.789263021704009;13.590581939536301;6398;6.23;0.07;40.67;43.82962675500457;0.0;0.35;32.27;0.35;223.14;3.75;52.87;102.53;37.12;35.84;0.25;;;-1914;4955;28123;42386.0;77265;6.007;11.852931766;152729.0;0.7349255143059825;0.2582461999138838;0.002030719691580258;0.3505327006993612;38.416349797203324;0.35;223.14;3.75;37.11670201105092;3.617284165746952E-4;0.1771169103412804;2.4668532762110305;0.21774521220510698;1.0810298123746462;0.0;0.09772849932803754;2.466853276211095;0.10692667017280101;1.081029812374677;38026;48174;
4327;205;8780;2;53;8634;2.245528424626878;13.283376354458591;6.0964686067817215;2870;5.65;0.18;39.43;19.661111256871052;0.01;0.24;38.91;0.92;216.03;1.97;40.97;122.39;85.17;46.23;0.17;;;-3429;10749;27379;37282.0;74052;16.278;24.207368346000003;149462.0;0.7771276342704915;0.2933957388095875;0.010748393593722119;0.23978504569144155;46.31998210705916;0.92;216.03;1.97;85.16371082134037;0.0010332701540916886;0.11943626205463223;0.917656362629823;0.4837355419047332;0.7236669878835975;0.0010332701540916932;0.06648707395379935;0.9176563626298196;0.2615011479612474;0.7236669878836157;34238;51595;
3128;21;9060;1;4;7336;0.10089888582000744;1.4444657668999554;17.935379194340356;8443;4.09;0.02;40.82;57.84159790174765;0.01;0.02;33.06;0.1;222.93;0.07;60.98;90.33;9.27;39.45;0.01;;;-951;2077;28545;45256.0;78611;0.147;4.677366164;154489.0;0.7150756143667297;0.2407957125752999;0.005951764566412313;0.018177795414958318;39.35551833392798;0.1;222.93;0.07;9.260903371325684;8.970021097274587E-4;0.008461840458470793;0.01035077382594998;0.05202178427181574;0.029167485154043476;8.970021097274872E-4;0.005115411392565661;0.010350773825949842;0.02828388986323579;0.029167485154044024;40076;45515;
2282;74;9045;2;59;7311;1.6892294850121607;12.964725735847372;6.415119225392936;3020;2.98;0.07;40.72;20.68875950189222;0.01;0.27;32.95;0.33;222.56;1.66;42.93;118.96;83.13;38.03;0.24;;;-3177;10359;27360;37695.0;74106;16.172;23.746284674;149520.0;0.7654373522458628;0.29752853738016927;0.011339831955325654;0.2679905181165492;39.22256849316167;0.33;222.56;1.66;83.12074611023826;0.008955699497094799;0.03282600658936472;1.3394586503598034;0.08591069751445136;0.22207843105144626;0.0034204935046687097;0.03238357428251098;1.3394586503598227;0.06439572140777379;0.2220784310514475;34630;50658;
5103;47;8920;4;47;8032;2.396932949745069;10.129088514316964;9.250756446923347;4355;6.67;0.05;39.84;29.833689541327796;0.02;0.21;36.2;0.21;219.47;2.40;45.60;114.45;64.96;42.88;0.20;;;-2828;8318;27691;39414.0;75404;11.892;18.99489008;150827.0;0.7598993447915678;0.27717244089118054;0.02144312853958746;0.21225455482954114;43.09038446733298;0.21;219.47;2.40;64.94062519184034;0.001258150584874396;0.01632934217776078;0.4330432522732008;0.012379107185733615;1.9339230975234993;0.0012581505848743935;0.016329342177761157;0.4330432522732035;0.012379107185733903;1.9339230975235342;35870;50405;
8801;29;9040;1;90;7351;0.5839562394360616;11.252914561657478;8.126930399582832;3826;11.50;0.03;40.69;26.209350538654633;0.0;0.4;33.13;0.13;222.44;0.56;42.81;120.27;72.15;39.38;0.35;;;-3230;8805;27600;38812.0;75130;13.159;20.841942857999996;150347.0;0.7711732160590153;0.2806251171623941;0.005398999951511737;0.4085771171150305;39.437815884595146;0.13;222.44;0.56;72.1458111291546;0.0026051985105034433;0.05505203964514353;0.17146117722152432;0.05819976281279974;0.2966380612460906;0.0;0.053062461193308555;0.17146117722152887;0.034209913999320635;0.29663806124609116;35442;52107;
4971;30;8741;2;69;9006;1.3224072674535776;8.035180504697406;11.344664456542903;5340;6.49;0.03;39.29;36.58654287235086;0.01;0.31;40.59;0.14;215.07;1.24;48.51;109.06;51.52;47.81;0.23;;;-2434;7008;27918;40696.0;76076;8.977;15.527179118;151698.0;0.7500833055648117;0.26599528610594747;0.010884078260535036;0.31457826872909966;48.31781574149269;0.14;215.07;1.24;51.51595276976648;0.008619558172271299;0.1515216711445062;0.5685861645868104;0.03857258526758997;0.5551072882823995;0.0033910097740053975;0.08514756692912638;0.5685861645868102;0.028223104271467868;0.5551072882824013;36715;49348;
3975;54;8742;2;183;8860;1.078901130657443;7.130381519780214;12.249463441460096;5766;5.19;0.06;39.37;39.50451959870881;0.01;0.83;39.93;0.25;215.1;0.93;50.36;105.82;45.72;47.22;0.62;;;-2193;6422;28002;41301.0;76355;7.915;14.129115448;152080.0;0.7431834403997145;0.2637185927003757;0.010884078260535036;0.8346837827280411;47.530245500436784;0.25;215.1;0.93;45.71501503776689;0.006668466193132682;0.3550733086634196;0.5408264986082474;0.02703915744857798;0.14929369974406528;0.0031379456936886725;0.2134807199284365;0.54082649860826;0.0269922178761714;0.14929369974406542;37137;48560;
5247;46;9049;2;22;7355;1.2240507668449545;2.9527720856149635;16.427072875625345;7733;6.85;0.04;40.59;52.97731002389174;0.01;0.1;33.14;0.21;222.65;1.18;57.29;95.90;18.94;39.61;0.08;;;-1387;3035;28416;44230.0;78226;2.004;7.134855322;153907.0;0.724748072101055;0.24372069417833048;0.009565316687346403;0.09979349322231938;39.45611070012274;0.21;222.65;1.18;18.931107672503213;8.647774720169452E-4;0.02299630767498779;0.06420332742928711;0.09318099931336686;1.0428053549552958;8.647774720169739E-4;0.018171880418101236;0.06420332742928785;0.05501642318006984;1.04280535495529;39352;47006;
3219;223;8972;3;21;7595;1.2728290049118267;2.082445792825005;17.297399168415307;8142;4.20;0.27;40.30;55.78411231813936;0.02;0.1;34.23;1.0;220.77;1.26;59.42;92.30;13.37;41.64;0.08;;;-1119;2594;28500;44754.0;78424;0.972;5.725922556;154272.0;0.7187796096266819;0.24145267654703045;0.0169925395401627;0.09738897662221278;40.74620073409434;1.0;220.77;1.26;13.351184711538956;0.0020769009532404328;0.03169182361701652;0.511194709485809;0.012804350067971896;0.7150612207877889;0.0020769009532404146;0.02184542662957728;0.5111947094858147;0.01280435006797227;0.7150612207877962;39661;45910;
2292;212;8738;1;62;8850;1.0848300347163216;18.130463933689974;1.2493810275503374;589;2.99;0.23;39.33;4.029253813849838;0.0;0.28;39.88;0.96;214.99;1.08;35.01;133.96;116.24;47.95;0.25;;;-4269;14428;26863;34092.0;71909;23.181;32.284724818;147292.0;0.8041978011517776;0.32183615254883274;0.0026591068205214204;0.2803591287532131;47.47856358153168;0.96;214.99;1.08;116.23984341806653;9.441143437605111E-4;0.02898956248280395;0.6591140463545435;0.1364848904743013;0.25929742106091214;0.0;0.028989562482804803;0.6591140463545551;0.13035499734011902;0.25929742106092324;31921;53165;
4992;68;9054;4;68;7254;3.1175713708396224;5.910150448075014;13.469694513165294;6341;6.52;0.06;40.77;43.439764804958074;0.02;0.31;32.69;0.31;222.79;3.05;52.60;102.94;37.91;36.02;0.27;;;-1947;5043;28113;42323.0;77170;6.165;12.055162679999999;152649.0;0.7352398960056723;0.2589563932794691;0.020465347944206794;0.31142615382154265;38.91539221294294;0.31;222.79;3.05;37.89174756774334;0.016233985507947447;0.04787318708876978;2.722776052045838;0.13369479756676084;0.19699334863030626;0.006683212487182125;0.044530822549619;2.7227760520458926;0.08006063873437813;0.1969933486303076;37959;48270;
1085;851;8759;6;20;8128;1.1241811516329672;17.65035869259333;1.7294862686469825;815;1.42;0.96;39.45;5.577593216386519;0.03;0.09;36.63;3.84;215.53;1.12;35.81;131.81;113.19;48.17;0.07;;;-4132;14125;26927;34426.0;72089;22.565;31.463670258;147567.0;0.7973172239927698;0.3179630157642908;0.0290005429026948;0.09278409172580254;43.605528872163816;3.84;215.53;1.12;113.1617446858236;0.0035537659798543504;0.023449049296113536;0.6563532874174516;0.30747277376002796;0.13335227517951978;0.0035159767778043093;0.017570695328515632;0.6563532874174567;0.3074727737600323;0.13335227517952322;32024;52538;
2741;90;8725;4;28;9069;1.071666449873269;17.78997259202092;1.5898723692193897;749;3.58;0.10;39.18;5.127338390732532;0.02;0.13;40.87;0.4;214.69;1.07;35.31;133.46;114.08;48.94;0.11;;;-4230;14189;26897;34292.0;72056;22.638;31.689579358;147434.0;0.8038197751952753;0.31924824582094846;0.021616505025420032;0.12839692150783807;48.65433172889903;0.4;214.69;1.07;114.05685127922372;0.0030259640949835513;0.019574835271216114;0.2499614747961221;0.01868666183408538;0.7804175138768619;0.0028352157832008205;0.018369740680627904;0.24996147479612627;0.018686661834085603;0.7804175138768541;32098;53187;
3262;63;9043;0;58;7335;1.1612102356793474;9.553358183412188;9.826486777828121;4626;4.26;0.06;40.73;31.69041985849569;0.0;0.26;33.05;0.28;222.51;1.06;47.62;110.81;61.25;38.77;0.18;;;-2563;7875;27719;39930.0;75482;11.350;18.076977316;151006.0;0.7490425984587018;0.27876606287697836;3.8252367482227907E-4;0.2661291132628198;39.34960756133297;0.28;222.51;1.06;61.24944532131057;1.8776341126647522E-4;0.171211007136794;0.7839118739364105;0.05969583966538119;0.14620375152949514;0.0;0.08120324860373598;0.7839118739364148;0.04871550265174756;0.14620375152949835;36237;49387;
5016;215;8808;0;15;8512;0.4363595360044713;11.049949161498986;8.329895799741324;3921;6.55;0.25;39.64;26.86391395416577;0.0;0.07;38.36;0.97;216.71;0.42;43.99;116.93;70.85;46.97;0.05;;;-3024;9130;27611;38778.0;74872;13.106;20.474637382;150391.0;0.7647562018819504;0.28081462622292624;0.001857756139420819;0.06623640763672921;45.66793060594895;0.97;216.71;0.42;70.84453905911845;2.068059440399918E-4;0.03530155320445062;0.08272937003051298;0.04070979791196308;0.27741200891350465;0.0;0.019514163515859276;0.08272937003051341;0.04070979791196433;0.2774120089135068;35309;50765;
5276;248;8931;4;53;7764;0.9550946959133958;14.28121493865034;5.098630022589967;2400;6.89;0.25;40.23;16.443081822852644;0.02;0.24;34.99;1.12;219.74;0.87;39.52;125.57;91.58;42.40;0.18;;;-3648;11280;27273;36756.0;73701;17.617;25.862904735999997;149010.0;0.7823799819913748;0.2990563746212302;0.02131273159813665;0.2431380190783921;41.652844443670354;1.12;219.74;0.87;91.56115333616893;0.013127598813286569;0.10321691575373988;0.5533023926827318;0.2231424626287816;0.062305326034855925;0.006238810793518101;0.06189491856037762;0.5533023926827437;0.1872846098991349;0.062305326034856855;33880;52328;
4761;70;9034;1;50;7382;2.8585709393760856;2.6286804241880475;16.75116453705226;7885;6.22;0.08;40.60;54.022505631993546;0.01;0.22;33.27;0.31;222.3;2.85;58.03;94.70;16.86;37.50;0.19;;;-1296;2745;28449;44443.0;78426;1.625;6.628629854;154063.0;0.7225376099914846;0.24324486195036854;0.005914786551393901;0.22644808260161917;39.60599565150291;0.31;222.3;2.85;16.853258803596827;0.002991194893381135;0.04490859225259076;2.1536876649995205;0.010170572567233593;0.6468129146633597;0.0021129990317661504;0.03731383776003348;2.1536876649995413;0.010170572567234033;0.6468129146633576;39488;46674;
3522;4;9075;7;20;7253;1.0780723377781405;8.485933202952653;10.893911758287658;5128;4.60;0.00;40.73;35.13286542047769;0.03;0.09;32.68;0.02;223.28;1.07;49.22;108.27;54.44;38.73;0.08;;;-2365;7090;27825;40630.0;75923;9.842;16.298868196;151468.0;0.7445983641435394;0.2730440560080473;0.036245722862169726;0.09005262284356515;38.91032417745315;0.02;223.28;1.07;54.405863544090344;0.002695955663028347;0.01306777862258408;0.16646650874044436;0.007999987850082955;0.8878421069020008;0.0026959556630283318;0.012404203868725682;0.16646650874044625;0.004970499339023905;0.8878421069020144;36777;49002;
3522;188;9041;7;20;7253;2.477173970245719;8.485933202952653;10.893911758287658;5128;4.60;0.17;40.58;35.13286542047769;0.03;0.09;32.68;0.85;222.46;2.30;49.05;108.42;54.43;38.48;0.06;;;-2380;7062;27839;40606.0;76018;9.811;16.28771729;151525.0;0.7450321725965178;0.27215225480471383;0.03686055821253696;0.08949989207404307;38.91032417745315;0.85;222.46;2.30;54.405863544090344;0.029058629833535986;0.04906900470310163;1.1612047085069308;0.353288830082537;0.8845527971196139;0.010434335970966447;0.026003969965695366;1.161204708506946;0.21545467110223998;0.884552797119619;36710;49009;
2304;17;8738;1;45;9060;2.457099254365139;3.251872683359123;16.127972277881188;7592;3.01;0.02;39.19;52.012710596166826;0.0;0.2;40.83;0.08;215.0;2.46;57.39;94.77;20.85;47.05;0.18;;;-1336;3688;28383;43813.0;77865;2.631;7.668473502;153749.0;0.7246749535647949;0.24671094921194683;0.0031540410724673357;0.20597647938250746;48.60392553720019;0.08;215.0;2.46;20.848731334820346;0.0020380669996592146;0.02544449093095514;1.397219533890793;0.003969153026482971;1.0284280095172489;0.0;0.024956082848476332;1.3972195338908417;0.003969153026483023;1.0284280095172706;38967;46199;
3534;91;8725;0;8;9091;3.7922006956872423;8.917807660995202;10.462037300245107;4925;4.62;0.09;39.20;33.74007029329047;0.0;0.03;40.97;0.41;214.69;3.75;47.70;110.16;57.18;45.67;0.03;;;-2528;7615;27820;40107.0;75796;10.291;16.96387186;151338.0;0.75178588436994;0.2717839073468511;0.001347806858952638;0.03460086529650145;48.772466586925184;0.41;214.69;3.75;57.17474025693854;0.0011954730618245622;0.0026206219799525944;3.0152618971983887;0.1310958799037847;0.6420268235432918;0.0;0.0026206219799526326;3.015261897198415;0.09002479698821199;0.6420268235432984;36274;49274;
5176;72;9045;1;54;7319;3.8077960868348044;10.999190139062504;8.380654822177807;3945;6.76;0.08;40.40;27.027611801523427;0.0;0.24;32.98;0.33;222.56;3.80;44.54;116.55;70.52;37.59;0.21;;;-2978;8736;27594;38932.0;75212;13.128;20.442537372;150474.0;0.7628089781229282;0.2826902017332234;0.005214243089780965;0.2447691022398782;39.26467584572191;0.33;222.56;3.80;70.51910773857144;8.371152401632357E-4;0.03381356149665445;1.7657665301864989;0.047858455761420976;1.9595204241500668;0.0;0.032377750857699734;1.76576653018654;0.04544448559552622;1.9595204241500916;35555;50813;
4671;16;9045;4;81;7344;1.0683589040335728;16.47010044719087;2.909744514049443;1370;6.10;0.02;40.72;9.383926057809454;0.02;0.37;33.1;0.07;222.56;0.93;37.10;130.69;105.61;38.83;0.25;;;-4008;12776;27021;35400.0;72830;20.774;29.52834478;148027.0;0.7933333333333333;0.3135335175856995;0.0210811805959321;0.3702414069515503;39.40212058199471;0.07;222.56;0.93;105.59475499707482;0.01598025191180327;0.24571530575960815;0.5559764370428932;0.01108800534717273;0.2395989039720954;0.006655101388954008;0.11592566855680146;0.5559764370429059;0.010222046436835431;0.23959890397210212;32993;53133;
8869;19;9051;4;81;7308;1.0537669476082672;3.2042078698670404;16.175637091373268;7614;11.58;0.02;40.75;52.166429619678794;0.02;0.37;32.93;0.08;222.71;0.91;55.30;99.49;20.56;38.67;0.25;;;-1645;2980;28426;44092.0;78350;2.029;7.52985354;153848.0;0.7317638160071857;0.2405019182121359;0.021750626923432485;0.36926266727483725;39.20439134459321;0.08;222.71;0.91;20.543137916078557;0.002412970805958869;0.24506575302345493;0.5324377348483335;0.036584750189861535;0.23726573874065832;0.0023824564310695787;0.11581099239027715;0.5324377348483449;0.02127608442987123;0.2372657387406597;39241;48337;
7644;5;8927;3;91;7993;0.5450680475695509;6.492382109322696;12.887462851917615;6067;9.98;0.01;40.17;41.56206769743431;0.01;0.41;36.02;0.02;219.64;0.53;50.23;106.99;41.64;42.73;0.34;;;-2246;5572;28085;41846.0;76884;6.667;12.979411814;152387.0;0.7452950936240815;0.2569042819929374;0.015498530735051376;0.41588679998667155;42.88115400112367;0.02;219.64;0.53;41.6246094175006;7.317091104529796E-4;0.09227249521537623;0.15090001721184212;0.0012095877719641038;0.2999542382599154;7.317091104529875E-4;0.07357753375403407;0.15090001721184124;0.001209587771964122;0.29995423825991735;37596;49492;
5028;496;8694;3;23;8839;0.9828465291674792;17.418451610787805;1.9613933504525063;924;6.57;0.52;39.14;6.325493555209333;0.01;0.1;39.83;2.23;213.93;0.92;34.71;134.76;111.69;49.89;0.08;;;-4316;13801;26981;34531.0;72370;21.845;31.024870277999998;147683.0;0.8073075457317073;0.31315390712093555;0.015363122884863918;0.10344054556777922;47.42032646457642;2.23;213.93;0.92;111.67491881224385;0.0029434151945849888;0.0456636172075478;0.33093430568441784;0.3884018749389611;0.21490331614196745;0.002093584083544341;0.026575689612415524;0.3309343056844186;0.3446189228234473;0.21490331614197544;32159;53781;
2925;6;9056;6;83;7289;0.7320125470921357;2.685558077287213;16.694286883953097;7858;3.82;0.01;40.77;53.83907520074873;0.03;0.37;32.85;0.03;222.83;0.71;58.93;93.18;17.24;38.61;0.35;;;-1185;2969;28416;44435.0;78146;1.950;6.795193474000001;153966.0;0.7190262349326401;0.24718673308669517;0.029694101615262414;0.376953597951844;39.10412159797918;0.03;222.83;0.71;17.21791850091151;0.02809472365321396;0.028615613503602897;0.44743827666469643;0.001153549738113801;0.22671038353250858;0.01036112260015843;0.028615613503602803;0.4474382766647056;0.0011535497381138437;0.22671038353251233;39492;46039;
3008;12;8744;0;53;9021;3.341803243535919;6.006289682626653;13.373555278613658;6295;3.93;0.01;39.21;43.12971577352904;0.0;0.24;40.65;0.06;215.16;3.33;52.56;102.21;38.51;45.81;0.21;;;-1919;5576;28108;42014.0;76883;6.369;12.202715408;152581.0;0.7370350969093765;0.258751894891202;0.0022049807514131314;0.24264322852078346;48.39647546832772;0.06;215.16;3.33;38.50812504222426;9.16410558963216E-4;0.03871174915745882;2.229173865867744;0.016168193755368248;1.056833024196385;0.0;0.035448636640264104;2.2291738658677827;0.01194269919203736;1.0568330241964128;37677;47737;
3476;17;8742;0;19;9064;1.7058631293050266;14.604953592847973;4.77489136839234;2248;4.54;0.02;39.37;15.399024663065298;0.0;0.08;40.85;0.08;215.1;1.69;39.48;125.14;93.64;46.93;0.06;;;-3634;11776;27228;36409.0;73406;18.173;26.386457464;148819.0;0.7833452295979063;0.30188372307784006;0.0013423485658025421;0.08584252135495837;48.627875274290574;0.08;215.1;1.69;93.63673896982621;8.830562010617E-4;0.03637848494711338;1.5105320236449036;0.008778577069720628;0.14929098744222724;0.0;0.021216505427950845;1.510532023644913;0.008755638741056098;0.14929098744223032;33626;51905;
3354;110;9037;7;44;7330;0.9617671007755675;14.350900759785723;5.0289442014545855;2368;4.38;0.11;40.68;16.218345049691038;0.03;0.2;33.03;0.49;222.35;0.92;40.47;123.71;92.04;39.33;0.15;;;-3518;11340;27230;36781.0;73580;17.957;26.014277446;148931.0;0.7764116144897381;0.30304997758499386;0.03618014407757952;0.2015656182926791;39.32496904714057;0.49;222.35;0.92;92.00793004121421;0.005276520504972212;0.08274855077035183;0.5275641455630347;0.08661416426690605;0.25956371967030284;0.004663337678700493;0.05057745477694957;0.5275641455630385;0.07638920588384039;0.2595637196703051;33963;51684;
4793;152;8901;2;75;8002;1.0649275890563223;14.503115916609033;4.876729044631277;2296;6.26;0.15;40.07;15.727451168935868;0.01;0.34;36.06;0.69;219.01;0.95;39.38;125.77;92.99;43.16;0.25;;;-3665;11503;27243;36587.0;73568;17.983;26.249839284;148901.0;0.7832582404553;0.3009405913957623;0.012025040555451276;0.3413993283245298;42.93236735546795;0.69;219.01;0.95;92.98382707615549;0.0013526547723562233;0.14797400009161035;0.49825039538595756;0.19525212304308737;0.22209841576331088;0.0013094908205478586;0.08821214398333373;0.49825039538596416;0.1412362051445334;0.22209841576331696;33773;52280;
3628;65;8734;0;77;8999;3.291261006732303;19.20961275238052;0.17023220885979135;81;4.74;0.08;39.32;0.5489988735728271;0.0;0.35;40.56;0.29;214.91;3.23;33.17;138.19;123.16;45.24;0.26;;;-4555;15014;26762;33384.0;71702;24.546;34.063150306;146862.0;0.8156116135173728;0.3271538619699373;0.0018936165374707377;0.3506908921005166;48.28020986550654;0.29;214.91;3.23;123.15859023933722;3.759292380199391E-4;0.14479466545713154;2.922611268791821;0.005539211409730683;0.2179399318355998;0.0;0.08850577740992142;2.9226112687918406;0.005539211409730843;0.21793993183560187;31442;54133;
2983;142;9055;4;17;7230;0.8685202022330468;15.111274611442251;4.268570349798058;2010;3.90;0.16;40.78;13.766139378098735;0.02;0.08;32.58;0.64;222.79;0.87;39.57;125.42;96.90;38.89;0.07;;;-3643;11886;27148;36300.0;73259;19.029;27.260713826;148593.0;0.7798733219890339;0.3074469002733243;0.022319240974001436;0.0779089706046714;38.7858601279405;0.64;222.79;0.87;96.88291491633971;0.003283062985842912;0.009709864154973439;0.6646299028211085;0.051041695465929814;0.13985567680519218;0.0029844844043288923;0.009580761091891583;0.6646299028211228;0.051041695465931;0.13985567680519412;33612;51909;
2985;44;8748;6;82;8936;2.675323740192729;12.030984930706525;7.348860030533785;3460;3.90;0.05;39.38;23.700073598471455;0.03;0.37;40.27;0.2;215.25;2.66;43.35;117.75;77.15;45.37;0.35;;;-3098;9909;27489;38096.0;74460;14.732;22.19248103;149954.0;0.7665588123334602;0.28943357717349716;0.029694101615262414;0.3749457756184751;47.93817793450374;0.2;215.25;2.66;77.13425368623875;0.02433013133152904;0.029202154992918353;2.366461600190094;0.036338986222020905;0.2189908674561666;0.010022570415586608;0.029202154992918068;2.3664616001901297;0.03168504249226893;0.21899086745617122;34837;50526;
3824;5;8927;3;87;7997;0.9187395908710845;15.000715424943788;4.3791295362965235;2062;4.99;0.01;40.18;14.122692754556288;0.01;0.39;36.04;0.02;219.64;0.91;39.19;126.12;96.19;42.23;0.34;;;-3693;11898;27173;36278.0;73296;18.808;27.111964742;148645.0;0.7836082669700417;0.30565865405681425;0.015498530735051376;0.3981358999603569;42.90207470472612;0.02;219.64;0.91;96.17408680394212;6.937352429013211E-4;0.06651589188246344;0.595268635035682;3.612558267251563E-4;0.25590007288331257;6.937352429013344E-4;0.05952247784255387;0.5952686350356978;3.612558267251618E-4;0.2559000728833201;33591;52176;
6048;207;8837;2;51;8321;0.7828841875509542;5.1809304706325126;14.198914490607796;6684;7.90;0.24;39.73;45.79149923221014;0.01;0.23;37.5;0.93;217.44;0.74;52.65;102.57;33.23;45.82;0.17;;;-1925;4813;28222;42636.0;77294;4.932;10.790971769999999;152965.0;0.7373521447912214;0.250599042411681;0.009386924873519054;0.23259981799173815;44.640669282046424;0.93;217.44;0.74;33.21649952636623;1.595722706845916E-4;0.10917730749450741;0.1365774755840479;0.05096951485055548;0.48600031735115884;1.5957227068459423E-4;0.06229287167083056;0.1365774755840495;0.05096951485055526;0.48600031735117366;38097;48361;
2121;47;8735;2;60;9028;1.9654411804194294;14.687474548549524;4.692370412690785;2209;2.77;0.05;39.33;15.132894580927783;0.01;0.27;40.69;0.21;214.93;1.95;39.87;124.18;94.17;46.73;0.24;;;-3572;11917;27208;36347.0;73302;18.459;26.578568366;148774.0;0.7807814954071677;0.3040989720827064;0.011155852826830287;0.2714509976323303;48.435508097924384;0.21;214.93;1.95;94.16580557311556;0.008811108284841869;0.033249878762849565;1.6540824020142457;0.05482498307806582;0.2144728082794264;0.0034080369456837276;0.032755939550779316;1.6540824020142462;0.041045871202959376;0.2144728082794276;33576;51480;
1454;33;9139;3;20;6877;2.454674770698078;9.370784173973437;10.009060787266874;4712;1.90;0.03;41.16;32.27922103893567;0.01;0.09;30.99;0.15;224.87;2.43;48.94;108.54;60.09;34.37;0.08;;;-2396;7679;27711;40120.0;75558;11.304;17.794737292;151068.0;0.7430404831556102;0.2813452498829463;0.01564527497748729;0.0909418742148604;36.896535419284056;0.15;224.87;2.43;60.0789085745959;0.0036640618455172805;0.014674557679051766;2.263129279204955;0.059283041781830845;0.11392383018672347;0.0023714213281265757;0.013377284756836838;2.2631292792049593;0.03704537220907896;0.11392383018672501;36406;48655;
5147;132;8754;1;50;8853;3.4146368764028976;4.8957842217384675;14.484060739501844;6818;6.72;0.16;39.25;46.711095884893446;0.0;0.22;39.9;0.59;215.39;3.41;53.33;101.29;31.39;45.65;0.20;;;-1833;4637;28249;42747.0;77481;4.604;10.332575394000001;153114.0;0.7361805456363377;0.24992536617582914;0.005238346705754923;0.22705619519012288;47.49455982998179;0.59;215.39;3.41;31.388341380831832;0.002650149964512272;0.03276638836715904;2.2843322205671956;0.01851457745116799;1.076373540052863;0.0;0.03085881574138469;2.284332220567232;0.018514577451167864;1.076373540052881;38181;47959;
3005;62;9072;6;85;7148;3.0771062646859715;5.455076328249868;13.92476863299044;6555;3.93;0.05;40.84;44.90737884139417;0.02;0.38;32.21;0.28;223.21;2.90;54.27;100.06;35.00;35.71;0.28;;;-1734;4827;28137;42632.0;77224;5.754;11.343586286;152820.0;0.7292788961345809;0.25980837550580116;0.02808528471630321;0.3851595846701625;38.3479341091044;0.28;223.21;2.90;34.974130863308375;0.003471040971713947;0.19461315731458173;2.4624600565214454;0.17604919092324026;0.24051281895499044;0.0030841950788803524;0.10669950415990634;2.462460056521501;0.08590555910905485;0.24051281895499543;38189;47368;
3184;15;8920;4;187;7924;2.4523201642426624;10.111071964589636;9.268772996650673;4363;4.16;0.02;39.84;29.891792914198422;0.02;0.84;35.71;0.07;219.47;2.44;46.45;112.68;64.84;42.09;0.79;;;-2708;8430;27671;39426.0;75286;12.188;19.114644610000003;150813.0;0.7555312885765834;0.2807490366642;0.02144312853958746;0.8530387184926719;42.50961129737383;0.07;219.47;2.44;64.82511568657353;0.01551383730521047;0.06562667706392468;0.4287891771061857;0.00846737524384223;1.9339230975234993;0.006599430426930047;0.06562667706392518;0.4287891771061906;0.008357904341128158;1.9339230975235342;35885;49733;
3008;43;8737;0;53;9033;3.3229844435758036;4.682844356212639;14.697000605027672;6918;3.93;0.05;39.18;47.39782695121424;0.0;0.24;40.71;0.19;214.97;3.32;54.66;98.92;30.02;46.10;0.21;;;-1662;4633;28246;42874.0;77404;4.536;10.018697188;153157.0;0.7314726614593254;0.2522387648035869;0.0018906719006387348;0.24292578900279277;48.46108068638266;0.19;214.97;3.32;30.023120020986095;7.98103769527891E-4;0.03376383056492208;2.23214962520338;3.908275956086952E-4;1.0558820564423648;0.0;0.0323436446605748;2.232149625203449;3.908275956086994E-4;1.0558820564423672;38287;47119;
3534;91;8725;0;8;9090;4.221782245174687;9.033816189291535;10.346028771948776;4870;4.62;0.10;39.11;33.3659427895348;0.0;0.04;40.96;0.41;214.69;4.22;47.48;110.54;57.92;45.75;0.03;;;-2556;7697;27809;40014.0;75778;10.443;17.154911864;151298.0;0.7528705512411265;0.27201003488732295;0.0018968013750460002;0.038676271008876925;48.76708175743165;0.41;214.69;4.22;57.918505734404825;0.0016824183171625811;0.005408492788480279;3.014928990697426;0.03392544523751059;1.1658368981341078;0.0;0.005236408627813836;3.0149289906974994;0.03392544523751081;1.1658368981341187;36219;49356;
3938;26;8777;13;68;8801;1.6867713766673993;4.079023486431939;15.300821474808371;7203;5.14;0.03;39.34;49.345149256256995;0.06;0.31;39.66;0.12;215.97;1.64;55.33;98.12;26.20;46.92;0.24;;;-1589;4195;28311;43295.0;77611;3.640;9.029938994;153412.0;0.7302969731581952;0.24847173004533651;0.06420621786278441;0.31035540895528874;47.21609792050388;0.12;215.97;1.64;26.151843278561085;0.029134414475025402;0.0995639029388295;0.38481487225705796;0.014624712491170987;1.1586334745053153;0.016428400741528022;0.06824198696366982;0.38481487225706745;0.01442377716133741;1.1586334745053384;38607;47149;
4524;655;8832;0;53;7900;1.4522803095806585;11.404170004070902;7.9756749571694066;3755;5.91;0.76;39.71;25.721551736871337;0.0;0.24;35.6;2.95;217.31;1.45;43.45;117.65;73.12;45.68;0.21;;;-3085;9349;27589;38558.0;74817;13.644;21.093099210000002;150313.0;0.7653570240866551;0.2818905043361071;0.0015719579641280677;0.24268456468921565;42.38397686747873;2.95;217.31;1.45;73.11555514709978;6.40004259142996E-4;0.03233788549355537;0.7963808336036661;0.15148542486590263;0.47143616135839145;0.0;0.03133577922960788;0.7963808336036973;0.15148542486590563;0.47143616135839994;35065;50784;
3561;5;9074;7;48;7227;2.1737308748660507;15.674527138273625;3.705317822966683;1745;4.65;0.00;40.75;11.949649979067553;0.03;0.22;32.57;0.02;223.27;2.09;38.65;127.46;100.52;37.34;0.15;;;-3783;12202;27089;35925.0;73157;19.775;28.20742657;148373.0;0.7852786838746276;0.3103918220992061;0.03453690537986169;0.21770584635757348;38.76985196982101;0.02;223.27;2.09;100.4940958416137;0.019745399021425022;0.13140343215003475;1.2237697853187974;0.010992171207628174;0.7878200871681652;0.009367869692763355;0.06609945218773335;1.2237697853187814;0.005799244160794609;0.7878200871681754;33393;52394;
6294;15;9046;5;20;7402;0.4501939171359596;15.738500819828811;3.6413441414114978;1714;8.22;0.01;40.71;11.74333485605208;0.02;0.09;33.36;0.07;222.58;0.44;37.48;130.17;100.93;39.67;0.07;;;-3961;12176;27112;35877.0;73185;19.561;28.258093864;148350.0;0.7927088751241192;0.3072959961728892;0.024175727793904807;0.09135503534581273;39.7083389382626;0.07;222.58;0.44;100.90425030616845;9.16596522731055E-4;0.020375991978830315;0.10505057295202219;0.016235737323541524;0.3076150183588345;9.165965227310868E-4;0.01620694026787723;0.10505057295202182;0.012784046633828762;0.3076150183588377;33338;53352;
2248;43;8737;4;49;9033;3.3268714434159703;4.894028002650673;14.485816958589638;6819;2.94;0.05;39.18;46.71675969145158;0.02;0.22;40.71;0.19;214.97;3.32;54.67;98.80;31.39;46.10;0.19;;;-1658;4831;28216;42738.0;77271;4.907;10.381059006000001;153056.0;0.7309487521432654;0.2543471605667849;0.02153552967927134;0.2241916968628893;48.4623459575678;0.19;214.97;3.32;31.377081733394263;0.009069798594217868;0.031160011862116234;2.2303687489216624;3.908275956086952E-4;1.0558820564423648;0.005296931129212334;0.029792248044695126;2.2303687489216784;3.908275956086994E-4;1.0558820564423672;38187;46956;
10996;1644;8391;3;30;9340;6.714743966582929;0.03415495147769192;19.345690009762617;9106;14.36;1.62;37.72;62.38985028148444;0.01;0.13;42.09;7.41;206.46;6.20;56.99;95.49;0.23;54.07;0.14;;;-1370;1006;28917;45687.0;79988;-2.960;2.151000782;155598.0;0.7313189448441246;0.2102177759414683;0.015174594943204946;0.13557404591959876;50.10904903369537;7.41;206.46;6.20;0.2189776404089262;0.007734951661266532;4.425649210140021E-4;4.233593728701559;1.9860825206966832;0.48689020060240557;0.00329694825481502;4.425649210140138E-4;4.233593728701651;1.4704073065323786;0.4868902006024192;39845;47735;
