39984.6273207628 2.290278786245213E-5 5.397870479268915E-5 0.0023144030054790266 0.34062577646420256 0.9999724143974722 0.9127476363770756 0.9032716334472036 0.10291876394401817 0.7244509980485304 0.21550528481332415 
39868.9996329881 1.7535427031285042E-5 7.573563358264997E-5 0.3224833071550991 0.32379496778934397 0.9999682205323907 0.8443511472314048 0.7505100066832519 1.2223602238915082E-4 0.11772836902504119 6.771270290938077E-4 
39984.6273207628 2.3199093999097855E-5 5.5743656226551666E-5 8.48525779237384E-4 0.34306795473915974 0.9999934446888674 0.9100921594247606 0.9013287265263743 0.09289727635460239 0.6708450111374243 0.09918937309286123 
39998.77744508193 1.8112896795264943E-5 4.768865292773683E-5 0.015259124091208129 0.338459874558531 0.999977635426077 0.7018555385589971 0.8979423583794303 0.11848206102951397 0.5863482952493093 4.332837631058084E-4 
39923.99854266855 8.518713080869453E-7 2.353772833265275E-6 0.003224519106340751 0.2997959357415109 0.999973384293256 0.9574568405223718 0.7371737678661084 0.0901194456501859 0.25313118382896554 0.06331193953918654 
39950.954504571055 1.245264165476856E-6 5.504143316641848E-5 0.001271648112528466 0.32500004546295047 0.9999943242912204 0.6811082854768252 0.7354406596811359 0.059778144003139716 0.47759267782628145 0.11008365536096373 
39920.38737138936 2.757607867494489E-6 5.420566909085004E-5 0.009929424431060728 0.32126602648020985 0.9999817779932413 0.6144874827365236 0.6533666151122062 0.027663991229469505 0.4409580870256039 0.003147378443482303 
39949.652644170324 1.60691205960712E-5 2.4898856707198303E-5 7.980117992721497E-4 0.34319749895885887 0.9999735343676709 0.7268010096707781 0.8714664332821604 0.043498580031066394 0.6794197863736051 0.001070327348520838 
39983.52120380696 5.829253414177935E-6 1.169783593409635E-5 8.822254505160554E-4 0.29495598131121137 0.9999876968035576 0.78528589324105 0.584719564645404 0.004277291126345749 0.23344055161159707 1.1395190547804402E-4 
39923.99854266855 5.77587860961134E-7 2.0361578771332805E-5 0.013259475743557264 0.30142546550328525 0.9999735277535502 0.9641992218564904 0.7401954981781812 0.09147482792967417 0.25313118382896554 0.05613384055482856 
39870.35923714449 2.724380610920637E-6 5.6035974244058096E-5 0.002203269949538562 0.32126602648020985 0.999976850783625 0.6144874827365236 0.6507683686291684 0.027663991229469505 0.4408754872922247 0.004563182748847674 
39900.66991682458 4.935937829664645E-7 2.135213069990459E-5 0.00170319697552921 0.34306795473915974 0.9999944244231649 0.8616646765360001 0.7858442332723387 0.11055338308660972 0.6615277015885789 0.06226973811138789 
39868.070426214224 2.724380610920637E-6 1.056852963413032E-5 0.02106194963921823 0.32126602648020985 0.999976850783625 0.6144874827365236 0.6552042613280901 0.027663991229469505 0.4408754872922247 0.004462432647024899 
39941.188712415824 1.60691205960712E-5 2.5365236273278542E-5 0.0028713247914549794 0.3390639377566215 0.9999814346741174 0.7308297134571943 0.7578383326004388 0.07974174256557828 0.6291559446207616 1.5094652501675522E-5 
39740.05963793608 7.833236996916061E-7 5.4619688507768715E-5 0.2782459663488611 0.341893662799083 0.9999714174868217 0.7023393599798572 0.9228949057038904 0.09970619572341768 0.08987785851307224 0.001956076480814894 
39900.66991682458 3.259648886930791E-6 2.1122780370284125E-5 9.839792481997796E-4 0.34306795473915974 0.9999938930625942 0.8616646765360001 0.7173101185345729 0.11055338308660972 0.6615277015885789 0.06226973811138789 
39951.91541944065 1.245264165476856E-6 3.943284273336616E-5 0.001271648112528466 0.32500004546295047 0.9999943242912204 0.6802035299049402 0.6700790406519104 0.059778144003139716 0.5072791004550837 0.003583501300293536 
39982.27267646274 7.791253134136469E-6 2.375740193089029E-5 0.1595805501754261 0.29478852632576047 0.999967295464612 0.9238389689766078 0.657976170723666 3.4860768402310684E-4 0.08022901993560352 3.261720095228688E-4 
39954.777880800466 4.2955670979229546E-5 5.1777671908926984E-5 0.1374324063318807 0.29758252509417643 0.9999760107298309 0.8363608678066389 0.6300930313358875 0.08783440871049344 0.07780196652822051 0.0037094743803320054 
39868.070426214224 2.724380610920637E-6 1.056852963413032E-5 0.02106194963921823 0.32126602648020985 0.999976850783625 0.762921605102488 0.6552042613280901 0.027663991229469505 0.4408754872922247 0.004462432647024899 
39988.60313630791 1.1981033030927825E-5 2.1506132931045153E-5 0.3653047734371058 0.3717082790961854 0.999970984316089 0.6998096434039921 0.6679155419289785 0.11843805235649982 0.20240694671953954 0.002690322454772994 
39984.6273207628 2.3199093999097855E-5 5.5743656226551666E-5 8.48525779237384E-4 0.34306795473915974 0.9999934446888674 0.9100921594247606 0.9013287265263743 0.09289727635460239 0.6708450111374243 0.09918937309286123 
39945.65525671663 1.60691205960712E-5 1.7649978060099436E-5 0.0028713247914549794 0.3403771126850235 0.9999814346741174 0.7308297134571943 0.8601051472522532 0.07974174256557828 0.6464879405479602 0.001070327348520838 
39950.262554111876 7.764731787717853E-6 5.379108584107006E-5 0.2988363382712782 0.32109844634453505 0.999972624028506 0.901499661806576 0.3786975059345326 0.001195905236126435 0.16449503655487538 6.923868797771458E-4 
39924.52398108816 1.0213340114571662E-6 1.9873198801717395E-5 0.10633469198802828 0.2995257429782146 0.9999800912850336 0.9576662725788262 0.7154381852187349 0.07171100306406092 0.1424326654685693 1.544081219560288E-4 
39981.62543979036 8.463574110142456E-6 7.758358139067035E-5 0.3035709180984977 0.32109844634453505 0.9999894615959705 0.8443511472314048 0.7301614339164872 0.0077146186702895655 0.014285754394190602 1.282804054449126E-4 
39972.17946510187 2.7621846742246498E-6 3.9897598647061286E-5 0.2841182730899833 0.34192473328558864 0.9999463366303765 0.704292487153977 0.3804245212608154 0.08748125775327951 0.0900082317002888 0.0017958367026983013 
39923.22561366615 4.20492379624005E-6 1.1953014282616069E-5 0.2535378072042408 0.32809801690657525 0.9999735100981492 0.7426534554008428 0.6165303244498131 0.08610284399871283 0.10448488726519922 4.882744765927981E-4 
39934.456179418616 2.6481139819093694E-6 5.278350678761908E-5 0.0025980830202088287 0.32394934462441416 0.9999814132239773 0.7102444233631588 0.9680212574694531 0.04450950773419084 0.47759267782628145 8.612352790818513E-4 
39939.67500504831 1.710267415247536E-5 5.430457471926384E-5 0.33324662736930993 0.3568240603123486 0.9999710344302842 0.6904765288033924 0.6955213145912126 0.09766222377286762 0.10091030313118857 0.0026856753340134985 
39952.345614897065 1.5249395044327357E-6 3.966690560358561E-5 0.2934231733892967 0.34512730552272036 0.9999739025482121 0.6739676399592451 0.7302254668626318 0.08868017931094888 0.09580325799693973 6.816064102022554E-4 
39972.65735156322 4.730740107170853E-5 5.4696606411676644E-5 0.2327525389533282 0.3307291524663757 0.9999777566171629 0.6972956837563251 0.6013954120516224 0.0982069860327365 0.08315725886214476 1.912711355190693E-4 
39860.03868861103 1.1088456684773544E-5 1.9880035382777647E-5 0.013259475743557264 0.299609872826618 0.9999678437121166 0.8916079459039484 0.7161235816083842 0.08334016284935566 0.23570929221163492 5.664788561405209E-5 
39951.91541944065 1.245264165476856E-6 3.943284273336616E-5 0.001271648112528466 0.32500004546295047 0.9999943242912204 0.6802035299049402 0.6700790406519104 0.059778144003139716 0.5072791004550837 0.003583501300293536 
39951.565803523255 3.5353193501118354E-6 5.497741897387183E-5 0.01182354694987365 0.2952206402878025 0.99997408701322 0.6847286766871534 0.5552185104388575 1.7860940469744823E-4 0.23775368638464814 5.849007566452601E-5 
39969.105471020885 1.710267415247536E-5 4.161732722370065E-5 0.35561851822052937 0.36222292536138095 0.9999710344302842 0.9000908811121422 0.6372573399710287 0.09766222377286762 0.09424874769070485 0.002442538840380427 
39982.7654154258 5.9177728532370074E-6 1.1758996296867006E-5 0.1368216998277173 0.2947250738791067 0.9999857527051949 0.8681254094433212 0.9291179524874075 0.008514567133867047 0.10335227655499024 1.1815739347925032E-4 
39937.04937048571 7.94130580376301E-6 5.4255921052029006E-5 0.11157161232020231 0.2963013169468806 0.9999702266890742 0.685190632825498 0.9276071440078173 3.4860768402310684E-4 0.14998514953916667 8.32904900429347E-4 
39982.02512444998 7.909030810659886E-6 1.0581079235888032E-5 0.15940593255256597 0.2966994248716132 0.9999742838467104 0.8448476733261367 0.655852676661163 3.1694917725741E-4 0.1168526363899609 3.261720095228688E-4 
39954.231201415314 1.6804568828103446E-5 7.663122344300698E-5 0.09413767959202173 0.2961509073878192 0.9999792144564889 0.7015410175681429 0.4052357818101642 0.016378821781586624 0.1521350792927429 0.0011851683830632728 
39998.60680232483 2.2172403790375563E-6 5.1752779658757235E-5 0.015259124091208129 0.27546041696232004 0.9999800081489335 0.6120234845963801 0.9593654784785448 0.11689367279705601 0.10650575372538551 4.2503604899863344E-4 
39972.56544336486 9.096849046648657E-6 1.0871072754285362E-5 0.31103834310377115 0.32116969944624785 0.9999755241547414 0.901946155481124 0.655757541626279 3.1970499216568693E-4 0.0037810121941910246 0.004461245268250723 
39944.288964793486 8.166163763111674E-6 9.384376095948245E-6 0.30378705029905134 0.33967281276491357 0.9999753574925283 0.9073688539455165 0.690505904402882 0.10879404497290812 0.0045263979991776865 2.678001396248887E-4 
39982.01628066779 3.0786464216623515E-5 5.5287011740821E-5 0.32052079846979065 0.32487575307022176 0.9999809049994383 0.7017723769398876 0.9244233199579066 0.003816653752409244 0.10815192231659321 8.607180627999949E-4 
39982.789939182294 1.1475291572437975E-6 2.214287787930383E-5 0.1144020939337323 0.2944779003383532 0.9999668488725014 0.6847286766871534 0.7293917981331041 1.826323759081443E-4 0.13931768974327904 1.972524153948483E-4 
39894.40238365005 1.280423608580178E-5 3.850253767034533E-5 0.26164982393302877 0.33808424122155084 0.9999717531215959 0.7134889278419086 0.7198937460926753 0.0812978357830994 0.23335843067843895 0.00286554164020168 
39933.24568407892 2.741814876233693E-6 5.420566909085004E-5 0.0018492250166964597 0.32482021243833087 0.9999817779932413 0.609568894028468 0.9833607506084041 0.09829020353114756 0.47759267782628145 8.612352790818513E-4 
39860.70026980381 7.817650172214903E-6 1.1953014282616069E-5 0.25280468103273285 0.32962789386664987 0.9999820533909921 0.7386020619843856 0.9072458601647688 0.08763919169721227 0.10448488726519922 5.293308108797309E-4 
39930.78391915671 1.9880035382777647E-5 2.6732214560439746E-5 0.037103249221282636 0.27990598421898805 0.9999804235273271 0.9557677513382576 0.7299995669448577 0.010382197193140336 0.13727329716446368 1.4151692222425395E-4 
39868.9996329881 1.6964392486355152E-5 8.503985838908659E-5 0.1669395851985413 0.29701554707805367 0.999968306233014 0.8448777777831494 0.7484697700726368 1.2223602238915082E-4 0.11675378105031765 6.771270290938077E-4 
39930.38294760769 7.242373991029854E-6 5.4918732488059145E-5 0.1408998692852639 0.29521941040018373 0.9999879556136269 0.6847286766871534 0.36912343575444295 1.7860940469744823E-4 0.1042224550273437 1.270935180097319E-4 
39935.41262023518 3.3993452504955094E-6 2.7998454514131435E-5 0.028505464897380588 0.2775942318841019 0.9999819219691027 0.5945085897231694 0.930885495424953 0.0037778437652253964 0.10922017246563467 2.1047043937032087E-4 
39768.7039848231 1.710267415247536E-5 4.444164456228151E-5 0.3568240603123486 0.3605843000440258 0.9999710344302842 0.6854791346826463 0.9280713696188962 0.09766222377286762 0.10091030313118857 0.0026856753340134985 
39981.31693761334 1.9030581185988501E-6 2.1649552720093824E-5 0.021956191140568612 0.27686815521358066 0.9999796001437948 0.9429684529956875 0.43266523506260335 0.004272431724674619 0.10646673144720094 0.003730489314504616 
39951.60123646652 2.7998454514131435E-5 5.4844688456343345E-5 0.037036266996544394 0.27736686147522693 0.9999860683548741 0.9001289930897275 0.793057682596532 0.07993523684814487 0.08389262208461097 1.4172647650420069E-4 
39951.79251334633 2.81657814829392E-6 1.9880035382777647E-5 0.03284954412203554 0.2995257429782146 0.9999411676152054 0.8878905775235809 0.6855283259451757 0.09293216394509743 0.21152072006129194 4.679236725768979E-5 
39925.43636476277 3.5712689889022584E-6 1.9880035382777647E-5 0.01138488677544438 0.2995257429782146 0.9999800912850336 0.9574568405223718 0.7140066993883623 0.07141028793513285 0.23570929221163492 3.9667627346034236E-5 
39899.317892922685 1.1426161482226976E-5 2.4978552973176282E-5 0.23686689541356393 0.3371487840967212 0.9999856432572823 0.868740737759872 0.9203975867254578 0.11107659811305085 0.1223259399301454 0.002867869874398682 
39944.288964793486 6.503439455406884E-6 1.9620699545542585E-5 0.30378705029905134 0.33967281276491357 0.9999751910488519 0.9073688539455165 0.7148781353880869 0.10879404497290812 0.007561213969217245 2.678001396248887E-4 
39708.2400861098 4.198999899503883E-6 3.5644065749292986E-5 0.06059624203408088 0.28193679042646863 0.9999735100981492 0.6920279482646272 0.8804357272012528 0.008359689740395913 0.10644165236541732 1.9877311796130375E-4 
39720.40449410826 5.5909610100162064E-6 2.1351078795324357E-5 0.0526955566279175 0.28216707148113457 0.9999739145692501 0.8705363741900379 0.23650470510769114 0.0022955330942932765 0.10799872825370195 6.836398636642454E-5 
39969.92862202025 9.475824309146878E-7 4.011025859555565E-5 0.2988363382712782 0.3419199295515912 0.9999817395040322 0.6865538353246359 0.37612379101004956 0.08875112507540617 0.09939229933224489 6.816064102022554E-4 
39923.99854266855 8.518713080869453E-7 2.2368825480766763E-6 0.013259475743557264 0.30142546550328525 0.9999736841695044 0.9574568405223718 0.7371737678661084 0.09147482792967417 0.25313118382896554 0.06331193953918654 
39988.936081153406 2.879462703897088E-5 4.9865175132647247E-5 0.1257002179831514 0.29369097070572375 0.9999943127184547 0.7070787457821708 0.4113703490909223 0.00811793653648591 0.10862113012534895 4.7924444818644237E-4 
39925.643135187376 1.169528892015281E-5 2.0830189777403745E-5 0.01599420034306373 0.2937302077972789 0.9999683120189461 0.8863195682680365 0.27489746770155565 0.08258052836050213 0.23570929221163492 5.664788561405209E-5 
39950.274846528206 1.0326370659895544E-5 5.362435667921941E-5 0.03482353697263871 0.29902703879391734 0.9999734960859177 0.8961727201364205 0.7367516825144338 0.05361867129815191 0.2115287017030401 8.69395457210338E-4 
39987.49926913529 1.1977071503037351E-5 2.147438366355234E-5 0.3653047734371058 0.36916113302643505 0.9999718498110671 0.7129178016975862 0.35287729826012765 0.11121753274047591 0.20240694671953954 0.002690322454772994 
39757.692932674276 1.167866323719329E-5 1.1287552161252763E-4 0.0016533725401661759 0.2851311503359805 0.9999935756753208 0.6485363880985261 0.7140255520930503 0.0032417321683345587 0.16022313694536572 1.0302155700372781E-4 
39951.60123646652 2.7998454514131435E-5 5.4844688456343345E-5 0.037036266996544394 0.274830966409405 0.9999860683548741 0.9686573065561417 0.7934078438067801 0.07993523684814487 0.08389262208461097 1.3043319281407656E-4 
39897.22414672097 7.075810939105027E-6 3.966690560358561E-5 0.2988363382712782 0.34512730552272036 0.9999877711554199 0.6739676399592451 0.3766781922513832 0.08868017931094888 0.09580325799693973 6.816064102022554E-4 
39850.67111082215 1.1670037294617278E-5 7.115404644689008E-5 0.08137439534036667 0.2990200517603299 0.999975399727315 0.7150495772463586 0.7571773281578553 0.016378821781586624 0.1894532845227037 3.091281167732921E-5 
39972.56544336486 9.475754486011953E-6 1.0604591992501415E-5 0.31103834310377115 0.32040665664004453 0.9999755241547414 0.887709519458888 0.6524747900446155 1.8017766159731898E-4 0.002544459993846726 2.9770948132606424E-4 
39757.84749382271 1.323254028212731E-5 4.35288831492264E-5 0.0028713247914549794 0.34319749895885887 0.9999898208674464 0.6844152642298503 0.8714664332821604 0.001008146697139188 0.655568204855547 3.8324604576281396E-4 
39896.44430695711 7.242373991029854E-6 5.497741897387183E-5 0.11927686641876681 0.2952206402878025 0.9999879556136269 0.6847286766871534 0.36912343575444295 1.7860940469744823E-4 0.13931768974327904 1.7025195874289557E-4 
39949.27095188376 1.1413645462341027E-5 1.341132247553013E-5 0.2573686660440549 0.3406172011063477 0.9999719995201827 0.9560241374700563 0.7115264162423399 0.0844583543744153 0.2340913139948574 1.3570643395594104E-4 
39858.376329488085 1.1049423181318062E-5 7.356928244303286E-5 0.08983808546901242 0.29960716657413944 0.9999721165977455 0.7150495772463586 0.7571773281578553 0.016378821781586624 0.1894532845227037 3.091281167732921E-5 
39986.84334678944 4.145726474981224E-6 1.0098296697138782E-5 0.13769875324348854 0.29385469849824875 0.9999683358598145 0.799656603261073 0.6194608078078003 0.007370811667912987 0.1157351578204481 4.8565766725903754E-4 
39998.77744508193 1.1707287723184445E-5 4.771006797090267E-5 0.01386133707835878 0.2768298972750097 0.9999684243283681 0.7006236021399518 0.9257054001302469 0.11690986958241398 0.11653871944917231 4.332837631058084E-4 
39988.60313630791 1.1691043117696193E-5 5.386813820213339E-5 0.3653047734371058 0.37058627962619767 0.9999715399057088 0.6998096434039921 0.6679155419289785 0.11843805235649982 0.20240694671953954 0.002690322454772994 
39991.802320710805 2.3283913127485402E-6 8.127375816535725E-6 0.26164982393302877 0.3389839827816209 0.9999719162748184 0.7007040138231304 0.7198937460926753 0.0813847066465821 0.23410972105931477 0.00286554164020168 
39899.317892922685 1.1426161482226976E-5 3.548151233918054E-5 0.24723613182048376 0.3371487840967212 0.9999856432572823 0.6910673314518861 0.9037992472127353 0.11107659811305085 0.10644319092112678 4.626818746235827E-5 
39950.16571301415 7.764731787717853E-6 2.248722121075954E-5 0.31821805494586264 0.32109844634453505 0.9999807827360366 0.8996953829913854 0.8714040521221316 0.001195905236126435 0.16449503655487538 0.0022288958339413386 
39742.01979568263 1.167866323719329E-5 1.1563280074493735E-4 0.002216477187087118 0.2835164219661769 0.9999935756753208 0.6455781549378395 0.7094357625632701 0.0032417321683345587 0.16407772993541866 1.075725642245319E-4 
39951.924321485974 2.0481907974787715E-5 3.8895396227418835E-5 0.039384775243823514 0.2995257429782146 0.9999814058686655 0.7083778157042693 0.6717929167769189 0.05053508264240487 0.2115287017030401 4.434755071828227E-4 
39972.78293894894 2.1289506708957147E-5 4.713702745582324E-5 0.23686689541356393 0.3348564380674741 0.9999681904563671 0.7797336454731177 0.8921799279353411 0.11726650023671475 0.11595271571954635 0.002867869874398682 
39956.29730418515 1.771364855103513E-5 7.758358139067035E-5 0.3010917996701037 0.32109844634453505 0.9999894615959705 0.8443511472314048 0.7301614339164872 0.0076536145792691366 0.01540148374823222 6.376702314396009E-4 
39969.92862202025 9.513003875235277E-7 3.9897598647061286E-5 0.2988363382712782 0.3419199295515912 0.9999796579797432 0.6865538353246359 0.37612379101004956 0.08868017931094888 0.09572167950097074 6.816064102022554E-4 
39981.00709204078 1.9030581185988501E-6 2.1864042975323034E-5 0.021956191140568612 0.275498674900891 0.9999796390248039 0.9429684529956875 0.43123396492258614 0.006085002537067133 0.10646673144720094 0.0037253040523479155 
39950.902643784575 1.9096462712383764E-5 2.7916933913024614E-5 0.10917312455183974 0.2995410818972108 0.9999907310931749 0.6524403732614512 0.7269781895504452 0.049297614342804066 0.13386396804999456 1.7115707805226524E-4 
39975.611264773885 5.413274735724877E-5 5.567275509252574E-5 0.03395980272465676 0.27736686147522693 0.9999849606029412 0.7342031208040579 0.3496371996393344 0.0035662939408174356 0.09819115273973278 2.4371285043264123E-4 
39897.22414672097 5.802535673262369E-6 3.966690560358561E-5 0.2988363382712782 0.34512730552272036 0.999985851725075 0.6771328919654672 0.34477479679789935 0.08868017931094888 0.09580325799693973 6.816064102022554E-4 
39998.50776409994 1.94953578421766E-6 2.375740193089029E-5 0.1595805501754261 0.29886787479509386 0.9999688704257171 0.9013714412389292 0.657976170723666 0.01870836711450531 0.10786181767013467 3.0316421206983465E-4 
39768.7039848231 1.710267415247536E-5 4.444164456228151E-5 0.3568240603123486 0.3605843000440258 0.9999710344302842 0.6854791346826463 0.9280713696188962 0.09766222377286762 0.10091030313118857 0.0026856753340134985 
39896.44430695711 7.5323639235624415E-6 2.2615493795716288E-5 0.11927686641876681 0.2963426397578664 0.9999874000023244 0.6847286766871534 0.36912343575444295 1.7860940469744823E-4 0.13931768974327904 1.7025195874289557E-4 
39936.55352929062 5.907405890897747E-6 5.5781366122671595E-5 0.030144157386116192 0.28031433855949317 0.9999791861724183 0.49962580505289467 0.7540681334415051 0.009525399650530536 0.11748655543403538 2.712677262493242E-4 
39955.56900044279 7.791253134136469E-6 6.520689229000889E-5 0.16919922532235382 0.2973149600387808 0.9999669013112792 0.8413822667570694 0.9322979984754961 1.684985642891523E-4 0.10786181767013467 9.54224343854397E-4 
39983.608080547834 1.2023041160451278E-6 3.9897598647061286E-5 0.2833937512548236 0.34048348654504534 0.999943734268761 0.7030868633007982 0.39282487754988515 0.08185712260643385 0.09009251281660567 6.816064102022554E-4 
39900.66991682458 7.900224813471383E-6 7.361694458516358E-5 0.003327515862893808 0.27394350515034926 0.9999807731262979 0.6935605448810953 0.8956564404314813 0.0076437673855609956 0.11139547251494883 0.0028451551009143587 
39972.78293894894 2.1289506708957147E-5 4.713702745582324E-5 0.2451792821424833 0.3348564380674741 0.9999681904563671 0.7797336454731177 0.8415472086389831 0.10856869666135806 0.11595271571954635 2.3748075930538504E-4 
39748.28741252718 1.146281950670721E-5 5.0955024965045956E-5 0.14450000298042545 0.29522772834937167 0.9999929934719035 0.22897015957552744 0.8580825737766827 0.004574676250673518 0.10632305896787568 6.631646750517823E-5 
39900.66991682458 4.935937829664645E-7 2.135213069990459E-5 0.00170319697552921 0.34250685888584015 0.9999944244231649 0.8616646765360001 0.789215615111062 0.11055338308660972 0.6615277015885789 9.588859345666181E-4 
39737.00912192252 4.012427477372383E-6 4.7336636817060146E-5 0.12154713853197542 0.2947334030099993 0.999993936594564 0.8427332069082684 0.9328778472600023 0.024785884873092585 0.10650575372538551 9.925907694803776E-4 
39923.99854266855 8.518713080869453E-7 2.2368825480766763E-6 0.013259475743557264 0.30142546550328525 0.9999736841695044 0.9574568405223718 0.7371737678661084 0.09147482792967417 0.25313118382896554 0.06331193953918654 
39960.784100066565 1.1049822303188427E-5 7.762904647121495E-5 0.08468932705060203 0.29960716657413944 0.999991943888489 0.6861031332497193 0.8890070746764479 0.017481494920329292 0.18117839671187735 3.091281167732921E-5 
39937.04937048571 7.94130580376301E-6 5.4990885132084354E-5 0.26114934148517216 0.3414680556035466 0.9999702266890742 0.685190632825498 0.7181699936215948 0.07876956762844148 0.2339951401355552 8.32904900429347E-4 
39950.902643784575 1.879698271077062E-5 2.7916933913024614E-5 0.10941434848277107 0.29516922617937424 0.9999911401380212 0.26811294783749395 0.8909112466251763 0.049297614342804066 0.131174609084809 1.1755973228060859E-4 
39927.153564313754 5.283238704492436E-5 7.051277217837596E-5 0.12279455847240393 0.2949651138054654 0.999988004649135 0.70312390576796 0.9250560575500416 0.003931221251667475 0.12088644359737788 0.0019361264524946514 
39742.06663968174 5.940984008136704E-6 1.3830229189025532E-5 0.06685615678490857 0.28226431410136893 0.9999815214831258 0.7280298365397 0.6147633526718302 0.002012535394235739 0.1075371533926688 2.279782797481771E-4 
39953.25320701308 3.572449496100217E-5 7.918836840999003E-5 0.09244002571066409 0.2961509073878192 0.9999743962593863 0.7029939368657311 0.7320963843621626 0.016378821781586624 0.18581266376494343 0.0011694637780875938 
39939.67500504831 1.710267415247536E-5 5.430457471926384E-5 0.33324662736930993 0.3568240603123486 0.9999710344302842 0.6904765288033924 0.6955213145912126 0.09766222377286762 0.10091030313118857 0.0026856753340134985 
39924.97760231883 4.20492379624005E-6 1.3830229189025532E-5 0.06926950068774662 0.28193679042646863 0.9999735100981492 0.9699799002133209 0.6165303244498131 0.008359689740395913 0.10772798412877711 4.1357150926676445E-4 
39929.61386013164 8.734179917492562E-7 1.9880035382777647E-5 0.11368643585684649 0.2995257429782146 0.9999801749648002 0.9569877893118107 0.6905523259394074 0.07141028793513285 0.13727329716446368 1.6841100702783557E-4 
39863.57477199714 4.535263062741986E-6 5.138780413985081E-5 0.013194904250267949 0.2787996022100929 0.9999816571715312 0.703004315389517 0.41496983475723886 0.09221016701131796 0.11744936519280272 0.0017542065795755693 
39988.936081153406 2.054784421045575E-5 4.7986363528799705E-5 0.12370945450383745 0.29369097070572375 0.9999934454425805 0.9124887449422875 0.6695239612900942 0.006588423760721976 0.10862113012534895 4.560119442592697E-4 
39754.58711097893 7.150532471311803E-6 5.09928268552244E-5 0.14450000298042545 0.29452556146896086 0.9999929934719035 0.6399512335802876 0.6818904444272147 0.004574676250673518 0.10536977596948183 7.251241502703731E-5 
39739.35755781672 1.167866323719329E-5 1.1563280074493735E-4 0.0029848652381231355 0.2851311503359805 0.9999935756753208 0.6459406701678291 0.7094357625632701 0.0032417321683345587 0.16022313694536572 1.075725642245319E-4 
39902.63231246111 7.4380647323158225E-6 5.190227712805689E-5 0.14757429453788884 0.2946101165319623 0.9999712757819404 0.6608556954367766 0.9072840622607353 0.004100458475614757 0.09539595545682673 3.1745198055547016E-4 
39896.33332619919 1.1750351751488203E-5 5.186447523787845E-5 0.14757429453788884 0.2953122834123731 0.9999712757819404 0.2498693434863304 0.9046174715726498 0.0013274529402810958 0.09634923845522059 3.111789023421467E-4 
39998.626569135995 1.664271679281743E-6 5.1752779658757235E-5 0.010162126549213696 0.27564187684500807 0.9999817409703706 0.7730877251641098 0.6910964074130791 0.11689367279705601 0.10650575372538551 4.2503604899863344E-4 
39863.4107949471 4.289348834035347E-6 1.2008028916577966E-5 0.052013459455850924 0.2817781779306338 0.9999750140181776 0.6744313762421481 0.6524514011941841 0.027386589241572834 0.11411090403494167 0.0016939948734785708 
39989.43122322714 2.9474111876623907E-6 4.7512182081787895E-6 8.084888044929302E-5 0.3157259092160923 0.9999715462589818 0.5789742957680926 0.7117000250509611 0.014470128333901627 0.42268322139164993 0.11416087305207237 
39742.63916894357 4.440295178682226E-6 1.4012486088485295E-5 0.3168963477893969 0.31703169809680654 0.9999833595259473 0.5524403272670296 0.13721878720097602 0.0052099296099783615 0.42078520507494677 9.629263204929409E-4 
39965.44437023833 4.9421300871345445E-6 1.4861649545567878E-5 8.792789635985038E-4 0.3169198407007789 0.9999709858605144 0.7573501052524804 0.8051266573942318 0.07981214714647558 0.42268322139164993 0.016460075143695456 
39890.55389750445 1.1898096503594683E-5 5.1401795095190484E-5 0.023112281494028775 0.31257462865528385 0.9999634133087609 0.7928368473766241 0.6163242836295203 0.04686796095674295 0.3457935987859575 7.170727070767166E-4 
39952.33501200277 2.60431741770013E-5 1.688355181310812E-4 0.022846907154811847 0.3156598055577196 0.9999744817188161 0.6638251734962255 0.8715421680651046 0.09602301009869935 0.3724152195050547 0.0029673023632924584 
39920.145603975485 2.935911179200903E-6 8.587291325615212E-5 0.26960640620353 0.34142589771018217 0.9999644969705779 0.7380976639973776 0.8762774306545091 0.08021609358471302 0.20018124363584694 9.34271045693279E-4 
39927.389607180754 5.8779472714308595E-6 1.58546198144664E-5 0.30485380083917213 0.33970586736969827 0.9999792518724703 0.5506983188795089 0.9157872554042219 0.06364661782877146 0.11684817011539608 0.001728243172325626 
39781.41998079488 2.7609657083710725E-6 8.315277862677505E-6 0.11992688606949603 0.31155887523428955 0.9999718526345707 0.43433267908998896 0.877334047385502 0.0665369872605838 0.19465500455662665 0.0034325716959397097 
39567.86507563887 3.3557190703517557E-6 9.76755730893186E-6 0.004189931010430442 0.31703169809680654 0.9999862117157777 0.5524403272670296 0.12580340327939277 0.006621095583897127 0.42078520507494677 2.5541306557913567E-4 
39914.419013342645 6.2897763097092044E-6 9.109858893527064E-6 0.02085022012269902 0.3021136578030257 0.9999815072521426 0.6937017030849794 0.5599497313239646 0.05371896184606742 0.25782580828570734 7.93161091016798E-4 
39954.83833107299 3.852034157812803E-6 1.1199804061775461E-4 0.24068589643093152 0.33035508020282645 0.9999709314391115 0.7849029097248249 0.8193829717521431 0.07812737805544756 0.11054107275373856 5.18083568716513E-4 
39914.039491463416 6.2897763097092044E-6 9.109858893527064E-6 0.02085022012269902 0.31608086619483716 0.9999815072521426 0.6917571555242725 0.5615110443419026 0.04140644521190598 0.37642843528018327 0.0010114905765406452 
39985.03862590024 1.3341536971798708E-5 3.680514967847885E-5 0.12290635232968644 0.30101238784391426 0.9999767524526538 0.12926156322315652 0.8765793475639407 0.053360861806546644 0.12481528116636441 2.3117854344469838E-4 
39959.29506708464 2.4238955880051375E-6 1.607537213227057E-4 0.09628339407349808 0.30154509096334736 0.9999814645858299 0.6918290417429476 0.8908929597084262 0.00687639358212485 0.21311819680306204 0.001204506754620991 
39937.27778234548 1.3311617948683426E-5 2.4689418684362893E-5 0.0031463330877068083 0.3139341047542787 0.9999766017762837 0.35234947380822096 0.8799400725527942 0.0016832685874877493 0.37680084794726443 0.0032444411794248303 
39572.490294296826 5.8779472714308595E-6 2.494374561413026E-5 0.13233669836585324 0.31152301521956327 0.999983468979285 0.3759378215404706 0.8223972641673267 0.06387815958786495 0.19112089898258802 1.3381505271216646E-4 
39935.59536114925 4.918137576520362E-6 7.181962518162713E-5 5.923692565765748E-4 0.28353566123605883 0.99998161245894 0.6881993556482541 0.8990222233414974 0.01508808436960703 0.16029963801753888 0.0012184588035158816 
39944.74913207834 4.206981617357498E-6 1.4372493609644807E-5 0.1478195685960853 0.3109111324219968 0.9999757544034864 0.2623056923998599 0.7830633331157998 0.08106933946317789 0.1351613988285386 0.001966496946527569 
39969.07470924712 5.397086389029171E-5 1.235099778628644E-4 0.27023281314948194 0.32174875172094736 0.9999901483549246 0.7051532106341671 0.9513095043802423 0.05042848396949408 0.03034245592700867 3.9288590743066613E-4 
39939.98174394983 3.4470520258099554E-5 1.5737006601740695E-4 0.030953647021888214 0.2820476757896614 0.9999726393064164 0.6957117232716259 0.8516939945307866 0.05691309811738886 0.11615673431794109 7.58438502797066E-4 
39969.07470924712 5.397086389029171E-5 1.229887519755698E-4 0.2726951932252101 0.3258155647136245 0.999973744771974 0.6044889116266456 0.9580601660799098 0.05042848396949408 0.03034245592700867 0.0013282404037257174 
39512.6041518943 2.2462939948096292E-5 1.7043953971261383E-4 0.003369732827719945 0.3018964902476468 0.9999930187019105 0.4690909429029616 0.16487043462636897 0.012593535488416324 0.267204036172228 0.0013842886961285175 
39908.301102160956 3.0027239090785096E-5 3.217532397838835E-5 0.21053940170842572 0.3143417772121182 0.9999769656807551 0.6392050372973862 0.5625049092797683 0.04912071841148126 0.11075199960183728 8.652954078523709E-4 
39927.018058617 5.406468243237435E-5 6.144777654547118E-5 0.2606769757692099 0.3299391420149171 0.9999709314391115 0.43720386631409763 0.8018394823366346 0.06482254760460116 0.11054107275373856 0.006975534594438712 
39982.59399460821 2.9098724859219813E-6 1.6589714270411683E-5 0.0015149915748605136 0.28714945567504274 0.9999807725932699 0.3178631649942993 0.048314328254113637 0.029125155611068848 0.1768810182787654 0.0013811997323613285 
39920.189152651 2.9315457132733603E-6 8.454953107560361E-5 0.2896207737957369 0.3390548235540079 0.9999906556361216 0.6461705898947507 0.12194782882846683 0.08026790878936994 0.05966774396777991 0.0014815341986532974 
39932.18653451665 5.954614518298987E-6 9.082985506691763E-6 0.12407912308196142 0.31079987299814676 0.9999766601381361 0.5699668529077384 0.8165952356951632 0.09268888226755434 0.18836509806404012 0.0016489809096682513 
39984.31676398839 5.727020403048184E-5 1.235099778628644E-4 0.2487343742706734 0.32174875172094736 0.9999901483549246 0.7051532106341671 0.8519553477324675 0.05163778517444684 0.04356043150599813 3.9288590743066613E-4 
39916.28156432479 8.693567947704949E-7 1.008060783086926E-5 0.006384575527352332 0.31218447267574745 0.9999706241068853 0.699088809691283 0.896929274145376 0.05592226866333579 0.3762438032816785 0.0016878275099889983 
39790.732677002125 2.352834813621816E-6 1.432116541535362E-5 0.05992724874974498 0.302003073850076 0.9999815093102083 0.6725148050383257 0.8664698032552853 0.0662582538536004 0.1976600712329292 0.001223004824931075 
39960.22178837767 5.953646492055635E-6 1.9048840048462274E-5 0.07878904745007603 0.30219526346580966 0.9999822874528489 0.6343244681598323 0.6130008419050168 0.031314101381035006 0.19877972564422974 0.0016665465476234916 
39918.82957140746 5.8779472714308595E-6 1.0165815762476465E-4 0.3129846769850835 0.3422981129539401 0.9999759441422306 0.39698104212289587 0.8858113956032025 0.06364661782877146 0.12532615562148736 0.005127577296064446 
39999.924617101045 4.147260249236836E-6 8.154621024120719E-6 0.022542722840926656 0.28867731032592076 0.9999819400352707 0.7022820213861963 0.8669889729259505 0.06465230590804925 0.1735019032485615 0.005901816573595887 
39913.891669403514 6.2897763097092044E-6 1.897425501990239E-5 0.13173166632867112 0.31181361322100754 0.9999814051134109 0.39619421985065306 0.8733474195632658 0.06670246543170526 0.1975309623460891 0.0016971302349352406 
39956.419232635184 3.626277555151646E-6 1.1199804061775461E-4 0.24901020835933466 0.33035508020282645 0.999990232488479 0.7819349722980112 0.8515536878423933 0.07812737805544756 0.11310201737797948 4.5013247384642976E-4 
39959.355819298646 4.348002846724582E-6 1.4838840246255274E-5 0.026686736188708822 0.28867731032592076 0.9999759028100749 0.7020203115418674 0.7584011743858028 6.275236680522815E-4 0.1735019032485615 1.0042606595001566E-4 
39954.22100820766 1.8500038022078556E-6 3.114524485873442E-5 0.10863084078571841 0.2998052533418414 0.9999894879863277 0.6442787184236165 0.868650364409113 0.05618039529026517 0.1324092145840367 9.19063556641027E-4 
39997.47807140026 5.802400903227284E-7 7.646998801160195E-6 0.044111163207666296 0.2818628213925431 0.9999862104244088 0.796191520634439 0.8239170765339355 0.007704058861832529 0.149913421390191 4.5747797363736233E-4 
39955.297611867936 1.8101518068550755E-6 2.730760500136747E-6 0.09619207611468025 0.3019475882087711 0.9999719905664124 0.6893093051084569 0.877334047385502 0.0665369872605838 0.19465500455662665 3.155786368686346E-4 
39913.38121783247 3.831931835404639E-6 1.0155307551669364E-4 0.3137285984845384 0.34055976370603896 0.9999726618947375 0.29004572576473114 0.825083008633031 0.05617020399078904 0.11607511757293411 7.619593789833876E-4 
39790.41031738174 1.1859594671488335E-5 4.777687111430621E-5 0.32511259467568626 0.3259610438096395 0.9999862090436228 0.6729382152761799 0.614958735425346 0.004791577851938331 0.3469393099741759 0.0030519947416410434 
39972.25942806382 2.0095357469748982E-5 9.517045408255527E-5 0.13406834828105074 0.2934560113436647 0.9999759571358086 0.5804561596458684 0.7821434128817504 0.08210056983686981 0.006723354139469928 0.0013199112353397286 
39913.094182272835 1.2536516587111334E-6 3.789590606676184E-6 0.07192321179710287 0.302003073850076 0.9999816288755969 0.6914283902618379 0.6113649782116894 0.06460330122649416 0.1976600712329292 0.001223004824931075 
39993.09314593106 1.9644411180250422E-5 5.336220119142921E-5 0.19961892367371392 0.31206309700389384 0.9999808765822557 0.6167461461224296 0.8996037746212261 0.00884658657715525 0.17745337373837183 5.715513583863232E-4 
39997.47807140026 5.802400903227284E-7 5.754359071276496E-6 0.013805730249569992 0.282994560796672 0.9999862104244088 0.796191520634439 0.5600774458972527 0.008615187104926678 0.149913421390191 0.0020174301368377067 
39911.08686131759 1.1675574957800456E-5 1.2814231596213908E-4 0.22331283117987089 0.3288366852578114 0.999981594572217 0.6913937792566726 0.6340132235266176 0.0956359794223754 0.12152612696701234 0.002941450824706046 
39554.39881230261 3.831866350255628E-6 1.709602271498562E-4 0.06482233552499178 0.3022859145382785 0.9999752950136356 0.33750017254771814 0.8560152477772558 0.1332435028408455 0.1693744076819226 6.995025526602694E-4 
39460.58931564029 1.9599378765096754E-5 1.2363158852354223E-4 0.34334496712156204 0.3439815944687723 0.9999918557704611 0.6167845746715539 0.7790911854873995 0.05181928314257355 0.08938071012036658 0.0011670077139183457 
39987.61836707156 4.254707181164541E-6 1.3529106707146505E-5 0.1408446742710738 0.3029738872922033 0.9999732495341089 0.5819815138650901 0.8163355758506448 0.03969913385166207 0.13010890816579904 0.003323353826006535 
39987.802238775155 2.939204445718558E-6 8.938653478944105E-6 8.084888044929302E-5 0.3157259092160923 0.9999766309563783 0.43357347636454374 0.833143977453112 0.047700684170399826 0.42268322139164993 0.004410569227458706 
39837.763642649305 2.263938597964235E-6 8.794795494107952E-5 0.34334496712156204 0.3439815944687723 0.9999918557704611 0.6576239208983321 0.7766467780358247 0.0629579104451775 0.12037414711180922 7.12465604674431E-4 
39961.354098623626 5.946878027303299E-6 7.67700330293304E-6 0.20694359079348196 0.31283054263880944 0.9999710292557928 0.5752434635291442 0.8328807529546278 0.05600986632902685 0.11561785515811858 0.0011648952656247136 
39886.182083697604 5.8779472714308595E-6 1.0184419278912568E-4 0.3129846769850835 0.34216241779015805 0.9999759441422306 0.39698104212289587 0.8858113956032025 0.06364661782877146 0.11648250685371371 4.684989099943719E-4 
39986.20515180239 1.6582516790054867E-6 1.6589714270411683E-5 0.0015149915748605136 0.287282963220706 0.999973352818926 0.27711441923790703 0.8441035820482308 0.029125155611068848 0.1768810182787654 7.324134579622889E-4 
39900.234360509596 2.9023490160182486E-6 7.953629054507496E-6 0.25767646298082214 0.32364884305551056 0.9999760292601082 0.5097248431659616 0.5477338410334279 0.029173245888128307 0.17199841481301742 1.3896444940868832E-4 
39962.90948561778 1.9368573852918683E-5 2.0574296567185086E-5 0.3344432944546545 0.3392253298082956 0.9999915909154032 0.6462177401547633 0.9236048879589475 0.053388512455170394 0.12660297877426907 0.0014098161470019418 
39458.77765417616 7.017890824040652E-6 9.938078611763357E-5 0.3171585601196023 0.3251204478853078 0.9999829439270989 0.6870860594817807 0.7714172003678239 0.004791577851938331 0.22655083404583284 0.0016926211537796599 
39885.50822324856 4.207480802269826E-6 7.610247605676644E-6 0.010201201406003363 0.3110124534775968 0.9999937840428089 0.2414445547082783 0.8487022486657596 0.02802144345550637 0.3762438032816785 0.0016631847033284721 
39953.73333707653 1.5175391081918392E-5 1.4599024767614208E-4 0.33081362993309604 0.3439583300386913 0.9999743319851557 0.6506232771110889 0.8721834871157851 0.06311448848631146 0.10443228709807495 0.001151004158347539 
39968.99980545765 2.9098724859219813E-6 3.4578939772302654E-5 0.2959497582245405 0.32207599181562685 0.9999760522430486 0.5309527258008011 0.5572304881226463 0.004419054878155752 0.17614088515154586 0.001690956735025831 
39913.891669403514 4.163613927334186E-6 9.14309130540101E-5 0.08540742824275312 0.30066712954658337 0.9999918013355292 0.6991363651668481 0.6130008419050168 0.030354491030363702 0.1968392814130577 0.0015359875968647889 
39955.273752405104 3.626277555151646E-6 1.1199804061775461E-4 0.24068589643093152 0.33035508020282645 0.9999709314391115 0.7819349722980112 0.874304504667748 0.07812737805544756 0.11054107275373856 0.008611094061833843 
39991.07507221642 5.974761368822315E-6 1.7044706660252607E-5 0.14329629035365574 0.31054446162740806 0.9999832768042026 0.616023372461119 0.6274642905223224 0.06236278544198853 0.1643747384842469 9.898067325128752E-4 
39962.90948561778 1.8694928855362662E-5 1.9368573852918683E-5 0.33081362993309604 0.3406867115922018 0.9999762094038543 0.64969959404987 0.9001841293259373 0.050331729153699614 0.12660297877426907 3.7814161399559766E-4 
39935.59536114925 4.918137576520362E-6 2.4656071291769474E-5 0.005293876513464897 0.28353566123605883 0.9999734914945362 0.8462011045943 0.8990222233414974 0.013744119985367481 0.16029963801753888 0.0017421690029758778 
39960.14583260503 5.946878027303299E-6 7.673196632594897E-6 0.19287887200050424 0.3128730233536562 0.9999893843861801 0.6177456455732313 0.8154763086085897 0.05600986632902685 0.11561785515811858 0.0011648952656247136 
39918.44968425812 8.802902022954575E-6 2.0037277198585173E-5 0.18379924097608827 0.3120615174939965 0.9999900208051494 0.6643837055955829 0.9875645530142989 0.05602568132470473 0.10526520335157832 0.001168024728419636 
39985.03862590024 3.1383534556660226E-6 3.680514967847885E-5 0.1872183816036713 0.31152301521956327 0.99997671064466 0.3199451185229363 0.8765793475639407 0.06847820096808267 0.12446750603625537 0.0018965424045386168 
39956.419232635184 3.626277555151646E-6 1.1199804061775461E-4 0.24901020835933466 0.33035508020282645 0.999990232488479 0.7819349722980112 0.8515536878423933 0.07812737805544756 0.11310201737797948 4.5013247384642976E-4 
39986.59342614768 2.9474111876623907E-6 4.7474115464165986E-6 0.0010347835390751153 0.3157683899309391 0.9999899011799195 0.6214764778121795 0.8157395331070738 0.014470128333901627 0.42268322139164993 1.6825750897200148E-4 
39790.41031738174 6.190840652531737E-7 2.3055507875406864E-6 0.322184711255437 0.32511259467568626 0.9999862090436228 0.6729382152761799 0.5576461024568816 0.004791577851938331 0.10297565016640894 0.0030519947416410434 
39987.61836707156 1.3685197110921029E-5 2.2541573695200273E-5 0.1408446742710738 0.3010882322707658 0.9999765923927967 0.3983352321908417 0.815531372278206 0.0460759528212063 0.13010890816579904 8.003700254259056E-4 
39963.96280811746 1.788019486817054E-5 4.5652796040892345E-5 0.19376786236832882 0.31146280120138264 0.9999718290997298 0.4530440276874969 0.7820694488522878 0.06740436570195193 0.053755450266036876 0.001168024728419636 
39965.082798496696 1.844062695016091E-5 9.5684259609019E-5 0.026686736188708822 0.28867731032592076 0.9999759028100749 0.7020203115418674 0.7597068919208738 6.275236680522815E-4 0.16967234845425955 1.0042606595001566E-4 
39959.355819298646 1.6776882471796789E-6 9.845537149896775E-6 0.03151602568144559 0.28867731032592076 0.9999759028100749 0.6804453902924428 0.7596598207149063 2.582758605993926E-5 0.1735019032485615 6.83487742061705E-5 
39962.90948561778 1.8694928855362662E-5 1.9368573852918683E-5 0.3344432944546545 0.34177525940459386 0.9999755524560434 0.64969959404987 0.9001841293259373 0.053388512455170394 0.12660297877426907 3.719998262598643E-4 
39913.891669403514 6.2897763097092044E-6 1.897425501990239E-5 0.08540742824275312 0.30209383598762385 0.9999815079872499 0.6991363651668481 0.6130008419050168 0.029629890461567825 0.1975309623460891 0.0016971302349352406 
39962.89563053191 6.8618281149766885E-6 3.938827247293123E-5 0.1872183816036713 0.31152301521956327 0.99997671064466 0.5853818491637259 0.8765793475639407 0.004874167765708126 0.2004583893542102 0.001914625217307106 
39965.879326490816 2.0037277198585173E-5 8.865160469235604E-5 0.1925182074133783 0.31225131008013696 0.9999765439553872 0.6177456455732313 0.7711185867087976 0.0521483611408665 0.08904900613350614 0.0011343678730645914 
39914.72161139208 9.944016313213663E-6 9.794348921418128E-5 0.011906377316691238 0.3029380008576901 0.9999922465882297 0.6841703643169064 0.5599497313239646 0.06406227916927759 0.2641952626904938 7.243607391359575E-4 
39962.19360660417 1.5805284599461048E-6 3.408364622968704E-5 0.15587269816249696 0.29807296487106405 0.9999891651262051 0.6540886050391213 0.9879004411636931 0.010560994268585863 0.11529870525885857 9.425769852773086E-4 
39512.6041518943 3.5036781149227162E-6 1.7043953971261383E-4 0.006028085686392778 0.3018964902476468 0.9999930187019105 0.4601617515854678 0.8358219947542589 0.012412129001290163 0.267204036172228 0.0014048752594713555 
39801.6626957833 4.5131222578673346E-5 8.69323420600475E-5 0.18705506434316596 0.32377268100463896 0.9999814866428149 0.7480949734706948 0.9871510966302739 0.10075920521890275 0.13094478772073048 5.853177126736966E-4 
39914.72161139208 9.944016313213663E-6 9.794348921418128E-5 0.014710449256280872 0.3029380008576901 0.9999925101414839 0.6937017030849794 0.5599497313239646 0.06468666710431675 0.2641952626904938 7.299436827972287E-4 
39916.1001932313 1.2671878220419314E-5 5.919696861685567E-5 0.143701854345176 0.30111859226378634 0.9999755398558334 0.6893302140141333 0.8054788933266732 0.05337270891687426 0.1144863739400153 4.7901307776264585E-4 
39886.581876314995 3.626277555151646E-6 1.3496302339916931E-5 0.33035508020282645 0.3461222160399429 0.9999819509493086 0.7819349722980112 0.874877429073381 0.07812737805544756 0.11056170780062503 0.0030946430533134845 
39925.88579334658 6.246449336791156E-6 9.029020491411266E-6 0.006850177602314298 0.31079987299814676 0.9999777616764606 0.5704334951162093 0.7341416382658855 0.09268888226755434 0.37680084794726443 0.002259432558727494 
39927.018058617 5.406468243237435E-5 6.144777654547118E-5 0.2603163111834487 0.3291276361552574 0.9999709314391115 0.43720386631409763 0.9729678491345822 0.0680120915944088 0.08764021357043436 0.0069820095810112694 
39909.06561369966 2.481340539840272E-6 1.966213896769282E-5 0.15956166312182302 0.2984788472340982 0.9999807275394835 0.41987644063936513 0.5365321550992558 0.004404654644094612 0.116109477845786 0.0019782745577508615 
39463.48224442611 3.2930095333599693E-6 1.6609917904252023E-5 0.012568979257874577 0.2870141921007095 0.9999807004750314 0.3035102251174401 0.1025257278507169 0.011947838146200755 0.17689620120150915 0.001817574566670413 
39939.192875848115 4.413551685669927E-6 1.5406188627113516E-5 0.03248152328970903 0.2852303207077534 0.9999837418257925 0.6903729199757344 0.8535432518204368 0.007444604811275745 0.16675592543037798 2.1414624457541647E-4 
39852.71652299378 8.04762901625192E-6 3.488261763513086E-5 0.1542038034686936 0.29826275745720454 0.9999809059955399 0.6529124357497162 0.7674841567286509 0.011668771978775989 0.11381567080019446 9.448321981842332E-4 
39847.853763873965 1.5078803539716665E-5 2.2569323185631306E-5 0.07002634780312245 0.28732558630720734 0.9999930110002405 0.8000613126713044 0.15419912986035672 0.011344022236592182 0.16546393579812038 9.245452572375118E-4 
39900.234360509596 2.937210671495404E-6 3.422972063444394E-5 0.25767646298082214 0.3198453853958549 0.9999757904818757 0.5100642959212665 0.5052198452420413 0.029175639142826455 0.1213971426247111 1.5387022035707115E-4 
39992.54115076174 3.612057139351403E-5 4.320878033569433E-5 0.02318403518122279 0.28260038424850886 0.9999746706011463 0.592889162764995 0.8516939945307866 0.03698251157635494 0.1317232785841481 0.0014413924229526925 
39985.16848534989 1.5805284599461048E-6 3.408364622968704E-5 0.1547171159364235 0.299043220953639 0.9999891651262051 0.6540886050391213 0.9883474699135163 0.06408367534483224 0.0611374086090202 9.425769852773086E-4 
39937.27778234548 1.3311617948683426E-5 2.4689418684362893E-5 0.0031463330877068083 0.3139341047542787 0.9999766017762837 0.35234947380822096 0.8799400725527942 0.0016832685874877493 0.37680084794726443 0.0032444411794248303 
39960.22178837767 5.953646492055635E-6 1.9048840048462274E-5 0.07878904745007603 0.30219526346580966 0.9999822874528489 0.6991363651668481 0.6130008419050168 0.031314101381035006 0.19877972564422974 0.0016665465476234916 
39885.50822324856 8.693567947704949E-7 1.008060783086926E-5 0.00876610168208325 0.3110124534775968 0.9999706241068853 0.699088809691283 0.7341416382658855 0.05166775141462596 0.3762438032816785 0.0016807370065891835 
39900.30258798398 3.548215524879908E-6 6.465800914035715E-6 0.086350241649276 0.30196965630328965 0.9999816356124288 0.4426607949163793 0.8109631034301297 0.030374552228109385 0.19753438631397988 0.0017189965753035361 
39992.54115076174 3.612057139351403E-5 4.27919748194651E-5 0.025215797333638074 0.28260038424850886 0.9999735114317876 0.592889162764995 0.8516939945307866 0.035409005366690234 0.1317232785841481 0.0017560406297366998 
39898.23194390808 7.2409075658693826E-6 3.424212527046976E-5 0.26127833136020195 0.32513438497944114 0.9999828677908259 0.5257230778992139 0.505097858524942 0.029125155611068848 0.17809864008317447 0.0011312559890734241 
39584.28867917881 3.50770347629277E-6 1.000759238145534E-5 0.17539161755481497 0.31449600403760786 0.9999730720938876 0.329644236761036 0.8101525986085385 0.0290213659919838 0.20293237121459026 0.0010718340427148467 
39767.54106466816 7.639690607261854E-6 1.6818084433811827E-5 0.0710481366316851 0.28732558630720734 0.9999840919421562 0.8000613126713044 0.7606813081755772 0.011425331023273219 0.16675592543037798 0.00198018950123147 
39915.82924749947 1.2632649682484812E-5 5.984216570924215E-5 0.12443311502367792 0.30050842883374407 0.9999755398558334 0.6893302140141333 0.6334714237297658 0.05324428352946578 0.11629764672870196 4.7901307776264585E-4 
39976.68867515477 3.850902491437852E-6 3.9374686391502385E-5 0.15956166312182302 0.2981453399074294 0.9999770310899215 0.5627131629200909 0.5353714757799463 0.004444212360088462 0.09899401139271105 7.872951416091085E-4 
39914.419013342645 5.2671685210695175E-6 6.217313962936546E-6 0.018833432576026092 0.3021136578030257 0.9999815072521426 0.6456914523470741 0.5599497313239646 0.2971778435795567 0.2381184928994513 7.93161091016798E-4 
39916.1001932313 1.2671878220419314E-5 5.919696861685567E-5 0.1400725127821307 0.3000300444513944 0.9999761968036445 0.6893302140141333 0.7413283304397846 0.03281906218840896 0.1144863739400153 4.851548654993165E-4 
39913.891669403514 6.2897763097092044E-6 1.897425501990239E-5 0.08540742824275312 0.30209383598762385 0.9999815079872499 0.6991363651668481 0.6130008419050168 0.029629890461567825 0.1975309623460891 0.0016971302349352406 
39961.022358173956 3.0428769553656502E-6 1.1106574344968061E-5 0.14726937544212187 0.29859476490655984 0.9999709611735005 0.5815283176421371 0.8187636155392787 0.010921882759903119 0.11189153034750753 6.907449692117795E-4 
39953.73874972536 1.174498134700813E-5 2.3220927914109195E-5 0.3182909002569714 0.34077603688251323 0.9999753012719306 0.696021957697409 0.8516939945307866 0.05603825457230407 0.13072778971295787 3.950272066765584E-4 
39922.24000891308 7.674337204253253E-5 8.013775780844282E-5 0.3173352264799865 0.3386852124616886 0.9999721374001537 0.39197748813228817 0.8155189590005832 0.05609454247135446 0.021631901124498525 4.2689663879545757E-4 
39900.234360509596 2.9098724859219813E-6 7.96931398061893E-6 0.26127833136020195 0.3235673333438421 0.9999760292601082 0.525383625143909 0.5081197332339988 0.0291227623563707 0.1775692115809868 1.0483515238654279E-4 
39914.419013342645 9.951456808608782E-6 1.1933862793611037E-5 0.019011714990345104 0.3029380008576901 0.9999925101414839 0.6937017030849794 0.5599497313239646 0.05371896184606742 0.2641952626904938 7.93161091016798E-4 
39922.24000891308 7.674337204253253E-5 8.013775780844282E-5 0.3173352264799865 0.3386852124616886 0.9999721374001537 0.39197748813228817 0.8155189590005832 0.05609454247135446 0.021631901124498525 4.2689663879545757E-4 
39463.48224442611 3.2930095333599693E-6 1.6609917904252023E-5 0.012568979257874577 0.2870141921007095 0.9999807004750314 0.3035102251174401 0.060288752968695625 0.011947838146200755 0.17689620120150915 0.001817574566670413 
39993.15567748631 9.661060722204084E-6 3.424212527046976E-5 0.2645417764808564 0.32513438497944114 0.9999739583233886 0.5871854867235781 0.5030151284265059 0.029125155611068848 0.17809864008317447 0.0011312559890734241 
39931.61582352231 3.5036781149227162E-6 8.708742327057003E-5 0.01261532855722916 0.3018964902476468 0.9999930187019105 0.4559498927187361 0.8358219947542589 0.012412129001290163 0.267204036172228 0.0014039890970330155 
39887.89132178886 3.626277555151646E-6 1.1199804061775461E-4 0.24068589643093152 0.33035508020282645 0.9999709314391115 0.7819349722980112 0.8748768300095361 0.07812737805544756 0.11056173767527565 0.007615505257859853 
39584.28867917881 1.3821989300884152E-6 3.50770347629277E-6 0.1706486077211371 0.31449600403760786 0.9999730950768282 0.530449584585059 0.8114870889482414 0.0290213659919838 0.20293237121459026 0.0016500595842609605 
