0.845312304 151592.0 
1.173757594 146485.0 
0.845397758 150664.0 
0.8691922919999999 149783.0 
0.899755912 149033.0 
0.8649359300000001 149992.0 
0.885112284 149294.0 
0.8526341180000001 150256.0 
0.908439544 148674.0 
0.9076304539999998 148937.0 
0.878237742 149370.0 
0.84765412 150462.0 
0.89288137 149202.0 
0.8584232060000001 150031.0 
1.097137632 147039.0 
0.8469304839999999 150467.0 
0.873257744 149584.0 
1.0556140159999998 147410.0 
1.030201302 147653.0 
0.89288137 149202.0 
1.132319432 146726.0 
0.845397758 150664.0 
0.8559759339999999 150103.0 
1.152857604 146634.0 
0.996723136 147877.0 
1.15719942 146598.0 
1.101841266 146977.0 
1.092966724 147088.0 
0.8750668340000001 149471.0 
1.1264448900000001 146779.0 
1.105183082 146932.0 
1.069277646 147245.0 
0.91378136 148623.0 
0.873257744 149584.0 
0.9198468120000001 148604.0 
1.1398321560000002 146667.0 
1.032904936 147581.0 
1.0088540400000001 147792.0 
1.0517194720000003 147438.0 
0.99357223 147923.0 
0.948877706 148306.0 
1.162797598 146560.0 
1.1233594359999999 146864.0 
1.168415778 146509.0 
1.01328131 147748.0 
1.087368546 147142.0 
0.8742577439999999 149484.0 
1.089710362 147101.0 
0.9633504260000001 148200.0 
1.061955832 147396.0 
1.038161298 147552.0 
0.958284974 148219.0 
1.144897608 146655.0 
0.9528577040000001 148275.0 
0.9668831520000001 148154.0 
0.9317868060000002 148446.0 
0.91097227 148634.0 
1.0624885579999999 147306.0 
1.124359436 146862.0 
0.982164962 148028.0 
0.9745667839999999 148082.0 
1.116037622 146882.0 
0.9059068180000001 148970.0 
1.024859486 147656.0 
0.9249977180000002 148567.0 
0.934319532 148427.0 
1.136661248 146684.0 
0.9255504459999999 148502.0 
0.97086315 148140.0 
1.1106103520000001 146898.0 
0.9783758739999999 148058.0 
1.16424487 146534.0 
0.8540813899999999 150157.0 
1.01789949 147721.0 
1.078046732 147180.0 
0.985250416 148001.0 
1.035437662 147579.0 
0.946983162 148335.0 
1.13549034 146721.0 
1.0835594560000001 147148.0 
1.072619462 147223.0 
1.1717575939999998 146505.0 
0.9298068079999999 148491.0 
0.9365758940000001 148396.0 
1.0667449199999999 147301.0 
1.1546666939999999 146617.0 
1.116037622 146882.0 
0.955028612 148267.0 
1.0002558620000002 147839.0 
0.964350426 148173.0 
1.1106103520000001 146898.0 
1.049101292 147461.0 
1.144897608 146655.0 
1.0140904 147728.0 
0.956752248 148234.0 
1.062403104 147376.0 
1.1036503560000002 146960.0 
0.941555892 148387.0 
1.075066734 147217.0 
1.041503114 147534.0 
0.8527195719999999 150184.0 
1.019794034 147704.0 
0.9059068180000001 148970.0 
0.978823146 148032.0 
1.0812176400000002 147155.0 
1.007492222 147811.0 
1.022155852 147697.0 
0.986592232 147986.0 
0.992486776 147963.0 
1.1264448900000001 146779.0 
0.9887631400000001 147969.0 
1.003597678 147822.0 
0.9433649820000001 148353.0 
1.023050396 147668.0 
1.0425885680000002 147528.0 
0.9279977180000002 148493.0 
1.045759476 147503.0 
1.0446740220000001 147504.0 
0.9438122540000001 148337.0 
0.9728431479999999 148102.0 
0.8744286519999999 149809.0 
1.177270318 146492.0 
0.8808559220000001 149353.0 
0.9068213639999999 148875.0 
0.906479548 148981.0 
1.090539454 147084.0 
1.124806708 146799.0 
0.991657684 147913.0 
0.8852831920000002 149250.0 
0.91639954 148631.0 
1.080323096 147176.0 
0.898670458 148991.0 
1.010748584 147756.0 
0.9901449600000001 147996.0 
0.887006828 149133.0 
1.0053213140000001 147811.0 
0.9256359000000001 148501.0 
1.01770858 147682.0 
1.1237412560000002 146884.0 
0.9585813400000001 148250.0 
1.1203994400000004 146895.0 
0.909650456 148788.0 
1.074066734 147245.0 
1.0995849039999999 147056.0 
0.919294084 148537.0 
1.113333988 146910.0 
0.9963613180000002 147882.0 
1.1030321760000001 147023.0 
0.891434098 149086.0 
0.95077225 148258.0 
0.9674158780000001 148117.0 
1.1314248880000002 146778.0 
0.9355758940000001 148422.0 
1.0021504060000002 147827.0 
1.0876449099999999 147123.0 
0.9399177099999999 148357.0 
0.998170408 147853.0 
0.9659686060000001 148171.0 
0.9844213239999999 148001.0 
1.136766704 146731.0 
1.171033958 146499.0 
1.03437221 147594.0 
0.9616267900000002 148172.0 
1.06855401 147291.0 
0.9359377120000001 148398.0 
1.065850376 147316.0 
0.961114066 148231.0 
1.163179418 146557.0 
1.023497668 147653.0 
0.8816650119999999 149295.0 
1.159370328 146566.0 
1.07198128 147270.0 
1.132148524 146757.0 
0.919932266 148535.0 
1.1052685359999999 146976.0 
1.1559230560000002 146584.0 
1.1679685060000002 146550.0 
0.8968613680000002 149045.0 
1.148983062 146651.0 
1.14715397 146671.0 
0.97909951 148060.0 
1.0795994599999998 147214.0 
1.0144522180000002 147709.0 
1.15077215 146609.0 
0.9289777159999999 148472.0 
1.057870378 147361.0 
1.050634018 147416.0 
1.0556140159999998 147413.0 
1.0876449099999999 147123.0 
0.882750466 149267.0 
1.1682248679999998 146510.0 
1.02775403 147634.0 
1.062403104 147335.0 
0.9429177099999999 148356.0 
0.9442595260000002 148322.0 
1.15258124 146595.0 
0.973928602 148068.0 
1.0566994699999999 147391.0 
1.061232196 147348.0 
0.909992272 148718.0 
1.047292202 147484.0 
0.9098213639999999 148768.0 
1.038437662 147519.0 
0.9125249979999999 148697.0 
1.0316485739999999 147615.0 
1.140003064 146700.0 
0.8939668239999999 149078.0 
1.1003085400000001 147053.0 
1.0491867460000002 147462.0 
0.931234078 148467.0 
0.950410432 148291.0 
1.045483112 147496.0 
0.9826122340000001 148044.0 
1.1124194420000002 146941.0 
0.946983162 148318.0 
1.043312204 147509.0 
0.887006828 149133.0 
0.9674158780000001 148117.0 
0.8954140960000001 149057.0 
0.9750140560000002 148061.0 
0.9487922520000002 148305.0 
1.10735399 146965.0 
1.0412267499999999 147516.0 
0.9836976879999999 148043.0 
1.013919492 147737.0 
1.050186746 147445.0 
0.913866814 148658.0 
1.029839484 147617.0 
0.973928602 148068.0 
1.036884934 147542.0 
1.1377467020000003 146701.0 
1.143279428 146689.0 
1.108886716 146952.0 
0.9135049959999999 148661.0 
1.143279428 146689.0 
0.931234078 148467.0 
1.1102485340000001 146943.0 
0.9115249979999998 148712.0 
1.0799612779999999 147210.0 
1.036523116 147553.0 
