39984.6273207628 2.290278786245213E-5 5.397870479268915E-5 0.0023144030054790266 0.34062577646420256 0.9999724143974722 0.9127476363770756 0.9032716334472036 0.10291876394401817 0.7244509980485304 0.21550528481332415 
39868.9996329881 1.7535427031285042E-5 7.573563358264997E-5 0.3224833071550991 0.32379496778934397 0.9999682205323907 0.8443511472314048 0.7505100066832519 1.2223602238915082E-4 0.11772836902504119 6.771270290938077E-4 
39984.6273207628 2.3199093999097855E-5 5.5743656226551666E-5 8.48525779237384E-4 0.34306795473915974 0.9999934446888674 0.9100921594247606 0.9013287265263743 0.09289727635460239 0.6708450111374243 0.09918937309286123 
39998.77744508193 1.8112896795264943E-5 4.768865292773683E-5 0.015259124091208129 0.338459874558531 0.999977635426077 0.7018555385589971 0.8979423583794303 0.11848206102951397 0.5863482952493093 4.332837631058084E-4 
39923.99854266855 8.518713080869453E-7 2.353772833265275E-6 0.003224519106340751 0.2997959357415109 0.999973384293256 0.9574568405223718 0.7371737678661084 0.0901194456501859 0.25313118382896554 0.06331193953918654 
39950.954504571055 1.245264165476856E-6 5.504143316641848E-5 0.001271648112528466 0.32500004546295047 0.9999943242912204 0.6811082854768252 0.7354406596811359 0.059778144003139716 0.47759267782628145 0.11008365536096373 
39920.38737138936 2.757607867494489E-6 5.420566909085004E-5 0.009929424431060728 0.32126602648020985 0.9999817779932413 0.6144874827365236 0.6533666151122062 0.027663991229469505 0.4409580870256039 0.003147378443482303 
39949.652644170324 1.60691205960712E-5 2.4898856707198303E-5 7.980117992721497E-4 0.34319749895885887 0.9999735343676709 0.7268010096707781 0.8714664332821604 0.043498580031066394 0.6794197863736051 0.001070327348520838 
39983.52120380696 5.829253414177935E-6 1.169783593409635E-5 8.822254505160554E-4 0.29495598131121137 0.9999876968035576 0.78528589324105 0.584719564645404 0.004277291126345749 0.23344055161159707 1.1395190547804402E-4 
39923.99854266855 5.77587860961134E-7 2.0361578771332805E-5 0.013259475743557264 0.30142546550328525 0.9999735277535502 0.9641992218564904 0.7401954981781812 0.09147482792967417 0.25313118382896554 0.05613384055482856 
39870.35923714449 2.724380610920637E-6 5.6035974244058096E-5 0.002203269949538562 0.32126602648020985 0.999976850783625 0.6144874827365236 0.6507683686291684 0.027663991229469505 0.4408754872922247 0.004563182748847674 
39900.66991682458 4.935937829664645E-7 2.135213069990459E-5 0.00170319697552921 0.34306795473915974 0.9999944244231649 0.8616646765360001 0.7858442332723387 0.11055338308660972 0.6615277015885789 0.06226973811138789 
39868.070426214224 2.724380610920637E-6 1.056852963413032E-5 0.02106194963921823 0.32126602648020985 0.999976850783625 0.6144874827365236 0.6552042613280901 0.027663991229469505 0.4408754872922247 0.004462432647024899 
39941.188712415824 1.60691205960712E-5 2.5365236273278542E-5 0.0028713247914549794 0.3390639377566215 0.9999814346741174 0.7308297134571943 0.7578383326004388 0.07974174256557828 0.6291559446207616 1.5094652501675522E-5 
39740.05963793608 7.833236996916061E-7 5.4619688507768715E-5 0.2782459663488611 0.341893662799083 0.9999714174868217 0.7023393599798572 0.9228949057038904 0.09970619572341768 0.08987785851307224 0.001956076480814894 
39900.66991682458 3.259648886930791E-6 2.1122780370284125E-5 9.839792481997796E-4 0.34306795473915974 0.9999938930625942 0.8616646765360001 0.7173101185345729 0.11055338308660972 0.6615277015885789 0.06226973811138789 
39951.91541944065 1.245264165476856E-6 3.943284273336616E-5 0.001271648112528466 0.32500004546295047 0.9999943242912204 0.6802035299049402 0.6700790406519104 0.059778144003139716 0.5072791004550837 0.003583501300293536 
39982.27267646274 7.791253134136469E-6 2.375740193089029E-5 0.1595805501754261 0.29478852632576047 0.999967295464612 0.9238389689766078 0.657976170723666 3.4860768402310684E-4 0.08022901993560352 3.261720095228688E-4 
39954.777880800466 4.2955670979229546E-5 5.1777671908926984E-5 0.1374324063318807 0.29758252509417643 0.9999760107298309 0.8363608678066389 0.6300930313358875 0.08783440871049344 0.07780196652822051 0.0037094743803320054 
39868.070426214224 2.724380610920637E-6 1.056852963413032E-5 0.02106194963921823 0.32126602648020985 0.999976850783625 0.762921605102488 0.6552042613280901 0.027663991229469505 0.4408754872922247 0.004462432647024899 
39988.60313630791 1.1981033030927825E-5 2.1506132931045153E-5 0.3653047734371058 0.3717082790961854 0.999970984316089 0.6998096434039921 0.6679155419289785 0.11843805235649982 0.20240694671953954 0.002690322454772994 
39984.6273207628 2.3199093999097855E-5 5.5743656226551666E-5 8.48525779237384E-4 0.34306795473915974 0.9999934446888674 0.9100921594247606 0.9013287265263743 0.09289727635460239 0.6708450111374243 0.09918937309286123 
39945.65525671663 1.60691205960712E-5 1.7649978060099436E-5 0.0028713247914549794 0.3403771126850235 0.9999814346741174 0.7308297134571943 0.8601051472522532 0.07974174256557828 0.6464879405479602 0.001070327348520838 
39950.262554111876 7.764731787717853E-6 5.379108584107006E-5 0.2988363382712782 0.32109844634453505 0.999972624028506 0.901499661806576 0.3786975059345326 0.001195905236126435 0.16449503655487538 6.923868797771458E-4 
39924.52398108816 1.0213340114571662E-6 1.9873198801717395E-5 0.10633469198802828 0.2995257429782146 0.9999800912850336 0.9576662725788262 0.7154381852187349 0.07171100306406092 0.1424326654685693 1.544081219560288E-4 
39981.62543979036 8.463574110142456E-6 7.758358139067035E-5 0.3035709180984977 0.32109844634453505 0.9999894615959705 0.8443511472314048 0.7301614339164872 0.0077146186702895655 0.014285754394190602 1.282804054449126E-4 
39972.17946510187 2.7621846742246498E-6 3.9897598647061286E-5 0.2841182730899833 0.34192473328558864 0.9999463366303765 0.704292487153977 0.3804245212608154 0.08748125775327951 0.0900082317002888 0.0017958367026983013 
39923.22561366615 4.20492379624005E-6 1.1953014282616069E-5 0.2535378072042408 0.32809801690657525 0.9999735100981492 0.7426534554008428 0.6165303244498131 0.08610284399871283 0.10448488726519922 4.882744765927981E-4 
39934.456179418616 2.6481139819093694E-6 5.278350678761908E-5 0.0025980830202088287 0.32394934462441416 0.9999814132239773 0.7102444233631588 0.9680212574694531 0.04450950773419084 0.47759267782628145 8.612352790818513E-4 
39939.67500504831 1.710267415247536E-5 5.430457471926384E-5 0.33324662736930993 0.3568240603123486 0.9999710344302842 0.6904765288033924 0.6955213145912126 0.09766222377286762 0.10091030313118857 0.0026856753340134985 
39952.345614897065 1.5249395044327357E-6 3.966690560358561E-5 0.2934231733892967 0.34512730552272036 0.9999739025482121 0.6739676399592451 0.7302254668626318 0.08868017931094888 0.09580325799693973 6.816064102022554E-4 
39972.65735156322 4.730740107170853E-5 5.4696606411676644E-5 0.2327525389533282 0.3307291524663757 0.9999777566171629 0.6972956837563251 0.6013954120516224 0.0982069860327365 0.08315725886214476 1.912711355190693E-4 
39860.03868861103 1.1088456684773544E-5 1.9880035382777647E-5 0.013259475743557264 0.299609872826618 0.9999678437121166 0.8916079459039484 0.7161235816083842 0.08334016284935566 0.23570929221163492 5.664788561405209E-5 
39951.91541944065 1.245264165476856E-6 3.943284273336616E-5 0.001271648112528466 0.32500004546295047 0.9999943242912204 0.6802035299049402 0.6700790406519104 0.059778144003139716 0.5072791004550837 0.003583501300293536 
39951.565803523255 3.5353193501118354E-6 5.497741897387183E-5 0.01182354694987365 0.2952206402878025 0.99997408701322 0.6847286766871534 0.5552185104388575 1.7860940469744823E-4 0.23775368638464814 5.849007566452601E-5 
39969.105471020885 1.710267415247536E-5 4.161732722370065E-5 0.35561851822052937 0.36222292536138095 0.9999710344302842 0.9000908811121422 0.6372573399710287 0.09766222377286762 0.09424874769070485 0.002442538840380427 
39982.7654154258 5.9177728532370074E-6 1.1758996296867006E-5 0.1368216998277173 0.2947250738791067 0.9999857527051949 0.8681254094433212 0.9291179524874075 0.008514567133867047 0.10335227655499024 1.1815739347925032E-4 
39937.04937048571 7.94130580376301E-6 5.4255921052029006E-5 0.11157161232020231 0.2963013169468806 0.9999702266890742 0.685190632825498 0.9276071440078173 3.4860768402310684E-4 0.14998514953916667 8.32904900429347E-4 
39982.02512444998 7.909030810659886E-6 1.0581079235888032E-5 0.15940593255256597 0.2966994248716132 0.9999742838467104 0.8448476733261367 0.655852676661163 3.1694917725741E-4 0.1168526363899609 3.261720095228688E-4 
39954.231201415314 1.6804568828103446E-5 7.663122344300698E-5 0.09413767959202173 0.2961509073878192 0.9999792144564889 0.7015410175681429 0.4052357818101642 0.016378821781586624 0.1521350792927429 0.0011851683830632728 
39998.60680232483 2.2172403790375563E-6 5.1752779658757235E-5 0.015259124091208129 0.27546041696232004 0.9999800081489335 0.6120234845963801 0.9593654784785448 0.11689367279705601 0.10650575372538551 4.2503604899863344E-4 
39972.56544336486 9.096849046648657E-6 1.0871072754285362E-5 0.31103834310377115 0.32116969944624785 0.9999755241547414 0.901946155481124 0.655757541626279 3.1970499216568693E-4 0.0037810121941910246 0.004461245268250723 
39944.288964793486 8.166163763111674E-6 9.384376095948245E-6 0.30378705029905134 0.33967281276491357 0.9999753574925283 0.9073688539455165 0.690505904402882 0.10879404497290812 0.0045263979991776865 2.678001396248887E-4 
39982.01628066779 3.0786464216623515E-5 5.5287011740821E-5 0.32052079846979065 0.32487575307022176 0.9999809049994383 0.7017723769398876 0.9244233199579066 0.003816653752409244 0.10815192231659321 8.607180627999949E-4 
39982.789939182294 1.1475291572437975E-6 2.214287787930383E-5 0.1144020939337323 0.2944779003383532 0.9999668488725014 0.6847286766871534 0.7293917981331041 1.826323759081443E-4 0.13931768974327904 1.972524153948483E-4 
39894.40238365005 1.280423608580178E-5 3.850253767034533E-5 0.26164982393302877 0.33808424122155084 0.9999717531215959 0.7134889278419086 0.7198937460926753 0.0812978357830994 0.23335843067843895 0.00286554164020168 
39933.24568407892 2.741814876233693E-6 5.420566909085004E-5 0.0018492250166964597 0.32482021243833087 0.9999817779932413 0.609568894028468 0.9833607506084041 0.09829020353114756 0.47759267782628145 8.612352790818513E-4 
39860.70026980381 7.817650172214903E-6 1.1953014282616069E-5 0.25280468103273285 0.32962789386664987 0.9999820533909921 0.7386020619843856 0.9072458601647688 0.08763919169721227 0.10448488726519922 5.293308108797309E-4 
39930.78391915671 1.9880035382777647E-5 2.6732214560439746E-5 0.037103249221282636 0.27990598421898805 0.9999804235273271 0.9557677513382576 0.7299995669448577 0.010382197193140336 0.13727329716446368 1.4151692222425395E-4 
39868.9996329881 1.6964392486355152E-5 8.503985838908659E-5 0.1669395851985413 0.29701554707805367 0.999968306233014 0.8448777777831494 0.7484697700726368 1.2223602238915082E-4 0.11675378105031765 6.771270290938077E-4 
39930.38294760769 7.242373991029854E-6 5.4918732488059145E-5 0.1408998692852639 0.29521941040018373 0.9999879556136269 0.6847286766871534 0.36912343575444295 1.7860940469744823E-4 0.1042224550273437 1.270935180097319E-4 
39935.41262023518 3.3993452504955094E-6 2.7998454514131435E-5 0.028505464897380588 0.2775942318841019 0.9999819219691027 0.5945085897231694 0.930885495424953 0.0037778437652253964 0.10922017246563467 2.1047043937032087E-4 
39768.7039848231 1.710267415247536E-5 4.444164456228151E-5 0.3568240603123486 0.3605843000440258 0.9999710344302842 0.6854791346826463 0.9280713696188962 0.09766222377286762 0.10091030313118857 0.0026856753340134985 
39981.31693761334 1.9030581185988501E-6 2.1649552720093824E-5 0.021956191140568612 0.27686815521358066 0.9999796001437948 0.9429684529956875 0.43266523506260335 0.004272431724674619 0.10646673144720094 0.003730489314504616 
39951.60123646652 2.7998454514131435E-5 5.4844688456343345E-5 0.037036266996544394 0.27736686147522693 0.9999860683548741 0.9001289930897275 0.793057682596532 0.07993523684814487 0.08389262208461097 1.4172647650420069E-4 
39951.79251334633 2.81657814829392E-6 1.9880035382777647E-5 0.03284954412203554 0.2995257429782146 0.9999411676152054 0.8878905775235809 0.6855283259451757 0.09293216394509743 0.21152072006129194 4.679236725768979E-5 
39925.43636476277 3.5712689889022584E-6 1.9880035382777647E-5 0.01138488677544438 0.2995257429782146 0.9999800912850336 0.9574568405223718 0.7140066993883623 0.07141028793513285 0.23570929221163492 3.9667627346034236E-5 
39899.317892922685 1.1426161482226976E-5 2.4978552973176282E-5 0.23686689541356393 0.3371487840967212 0.9999856432572823 0.868740737759872 0.9203975867254578 0.11107659811305085 0.1223259399301454 0.002867869874398682 
39944.288964793486 6.503439455406884E-6 1.9620699545542585E-5 0.30378705029905134 0.33967281276491357 0.9999751910488519 0.9073688539455165 0.7148781353880869 0.10879404497290812 0.007561213969217245 2.678001396248887E-4 
39708.2400861098 4.198999899503883E-6 3.5644065749292986E-5 0.06059624203408088 0.28193679042646863 0.9999735100981492 0.6920279482646272 0.8804357272012528 0.008359689740395913 0.10644165236541732 1.9877311796130375E-4 
39720.40449410826 5.5909610100162064E-6 2.1351078795324357E-5 0.0526955566279175 0.28216707148113457 0.9999739145692501 0.8705363741900379 0.23650470510769114 0.0022955330942932765 0.10799872825370195 6.836398636642454E-5 
39969.92862202025 9.475824309146878E-7 4.011025859555565E-5 0.2988363382712782 0.3419199295515912 0.9999817395040322 0.6865538353246359 0.37612379101004956 0.08875112507540617 0.09939229933224489 6.816064102022554E-4 
39923.99854266855 8.518713080869453E-7 2.2368825480766763E-6 0.013259475743557264 0.30142546550328525 0.9999736841695044 0.9574568405223718 0.7371737678661084 0.09147482792967417 0.25313118382896554 0.06331193953918654 
39988.936081153406 2.879462703897088E-5 4.9865175132647247E-5 0.1257002179831514 0.29369097070572375 0.9999943127184547 0.7070787457821708 0.4113703490909223 0.00811793653648591 0.10862113012534895 4.7924444818644237E-4 
39925.643135187376 1.169528892015281E-5 2.0830189777403745E-5 0.01599420034306373 0.2937302077972789 0.9999683120189461 0.8863195682680365 0.27489746770155565 0.08258052836050213 0.23570929221163492 5.664788561405209E-5 
39950.274846528206 1.0326370659895544E-5 5.362435667921941E-5 0.03482353697263871 0.29902703879391734 0.9999734960859177 0.8961727201364205 0.7367516825144338 0.05361867129815191 0.2115287017030401 8.69395457210338E-4 
39987.49926913529 1.1977071503037351E-5 2.147438366355234E-5 0.3653047734371058 0.36916113302643505 0.9999718498110671 0.7129178016975862 0.35287729826012765 0.11121753274047591 0.20240694671953954 0.002690322454772994 
39757.692932674276 1.167866323719329E-5 1.1287552161252763E-4 0.0016533725401661759 0.2851311503359805 0.9999935756753208 0.6485363880985261 0.7140255520930503 0.0032417321683345587 0.16022313694536572 1.0302155700372781E-4 
39951.60123646652 2.7998454514131435E-5 5.4844688456343345E-5 0.037036266996544394 0.274830966409405 0.9999860683548741 0.9686573065561417 0.7934078438067801 0.07993523684814487 0.08389262208461097 1.3043319281407656E-4 
39897.22414672097 7.075810939105027E-6 3.966690560358561E-5 0.2988363382712782 0.34512730552272036 0.9999877711554199 0.6739676399592451 0.3766781922513832 0.08868017931094888 0.09580325799693973 6.816064102022554E-4 
39850.67111082215 1.1670037294617278E-5 7.115404644689008E-5 0.08137439534036667 0.2990200517603299 0.999975399727315 0.7150495772463586 0.7571773281578553 0.016378821781586624 0.1894532845227037 3.091281167732921E-5 
39972.56544336486 9.475754486011953E-6 1.0604591992501415E-5 0.31103834310377115 0.32040665664004453 0.9999755241547414 0.887709519458888 0.6524747900446155 1.8017766159731898E-4 0.002544459993846726 2.9770948132606424E-4 
39757.84749382271 1.323254028212731E-5 4.35288831492264E-5 0.0028713247914549794 0.34319749895885887 0.9999898208674464 0.6844152642298503 0.8714664332821604 0.001008146697139188 0.655568204855547 3.8324604576281396E-4 
39896.44430695711 7.242373991029854E-6 5.497741897387183E-5 0.11927686641876681 0.2952206402878025 0.9999879556136269 0.6847286766871534 0.36912343575444295 1.7860940469744823E-4 0.13931768974327904 1.7025195874289557E-4 
39949.27095188376 1.1413645462341027E-5 1.341132247553013E-5 0.2573686660440549 0.3406172011063477 0.9999719995201827 0.9560241374700563 0.7115264162423399 0.0844583543744153 0.2340913139948574 1.3570643395594104E-4 
39858.376329488085 1.1049423181318062E-5 7.356928244303286E-5 0.08983808546901242 0.29960716657413944 0.9999721165977455 0.7150495772463586 0.7571773281578553 0.016378821781586624 0.1894532845227037 3.091281167732921E-5 
39986.84334678944 4.145726474981224E-6 1.0098296697138782E-5 0.13769875324348854 0.29385469849824875 0.9999683358598145 0.799656603261073 0.6194608078078003 0.007370811667912987 0.1157351578204481 4.8565766725903754E-4 
39998.77744508193 1.1707287723184445E-5 4.771006797090267E-5 0.01386133707835878 0.2768298972750097 0.9999684243283681 0.7006236021399518 0.9257054001302469 0.11690986958241398 0.11653871944917231 4.332837631058084E-4 
39988.60313630791 1.1691043117696193E-5 5.386813820213339E-5 0.3653047734371058 0.37058627962619767 0.9999715399057088 0.6998096434039921 0.6679155419289785 0.11843805235649982 0.20240694671953954 0.002690322454772994 
39991.802320710805 2.3283913127485402E-6 8.127375816535725E-6 0.26164982393302877 0.3389839827816209 0.9999719162748184 0.7007040138231304 0.7198937460926753 0.0813847066465821 0.23410972105931477 0.00286554164020168 
39899.317892922685 1.1426161482226976E-5 3.548151233918054E-5 0.24723613182048376 0.3371487840967212 0.9999856432572823 0.6910673314518861 0.9037992472127353 0.11107659811305085 0.10644319092112678 4.626818746235827E-5 
39950.16571301415 7.764731787717853E-6 2.248722121075954E-5 0.31821805494586264 0.32109844634453505 0.9999807827360366 0.8996953829913854 0.8714040521221316 0.001195905236126435 0.16449503655487538 0.0022288958339413386 
39742.01979568263 1.167866323719329E-5 1.1563280074493735E-4 0.002216477187087118 0.2835164219661769 0.9999935756753208 0.6455781549378395 0.7094357625632701 0.0032417321683345587 0.16407772993541866 1.075725642245319E-4 
39951.924321485974 2.0481907974787715E-5 3.8895396227418835E-5 0.039384775243823514 0.2995257429782146 0.9999814058686655 0.7083778157042693 0.6717929167769189 0.05053508264240487 0.2115287017030401 4.434755071828227E-4 
39972.78293894894 2.1289506708957147E-5 4.713702745582324E-5 0.23686689541356393 0.3348564380674741 0.9999681904563671 0.7797336454731177 0.8921799279353411 0.11726650023671475 0.11595271571954635 0.002867869874398682 
39956.29730418515 1.771364855103513E-5 7.758358139067035E-5 0.3010917996701037 0.32109844634453505 0.9999894615959705 0.8443511472314048 0.7301614339164872 0.0076536145792691366 0.01540148374823222 6.376702314396009E-4 
39969.92862202025 9.513003875235277E-7 3.9897598647061286E-5 0.2988363382712782 0.3419199295515912 0.9999796579797432 0.6865538353246359 0.37612379101004956 0.08868017931094888 0.09572167950097074 6.816064102022554E-4 
39981.00709204078 1.9030581185988501E-6 2.1864042975323034E-5 0.021956191140568612 0.275498674900891 0.9999796390248039 0.9429684529956875 0.43123396492258614 0.006085002537067133 0.10646673144720094 0.0037253040523479155 
39950.902643784575 1.9096462712383764E-5 2.7916933913024614E-5 0.10917312455183974 0.2995410818972108 0.9999907310931749 0.6524403732614512 0.7269781895504452 0.049297614342804066 0.13386396804999456 1.7115707805226524E-4 
39975.611264773885 5.413274735724877E-5 5.567275509252574E-5 0.03395980272465676 0.27736686147522693 0.9999849606029412 0.7342031208040579 0.3496371996393344 0.0035662939408174356 0.09819115273973278 2.4371285043264123E-4 
39897.22414672097 5.802535673262369E-6 3.966690560358561E-5 0.2988363382712782 0.34512730552272036 0.999985851725075 0.6771328919654672 0.34477479679789935 0.08868017931094888 0.09580325799693973 6.816064102022554E-4 
39998.50776409994 1.94953578421766E-6 2.375740193089029E-5 0.1595805501754261 0.29886787479509386 0.9999688704257171 0.9013714412389292 0.657976170723666 0.01870836711450531 0.10786181767013467 3.0316421206983465E-4 
39768.7039848231 1.710267415247536E-5 4.444164456228151E-5 0.3568240603123486 0.3605843000440258 0.9999710344302842 0.6854791346826463 0.9280713696188962 0.09766222377286762 0.10091030313118857 0.0026856753340134985 
39896.44430695711 7.5323639235624415E-6 2.2615493795716288E-5 0.11927686641876681 0.2963426397578664 0.9999874000023244 0.6847286766871534 0.36912343575444295 1.7860940469744823E-4 0.13931768974327904 1.7025195874289557E-4 
39936.55352929062 5.907405890897747E-6 5.5781366122671595E-5 0.030144157386116192 0.28031433855949317 0.9999791861724183 0.49962580505289467 0.7540681334415051 0.009525399650530536 0.11748655543403538 2.712677262493242E-4 
39955.56900044279 7.791253134136469E-6 6.520689229000889E-5 0.16919922532235382 0.2973149600387808 0.9999669013112792 0.8413822667570694 0.9322979984754961 1.684985642891523E-4 0.10786181767013467 9.54224343854397E-4 
39983.608080547834 1.2023041160451278E-6 3.9897598647061286E-5 0.2833937512548236 0.34048348654504534 0.999943734268761 0.7030868633007982 0.39282487754988515 0.08185712260643385 0.09009251281660567 6.816064102022554E-4 
39900.66991682458 7.900224813471383E-6 7.361694458516358E-5 0.003327515862893808 0.27394350515034926 0.9999807731262979 0.6935605448810953 0.8956564404314813 0.0076437673855609956 0.11139547251494883 0.0028451551009143587 
39972.78293894894 2.1289506708957147E-5 4.713702745582324E-5 0.2451792821424833 0.3348564380674741 0.9999681904563671 0.7797336454731177 0.8415472086389831 0.10856869666135806 0.11595271571954635 2.3748075930538504E-4 
39748.28741252718 1.146281950670721E-5 5.0955024965045956E-5 0.14450000298042545 0.29522772834937167 0.9999929934719035 0.22897015957552744 0.8580825737766827 0.004574676250673518 0.10632305896787568 6.631646750517823E-5 
39900.66991682458 4.935937829664645E-7 2.135213069990459E-5 0.00170319697552921 0.34250685888584015 0.9999944244231649 0.8616646765360001 0.789215615111062 0.11055338308660972 0.6615277015885789 9.588859345666181E-4 
39737.00912192252 4.012427477372383E-6 4.7336636817060146E-5 0.12154713853197542 0.2947334030099993 0.999993936594564 0.8427332069082684 0.9328778472600023 0.024785884873092585 0.10650575372538551 9.925907694803776E-4 
39923.99854266855 8.518713080869453E-7 2.2368825480766763E-6 0.013259475743557264 0.30142546550328525 0.9999736841695044 0.9574568405223718 0.7371737678661084 0.09147482792967417 0.25313118382896554 0.06331193953918654 
39960.784100066565 1.1049822303188427E-5 7.762904647121495E-5 0.08468932705060203 0.29960716657413944 0.999991943888489 0.6861031332497193 0.8890070746764479 0.017481494920329292 0.18117839671187735 3.091281167732921E-5 
39937.04937048571 7.94130580376301E-6 5.4990885132084354E-5 0.26114934148517216 0.3414680556035466 0.9999702266890742 0.685190632825498 0.7181699936215948 0.07876956762844148 0.2339951401355552 8.32904900429347E-4 
39950.902643784575 1.879698271077062E-5 2.7916933913024614E-5 0.10941434848277107 0.29516922617937424 0.9999911401380212 0.26811294783749395 0.8909112466251763 0.049297614342804066 0.131174609084809 1.1755973228060859E-4 
39927.153564313754 5.283238704492436E-5 7.051277217837596E-5 0.12279455847240393 0.2949651138054654 0.999988004649135 0.70312390576796 0.9250560575500416 0.003931221251667475 0.12088644359737788 0.0019361264524946514 
39742.06663968174 5.940984008136704E-6 1.3830229189025532E-5 0.06685615678490857 0.28226431410136893 0.9999815214831258 0.7280298365397 0.6147633526718302 0.002012535394235739 0.1075371533926688 2.279782797481771E-4 
39953.25320701308 3.572449496100217E-5 7.918836840999003E-5 0.09244002571066409 0.2961509073878192 0.9999743962593863 0.7029939368657311 0.7320963843621626 0.016378821781586624 0.18581266376494343 0.0011694637780875938 
39939.67500504831 1.710267415247536E-5 5.430457471926384E-5 0.33324662736930993 0.3568240603123486 0.9999710344302842 0.6904765288033924 0.6955213145912126 0.09766222377286762 0.10091030313118857 0.0026856753340134985 
39924.97760231883 4.20492379624005E-6 1.3830229189025532E-5 0.06926950068774662 0.28193679042646863 0.9999735100981492 0.9699799002133209 0.6165303244498131 0.008359689740395913 0.10772798412877711 4.1357150926676445E-4 
39929.61386013164 8.734179917492562E-7 1.9880035382777647E-5 0.11368643585684649 0.2995257429782146 0.9999801749648002 0.9569877893118107 0.6905523259394074 0.07141028793513285 0.13727329716446368 1.6841100702783557E-4 
39863.57477199714 4.535263062741986E-6 5.138780413985081E-5 0.013194904250267949 0.2787996022100929 0.9999816571715312 0.703004315389517 0.41496983475723886 0.09221016701131796 0.11744936519280272 0.0017542065795755693 
39988.936081153406 2.054784421045575E-5 4.7986363528799705E-5 0.12370945450383745 0.29369097070572375 0.9999934454425805 0.9124887449422875 0.6695239612900942 0.006588423760721976 0.10862113012534895 4.560119442592697E-4 
39754.58711097893 7.150532471311803E-6 5.09928268552244E-5 0.14450000298042545 0.29452556146896086 0.9999929934719035 0.6399512335802876 0.6818904444272147 0.004574676250673518 0.10536977596948183 7.251241502703731E-5 
39739.35755781672 1.167866323719329E-5 1.1563280074493735E-4 0.0029848652381231355 0.2851311503359805 0.9999935756753208 0.6459406701678291 0.7094357625632701 0.0032417321683345587 0.16022313694536572 1.075725642245319E-4 
39902.63231246111 7.4380647323158225E-6 5.190227712805689E-5 0.14757429453788884 0.2946101165319623 0.9999712757819404 0.6608556954367766 0.9072840622607353 0.004100458475614757 0.09539595545682673 3.1745198055547016E-4 
39896.33332619919 1.1750351751488203E-5 5.186447523787845E-5 0.14757429453788884 0.2953122834123731 0.9999712757819404 0.2498693434863304 0.9046174715726498 0.0013274529402810958 0.09634923845522059 3.111789023421467E-4 
39998.626569135995 1.664271679281743E-6 5.1752779658757235E-5 0.010162126549213696 0.27564187684500807 0.9999817409703706 0.7730877251641098 0.6910964074130791 0.11689367279705601 0.10650575372538551 4.2503604899863344E-4 
39863.4107949471 4.289348834035347E-6 1.2008028916577966E-5 0.052013459455850924 0.2817781779306338 0.9999750140181776 0.6744313762421481 0.6524514011941841 0.027386589241572834 0.11411090403494167 0.0016939948734785708 
