2.7814755648 156281.0 
39.9606345064 144775.0 
2.9221019943999997 153711.0 
2.9056086928 154653.0 
2.8032621960000004 156123.0 
2.8143155032000005 155263.0 
3.5425009584 151246.0 
28.098793868 146343.0 
19.608860011999997 147473.0 
3.4779677464 151626.0 
21.9111534816 147151.0 
26.067393784 146706.0 
2.954261916 153493.0 
20.192073380800004 147385.0 
10.270312703200002 148689.0 
3.9097536776 150294.0 
23.753713627199996 146937.0 
2.8953420168 154876.0 
23.0312335824 147042.0 
4.257873128799999 149881.0 
26.597367130399995 146553.0 
25.410700370399997 146713.0 
2.9829551895999997 153204.0 
22.605460208000004 147070.0 
24.0514469512 146860.0 
4.5216060328 149650.0 
3.2561014344 152124.0 
3.3255146352000002 151943.0 
30.458794007999998 146042.0 
14.2340196536 148171.0 
3.6273808072 150881.0 
9.6164193176 148770.0 
36.9517810312 145200.0 
3.1612215856 152576.0 
19.007859872 147589.0 
16.6652065088 147860.0 
14.9184864416 148121.0 
31.0762740528 145967.0 
20.763286749600002 147313.0 
31.8154874216 145868.0 
29.2152871696 146239.0 
38.180527752 145012.0 
32.457074080800005 145843.0 
35.6413542936 145363.0 
5.4969123392 149333.0 
5.9665657024000005 149260.0 
34.4778742488 145505.0 
12.6969128992 148386.0 
2.8907020504000003 155141.0 
3.3889945399999997 151738.0 
35.9644743048 145326.0 
11.9456328264 148463.0 
4.156726883999999 150097.0 
26.89066046 146498.0 
3.0210884576000003 153057.0 
34.1292741928 145542.0 
33.7255675224 145612.0 
3.112528312 152756.0 
37.739527752 145131.0 
3.6616340864 150858.0 
13.125619569600001 148312.0 
3.0883016864 152887.0 
3.8027405608000002 150494.0 
31.392567382399996 145917.0 
32.7139674664 145752.0 
21.3255001184 147212.0 
10.812792748 148632.0 
27.613073940799996 146478.0 
24.690660320000003 146785.0 
37.6101144112 145169.0 
3.7350206336000005 150583.0 
12.2668728488 148422.0 
15.542979743199998 147986.0 
33.0369408128 145695.0 
6.8835524455999995 149134.0 
17.5854465312 147724.0 
33.4028875056 145657.0 
24.771926996000005 146765.0 
18.6855532856 147606.0 
8.6355125352 148911.0 
17.1991532016 147810.0 
8.2237792112 148969.0 
16.1191398048 147936.0 
35.067580919200005 145438.0 
30.143447371200004 146104.0 
11.4830061168 148537.0 
3.2473148032000005 152348.0 
3.2415814792 152375.0 
35.05299426 145447.0 
15.136059704 148034.0 
4.2514731848 150043.0 
16.2200197936 147924.0 
36.4415410088 145248.0 
27.535367270400002 146487.0 
38.9100077968 144945.0 
13.888779631199998 148228.0 
4.7856989703999995 149442.0 
18.227193252000003 147641.0 
6.3824857416 149226.0 
7.7189791832 149064.0 
29.8423139632 146112.0 
17.9699532296 147674.0 
7.9972458591999995 148987.0 
36.4543009864 145233.0 
17.2819131792 147764.0 
29.4553406168 146182.0 
39.1154477912 144882.0 
5.1009923 149375.0 
39.5535411488 144832.0 
7.2510857976 149106.0 
21.225766794400002 147296.0 
29.557633946400003 146142.0 
9.266032630399998 148845.0 
9.3248859656 148821.0 
4.6401392448 149561.0 
29.2152871696 146239.0 
38.6058344784 145002.0 
39.5535411488 144832.0 
6.5593390768 149199.0 
15.3260330504 147999.0 
2.8959819832000004 153781.0 
2.8959819832000004 153781.0 
39.9305144952 144780.0 
3.0708750888000003 153129.0 
3.103261636 152466.0 
4.262273072799999 149901.0 
2.9090753408 153464.0 
24.5033004264 146848.0 
4.062607012799999 150268.0 
3.1656215296 152354.0 
26.747860432 146498.0 
27.620193811999997 146385.0 
3.3347412608 151984.0 
3.3713145231999997 151594.0 
10.3726060328 148689.0 
3.2774080208000003 152017.0 
38.3597677744 144995.0 
31.0480073768 145953.0 
33.329060823999995 145664.0 
23.3621135712 146956.0 
12.2541661784 148415.0 
2.9807818712000005 153241.0 
22.805726884 147041.0 
18.6315799392 147566.0 
4.7228323784 149558.0 
6.205859032 149221.0 
31.590007376800003 145863.0 
30.527553985599994 146012.0 
20.3683001464 147392.0 
12.7002861896 148350.0 
25.567727024 146654.0 
36.532714327200004 145231.0 
13.4547129272 148255.0 
14.974139664800001 148095.0 
28.01499384 146332.0 
19.740513375199995 147435.0 
15.7078064248 147973.0 
3.4923943440000005 151464.0 
16.973859872000002 147814.0 
22.035686833600003 147145.0 
14.0020729608 148191.0 
15.413339776799997 148047.0 
37.6627543776 145074.0 
9.5481526416 148777.0 
19.4823000064 147490.0 
22.312193532000002 147089.0 
4.4989261560000005 149699.0 
18.957819961600002 147538.0 
20.8414334144 147290.0 
13.267392944000001 148333.0 
25.1707670744 146776.0 
8.7619392728 148915.0 
3.8699004824000003 150361.0 
29.0304472312 146194.0 
7.485645803200001 149053.0 
7.869659199999999 148999.0 
4.4209796032 149769.0 
17.9479532296 147654.0 
17.283433134400003 147774.0 
21.474806844800003 147243.0 
16.134459788 147912.0 
3.831393924 150488.0 
5.268725624 149347.0 
3.6331674384000006 150993.0 
32.753287449599995 145735.0 
35.682700930399996 145335.0 
5.6456723168 149289.0 
24.996047147200002 146793.0 
37.0901010144 145145.0 
33.9834475112 145570.0 
30.0706739968 146084.0 
14.4583129832 148132.0 
23.3503535936 146968.0 
3.7310472872 150727.0 
29.5621672984 146171.0 
16.458499838399998 147881.0 
3.7009673263999994 150831.0 
28.7659138792 146238.0 
36.238594316000004 145264.0 
4.776458947999999 149426.0 
38.821154461599995 144946.0 
11.700686133600001 148483.0 
37.549194372 145092.0 
31.9175140752 145828.0 
17.6568332184 147724.0 
3.5004209976 151286.0 
10.778312843199998 148652.0 
11.629592775999999 148507.0 
11.2190994744 148580.0 
39.07459445599999 144908.0 
34.85146090799999 145436.0 
8.3406058928 148953.0 
32.713767494399995 145756.0 
21.4951534816 147195.0 
34.760487561599994 145454.0 
26.122793727999998 146581.0 
3.6571808351999997 150924.0 
39.437247819199996 144856.0 
3.5428475952 151139.0 
14.328432994400002 148163.0 
28.540727164 146294.0 
30.10899398 146059.0 
32.243514075200004 145794.0 
37.0946876736 145140.0 
8.235485881599999 148975.0 
7.189405780800001 149094.0 
35.28028758959999 145389.0 
3.3803411768 151567.0 
10.8573794072 148606.0 
26.3316204096 146550.0 
3.7630072368 150584.0 
34.3905408688 145505.0 
3.5171809751999996 151269.0 
35.28272758400001 145381.0 
3.7328072647999995 150619.0 
34.3905408688 145505.0 
5.619152361600001 149314.0 
6.5891124512 149179.0 
29.5621672984 146171.0 
6.882872428800001 149150.0 
