-0.565 5851.0 
0.623 2834.0 
-0.565 5851.0 
0.623 2834.0 
0.348 3009.0 
-0.277 3484.0 
-0.515 4467.0 
-0.403 3785.0 
-0.442 3938.0 
-0.506 4375.0 
-0.3 3523.0 
-0.154 3346.0 
-0.564 5780.0 
-0.56 5549.0 
-0.342 3603.0 
0.289 3044.0 
-0.561 5604.0 
-0.357 3665.0 
-0.417 3835.0 
-0.552 5150.0 
0.299 3038.0 
0.204 3097.0 
0.609 2843.0 
0.41 2968.0 
-0.464 4066.0 
-0.559 5462.0 
0.022 3213.0 
0.384 2989.0 
-0.491 4241.0 
0.485 2924.0 
-0.557 5368.0 
-0.53 4684.0 
-0.545 4957.0 
-0.535 4721.0 
-0.257 3457.0 
-0.332 3583.0 
-0.562 5685.0 
0.509 2905.0 
-0.234 3427.0 
-0.517 4510.0 
-0.433 3895.0 
-0.392 3742.0 
-0.526 4630.0 
-0.522 4554.0 
-0.555 5279.0 
0.435 2952.0 
-0.563 5709.0 
-0.499 4299.0 
-0.558 5430.0 
-0.55 5079.0 
-0.446 4013.0 
0.11 3157.0 
0.01 3221.0 
-0.556 5316.0 
-0.392 3742.0 
-0.368 3677.0 
-0.122 3325.0 
0.256 3072.0 
-0.008 3232.0 
0.236 3080.0 
0.049 3197.0 
0.195 3106.0 
-0.211 3403.0 
-0.314 3563.0 
0.561 2876.0 
0.535 2891.0 
-0.459 4030.0 
0.386 2984.0 
-0.187 3375.0 
0.119 3153.0 
-0.525 4593.0 
-0.541 4840.0 
0.162 3124.0 
0.463 2940.0 
-0.19 3379.0 
0.46 2944.0 
-0.083 3286.0 
-0.214 3407.0 
-0.474 4117.0 
-0.554 5219.0 
-0.019 3239.0 
0.533 2892.0 
0.5 2914.0 
0.429 2966.0 
-0.549 5059.0 
0.583 2860.0 
0.256 3072.0 
0.088 3170.0 
0.137 3139.0 
-0.313 3543.0 
-0.553 5203.0 
-0.368 3677.0 
-0.502 4349.0 
0.067 3184.0 
-0.542 4900.0 
0.236 3080.0 
-0.537 4779.0 
-0.06 3270.0 
-0.485 4179.0 
-0.54 4820.0 
