0.612 2841.0 
0.612 2841.0 
-0.567 6093.0 
0.395 2982.0 
-0.561 5598.0 
-0.345 3617.0 
-0.318 3551.0 
-0.031 3249.0 
0.364 3003.0 
-0.566 5924.0 
-0.076 3282.0 
0.48 2926.0 
0.346 3023.0 
-0.248 3455.0 
-0.477 4125.0 
-0.564 5785.0 
0.138 3152.0 
-0.108 3304.0 
-0.555 5260.0 
0.093 3171.0 
-0.14 3332.0 
0.106 3158.0 
-0.178 3380.0 
-0.328 3574.0 
-0.393 3754.0 
-0.539 4836.0 
-0.375 3691.0 
-0.532 4722.0 
0.285 3054.0 
0.192 3106.0 
-0.438 3924.0 
-0.497 4354.0 
-0.56 5515.0 
-0.544 4937.0 
-0.512 4484.0 
-0.558 5406.0 
0.064 3190.0 
-0.495 4248.0 
0.017 3213.0 
-0.119 3313.0 
-0.542 4873.0 
-0.559 5479.0 
0.221 3087.0 
-0.456 4042.0 
-0.421 3846.0 
-0.467 4070.0 
-0.562 5695.0 
-0.268 3491.0 
-0.53 4636.0 
-0.557 5364.0 
-0.199 3389.0 
-0.289 3503.0 
-0.548 5011.0 
-0.005 3229.0 
0.45 2944.0 
-0.552 5158.0 
0.501 2920.0 
0.424 2971.0 
0.256 3066.0 
-0.51 4422.0 
0.315 3028.0 
-0.056 3266.0 
0.426 2965.0 
0.529 2895.0 
-0.563 5702.0 
-0.536 4752.0 
0.547 2884.0 
0.246 3077.0 
-0.289 3503.0 
0.152 3135.0 
-0.488 4197.0 
-0.554 5223.0 
-0.451 3971.0 
0.593 2857.0 
0.295 3042.0 
-0.547 4983.0 
-0.523 4580.0 
-0.452 3973.0 
0.45 2944.0 
-0.55 5080.0 
-0.481 4189.0 
-0.159 3357.0 
0.225 3084.0 
-0.222 3415.0 
-0.157 3355.0 
-0.001 3227.0 
0.185 3115.0 
-0.566 5924.0 
-0.565 5851.0 
0.171 3124.0 
-0.55 5080.0 
-0.406 3787.0 
-0.059 3271.0 
-0.518 4534.0 
-0.553 5175.0 
-0.494 4244.0 
-0.416 3824.0 
-0.399 3764.0 
-0.565 5851.0 
-0.363 3660.0 
