0.625 2833.0 
-0.567 6072.0 
0.625 2833.0 
-0.566 5987.0 
-0.553 5182.0 
-0.5 4299.0 
-0.31 3536.0 
-0.549 5081.0 
-0.201 3392.0 
-0.515 4463.0 
0.107 3159.0 
-0.509 4385.0 
0.303 3037.0 
-0.436 3904.0 
0.15 3138.0 
0.282 3052.0 
-0.555 5281.0 
0.408 2971.0 
-0.565 5846.0 
0.433 2965.0 
0.507 2908.0 
-0.275 3480.0 
-0.255 3454.0 
-0.518 4571.0 
0.591 2856.0 
0.21 3098.0 
-0.172 3384.0 
-0.563 5701.0 
0.387 2984.0 
0.232 3079.0 
0.452 2948.0 
-0.562 5655.0 
-0.124 3320.0 
-0.535 4742.0 
0.327 3021.0 
0.085 3175.0 
-0.539 4794.0 
0.567 2871.0 
0.34 3012.0 
-0.54 4851.0 
-0.56 5554.0 
0.608 2844.0 
-0.547 4988.0 
0.47 2935.0 
-0.404 3781.0 
-0.421 3847.0 
0.556 2879.0 
0.173 3118.0 
-0.079 3284.0 
-0.558 5421.0 
-0.561 5579.0 
-0.557 5366.0 
-0.49 4241.0 
-0.442 3943.0 
-0.461 4030.0 
-0.362 3652.0 
-0.376 3693.0 
-0.545 4923.0 
-0.533 4684.0 
-0.548 5029.0 
-0.008 3234.0 
-0.474 4092.0 
-0.412 3821.0 
-0.512 4424.0 
-0.528 4614.0 
-0.479 4154.0 
-0.049 3263.0 
-0.03 3247.0 
0.365 3008.0 
0.062 3187.0 
0.258 3065.0 
-0.559 5469.0 
0.532 2896.0 
-0.453 3990.0 
-0.564 5784.0 
-0.544 4896.0 
-0.144 3336.0 
-0.222 3414.0 
0.254 3067.0 
0.369 2999.0 
-0.531 4653.0 
0.534 2894.0 
-0.486 4194.0 
-0.336 3587.0 
-0.289 3502.0 
0.214 3092.0 
-0.336 3587.0 
-0.446 3979.0 
-0.394 3756.0 
0.1 3165.0 
-0.474 4092.0 
0.049 3198.0 
0.491 2925.0 
0.016 3219.0 
-0.289 3502.0 
-0.358 3640.0 
-0.059 3280.0 
-0.141 3333.0 
-0.524 4578.0 
0.035 3206.0 
