0.625 2832.0 
-0.567 6107.0 
0.625 2832.0 
-0.51 4477.0 
-0.565 5946.0 
-0.191 3381.0 
0.348 3008.0 
0.321 3025.0 
-0.526 4631.0 
0.009 3222.0 
-0.534 4703.0 
-0.415 3818.0 
-0.471 4097.0 
0.523 2902.0 
0.567 2871.0 
-0.506 4363.0 
0.601 2849.0 
-0.543 4880.0 
-0.216 3408.0 
0.287 3046.0 
-0.545 4947.0 
-0.457 4002.0 
-0.253 3452.0 
-0.096 3296.0 
0.549 2883.0 
-0.564 5799.0 
-0.435 3901.0 
-0.563 5701.0 
0.205 3098.0 
-0.231 3427.0 
-0.496 4285.0 
-0.547 5023.0 
-0.323 3563.0 
-0.118 3314.0 
-0.157 3345.0 
-0.552 5138.0 
0.173 3132.0 
-0.55 5077.0 
-0.562 5657.0 
0.496 2916.0 
0.258 3071.0 
-0.341 3600.0 
-0.348 3615.0 
0.385 2985.0 
0.042 3204.0 
-0.556 5314.0 
-0.539 4794.0 
-0.019 3237.0 
-0.557 5399.0 
-0.394 3746.0 
0.275 3054.0 
-0.553 5205.0 
-0.561 5579.0 
-0.559 5480.0 
-0.564 5799.0 
-0.54 4802.0 
-0.364 3657.0 
0.462 2936.0 
-0.075 3280.0 
-0.528 4632.0 
-0.288 3505.0 
0.385 2985.0 
0.41 2969.0 
0.437 2951.0 
-0.394 3746.0 
-0.554 5237.0 
-0.566 6022.0 
0.437 2951.0 
0.41 2969.0 
-0.558 5417.0 
0.212 3093.0 
0.118 3153.0 
-0.561 5579.0 
-0.445 3942.0 
0.617 2839.0 
0.139 3144.0 
-0.555 5288.0 
-0.267 3490.0 
-0.487 4195.0 
-0.381 3715.0 
-0.566 6022.0 
-0.455 3987.0 
0.082 3176.0 
-0.295 3511.0 
-0.265 3487.0 
-0.493 4238.0 
0.063 3197.0 
0.239 3076.0 
0.487 2928.0 
-0.154 3344.0 
0.231 3084.0 
0.066 3186.0 
0.154 3137.0 
-0.447 3951.0 
-0.024 3241.0 
-0.475 4140.0 
-0.485 4179.0 
-0.039 3254.0 
-0.423 3854.0 
-0.423 3854.0 
