-0.566 5926.0 
0.625 2834.0 
-0.566 5926.0 
-0.553 5194.0 
-0.555 5284.0 
0.45 2949.0 
-0.55 5102.0 
0.47 2932.0 
-0.557 5362.0 
-0.523 4560.0 
0.57 2869.0 
0.276 3053.0 
0.072 3181.0 
-0.464 4064.0 
-0.07 3278.0 
-0.328 3578.0 
0.331 3020.0 
0.046 3196.0 
-0.564 5780.0 
-0.514 4464.0 
0.095 3165.0 
-0.108 3305.0 
-0.503 4394.0 
0.5 2913.0 
-0.261 3463.0 
0.143 3135.0 
-0.539 4804.0 
-0.485 4194.0 
-0.387 3741.0 
-0.498 4338.0 
0.587 2860.0 
-0.561 5589.0 
-0.439 3920.0 
-0.089 3295.0 
-0.563 5705.0 
-0.401 3772.0 
-0.422 3851.0 
0.2 3101.0 
-0.558 5442.0 
-0.206 3398.0 
-0.477 4135.0 
-0.562 5660.0 
0.611 2844.0 
-0.457 4031.0 
0.118 3155.0 
-0.374 3708.0 
0.536 2890.0 
-0.318 3551.0 
-0.187 3380.0 
-0.24 3443.0 
-0.349 3620.0 
0.4 2982.0 
-0.56 5536.0 
-0.432 3884.0 
0.417 2967.0 
0.513 2905.0 
-0.535 4725.0 
-0.496 4279.0 
-0.045 3257.0 
-0.368 3672.0 
-0.559 5480.0 
-0.512 4442.0 
-0.549 5038.0 
-0.545 4922.0 
-0.039 3254.0 
-0.531 4653.0 
-0.221 3414.0 
0.305 3036.0 
0.243 3074.0 
-0.449 3966.0 
-0.281 3522.0 
-0.543 4870.0 
0.217 3091.0 
-0.451 3978.0 
0.175 3116.0 
0.133 3144.0 
0.305 3036.0 
0.227 3085.0 
0.376 2992.0 
-0.534 4710.0 
-0.565 5848.0 
0.178 3114.0 
-0.479 4147.0 
0.353 3004.0 
-0.23 3428.0 
-0.546 4958.0 
-0.541 4846.0 
-0.277 3485.0 
-0.411 3814.0 
0.534 2893.0 
-0.3 3534.0 
0.379 2989.0 
-0.141 3340.0 
0.017 3223.0 
-0.565 5848.0 
-0.162 3354.0 
0.004 3224.0 
-0.154 3342.0 
-0.409 3809.0 
-0.359 3644.0 
