-0.566 5998.0 
0.622 2834.0 
-0.566 5998.0 
0.622 2834.0 
-0.509 4543.0 
-0.505 4379.0 
-0.481 4159.0 
-0.035 3250.0 
-0.494 4258.0 
-0.376 3690.0 
0.524 2896.0 
-0.393 3760.0 
-0.34 3608.0 
0.439 2950.0 
0.358 3004.0 
-0.564 5788.0 
0.251 3076.0 
0.224 3098.0 
-0.556 5338.0 
-0.252 3451.0 
-0.064 3271.0 
-0.534 4703.0 
-0.558 5423.0 
-0.549 5046.0 
-0.546 4989.0 
-0.232 3428.0 
-0.179 3369.0 
-0.415 3829.0 
0.559 2874.0 
-0.539 4822.0 
-0.206 3395.0 
0.409 2976.0 
-0.565 5878.0 
-0.559 5467.0 
-0.098 3298.0 
-0.551 5110.0 
-0.45 4024.0 
-0.545 4923.0 
-0.522 4556.0 
-0.076 3282.0 
-0.543 4878.0 
-0.461 4047.0 
-0.307 3530.0 
-0.561 5645.0 
-0.56 5539.0 
0.323 3025.0 
-0.332 3578.0 
0.058 3193.0 
-0.427 3865.0 
0.372 2997.0 
-0.5 4294.0 
-0.554 5241.0 
0.508 2906.0 
0.146 3142.0 
0.152 3133.0 
0.298 3040.0 
-0.471 4145.0 
0.48 2927.0 
-0.01 3241.0 
-0.526 4616.0 
-0.504 4376.0 
0.178 3125.0 
-0.565 5878.0 
0.096 3172.0 
0.267 3065.0 
0.021 3214.0 
-0.553 5189.0 
0.323 3025.0 
-0.562 5716.0 
0.009 3227.0 
-0.282 3496.0 
0.121 3154.0 
-0.552 5158.0 
0.079 3176.0 
0.207 3106.0 
-0.47 4087.0 
0.198 3112.0 
-0.405 3793.0 
0.121 3154.0 
0.41 2975.0 
-0.563 5727.0 
-0.213 3422.0 
-0.133 3326.0 
-0.448 3962.0 
0.46 2937.0 
-0.529 4636.0 
-0.56 5539.0 
-0.538 4766.0 
-0.268 3474.0 
0.034 3204.0 
-0.561 5645.0 
-0.535 4758.0 
0.276 3053.0 
0.067 3185.0 
-0.443 3938.0 
0.616 2839.0 
-0.15 3350.0 
-0.366 3661.0 
-0.111 3309.0 
-0.139 3343.0 
