78.90689313664548 0.33055581061469663 1499.4162184712936 1439.593087168542 1360.7364727136708 
0.1703300564332068 55.021645006185494 0.569219838884413 0.46445262042660307 3.2303373053734523 
0.1703300564332068 55.021645006185494 0.569219838884413 0.46445262042660307 3.2303373053734523 
77.80249485500981 0.08422985322362009 1498.106452759539 1448.596002865545 1088.5979305570245 
0.43111125623392144 46.44431810334773 399.45740453277887 297.8163697298262 3.1977034266362776 
0.107832320574754 53.5994133460925 378.3715313467889 271.19645191841244 1.5118756303861063 
76.0621841082457 0.04258863402160076 1497.0716931604404 1435.9279031478902 765.7700832590316 
0.35550394035675903 45.3366195180167 15.329096794190775 377.48147346756184 3.1314638899309672 
0.3628845055698711 45.90408015116142 7.519879220195964 238.22708939783942 1.2641369739658963 
81.50913115988163 0.21407032255176706 1383.4386138070336 371.37577856840767 333.5542869326038 
0.28128611167443607 49.728379543238724 123.72462817129156 240.48421993178553 10.614288544418947 
83.0 0.03255479700414732 1499.6317053130815 668.0987913728995 775.5484250678705 
0.45411818316629127 46.44431810334773 434.39763710391753 297.8163697298262 3.1977034266362776 
0.1166475844538884 46.45537573776716 4.907074877897713 218.07923668317278 1.425959942030589 
19.75882892063182 0.05946513689258737 747.1171430928275 418.9530784989729 75.18794709182309 
83.0 0.04242845337968005 1499.5114857579033 675.8448746716042 510.10620330123015 
0.45411818316629127 46.44431810334773 474.66595890231224 297.8163697298262 3.197690673295705 
31.175301789423457 6.751795049522542 682.0197154543065 482.3566458029518 209.98040090124235 
17.11938530383355 6.045335932352554 1392.3223389312452 371.37577856840767 172.65218859592136 
78.32660335874534 0.04741468291243967 1472.2953410886116 859.25215558397 486.8706337406376 
75.18912335065501 0.1178691132804196 1493.83364272515 1227.3887141231946 648.7132785883585 
0.28014656051565395 45.126464828409816 308.4068094811768 273.8042957508011 1.5118756303861063 
79.354181710348 0.35262133948792374 1499.5322213006 1017.9780450477502 635.8060326619413 
79.40843501435751 0.038257859695182694 1497.9543820568917 1478.8072539267002 494.0471181221152 
81.77380270080543 0.027874998352333317 1495.2173840645494 1376.831560637006 441.8379123746042 
0.2783669551934396 40.39743567657072 36.25808117324745 317.18298545000147 1.0649669405429512 
0.4716092226348149 46.03043601130092 9.404597271025807 96.45399638809862 0.034301001358641336 
16.50698561580942 5.392445312231043 1383.3373526832072 371.37577856840767 314.3667317731683 
0.4331103787465509 47.595517219699104 37.496146657083415 401.0974338175895 11.99221484032853 
0.4707956936416361 45.37606441617285 6.731298725710616 362.22575163618797 3.307338317572031 
0.5368904007569496 46.84293766609602 586.4744458634111 424.20835818884945 170.20575923686937 
8.035846473294043 0.3785329694586958 1039.832362228351 398.74169790473513 227.8820193041584 
0.35550394035675903 45.3366195180167 15.329096794190775 283.2029355996103 3.1314638899309672 
12.391512009089057 6.7065465254593555 602.4171183234384 381.79420917767715 171.65906833564168 
82.90553377804758 0.044243759656622875 1486.067229536538 508.04667351063983 293.81527459425837 
10.954973595732973 5.272426393148588 987.5597156184735 412.35782636449835 177.26040956715516 
0.38325571833433164 45.340632048226965 209.96953347771301 362.22575163618797 3.2314358420064426 
0.3628845055698711 45.90408015116142 38.100192630272616 236.95229224995808 1.2188427138991935 
76.0621841082457 0.04245374356884701 1499.555690619529 1051.9388389156702 765.7700832590316 
82.90553377804758 0.044243759656622875 1486.067229536538 457.4754372184763 293.81527459425837 
66.69636645066163 0.03602348758051589 1499.7500184525973 1220.9474861875933 525.1902173819178 
15.831025930119434 5.989164728160096 1392.3223389312452 471.1783865965392 171.24174714830497 
84.0 0.03752718800666465 1433.231197023873 667.2036914439851 325.6835433014609 
0.309905996351155 55.80280449280818 58.233499765731494 402.0057112154194 2.056576417050871 
0.28630633356076984 55.28362672833157 8.984282634998532 198.57264735822997 2.0850513335505614 
0.28086115771947145 46.454719272621496 13.981945686402687 158.9115922123502 3.1977034266362776 
0.5248287005073606 50.50016395384108 433.61118346159714 402.0057112154194 9.166928905871487 
3.5115627617184693 0.0432613513791478 1454.3783386961902 555.2517977367525 205.78719895819106 
1.288104993605645 50.292721086827555 1.8632625927680695 409.576574363993 14.91996139231136 
0.2783669551934396 40.39743567657072 36.25808117324745 285.55754476074475 1.0649669405429512 
30.333842851417366 6.7065465254593555 684.1936231551606 386.9707771265581 171.65906833564168 
0.3696855489726774 54.64331481349964 593.0618566198243 399.8125728502152 1.0308818682522656 
81.48646715238176 0.06939344036804963 1499.5114857579033 468.0827380660318 510.10620330123015 
0.0837148848256859 55.37524330753814 34.24467811060278 50.91619536076071 1.289258657662892 
0.19333790637168832 55.021645006185494 46.186649280564865 0.46445262042660307 3.2303373053734523 
0.37232816174859307 1.2964798198963727 959.7047726983826 413.9917889592071 47.24918210287224 
10.975072410325712 0.378685614866612 1166.228225535894 428.23299354064704 229.51886317246468 
82.88931395132064 0.04510640306139853 1486.0880446026983 508.04667351063983 532.4172471956898 
0.4539909905650395 46.44431810334773 508.55512179201713 300.12908455894683 3.197690673295705 
82.9431504699943 1.9381530392654476 1499.7500184525973 909.7677841702305 495.42719083567107 
1.0465622346966366 49.16745690592198 7.638458799838645 45.43721253517718 7.000345581114011 
1.0465622346966366 54.498352735738294 63.10015589044792 30.438178245739493 14.845509641226329 
0.47148203003356315 44.38243816640356 82.70236749841877 3.170358595635605 0.1460698747252991 
0.34796373340432163 53.71445429286352 374.08001267532245 259.088193519212 1.5118756303861063 
0.35766453574298374 55.021645006185494 2.107589932476003 401.15586911718145 3.2303373053734523 
12.391512009089057 2.456051676279838 625.3933163607335 384.2497584957508 171.07194678465876 
0.2829044888488246 42.520387203018174 39.58220876401731 187.2037804907527 2.0397570805756624 
0.1537450151587737 55.289852641039666 1.8903822311615386 274.5765586611974 3.1885860521579037 
0.5248287005073606 50.50016395384108 433.61118346159714 402.0057112154194 74.72628505768152 
0.37079351013133643 55.021645006185494 58.63565717483681 0.3861431103964197 1.5600370974107631 
74.15335889944532 0.050713370678318596 1454.0630038470988 669.6280561454869 504.26995488364093 
81.57955115079031 0.0369976309311303 1432.7034945796895 677.5879554925112 433.92346062998513 
0.3695685939472422 54.64331481349964 584.0543630443547 400.8076658768945 51.94125953988491 
76.0621841082457 0.04258863402160076 1497.196022318556 1020.4100424618243 458.67981693792296 
66.69636645066163 0.03602348758051589 1499.7500184525973 946.1536105621522 525.1902173819178 
0.07093512774662558 46.45537573776716 4.907074877897713 12.303232747941678 1.425959942030589 
0.1537450151587737 55.289852641039666 1.8903822311615386 274.5765586611974 3.1885860521579037 
1.0816984230919882 70.27183285592136 16.82003048009635 113.28668456476831 1.403270538384871 
0.1476358820322789 43.62917576881422 0.516971947390799 3.2811090113800105 3.2303373053734523 
3.668854390657372 10.504338317150651 604.5397937654745 397.49863469786834 20.463339316952144 
0.1557933605743235 40.82010590935557 401.25879569747764 189.2411231565172 49.12189925512486 
15.835781868107134 21.090596017964554 389.8347671377279 470.1155230313383 18.627151616637605 
0.050752974647370525 42.520387203018174 391.1674880148072 188.47857763851155 2.050240740347502 
78.91238215485903 0.2832111751925001 1499.330160135095 1015.5814164526411 510.10620330123015 
81.77380270080543 0.11948582496067492 1495.2173840645494 1376.831560637006 569.3040917268557 
0.12377566931585601 51.84964723909896 172.6818749929366 42.45982727017092 0.43635835559125 
3.668854390657372 10.504338317150651 587.7015231680779 397.49863469786834 20.463339316952144 
80.92651547406608 0.3785329694586958 984.9213851787154 412.7951836030245 232.83771339569384 
0.27693941870563166 51.96468818586999 168.39023363040977 29.91117909173562 0.43635835559125 
75.18912335065501 0.1178691132804196 1493.83364272515 1126.188513320535 648.7132785883585 
0.36912652815913877 44.043552350720745 2.425450506284193 179.76916031299027 1.425959942030589 
0.03336455452514819 1.7254956702824806 1166.228225535894 415.164850689358 229.51886317246468 
0.5264865568418315 50.48228145117823 433.61118346159714 378.0089902541927 9.166928905871487 
0.47148203003356315 46.03043601130092 23.37620184726371 98.7629984371899 2.1091982301405436 
3.5115627617184693 0.0432613513791478 1454.3783386961902 555.2517977367525 205.78719895819106 
0.15145783445908093 43.84146041307401 1.2900803043921414 304.86373688702747 1.1175014541505552 
55.284229906342894 0.3785329694586958 984.9213851787154 412.7951836030245 232.83771339569384 
0.3653284732475191 40.39743567657072 36.25808117324745 335.61742584258525 1.0649669405429512 
0.016618328099487878 55.021645006185494 2.107589932476003 174.20018262590068 3.2303373053734523 
1.0816984230919882 70.3351637042714 16.82003048009635 113.28668456476831 1.403270538384871 
