0.22668682361696468 45.94171603205939 0.13626797655730272 0.48960855687469795 1.3804465429448847 
82.0 0.19692790675263083 1497.4463447643939 1413.052911222856 817.3944431150495 
0.22668682361696468 45.94171603205939 0.13626797655730272 0.48960855687469795 1.3804465429448847 
1.3396362267825843 0.21827837220254764 926.512414087549 431.3546123124003 226.66998411373382 
0.006854939645504626 60.02537914550017 29.919092065093146 22.17855259539698 0.3145302763985547 
83.0 8.942643785596616E-4 1423.8892528989093 1197.9508340659384 723.857628862318 
0.3152442352754392 60.92017972275268 254.54932479929067 356.66638963087905 1.6473575547272623 
1.3396362267825843 0.4919583093584272 1048.2012568475527 435.79238973969035 222.628011360235 
0.02580505977630765 36.912740470202344 875.2337290630306 379.99234817696873 212.9063142150457 
0.2401711644210509 35.570557977749715 49.620934942951465 24.63614338671379 1.3785562306347903 
47.92788942555505 0.40697163423766014 1486.1797197180545 671.4734381867347 248.39577954078874 
0.9302858951920101 37.73365660506214 259.69494893059436 325.4523245163948 1.418435172861006 
79.47362163631007 0.11798233029528316 1497.411306106797 1027.3303687856928 755.1470019472082 
82.0 0.02796708154084726 1496.9555763329479 1355.3105386957595 821.6364927793111 
1.8709164174296156 0.3008268581972059 1287.6155700592 457.806878030715 222.628011360235 
79.63069836151885 0.4706022018623052 1498.1076187238198 1303.9392163088107 741.6241779300879 
1.3259915516262049 4.250954354304998 964.703123899186 357.15862146342914 226.66998411373382 
0.3189421125434296 60.31529983643719 0.13626797655730272 22.525788688637604 0.38548535989580124 
49.977778879739 0.3014491251125768 1497.8483053115772 671.4193292217124 406.25928291777575 
0.9337659592589933 37.83423868706986 239.4737521239408 317.50228018687125 20.42735201205819 
1.3573566774586143 3.0155716318566856 662.4058716609068 373.7404066803348 0.7936603212781508 
0.6431399203706055 35.8375289283202 39.30692562752659 153.85831804406138 3.4557841955452187 
2.132240195733881 35.51617945194225 1.1851100364668117 336.7362080335694 0.30742227753419915 
81.96435156832665 0.07027041188595717 1489.9568147730774 1000.5520424396584 469.62518980489347 
0.6153931520804382 38.82499338078393 21.40023056512979 289.6200069965039 0.13470009431673047 
0.6533421601126206 56.855828991308115 350.70959804586994 313.42143982316463 2.200012332868932 
2.8928047889943507 56.74601584101537 0.7246372060996009 111.41927657676763 1.6483043008573446 
0.9239853844959725 46.88229933285319 21.289467015515044 436.42420674074333 0.6131087760151589 
82.0 0.20941756753980023 1490.9603484420554 1303.9392163088107 494.4713970927508 
0.22668682361696468 40.18884520518802 0.13626797655730272 402.08247073968084 1.381215526231597 
0.9302858951920101 37.73365660506214 40.58107749837237 325.4523245163948 1.418435172861006 
82.19630191269182 0.118215380792137 1496.925096204675 670.2184538714009 449.36143974825325 
0.22668682361696468 45.94171603205939 22.1158620268169 0.48960855687469795 1.3804465429448847 
5.26516581568835 19.060967476551017 487.14901016964916 372.187974169188 5.782887130993714 
0.006854939645504626 35.91836609390563 52.47468055593078 131.58915171476247 0.31102105170517236 
76.57050938873095 0.11321230040926164 1491.5677690189382 834.1477364729978 421.1856055251975 
49.13694796377062 0.11798233029528316 1488.9257656752225 986.4554911825504 777.4937372916997 
49.828183915945104 0.3008268581972059 1071.856777479154 402.26121357266464 222.628011360235 
0.02253511448285106 36.635953443581116 13.605033147975886 408.5408872584154 0.2166922379251639 
2.1589577921831946 33.02382157220988 255.023763721431 57.32666468090924 1.3804465429448847 
0.02079094555595684 73.84643481584524 0.4939294784890791 198.96984155550814 0.9659366638340501 
40.54505989256044 1.4285687301977497 655.360932397053 396.9655207483849 55.01021552690996 
1.6271132881320298 41.717785258224424 251.79675042380165 285.4760939510871 0.20021617005150505 
3.135601061247918 0.40697163423766014 1486.2539151624742 573.352064500437 247.13307652804093 
0.5015624531836238 35.570557977749715 92.27119461166313 162.6054915885791 1.0232373035709825 
78.03799432603009 0.16311946461400512 1490.384964661256 1357.295623351455 494.4713970927508 
0.3703428602137272 46.3255760074348 0.09476739569406556 110.46154214091212 2.17793684406234 
1.2235620459458354 59.54057104351431 381.0617504637945 339.9970347233142 0.6131087760151589 
49.828183915945104 0.30092401343500236 1071.856777479154 402.26121357266464 422.9086640287197 
79.93613286315518 0.11786832905950384 1497.3484703179995 945.4518672480381 473.386220915399 
79.47362163631007 0.13046032552227724 1498.05473481173 807.2989786307064 672.0830228132435 
0.19072891959835675 61.34966883896213 71.79394338550624 316.0024076828096 1.591729499601903 
0.015238370574992291 38.821578364351346 0.4300231506441001 289.6200069965039 0.05593888015787111 
45.64662831702667 0.3014491251125768 1451.42480106723 671.4193292217124 118.42415330650272 
0.5015624531836238 35.570557977749715 50.10122332885703 113.47425222427069 0.47914198053691637 
2.190073481617958 60.777913209628224 68.14775009944242 162.76734248485548 2.150006555961318 
7.699482061296698 38.672352631415635 21.720099030436117 303.6973486521988 0.13470009431673047 
5.255377895629811 6.290268263038843 487.14901016964916 372.187974169188 4.664150547725953 
0.9337659592589933 37.83423868706986 434.42975273378954 317.50228018687125 0.5073736072796269 
0.3189421125434296 40.21736422092865 1.1851100364668117 262.352530270495 1.5006815439561478 
44.156793396202744 0.3008268581972059 1287.6155700592 457.806878030715 222.628011360235 
1.2908220387739568 37.950705028808535 659.117406728612 370.4932614921883 0.911427318057739 
75.48510579470587 0.11321230040926164 1482.5426831585683 809.0803713767309 421.1856055251975 
81.15799935363775 0.40697163423766014 1486.2539151624742 573.9375432635721 251.19504727236398 
0.4892851356951943 36.75276640369861 366.70019420803055 288.8630253409066 134.3180722754343 
1.3396362267825843 0.29179858702924377 679.1116146127962 385.9833634452493 226.66998411373382 
3.3575687194088886 38.81610047387443 27.132378485981008 356.66638963087905 0.31102105170517236 
0.3236981836980277 38.437312391171766 253.36110257594646 296.88821098024266 1.4591251697620573 
0.006854939645504626 38.81610047387443 30.1808242180161 265.49424155734073 0.31102105170517236 
40.55311967808004 0.3008268581972059 809.8609997796731 357.4138949684007 226.09786400196646 
49.977778879739 1.9552833284361313 1497.8483053115772 416.0819824019885 406.25928291777575 
5.389134176529496 37.1446619494513 558.1683156290032 317.95587115943476 4.664150547725953 
7.699482061296698 38.68439793458599 21.720099030436117 303.6973486521988 0.13470009431673047 
1.975669985891924 39.47079948036109 1.1851100364668117 269.1766787702407 2.1350522197905137 
0.7354148735789572 19.75054620969514 434.42975273378954 371.4215675407771 0.5073736072796269 
77.14609027191784 0.3008268581972059 1052.1500850366026 402.26121357266464 315.42549279650785 
0.18345204354258812 39.10602118854798 1.1480113858363061 247.86814919242295 0.0561581024430593 
0.011707112451382895 38.821578364351346 21.59856188298246 289.6200069965039 0.13470009431673047 
0.6124743303458059 37.22343149809256 31.379875963471193 110.46154214091212 2.17793684406234 
0.004058243591717248 35.57170329660539 52.47468055593078 112.7758074982297 0.4776095349904407 
0.5138842280657907 60.22278369609716 6.127261448637224 368.71837863505914 0.47914198053691637 
0.6124743303458059 37.22343149809256 31.379875963471193 110.46154214091212 2.17793684406234 
0.18007097492430438 39.140988242239914 1.1851100364668117 248.94543994852313 0.23463344920491203 
14.113570729123133 0.2982489945304197 1484.254938138454 423.03692673653643 224.63264752667004 
0.6115636733456901 35.62688220924223 671.2530752958778 334.8496048930501 2.17793684406234 
49.9000782889007 0.11297800681844516 1497.411306106797 1027.1305055616783 755.1470019472082 
0.11602602073458179 54.142606691847234 0.7246372060996009 98.16308211211192 1.6483043008573446 
0.959482889876825 32.36197440467729 11.146811374332472 58.549907281255045 1.3804465429448847 
79.47362163631007 0.11798233029528316 1497.411306106797 795.8206151005897 755.1470019472082 
0.6154700383243696 38.732586055274076 380.6110878172028 408.5408872584154 0.2166922379251639 
1.3082783528026023 60.689295860235966 68.93225306457146 383.2049130749102 1.6487106378070835 
0.008133385713723462 55.99961169394712 41.837096906430844 56.564957936183845 1.0166674593709746 
6.372110064590501 35.62688220924223 396.7191083004633 359.91532900748564 2.17793684406234 
41.087166246431664 0.10788498043996486 1472.9981418851232 780.8576273341165 469.62518980489347 
0.9366690696039419 45.83295081281166 400.4035329422697 360.6717692184779 1.2832332563582218 
0.024596312412380583 55.99961169394712 41.837096906430844 56.564957936183845 1.0166674593709746 
80.49232730102815 0.303157376396155 1426.1079557059297 458.0847112989188 189.14055606206574 
0.05308953913832182 56.74601584101537 0.7246372060996009 98.16308211211192 1.6483043008573446 
35.60979534985972 0.3007921415058603 1287.6155700592 457.806878030715 222.628011360235 
0.5015624531836238 38.46829235771851 27.807369451539657 371.37602955714624 0.47914198053691637 
