75.80651380146722 0.2415162411045919 1490.98708081317 1460.9121439240719 728.4631307643306 
0.024853856627586365 59.36552771366887 0.0979000867841735 0.2800261298421596 0.40081756023121695 
75.80651380146722 0.14808955847157868 1490.98708081317 1460.9121439240719 728.4631307643306 
0.024853856627586365 59.36552771366887 0.0979000867841735 0.2800261298421596 0.40081756023121695 
0.19521526279063572 44.39064558743483 274.7606417567957 260.30782950286766 3.9611699294233063 
0.021512210046349622 52.23102164236321 165.62163443784164 95.67432045056479 2.6075132314570997 
8.596906999845368 0.05332257782115256 872.9030406974488 498.3015253574676 307.9608191229264 
2.0704615925101564 43.89883923436048 85.6422475657418 264.330064457149 3.2903320661304143 
1.1766018452275837 41.96650504643115 242.68991143232768 298.6339570191383 2.4106928077206398 
0.3797907907149699 55.154010279492056 559.144028652733 368.65522678664445 2.4958517025470335 
2.1831446379176294 52.38214120589434 163.32327494425817 114.1985450291413 1.0611724360153914 
1.6923557314141613 36.39076043037751 367.3209032438179 394.9388486050613 69.84467235379353 
0.19521526279063572 43.8372060115916 128.8872880141861 260.30782950286766 3.9611699294233063 
0.14685215669964094 36.59912626048414 81.97766116033898 132.1457763420805 0.40451341545024144 
3.0152643147795466 6.543988021827278 1471.048015446119 316.7839009616338 32.220053797562485 
1.692633173360539 54.928630864867536 559.1826825298392 395.32953066022674 10.392735230127286 
1.3015044439259875 42.927095576987256 335.0184102296354 372.52895525818417 0.5068591837636367 
5.985320153129683 35.69548781875672 95.52370447970057 346.6564421684924 0.3299109951374133 
0.025106579618790814 56.224850465358905 54.18627337079188 334.16731759031563 0.4819332554649467 
28.503394783841074 0.015497627588502733 1487.951334605729 412.78454079139436 314.53623320393905 
75.80651380146722 0.2415162411045919 1499.50102566222 1275.0121727910757 880.0927632922594 
0.028157455990645258 29.93684659809904 0.0979000867841735 305.5079820323376 2.2574480280399616 
0.27323762257880446 0.1119689088931382 655.090202877589 340.91268023598786 223.28620268659296 
0.19521526279063572 41.79265897780799 14.75079538539931 66.28933171418214 2.6075132314570997 
82.68764379282712 3.278184008280544 1335.121057891039 404.9966403520641 376.5013477300196 
82.0 0.058085097154249254 1492.6594083791585 1460.9121439240719 540.1763015285228 
82.0 0.058085097154249254 1492.6594083791585 514.5466780739602 477.9652917115477 
0.38148939646522806 59.24840402829917 535.080315435077 220.0974850522365 1.3109217291053317 
76.22430712367077 0.44024167096281985 1487.9944730316843 893.7367705410186 540.89710426811 
73.25296010044524 0.03227529147597124 1487.9483424504094 1272.703983538281 717.2783188709623 
76.60652959897698 0.44024167096281985 1487.9944730316843 893.7367705410186 737.2639400095088 
49.93240546660341 0.056966653335148464 1494.9474217113375 1124.3962078399572 752.6369486172964 
0.024167382754971142 54.81166242003988 17.44471824931035 116.20899900912893 0.2395866432855538 
75.06421943507317 0.0587254390998995 1497.3896154323982 800.3778443347014 529.7180841882424 
0.2471242530350184 69.76554333824416 534.4447036734928 263.4507185690063 1.1854782380204414 
1.6923557314141613 54.928630864867536 367.3209032438179 395.32953066022674 2.3274824439604203 
0.3979255590482873 55.890415960448074 49.714040281937855 22.26455720407398 0.3953012770341431 
0.025106579618790814 56.224850465358905 332.4139596393883 332.6709583006338 0.5678497816372562 
3.8131755646570635 0.2690447406749257 808.0759405492795 318.1074204703999 302.59387489940957 
81.88337421157824 0.053106884426967094 1490.9403728493207 1335.914114657414 412.4832162697956 
0.4304057513859365 35.69548781875672 85.6422475657418 7.352754341943438 0.3299109951374133 
0.024167382754971142 54.81166242003988 770.5134164741244 308.6588903912756 0.2395866432855538 
3.881792150905568 52.138125196668135 18.957719728029133 91.03490821643467 1.0643915743864785 
0.4731225123141026 58.69128233787721 322.7510459789927 315.6209437820059 0.41295690284554765 
49.93240546660341 0.056966653335148464 1494.9474217113375 979.5330959452059 752.6369486172964 
0.8577763374486329 35.409417898909425 6.551776528278049 272.84208038254235 0.4121732030625902 
0.5511012263198911 31.095199029755808 274.1051335043775 299.65095605327457 44.198171341757245 
67.99534831809386 0.07901996947601055 1489.420141518196 590.4119141663417 735.204566646891 
29.330579346006243 0.0587254390998995 1487.679214732779 900.7049935019797 542.2619235059312 
2.1592657042380545 35.69548781875672 162.86110560138405 374.6218845663892 0.3299109951374133 
2.1592657042380545 35.69548781875672 18.43261594974352 390.51329803964 0.3299109951374133 
0.017433255842901008 59.36552771366887 25.584852393589927 0.2800261298421596 3.1075506572136686 
6.5845739372121495 0.0775971091050696 1253.0955667952976 498.51837112496884 306.4482831185126 
0.1329567635981323 61.512291471703065 0.41893858905913994 389.23063458006754 0.36716557004473965 
1.6666922290736732 52.23102164236321 563.5614225440739 497.52376824643045 9.715163885073716 
72.7440582786274 0.04671282299909421 1492.4494358509344 560.0398287460954 233.22345199352316 
0.1967456958978227 54.548519708438086 37.544243629388674 66.28933171418214 2.6075132314570997 
1.7751638382062487 74.06640099106366 565.2113672555405 304.86027620490034 35.69752308112529 
83.0 0.07816723142572403 1495.749854958061 592.6770672503176 437.382732204013 
60.94754009128905 0.00501733599864158 1464.52268743367 821.7489244639985 370.7478282134137 
3.8131755646570635 0.2690447406749257 808.0759405492795 358.07286209798326 302.59387489940957 
24.290518781217813 0.015497627588502733 1487.951334605729 553.0141627384675 314.53623320393905 
0.3979255590482873 55.890415960448074 24.663352556418488 22.26455720407398 0.3953012770341431 
2.950746514283175 6.543988021827278 1492.4494358509344 560.0398287460954 233.22345199352316 
61.68477374729875 0.1119689088931382 621.4637085814076 340.91268023598786 223.28620268659296 
75.40630308140642 0.05844659000090054 873.2216245957418 380.1204918874814 282.3469037823064 
0.19521526279063572 42.11874486526575 56.97984343201131 66.28933171418214 2.6075132314570997 
1.7751638382062487 74.06640099106366 565.2113672555405 304.86027620490034 35.69752308112529 
2.058403490675935 46.06922686496929 62.999979038069 105.4315225318558 0.7676128789773162 
0.02503292783519674 59.36552771366887 7.175460217879667 0.006452908080731845 0.4005364725756377 
0.10011709622672893 59.36552771366887 31.353998084729312 272.80298675798167 0.40081756023121695 
0.48987413267616 9.384387392666982 808.0759405492795 342.1983677681506 220.46433036119572 
34.80489064644979 0.004503517465769977 857.7985915416842 401.1062041970155 218.38253321370127 
1.5520509690873965 55.890415960448074 24.663352556418488 22.26455720407398 0.3953012770341431 
75.07049169332252 0.00501733599864158 1464.52268743367 821.7489244639985 370.7478282134137 
0.13387041121304255 54.975560136307706 17.26209182125786 226.39269186642338 1.6340213362232014 
0.15280139140112414 61.512291471703065 0.41893858905913994 389.3842413338117 0.2685984507316377 
0.7782731202910114 6.591545474633018 923.8514801705998 394.2102485778762 218.9866731677335 
1.7454290415982692 45.80425064202804 61.18101448437699 317.51186383453063 0.7494407163613817 
0.025106579618790814 54.812270103156294 3.2084676115521518 255.19767330822884 3.0547880253747444 
0.4375010495526927 59.36552771366887 159.3639087215592 137.0360345680565 1.3109217291053317 
0.3450308458221447 54.769190097514915 24.495074125744587 122.38943887930797 0.9371128376121094 
0.02096953957169187 54.829159408003804 17.93989001007777 160.033162272823 9.152689677695388 
78.75772893895588 0.053106884426967094 1490.9403728493207 1199.9858315182526 299.4840919439156 
0.47260418302370816 59.66109885164944 0.4251130200573301 272.6293577275295 0.3647146081332153 
0.017433255842901008 59.36552771366887 25.584852393589927 0.2800261298421596 3.1075506572136686 
78.75772893895588 0.053106884426967094 1490.9403728493207 1199.9858315182526 299.4840919439156 
2.2140836613205366 0.04671282299909421 1489.5004393971783 560.0398287460954 222.7367005242671 
50.53221629298599 0.05670416937431214 1494.9425839292674 1124.3962078399572 300.6259074692574 
0.016743715625374467 54.812270103156294 3.2084676115521518 255.19767330822884 3.0547880253747444 
0.24560929532898873 58.69128233787721 322.7510459789927 315.6209437820059 7.20269371630667 
83.0 0.07816723142572403 1495.749854958061 592.6770672503176 402.2863197464532 
0.028185604800746753 56.23810519635334 30.426675414376525 334.16731759031563 0.47536339873688876 
67.99534831809386 0.07901996947601055 1489.420141518196 590.4119141663417 735.204566646891 
7.904680505261666 0.019986427240574575 1137.237805704204 453.50200879044564 306.4482831185126 
82.76450485463425 0.05704063468523196 1492.8929828921396 1134.7291685846528 753.936461214904 
2.058403490675935 46.06922686496929 62.999979038069 131.5355095687679 0.42839027555414705 
4.220144266089408 41.699762532122826 34.31337720597847 62.57439056238225 1.0643915743864785 
75.41257533965577 0.004503517465769977 856.7775174855267 401.4912983234236 218.38253321370127 
0.43580244380243477 65.68156427194796 183.44027227487382 368.65522678664445 2.4958517025470335 
