0.4375436798733331 53.73195593024439 0.662362963324739 1.1887688370677907 0.04257780158174107 
64.01873152058906 0.09222472568048 1486.7583019479641 1488.3016565892744 1000.8694977415189 
0.3399658023007528 53.73195593024439 0.662362963324739 1.1887688370677907 0.04257780158174107 
64.00530035633462 0.09506479999890104 1487.181201286054 1488.3016565892744 1000.8694977415189 
0.27853506279796614 53.726976086809834 38.24896710684614 144.93459429937928 1.2483969276472031 
1.6099635711525249 53.73334657250866 2.5915710989578997 405.9849088071263 3.571359156459497 
56.62251788071879 0.004238798803605115 1486.7583019479641 1423.757837094132 996.3700946784695 
2.338036530602734 53.721529782870626 174.64547410566274 324.4747453525755 0.024160279335113444 
0.5962798693053258 51.73543484590447 76.13152830340347 144.41941327225123 1.2399741545257539 
1.579115024150049 52.1064375628096 1.1687699856283524 45.456232336847904 3.3698025963041314 
0.27169921059889507 55.67824413939576 19.583126432435648 367.9827585937178 3.388527031376751 
0.2913384766364246 42.384311921460196 111.7644396485491 43.777108173768134 0.5635050863830565 
0.17751817740849563 45.304592593876485 0.6712215679184681 146.49037731983356 0.053489477279198686 
9.552574881950662 0.11726957327186449 1387.3201368601656 498.90687769644904 146.84327075534952 
0.4375436798733331 53.731982310285865 11.323662926600178 250.32404256718235 0.5283724220353996 
0.14893488609490155 53.75406544251726 50.563945376948695 369.966261807523 0.01240013445450261 
43.1175026225648 0.02539868566243702 1498.9518500979193 533.6970104528806 228.34329417907514 
34.683789085916885 5.573414182286385 436.5414323343668 544.0894755744 4.099088646651126 
0.3015126710329803 51.74003832357896 455.1832615570137 383.4664888199253 0.12356236561243339 
4.316125052319755 53.72636259380757 17.167658960348746 251.24246052727747 17.798297631686438 
2.2387127391054054 54.782422892995996 105.32340548568993 4.839918992174859 27.057407056746218 
0.2715695939312884 47.03757446123318 364.5390654488601 281.47497368230205 3.6035432934809517 
59.274667416959886 0.02750196664971648 1486.9386345781165 689.215136082023 567.0814944826162 
1.1704394550853232 42.44781297614142 455.1832615570137 244.55326524735597 0.009869482170073773 
0.17751817740849563 46.31759701096662 0.6712215679184681 146.49037731983356 0.25651849938439863 
54.61980114557534 0.040492045594878956 1387.3201368601656 496.2106536269562 146.84327075534952 
0.3005233005660749 54.7645632639369 445.14501224462714 339.9908572903935 0.12356236561243339 
1.3140658451346938 53.73334657250866 2.5915710989578997 202.9692323814764 3.571359156459497 
0.14893488609490155 55.48262722577822 1.3264991707845715 63.48602833514094 0.13268747294828587 
65.60939986230358 0.012743305477827982 1496.792637394353 1154.8826469379699 524.7709479660307 
2.2843249639858056 54.27143352797739 72.12717123078176 32.77757097878771 55.69897509625199 
0.43722682888059 88.18922110820725 106.51933473888427 1.1887688370677907 0.04257780158174107 
54.65264651968231 0.01170629596677502 1496.792637394353 686.6186904948605 432.0813826070631 
59.55882689619225 0.02768127373122634 1498.7622300611258 1276.2204337646288 560.7576664414738 
58.275362374814634 0.4233576495084632 1499.5099627285176 899.1819687220548 560.7751681022584 
66.16419090189868 0.012743305477827982 1496.792637394353 1057.245874261007 569.4325858702516 
3.973298665266988 53.73195593024439 128.48671732843525 12.920108232587538 0.04257780158174107 
1.1308690281472438 53.832405309679054 472.6805219632304 428.2919466911825 57.86601899166825 
0.27853506279796614 53.726976086809834 38.24896710684614 319.1000496221793 1.0893263457752727 
1.9982019736977121 46.33145852575851 3.1882734421087746 216.86876115401628 4.237359169689483 
0.148413950734717 43.19792010850781 44.398415252453816 5.016678935428843 0.04257780158174107 
8.104617890978602 2.9852979818109553 709.2647478410765 369.3681218938061 78.75907249728286 
58.55026945279496 0.0280073198070687 1487.0409863359353 1307.671104164954 413.09357477186745 
41.97636170103051 0.08272331546776217 1089.7237959500096 538.1013761462675 188.79981633118373 
64.07550506572416 0.09222472568048 1486.7583019479641 1488.4341387383035 549.9587801656353 
0.3399658023007528 27.540901614821294 0.662362963324739 1.1887688370677907 0.0468171862968165 
1.3261853547620739 43.668918569895794 2.5915710989578997 277.0903825462895 3.571359156459497 
41.97636170103051 5.573414182286385 1112.6482565956076 544.0894755744 4.099088646651126 
62.83350995659132 0.08594839843960034 1117.6180636968222 538.1013761462675 201.95605504407902 
0.27169921059889507 55.22368895768673 175.21689458275534 385.2707177032381 3.5829191669707146 
59.21721645828918 0.012743305477827982 1496.792637394353 686.6186904948605 793.497424976192 
60.42513325997301 0.08145630808722835 870.2749992268602 538.1013761462675 201.95605504407902 
0.15094857216399138 43.668918569895794 121.3670098214598 277.0903825462895 3.571359156459497 
40.17627650093388 0.4233576495084632 1499.5036614243559 901.9527019517548 209.75818688122584 
2.2626892537035523 53.73317377793787 248.75957166585454 308.1944103058695 0.9061135584551749 
43.02342994240631 1.1659560857484976 1453.5660094827317 514.9362890636668 201.95605504407902 
0.5962798693053258 51.73543484590447 76.13152830340347 281.4211090216421 1.2399741545257539 
5.9415603352129125 0.0280073198070687 839.2485624791171 430.1323628760047 202.29679132525442 
42.69263697062596 0.11960206978066673 1089.093407596576 478.5334538507116 203.95189474062954 
2.2510258019258744 51.34820414089854 462.1895942411838 348.6341260461669 26.021839498706726 
16.4222833484262 62.72857697551407 551.5690517231184 340.02053685816463 160.35735876483724 
66.75508328089644 0.02675992513586188 1487.1963948359935 1055.6449271077586 380.3883807670883 
4.009577261760809 51.87870936831354 6.470225463506068 281.4211090216421 3.5930242101050274 
28.307801383723973 62.72857697551407 551.5690517231184 340.02053685816463 160.35735876483724 
65.67323167485439 0.0835936639305261 1487.1101455272583 501.9955479211651 553.8566298621266 
1.7632450678893936 51.73893906761103 422.0067329568139 342.5310554179384 64.32505176011603 
0.18388692048628386 2.551945173965227 841.2101865768263 386.710283466967 554.1217435653969 
0.14893488609490155 54.110640064876826 300.43596120218666 369.966261807523 0.04257780158174107 
65.60939986230358 0.012743305477827982 1485.857406259969 1056.026827092244 524.7709479660307 
1.3613266264625317 54.5972542072882 1.827303299538059 372.2963604608366 0.07229841218957311 
55.17209947792452 0.0280073198070687 1487.0409863359353 380.2950748960808 413.09357477186745 
2.3834641407443584 53.73334657250866 2.5915710989578997 240.0019948811347 3.571359156459497 
4.215397853559506 45.27076497537072 408.52931577758375 322.1605046659056 15.424906868933785 
1.7794765714580372 51.73543484590447 294.7512433652194 280.64048844481886 1.2399741545257539 
2.3729182851949635 52.1064375628096 1.2614475574933692 314.7230152743588 3.3698025963041314 
42.490298340905966 0.008317153895119028 1498.9518500979193 1370.6984468808612 553.5024214923834 
5.044164166100028 0.4233576495084632 1499.5036614243559 899.1819687220548 560.5110184323253 
0.2715695939312884 47.03757446123318 364.5390654488601 286.1421257474195 2.0512517990920496 
0.27169921059889507 55.7765553821408 175.21689458275534 342.2966245658754 3.3938191198768357 
2.620742653608346 0.0280073198070687 817.3902656359667 430.1323628760047 149.32966042871033 
0.4375436798733331 53.73195593024439 44.398415252453816 0.5558902520431133 0.04257780158174107 
1.0092127112820175 53.832405309679054 472.6805219632304 423.62479471876065 5.153037227253783 
2.715394817543725 49.91961521399257 802.9914032835009 355.27273772022585 227.23782985883975 
2.1637358004538516 53.463957071325666 3.1882734421087746 221.94756001236843 4.328118159370165 
38.840106861402646 49.91961521399257 802.9914032835009 355.27273772022585 227.23782985883975 
0.1554924462694293 51.85664303081185 455.1832615570137 271.447636608989 0.12356236561243339 
0.15383886824074477 53.81219699456202 11.323662926600178 230.19485872889842 0.44998810753835805 
0.27169921059889507 55.7765553821408 175.21689458275534 342.2966245658754 3.388527031376751 
2.338036530602734 53.91307662123137 174.64547410566274 324.4747453525755 3.4378481866467894 
0.27169921059889507 55.22368895768673 175.21689458275534 385.2707177032381 3.577627078470629 
8.104617890978602 2.9852979818109553 709.2647478410765 369.3681218938061 130.7641795905118 
42.752888474219084 0.008317153895119028 1498.9518500979193 1422.6329906770334 589.4303900607783 
42.490298340905966 0.008317153895119028 1498.9518500979193 1370.6984468808612 553.5024214923834 
0.14893488609490155 54.45407202346985 953.6638242978618 369.966261807523 4.308388176303922 
0.4375436798733331 53.73195593024439 30.36279911119079 1.1887688370677907 0.04257780158174107 
59.274667416959886 0.014135935570007464 1487.1101455272583 1190.4083736682082 552.5893142694872 
35.811006199379015 51.20703943007478 562.5460911064299 348.6341260461669 172.8029896668366 
33.71651597730347 62.72857697551407 551.5690517231184 392.84494914158955 160.35735876483724 
43.42621784422802 0.027502903890125874 1462.6760152945599 694.5486329628743 365.7282978956861 
64.07550506572416 0.09222472568048 1486.7583019479641 1488.4341387383035 549.9587801656353 
