44.42321771524968 0.19677649600711644 1487.2705616440705 1460.606592068868 1293.9465895141402 
42.802349380881864 0.19677649600711644 1488.1532514363028 1460.606592068868 1293.9465895141402 
0.47799687373011424 57.016999636993134 2.0932339610793633 2.3044057656553676 0.43280023912972565 
81.79026468779358 0.16500595218817793 1498.4661013437146 1467.9281151287735 670.3754927822911 
0.41425863357559845 57.63777436600424 100.35197325147605 392.2029113535944 1.8668463821297507 
13.298784926294342 57.21305418296594 755.1315424442823 393.94616716615553 220.22130984679347 
1.7987763250885371 56.47586444338308 1.1914172649049561 363.3309327529476 0.49186542262482646 
82.99196125084687 0.17295549249171094 1468.4901514161597 872.498699262105 464.5857572039874 
0.4302540203385799 57.607797414207354 265.25645264455426 362.6378542392522 126.44177912233695 
0.2741982050139442 57.17706718170558 25.945957916088737 43.55670358809887 24.4068149030896 
0.1559410360969128 55.82023858463343 9.736459042590496 201.2464234095531 5.7193457553284786 
0.16530151821709227 49.472634531681145 193.22527422074978 354.0388112815849 5.7940589964479425 
0.4302540203385799 57.57928162018237 265.25645264455426 364.5758710038813 33.66286313275451 
72.7401103325372 0.021273733600204403 1481.842172068865 1347.782415798171 716.8703037195867 
44.07414135071871 0.18211034889901967 1083.777370713035 530.6854265877697 172.81871155128124 
0.36868188472210894 37.43057285799628 412.50498959593807 319.088716007713 3.700183711984143 
0.5953271671231839 43.28416206095744 114.61392824646012 110.5428924833978 0.49186542262482646 
0.0872846474661442 57.14312488827459 24.4345930167565 38.68781739291809 1.220709542886032 
29.240242503846087 0.06724079348103948 979.9105915398982 493.48152295938905 209.3767375494044 
0.016805738829071652 56.46955461396447 2.3575435558550812 37.07293997253258 0.5141925673424812 
0.47743492857091563 59.141351664937 58.406452203530264 46.7886801858419 0.9999961864747906 
0.4228694339310187 55.53796724008548 9.736459042590496 228.18815382155907 5.154063468530156 
0.46072631253519813 53.126089481966375 258.4404349858354 353.4657356349937 16.507680827575854 
83.0 0.19677835340322553 1458.0455323603283 757.1941293889404 557.6239658111087 
0.31965273850292586 57.016999636993134 471.2583878887973 2.3044057656553676 3.4429853348103787 
77.34700694636969 0.1969098283415422 1485.123745792932 739.8149360726234 466.4700103262741 
45.49328007436086 0.06462102253249169 1226.6387447049838 507.380900445793 207.11553373495695 
0.4126519063234161 58.31625243049953 100.35197325147605 91.14416111448827 0.05838749993999359 
72.65896538663782 0.17482128356446452 1475.2872208072904 594.2660761635061 416.3638754693396 
0.16530151821709227 55.56249040851573 456.7729841172311 364.4926814778688 52.94097339025544 
81.89352998311807 0.1716635765743142 1487.4030347613127 1190.8418311663506 314.63417743937407 
0.0872846474661442 56.71433312232945 11.270396927389749 286.8294549922867 1.0237105214722257 
0.36005972216021703 61.87708109905754 879.3716185360862 434.51431081414006 83.59464962745365 
64.12321090461899 16.92379425277248 665.4087058704342 362.39153173351417 118.54431798987832 
13.44065561602384 56.52858272674628 490.24525628900255 392.07406668334124 0.16592457808243366 
0.1559410360969128 58.76254601063886 9.736459042590496 375.6517183592806 6.806870906783033 
0.31628952630382856 57.10105534201899 22.170800807277903 318.6025667518042 22.46345092724011 
0.4126519063234161 57.63777436600424 12.37750747830836 278.29513719060367 0.1452523785510862 
28.324088998355833 0.32405980023915504 1084.4705530141591 448.6550807802406 55.077868791234636 
0.4591532747809003 59.10125678369381 2.0932339610793633 23.988509747254113 3.4429853348103787 
29.69505576519451 0.05771516394399117 894.8080441460809 383.78900369606856 222.95428594933918 
29.69505576519451 0.06724079348103948 862.9702273143456 487.19135818251164 209.3767375494044 
0.4302540203385799 57.58095301726761 333.5866689022781 362.6378542392522 126.44177912233695 
6.00252261771157 55.82023858463343 53.43844982126848 228.18815382155907 3.8088422887180258 
1.7840941867836175 57.39166251113498 36.266497081941466 411.08866686796813 9.052574304270902 
0.006337188096344537 51.29465481452289 70.24888245783117 363.46212784196666 5.838557963737978 
68.83263945155727 0.16500595218817793 1498.4661013437146 1261.9680279961142 670.3754927822911 
0.26415188867947514 57.104861417253396 26.440254547534515 115.0823898083786 1.687795438583766 
0.4591532747809003 56.97339834733824 21.950824857495377 249.65983545253027 3.444648266611223 
82.37507856608988 0.17295549249171094 1468.4901514161597 1075.813624889558 464.5857572039874 
0.06494131419743265 43.3153330371891 215.59854611472034 368.92296273637453 0.6211367845016396 
40.80410069736314 0.17105820969233207 1474.682261450052 1073.478106915431 387.56076879330243 
72.7401103325372 0.021273733600204403 1481.842172068865 1281.4466372024121 716.8703037195867 
0.05616487893243405 57.22630450187354 11.829782234137966 297.5256388887857 16.690674486471135 
0.4126519063234161 57.63777436600424 662.8508038117038 332.7276035386032 76.29280003311881 
0.08161284962149379 56.33942113891567 1.6273466092004538 95.59472419298677 1.4383651564278601 
83.0 0.1969098283415422 1458.0455323603283 757.1941293889404 181.0886833248162 
3.7605667461753685 57.63777436600424 662.8508038117038 354.1748484993038 76.29280003311881 
0.36252812663059686 1.3604217382346881 870.8841122517363 489.31344979953803 12.84408558766242 
73.25819990204684 0.057850826598410565 1404.5422845923695 594.2660761635061 416.3638754693396 
83.02853447725033 0.1706857285224868 1478.4401381220755 445.030611716041 467.323354471796 
0.0872846474661442 57.27325836332339 24.025728351201817 95.91194892770652 0.8861295297897429 
0.5200603245851578 0.3012728968496603 862.9702273143456 493.5541980250907 201.49760909347452 
80.91979881160411 0.20097667592479573 1433.3844233290756 531.6434124094101 160.86248374543402 
0.282875314533392 0.1484805913820324 1483.7469744117943 493.5541980250907 201.49760909347452 
0.3621855156760576 56.98589240556738 1.1056698573253794 249.65983545253027 3.444648266611223 
0.5104698014804683 57.62038094443229 625.3805607713275 348.54871324743215 3.4429853348103787 
13.803384383720863 56.79064074876256 403.3039180817983 360.6204378452243 35.38707931909678 
0.4591532747809003 57.016999636993134 2.0932339610793633 5.361655921884513 3.4429853348103787 
0.4126519063234161 57.63777436600424 100.35197325147605 152.8196180414042 0.1452523785510862 
82.99196125084687 0.17196286085176404 1468.4901514161597 872.498699262105 670.399262923889 
44.4623033406831 0.06462102253249169 1043.114768114655 507.380900445793 219.8485657419966 
51.2604994208545 0.23769005949770466 1486.8832920909463 1457.5095033849275 686.3153600427108 
0.26415188867947514 57.104861417253396 30.65476095658977 115.0823898083786 1.0022556954266062 
0.0872846474661442 56.69721131173761 414.02536926704397 360.6204378452243 1.6772730659293353 
0.27201260874998695 56.89126489188016 62.19981763232423 139.08894415961703 1.686878480362118 
0.4279500237277354 58.24799589115739 52.55476246070157 139.08894415961703 0.5193896697805218 
67.95029285125663 0.19690560130204063 1474.3811421454693 785.4820317095498 189.71732373764166 
4.357162412183075 57.61979314623121 137.88954339105942 291.83581090911287 0.1452523785510862 
0.26835390764048306 56.894489903035065 7.538844508055625 138.1532799218032 22.95911964614078 
0.43222893929934947 56.118136748575985 29.92929408642793 94.86239772562374 4.8851116485269666 
51.2604994208545 0.2407318074864038 1487.8549139660527 1207.9746364274838 480.5018543810657 
45.49328007436086 0.17035520537974075 1488.8282657186683 517.7844341512118 207.11553373495695 
51.2604994208545 0.042953907524294704 1487.8549139660527 1207.9746364274838 686.3153600427108 
0.0872846474661442 57.14312488827459 26.600030013461037 333.22430387894195 1.1655293324268066 
0.0872846474661442 57.14312488827459 26.600030013461037 333.22430387894195 1.1655293324268066 
0.3747830072332081 57.14312488827459 24.4345930167565 237.31085416224352 1.220709542886032 
53.174044120541446 0.01218288832954073 1487.8549139660527 1053.2902319460604 490.47097645328745 
0.019434365907418538 57.39166251113498 36.266497081941466 398.2502498923972 8.309883737110647 
0.3246731475766436 57.08450137673318 466.1054842066336 368.7535685071214 288.6348035847395 
43.16323995959667 61.50990810415935 879.3716185360862 428.18856509371005 83.59464962745365 
1.31709788639324 0.773117159736934 870.8841122517363 434.51431081414006 14.47421180182232 
0.3658756000137731 49.472634531681145 193.22527422074978 374.5876106202235 5.22877670964962 
0.31628952630382856 57.10105534201899 22.170800807277903 318.6025667518042 22.46345092724011 
0.4736654280374423 57.016999636993134 38.385030890413816 2.3044057656553676 3.4429853348103787 
1.342856083789048 56.33942113891567 1.4853179592522565 89.51539428306586 1.4383651564278601 
46.25376567372544 16.92379425277248 665.4087058704342 362.39153173351417 118.54431798987832 
4.602603569270073 16.92379425277248 665.4087058704342 362.39153173351417 118.85573762334772 
0.006337188096344537 51.29465481452289 53.134853067004286 363.46212784196666 5.838557963737978 
0.1648464921315145 56.33942113891567 456.9848217380469 344.9047385461234 4.231623773987181 
