0.0025004845984780283 58.10833362983779 0.04220586026289608 0.12098877180583889 0.8744279793577725 
80.52077825729833 0.0739137227585553 1490.8006491480369 1451.5915493742898 1366.2222797520913 
80.52077825729833 0.0739137227585553 1490.8006491480369 1451.5915493742898 1366.2222797520913 
0.03255995648712311 58.109290323466674 0.13416895328819356 0.34623552053984863 1.142785384431434 
83.0107652124556 0.02391293219310182 1466.2012101117534 504.28072004388497 44.36207780650403 
84.0 0.4112819041312574 1484.0522374084376 486.4435886408352 301.62722016213746 
81.99264586568715 0.16830634628897823 1495.3902934651464 1447.7012031079876 725.3739355377709 
0.029117201781266977 58.11451675001243 104.0048227933682 44.23073461443023 0.8902889145735317 
0.3250015434761261 58.063193527110116 4.053424693937245 139.46447426431521 0.8631647154054007 
0.7882618208192183 2.280385559098015 671.3412508158043 370.48672529225337 185.4008658852849 
0.054809557745100435 58.11907065414886 111.05223079573115 163.7721239151595 0.8781766325963912 
0.3179755765088862 54.028471793112004 39.26236899639184 160.3727066170681 2.002665032546569 
1.4034427569855017 55.63275423736872 23.470192255841326 372.6933812882927 5.3454327703504685 
45.214432224474336 0.03683962687787362 1495.7319591855737 1244.407817476097 761.4010557046955 
1.2773572982864274 58.00431101269631 0.6681279919572525 116.7639640097299 11.06300058664948 
83.0 0.020580841868621705 1490.4428459587266 1113.134463321886 315.56611231277435 
0.2519420430069995 58.109290323466674 298.92759408631844 5.093346632384225 1.142785384431434 
0.03491957128737988 54.11752498851994 16.501043144350295 48.55641621586511 1.126450962332759 
1.4013010676731914 58.08458426192535 77.88888224677649 353.5478648113942 1.3480579224492626 
0.04334882877177274 59.008835126304206 7.000285403707011 252.91234786658896 18.91037019728401 
0.032935260519023415 0.03839698371730904 803.8883184968947 419.4323664784648 1.126450962332759 
71.28409701772551 0.037754674638541985 1491.4440254340243 815.7180512887761 580.5353207466864 
0.3179755765088862 53.560162061107484 39.26236899639184 249.44437682451377 9.04013148586992 
0.005025425756959356 41.407574882682894 3.0028050505811166 310.8410355830961 0.8744279793577725 
71.8110166588049 0.042117170238051296 1495.2793289318704 607.7260980741826 163.84786894803926 
61.0845470893466 0.14919537656148624 1491.1925119156604 1432.0697739477175 1184.360967163985 
82.00036257987708 0.4964433128899953 1489.9169334414519 840.7206912880414 692.7693765672548 
0.25657131202769146 48.76569162585376 101.27069812589278 361.54033960476977 11.06300058664948 
0.008390910804655321 58.04059652468167 6.150739050831305 44.23073461443023 1.1006364968201294 
0.9047257076833901 0.16754228868833665 984.9508148066625 545.8900494334049 347.7296342644373 
0.2477309831645338 57.144825893842054 703.0071925211266 353.5478648113942 1.8264548238209204 
70.79067332648384 0.03764853012597081 1491.4440254340243 1236.79536774575 587.8320657536259 
82.0 0.41764942611844347 1495.3902934651464 1402.2923561469547 725.3739355377709 
61.927906219111144 58.10660452571911 499.2717991401606 386.79495105221787 5.00935031267856 
0.3179755765088862 53.560162061107484 0.020702853155437406 249.44437682451377 4.498859349753836 
0.029088696752826562 51.69082901464426 426.74102271776496 249.34628913713078 92.41211459263874 
81.71140342619508 0.10426836929922922 1497.7176287929124 1094.0933045384977 721.0776282095392 
0.5095452315955711 55.63275423736872 183.63047104345074 323.49436031291475 5.3454327703504685 
0.013631279176420957 50.78427559668964 41.19971072342158 186.00955180322444 26.60937229712968 
0.0486524824862421 152.14827730427302 422.87273017903243 357.7938743414097 16.24737401585417 
0.03089449195260061 58.04059652468167 6.150739050831305 15.629234950471243 1.142785384431434 
71.28409701772551 0.037754674638541985 1495.3902934651464 750.9475614665128 580.5353207466864 
0.0025004845984780283 58.10833362983779 0.007804571254117487 358.92202805805374 1.045292278802755 
0.0083823869483175 58.08458426192535 77.88888224677649 366.91845174541277 7.426032951645983 
0.05532286303919936 58.04515042881809 16.441709661695704 277.38494168220393 1.0888292495606446 
0.18236605336259815 40.587971453609526 510.2012990101203 257.4608823094462 31.577751489451877 
60.11047115420486 0.4112819041312574 1191.9869236095792 486.4435886408352 277.55854730989296 
61.44605118261415 0.14919537656148624 1491.170723773502 1432.0697739477175 1184.360967163985 
0.7685329692051823 0.05948214590518219 516.4662003839937 398.0963853092407 290.1588794504555 
2.1239938484135408 0.05924781779336219 942.0001151563853 454.60039938855 44.36207780650403 
0.029117201781266977 55.46795421184374 104.0048227933682 95.93075435692151 0.8902889145735317 
0.02919458769801049 40.10183255475423 426.55628104092676 248.96679701205153 28.31577943122729 
0.09848695436935628 58.11907065414886 81.46856335039593 321.8491793598473 4.490885608355726 
76.4336634988625 0.14905339045624488 1491.203739960891 657.3876014547523 274.0690536384592 
0.03159491198671771 57.988206996858295 6.150739050831305 85.4138442836071 1.0494371738243058 
2.0687594022450644 0.05924781779336219 975.5566941495929 495.29779503295015 186.57613070711054 
80.17920939576454 0.03215897197716211 1495.7319591855737 1285.4853372314587 821.6429602934086 
0.03089449195260061 58.08464078148816 6.150739050831305 341.9993001013121 1.142785384431434 
80.52077825729833 0.020580841868621705 1490.8006491480369 1188.0849879944835 313.56850674734534 
81.80878614962 0.04137136367302219 1455.707053619774 717.156507041245 580.5353207466864 
0.5420659660920852 57.79876827652281 213.80877274278856 321.0953929861937 64.53384666016456 
0.7727787412444693 57.91633261787479 516.4662003839937 387.2467093895751 3.823980168854007 
0.09065689274887963 53.85994391291443 504.70198748937764 353.5478648113942 1.8264548238209204 
71.27583415381208 0.042117170238051296 1495.2793289318704 607.7260980741826 580.0796875883359 
2.0918534915079423 0.05924781779336219 1048.582791156631 495.29779503295015 186.57613070711054 
2.2294264020439876 55.64096818471632 504.70198748937764 353.5478648113942 1.8264548238209204 
0.18236196315249453 52.17696791358429 440.45964168088636 257.8403744345255 95.67720592159534 
0.005616144513030118 57.82376667870858 227.36781980846013 366.13358383423844 23.926029571955524 
2.2294264020439876 55.64096818471632 544.9784323185465 353.5478648113942 104.19249519379355 
0.0025004845984780283 58.10833362983779 9.397061011451441 325.969378377421 4.991330009809586 
0.032166056606596126 57.844075468149285 15.098600587561009 288.4747849973365 4.577917989704488 
15.153210489325847 0.05924781779336219 1479.2874017419006 435.0251719676498 198.71642061331602 
0.0083823869483175 53.3240380513468 223.31877503221506 353.97058574325825 4.4886152922561475 
0.7806513391371378 1.8071437151601515 574.9317010346861 334.54874410100905 195.59683028197537 
1.0971795017055452 2.1795003019806884 1023.727082708212 456.5674424963762 5.3454327703504685 
0.5420659660920852 58.12487080755792 213.80877274278856 321.0953929861937 0.011130441405441616 
80.17920939576454 0.03215897197716211 1495.7319591855737 1285.4853372314587 821.6429602934086 
0.5121400023249238 0.05924781779336219 1479.2874017419006 438.8838096030996 198.1772270634624 
0.029117201781266977 58.04059652468167 6.150739050831305 44.23073461443023 1.1006364968201294 
0.7007394681928577 46.04605503477337 666.7030819646634 370.48672529225337 185.4008658852849 
0.31179280357842293 50.78427559668964 43.138625990813935 180.16354247604025 25.46742977698758 
2.0948839441829996 0.05924781779336219 1066.4699611946226 454.60039938855 44.36207780650403 
80.52077825729833 0.020580841868621705 1490.8006491480369 1040.7092891229618 313.56850674734534 
0.12018043261410778 73.16580768597626 886.419111451272 426.95506800983765 185.4008658852849 
0.0486524824862421 60.195110330128664 422.87273017903243 357.7938743414097 4.37614977640521 
0.029117201781266977 58.04059652468167 6.150739050831305 70.80738557033177 5.2914516258449 
1.0777660522678965 57.9101403733085 0.47971681696976987 14.745195537997319 0.45919791098668483 
1.4007447320356994 55.63275423736872 183.63047104345074 323.49436031291475 43.656592996140425 
7.802919086502267 1.0810680473257221 829.4887057565351 428.5286517212112 1.0224201797723942 
0.5420659660920852 57.79876827652281 213.80877274278856 321.0953929861937 46.559050331129676 
5.667693887642486 0.07454047707748568 1490.7681986786215 725.7884461328792 210.03760303813522 
71.27583415381208 0.042117170238051296 1495.2793289318704 607.7260980741826 580.0796875883359 
0.6035523840776387 2.6224965168534347 1155.373674409459 491.1409944382792 301.62722016213746 
71.60719211136318 0.04927547062777811 1495.2793289318704 1053.6005720982903 733.6034978177136 
1.5927324234399762 58.08458426192535 328.556522114151 366.91845174541277 7.426032951645983 
1.4013010676731914 58.04054000511886 77.88888224677649 30.14615214915966 1.3480579224492626 
72.82932336826428 0.05924781779336219 923.0898465272331 454.60039938855 44.36207780650403 
0.008699804462979955 50.949275932316304 41.19971072342158 313.3065658351445 0.7502796254114692 
0.054809557745100435 59.07237636783011 10.128880415050169 167.00924072339942 5.408054321313529 
0.17491572785773074 41.239041883165655 4.107436765414661 1.2376099186644893 4.912609535178575 
