1 465.0
2 447.0
3 147.0
4 147.0
5 141.0
6 141.0
7 141.0
8 113.0
9 113.0
10 113.0
11 103.0
12 90.0
13 86.0
14 80.0
15 76.0
16 76.0
17 76.0
18 51.0
19 51.0
20 51.0
21 51.0
22 51.0
23 51.0
24 47.0
25 46.0
26 46.0
27 44.0
28 44.0
29 44.0
30 44.0
31 44.0
32 18.0
33 18.0
34 18.0
35 17.0
36 17.0
37 17.0
38 17.0
39 17.0
40 17.0
41 17.0
42 17.0
43 17.0
44 17.0
45 17.0
46 17.0
47 17.0
48 17.0
49 17.0
50 17.0
51 16.0
52 16.0
53 14.0
54 14.0
55 14.0
56 14.0
57 14.0
58 14.0
59 14.0
60 14.0
61 14.0
62 14.0
63 14.0
64 14.0
65 14.0
66 12.0
67 10.0
68 9.0
69 9.0
70 9.0
