0.011 3231.0 
-0.219 3417.0 
-0.501 4303.0 
-0.408 3805.0 
-0.402 3786.0 
-0.236 3439.0 
-0.483 4153.0 
0.566 2878.0 
-0.552 5139.0 
-0.479 4129.0 
-0.375 3689.0 
-0.367 3668.0 
-0.396 3767.0 
-0.064 3283.0 
0.475 2936.0 
-0.55 5086.0 
-0.457 4001.0 
-0.326 3574.0 
0.325 3031.0 
-0.528 4616.0 
-0.466 4057.0 
-0.562 5660.0 
0.421 2967.0 
-0.162 3354.0 
-0.541 4830.0 
0.032 3209.0 
-0.418 3840.0 
-0.544 4929.0 
-0.315 3548.0 
-0.523 4534.0 
-0.462 4024.0 
-0.52 4506.0 
-0.471 4079.0 
-0.555 5296.0 
-0.563 5743.0 
-0.534 4699.0 
-0.519 4489.0 
-0.206 3399.0 
-0.517 4473.0 
0.497 2919.0 
-0.441 3921.0 
0.193 3120.0 
-0.525 4564.0 
-0.505 4351.0 
0.544 2896.0 
0.277 3058.0 
-0.56 5600.0 
-0.498 4278.0 
-0.527 4590.0 
0.249 3077.0 
-0.493 4231.0 
0.361 3011.0 
-0.533 4679.0 
-0.187 3377.0 
-0.427 3865.0 
0.143 3140.0 
-0.532 4661.0 
-0.356 3635.0 
-0.553 5225.0 
0.389 2991.0 
-0.558 5434.0 
-0.392 3740.0 
-0.14 3336.0 
-0.511 4404.0 
-0.495 4253.0 
-0.54 4810.0 
-0.437 3905.0 
-0.509 4378.0 
-0.49 4210.0 
-0.559 5528.0 
-0.345 3609.0 
-0.556 5330.0 
0.069 3189.0 
0.603 2853.0 
-0.487 4185.0 
-0.547 4989.0 
0.108 3163.0 
-0.513 4426.0 
-0.543 4881.0 
-0.041 3258.0 
-0.451 3977.0 
-0.298 3522.0 
-0.381 3706.0 
-0.282 3492.0 
-0.476 4108.0 
-0.531 4642.0 
-0.516 4448.0 
0.225 3101.0 
-0.557 5373.0 
-0.561 5632.0 
-0.433 3883.0 
-0.536 4725.0 
-0.108 3308.0 
-0.504 4329.0 
-0.387 3722.0 
-0.539 4781.0 
-0.549 5036.0 
-0.26 3468.0 
-0.334 3590.0 
-0.537 4751.0 
