-0.54 4800.0 
-0.327 3567.0 
-0.079 3295.0 
-0.542 4847.0 
-0.439 3914.0 
-0.163 3353.0 
-0.376 3705.0 
-0.399 3769.0 
-0.529 4623.0 
-0.391 3752.0 
-0.445 3939.0 
-0.514 4431.0 
-0.125 3322.0 
-0.414 3816.0 
0.056 3201.0 
-0.185 3375.0 
-0.261 3466.0 
-0.416 3844.0 
-0.36 3653.0 
-0.558 5403.0 
0.436 2957.0 
-0.039 3256.0 
-0.561 5609.0 
-0.312 3543.0 
0.25 3074.0 
-0.485 4171.0 
-0.541 4825.0 
-0.372 3685.0 
0.159 3135.0 
-0.061 3274.0 
-0.52 4515.0 
-0.518 4481.0 
-0.56 5530.0 
-0.524 4561.0 
0.286 3055.0 
-0.537 4745.0 
-0.407 3794.0 
0.313 3034.0 
-0.559 5492.0 
-0.516 4458.0 
-0.456 3995.0 
0.373 3002.0 
-0.451 3971.0 
0.0 3231.0 
0.393 2982.0 
0.524 2904.0 
0.57 2876.0 
-0.527 4591.0 
-0.545 4914.0 
-0.466 4044.0 
-0.489 4199.0 
-0.563 5733.0 
0.148 3162.0 
-0.552 5164.0 
-0.565 5887.0 
-0.556 5320.0 
-0.229 3424.0 
-0.553 5224.0 
-0.505 4335.0 
-0.508 4367.0 
-0.539 4781.0 
-0.428 3866.0 
-0.564 5790.0 
-0.473 4086.0 
-0.555 5288.0 
-0.433 3889.0 
-0.389 3730.0 
-0.548 5004.0 
-0.302 3523.0 
-0.345 3613.0 
-0.531 4653.0 
-0.51 4396.0 
-0.557 5368.0 
-0.55 5070.0 
-0.355 3633.0 
-0.476 4112.0 
-0.48 4141.0 
-0.536 4726.0 
0.195 3116.0 
-0.495 4249.0 
-0.492 4221.0 
0.214 3096.0 
-0.469 4066.0 
-0.337 3593.0 
-0.207 3399.0 
-0.533 4680.0 
0.591 2857.0 
-0.534 4705.0 
-0.462 4021.0 
-0.547 4980.0 
-0.551 5102.0 
-0.502 4310.0 
-0.286 3497.0 
-0.242 3448.0 
-0.566 5986.0 
-0.562 5683.0 
0.481 2930.0 
-0.549 5037.0 
-0.499 4280.0 
-0.546 4958.0 
