0.243 3079.0 
-0.541 4823.0 
-0.058 3267.0 
-0.451 3980.0 
0.303 3041.0 
-0.544 4907.0 
-0.444 3940.0 
-0.535 4724.0 
-0.316 3563.0 
-0.416 3831.0 
-0.528 4602.0 
-0.51 4386.0 
-0.517 4482.0 
0.214 3102.0 
-0.483 4158.0 
-0.37 3682.0 
-0.469 4076.0 
-0.516 4455.0 
-0.432 3886.0 
0.594 2863.0 
-0.091 3294.0 
-0.475 4105.0 
-0.521 4521.0 
-0.017 3239.0 
0.537 2898.0 
-0.561 5619.0 
-0.408 3806.0 
-0.534 4694.0 
-0.363 3658.0 
-0.164 3389.0 
0.615 2839.0 
-0.222 3419.0 
0.372 2995.0 
-0.526 4576.0 
-0.545 4933.0 
-0.394 3753.0 
-0.495 4267.0 
-0.56 5563.0 
-0.38 3701.0 
-0.154 3363.0 
-0.352 3628.0 
0.153 3136.0 
-0.439 3913.0 
-0.385 3731.0 
-0.531 4650.0 
-0.503 4319.0 
-0.457 4007.0 
-0.246 3452.0 
-0.555 5286.0 
-0.564 5891.0 
-0.341 3601.0 
-0.558 5432.0 
-0.492 4237.0 
-0.478 4126.0 
-0.543 4877.0 
-0.449 3964.0 
-0.565 5952.0 
-0.486 4181.0 
0.5 2917.0 
-0.557 5365.0 
-0.117 3316.0 
0.34 3017.0 
-0.547 4980.0 
-0.524 4552.0 
-0.537 4752.0 
-0.566 5992.0 
-0.264 3470.0 
-0.139 3333.0 
-0.538 4781.0 
-0.424 3862.0 
0.46 2944.0 
-0.549 5039.0 
-0.52 4499.0 
-0.507 4368.0 
-0.4 3781.0 
-0.285 3500.0 
-0.54 4807.0 
-0.556 5317.0 
0.038 3210.0 
-0.559 5471.0 
-0.53 4629.0 
-0.303 3527.0 
-0.546 4950.0 
0.415 2973.0 
-0.533 4677.0 
-0.5 4297.0 
-0.563 5735.0 
-0.489 4206.0 
-0.55 5102.0 
-0.515 4439.0 
0.107 3163.0 
-0.464 4036.0 
-0.553 5214.0 
0.068 3188.0 
-0.505 4344.0 
-0.552 5155.0 
-0.512 4411.0 
-0.467 4058.0 
-0.562 5686.0 
0.272 3061.0 
