-0.286 3497.0 
-0.263 3469.0 
-0.518 4479.0 
-0.468 4070.0 
-0.369 3674.0 
-0.529 4614.0 
-0.547 5006.0 
-0.434 3907.0 
-0.55 5069.0 
-0.482 4147.0 
-0.551 5109.0 
-0.527 4586.0 
-0.433 3887.0 
-0.543 4885.0 
-0.329 3591.0 
-0.555 5298.0 
-0.539 4792.0 
-0.532 4659.0 
-0.457 4003.0 
-0.485 4173.0 
-0.043 3256.0 
-0.383 3717.0 
-0.452 3974.0 
-0.387 3737.0 
-0.209 3416.0 
-0.07 3277.0 
-0.135 3336.0 
-0.546 4954.0 
-0.525 4557.0 
-0.561 5657.0 
0.379 2993.0 
-0.402 3781.0 
-0.338 3616.0 
-0.514 4425.0 
-0.541 4826.0 
-0.442 3922.0 
-0.558 5457.0 
-0.522 4529.0 
-0.158 3368.0 
0.491 2922.0 
-0.535 4729.0 
-0.479 4130.0 
0.457 2939.0 
-0.448 3948.0 
-0.545 4924.0 
-0.495 4263.0 
-0.398 3756.0 
0.043 3201.0 
0.017 3219.0 
-0.463 4035.0 
-0.549 5049.0 
-0.293 3518.0 
-0.534 4695.0 
-0.537 4759.0 
-0.502 4316.0 
-0.322 3564.0 
-0.49 4204.0 
-0.494 4237.0 
0.34 3018.0 
-0.511 4397.0 
0.255 3070.0 
-0.231 3442.0 
-0.115 3312.0 
-0.53 4633.0 
-0.428 3866.0 
0.585 2862.0 
-0.356 3637.0 
0.119 3156.0 
-0.011 3237.0 
-0.377 3696.0 
-0.506 4347.0 
0.08 3180.0 
0.546 2885.0 
0.207 3101.0 
-0.5 4290.0 
-0.548 5026.0 
-0.419 3833.0 
-0.31 3536.0 
0.511 2907.0 
-0.563 5735.0 
-0.557 5373.0 
-0.52 4500.0 
-0.411 3807.0 
0.159 3132.0 
-0.193 3391.0 
-0.093 3294.0 
0.413 2969.0 
-0.542 4850.0 
-0.363 3656.0 
-0.554 5273.0 
-0.553 5204.0 
-0.56 5538.0 
0.611 2843.0 
-0.509 4372.0 
-0.564 5835.0 
-0.475 4102.0 
-0.559 5481.0 
0.305 3040.0 
-0.556 5328.0 
-0.517 4457.0 
