-0.489 4226.0 
-0.509 4375.0 
-0.429 3888.0 
-0.55 5081.0 
-0.355 3631.0 
-0.488 4189.0 
-0.049 3261.0 
-0.38 3715.0 
0.198 3117.0 
-0.504 4327.0 
-0.473 4085.0 
0.381 2991.0 
-0.468 4069.0 
-0.545 4942.0 
-0.538 4763.0 
-0.555 5297.0 
-0.524 4544.0 
-0.438 3921.0 
0.457 2946.0 
-0.532 4658.0 
-0.416 3827.0 
-0.015 3244.0 
0.118 3163.0 
0.164 3141.0 
-0.426 3859.0 
-0.458 4001.0 
-0.562 5655.0 
-0.499 4282.0 
-0.405 3791.0 
-0.153 3345.0 
-0.511 4403.0 
-0.198 3396.0 
-0.554 5264.0 
-0.279 3503.0 
-0.559 5470.0 
-0.558 5427.0 
-0.536 4725.0 
-0.518 4473.0 
0.346 3013.0 
-0.547 4985.0 
-0.556 5323.0 
-0.398 3769.0 
-0.392 3744.0 
-0.364 3658.0 
0.271 3061.0 
-0.561 5606.0 
0.047 3201.0 
-0.462 4022.0 
-0.494 4266.0 
-0.522 4522.0 
-0.506 4345.0 
-0.526 4578.0 
-0.548 5018.0 
-0.527 4597.0 
0.243 3089.0 
-0.13 3330.0 
0.007 3224.0 
-0.54 4810.0 
-0.529 4614.0 
0.421 2966.0 
-0.303 3525.0 
-0.557 5386.0 
0.077 3180.0 
-0.227 3421.0 
-0.534 4694.0 
-0.516 4450.0 
-0.48 4134.0 
-0.52 4500.0 
-0.077 3283.0 
-0.501 4302.0 
-0.24 3448.0 
-0.549 5054.0 
-0.553 5195.0 
-0.37 3683.0 
0.572 2868.0 
-0.551 5116.0 
0.476 2927.0 
-0.514 4427.0 
-0.546 4966.0 
-0.344 3608.0 
-0.542 4851.0 
0.312 3036.0 
-0.333 3584.0 
-0.445 3940.0 
-0.56 5538.0 
-0.314 3541.0 
-0.539 4787.0 
-0.53 4635.0 
-0.266 3470.0 
-0.552 5154.0 
-0.476 4105.0 
-0.454 3979.0 
-0.466 4047.0 
-0.485 4166.0 
-0.106 3309.0 
-0.45 3959.0 
-0.323 3561.0 
-0.544 4894.0 
-0.171 3370.0 
-0.563 5707.0 
