0.151 3137.0 
-0.428 3865.0 
-0.531 4650.0 
-0.491 4233.0 
-0.233 3428.0 
-0.522 4549.0 
-0.317 3558.0 
-0.554 5239.0 
-0.051 3270.0 
0.051 3210.0 
-0.52 4497.0 
0.181 3115.0 
-0.533 4671.0 
-0.508 4377.0 
0.568 2886.0 
-0.418 3830.0 
-0.545 4936.0 
-0.521 4529.0 
0.072 3187.0 
-0.446 3943.0 
0.577 2870.0 
-0.543 4872.0 
-0.549 5075.0 
-0.44 3916.0 
-0.366 3667.0 
-0.481 4148.0 
-0.404 3781.0 
0.284 3065.0 
-0.566 6059.0 
-0.544 4898.0 
-0.099 3308.0 
0.605 2850.0 
-0.503 4325.0 
-0.468 4060.0 
-0.529 4626.0 
-0.293 3512.0 
-0.45 3963.0 
-0.546 4955.0 
-0.477 4115.0 
-0.169 3365.0 
-0.553 5188.0 
-0.527 4598.0 
-0.075 3291.0 
-0.564 5917.0 
-0.539 4783.0 
0.517 2931.0 
-0.386 3722.0 
0.321 3044.0 
0.453 2955.0 
-0.349 3640.0 
0.108 3160.0 
-0.28 3494.0 
-0.186 3384.0 
-0.413 3813.0 
-0.507 4351.0 
-0.485 4179.0 
-0.552 5168.0 
-0.396 3751.0 
-0.56 5568.0 
-0.565 6021.0 
0.326 3025.0 
-0.272 3477.0 
-0.551 5138.0 
-0.435 3897.0 
-0.556 5320.0 
0.533 2902.0 
0.227 3088.0 
-0.555 5287.0 
-0.54 4804.0 
-0.561 5624.0 
-0.334 3593.0 
-0.557 5384.0 
-0.548 5013.0 
-0.462 4028.0 
-0.501 4305.0 
-0.526 4571.0 
-0.373 3688.0 
-0.142 3346.0 
0.415 2980.0 
-0.209 3404.0 
-0.559 5490.0 
-0.547 4984.0 
-0.537 4742.0 
-0.511 4400.0 
-0.474 4091.0 
-0.535 4709.0 
-0.49 4206.0 
-0.457 4003.0 
-0.024 3243.0 
-0.542 4853.0 
-0.563 5727.0 
-0.119 3325.0 
-0.254 3457.0 
0.368 3004.0 
-0.499 4285.0 
-0.562 5677.0 
-0.514 4425.0 
-0.518 4472.0 
-0.496 4263.0 
-0.516 4450.0 
