-0.469 4092.0 
0.583 2860.0 
-0.364 3697.0 
-0.339 3600.0 
0.007 3230.0 
-0.224 3417.0 
-0.352 3638.0 
-0.186 3374.0 
-0.521 4524.0 
-0.526 4619.0 
-0.552 5167.0 
-0.289 3502.0 
-0.407 3794.0 
-0.308 3531.0 
-0.363 3665.0 
0.372 2995.0 
-0.546 4942.0 
-0.537 4742.0 
-0.348 3618.0 
-0.548 5003.0 
-0.542 4843.0 
-0.394 3754.0 
-0.511 4417.0 
-0.447 3950.0 
-0.327 3574.0 
0.452 2949.0 
-0.531 4651.0 
-0.558 5422.0 
-0.545 4918.0 
0.118 3156.0 
-0.564 5805.0 
-0.029 3247.0 
-0.492 4229.0 
0.261 3067.0 
-0.488 4200.0 
-0.484 4173.0 
-0.555 5272.0 
-0.547 4980.0 
-0.402 3778.0 
-0.386 3726.0 
-0.461 4020.0 
0.624 2833.0 
-0.525 4574.0 
-0.442 3924.0 
-0.468 4063.0 
-0.455 3992.0 
-0.45 3966.0 
-0.539 4786.0 
-0.41 3809.0 
0.521 2903.0 
-0.565 5927.0 
-0.563 5706.0 
-0.533 4675.0 
-0.543 4871.0 
-0.561 5591.0 
-0.438 3907.0 
-0.502 4323.0 
-0.556 5329.0 
-0.059 3270.0 
-0.567 6068.0 
0.487 2926.0 
-0.32 3554.0 
-0.553 5191.0 
-0.264 3490.0 
0.414 2975.0 
-0.124 3330.0 
-0.544 4902.0 
-0.506 4353.0 
-0.421 3843.0 
-0.481 4150.0 
-0.108 3307.0 
-0.137 3347.0 
-0.255 3456.0 
-0.519 4490.0 
-0.55 5070.0 
0.157 3133.0 
-0.557 5369.0 
-0.535 4707.0 
0.3 3042.0 
-0.562 5689.0 
0.051 3195.0 
0.027 3215.0 
0.56 2875.0 
-0.509 4382.0 
-0.202 3392.0 
0.221 3091.0 
-0.496 4257.0 
-0.559 5508.0 
0.084 3173.0 
-0.083 3287.0 
-0.566 6026.0 
-0.549 5043.0 
-0.478 4125.0 
-0.5 4286.0 
0.341 3016.0 
-0.516 4450.0 
0.193 3113.0 
-0.56 5555.0 
-0.551 5130.0 
-0.432 3879.0 
