0.432 2967.0 
-0.537 4748.0 
-0.442 3930.0 
-0.413 3826.0 
-0.471 4084.0 
0.511 2913.0 
-0.504 4333.0 
-0.417 3842.0 
-0.526 4571.0 
-0.554 5223.0 
-0.444 3952.0 
0.328 3031.0 
0.348 3014.0 
-0.164 3359.0 
-0.026 3245.0 
-0.418 3862.0 
-0.331 3578.0 
-0.51 4399.0 
-0.532 4658.0 
-0.516 4454.0 
-0.142 3339.0 
-0.359 3647.0 
-0.429 3886.0 
-0.457 3996.0 
0.184 3116.0 
-0.37 3674.0 
-0.533 4677.0 
0.135 3143.0 
-0.339 3599.0 
-0.476 4117.0 
-0.387 3726.0 
-0.235 3440.0 
0.23 3083.0 
-0.306 3530.0 
0.041 3224.0 
-0.495 4275.0 
0.277 3060.0 
-0.562 5668.0 
-0.508 4371.0 
-0.405 3787.0 
-0.48 4144.0 
-0.544 4916.0 
-0.548 5010.0 
-0.277 3490.0 
-0.542 4856.0 
0.088 3177.0 
-0.56 5529.0 
-0.561 5606.0 
-0.538 4770.0 
-0.319 3552.0 
-0.547 4983.0 
-0.546 4951.0 
-0.483 4170.0 
-0.543 4891.0 
-0.522 4535.0 
-0.556 5328.0 
-0.119 3318.0 
-0.565 5936.0 
-0.53 4640.0 
-0.491 4216.0 
-0.454 3977.0 
-0.551 5124.0 
0.591 2864.0 
-0.557 5455.0 
-0.41 3809.0 
-0.55 5067.0 
-0.489 4196.0 
-0.552 5170.0 
-0.528 4604.0 
-0.083 3286.0 
-0.465 4045.0 
0.045 3203.0 
-0.534 4702.0 
-0.05 3268.0 
-0.518 4485.0 
-0.2 3393.0 
-0.52 4505.0 
-0.514 4429.0 
-0.536 4729.0 
-0.29 3511.0 
-0.354 3630.0 
-0.566 5985.0 
-0.559 5509.0 
-0.469 4067.0 
0.388 2990.0 
-0.493 4251.0 
0.486 2932.0 
-0.555 5269.0 
-0.501 4304.0 
-0.438 3910.0 
0.451 2951.0 
0.542 2888.0 
-0.461 4021.0 
-0.549 5036.0 
-0.397 3753.0 
-0.38 3701.0 
-0.54 4803.0 
-0.553 5198.0 
-0.563 5756.0 
-0.564 5848.0 
