-0.53 4641.0 
-0.497 4266.0 
0.238 3088.0 
-0.448 3955.0 
-0.516 4458.0 
-0.453 3974.0 
-0.293 3509.0 
-0.547 4990.0 
-0.36 3648.0 
-0.127 3324.0 
-0.521 4521.0 
-0.536 4722.0 
0.139 3144.0 
-0.433 3886.0 
-0.149 3345.0 
-0.564 5842.0 
-0.219 3415.0 
0.267 3063.0 
-0.394 3776.0 
-0.508 4363.0 
-0.553 5203.0 
0.172 3122.0 
-0.32 3554.0 
0.1 3172.0 
-0.529 4620.0 
-0.494 4247.0 
-0.513 4419.0 
-0.491 4225.0 
-0.541 4844.0 
0.008 3221.0 
-0.367 3669.0 
-0.423 3845.0 
-0.532 4660.0 
-0.247 3443.0 
-0.554 5229.0 
-0.505 4346.0 
-0.41 3802.0 
-0.563 5709.0 
-0.534 4692.0 
-0.485 4176.0 
-0.479 4123.0 
0.316 3040.0 
-0.459 4007.0 
-0.444 3935.0 
-0.393 3750.0 
-0.376 3692.0 
-0.385 3724.0 
-0.546 4955.0 
-0.416 3823.0 
0.428 2968.0 
-0.474 4104.0 
-0.559 5464.0 
0.591 2861.0 
-0.557 5378.0 
-0.551 5118.0 
-0.54 4813.0 
0.044 3204.0 
-0.33 3577.0 
0.554 2882.0 
-0.466 4053.0 
-0.49 4207.0 
-0.52 4500.0 
-0.262 3467.0 
-0.556 5350.0 
-0.55 5097.0 
-0.56 5558.0 
-0.523 4546.0 
-0.339 3596.0 
-0.469 4082.0 
-0.086 3295.0 
-0.548 5012.0 
-0.527 4601.0 
-0.197 3395.0 
-0.483 4152.0 
-0.439 3908.0 
0.524 2904.0 
0.466 2941.0 
0.354 3016.0 
-0.543 4871.0 
0.39 2991.0 
-0.429 3869.0 
-0.462 4029.0 
-0.016 3243.0 
-0.544 4912.0 
0.499 2920.0 
-0.51 4393.0 
-0.525 4573.0 
-0.279 3490.0 
-0.552 5166.0 
-0.501 4303.0 
-0.055 3268.0 
-0.183 3374.0 
-0.503 4325.0 
-0.562 5631.0 
-0.308 3535.0 
-0.555 5283.0 
-0.349 3616.0 
-0.549 5079.0 
-0.539 4788.0 
-0.565 5866.0 
