-0.253 3468.0 
-0.173 3362.0 
-0.525 4567.0 
-0.186 3383.0 
-0.287 3498.0 
-0.535 4720.0 
-0.424 3854.0 
-0.445 3945.0 
-0.532 4656.0 
-0.43 3882.0 
-0.472 4088.0 
0.145 3155.0 
-0.245 3446.0 
-0.495 4244.0 
-0.514 4426.0 
-0.554 5232.0 
-0.527 4598.0 
-0.439 3919.0 
-0.382 3722.0 
-0.54 4802.0 
-0.399 3776.0 
-0.544 4892.0 
-0.498 4271.0 
-0.343 3605.0 
-0.465 4054.0 
-0.491 4225.0 
-0.562 5658.0 
0.532 2892.0 
-0.103 3306.0 
-0.547 4971.0 
-0.523 4540.0 
-0.553 5187.0 
-0.392 3752.0 
-0.354 3634.0 
-0.413 3828.0 
-0.534 4695.0 
-0.517 4457.0 
-0.521 4519.0 
-0.481 4144.0 
0.576 2867.0 
0.443 2949.0 
-0.485 4167.0 
-0.501 4297.0 
-0.519 4487.0 
0.068 3188.0 
-0.364 3664.0 
-0.559 5472.0 
0.189 3117.0 
0.265 3068.0 
-0.452 3975.0 
-0.289 3516.0 
-0.41 3805.0 
-0.227 3423.0 
-0.46 4014.0 
-0.546 4949.0 
-0.457 3994.0 
-0.545 4927.0 
-0.478 4119.0 
0.427 2976.0 
0.337 3022.0 
-0.075 3278.0 
-0.489 4196.0 
-0.555 5270.0 
-0.508 4363.0 
0.493 2919.0 
0.227 3094.0 
-0.556 5368.0 
-0.53 4631.0 
-0.329 3574.0 
-0.557 5403.0 
-0.463 4032.0 
-0.542 4846.0 
-0.567 6099.0 
-0.151 3341.0 
-0.505 4333.0 
-0.537 4750.0 
-0.564 5771.0 
0.299 3046.0 
-0.552 5139.0 
-0.375 3691.0 
-0.51 4384.0 
-0.512 4406.0 
-0.046 3260.0 
-0.209 3400.0 
-0.566 6019.0 
0.362 3003.0 
-0.561 5597.0 
-0.539 4782.0 
-0.56 5530.0 
-0.551 5113.0 
-0.563 5736.0 
-0.549 5044.0 
-0.019 3240.0 
-0.565 5845.0 
-0.543 4874.0 
-0.558 5425.0 
0.021 3216.0 
-0.548 5008.0 
-0.55 5085.0 
-0.313 3542.0 
