-0.564 5788.0 
-0.256 3459.0 
-0.063 3271.0 
-0.316 3549.0 
-0.421 3846.0 
-0.374 3687.0 
-0.505 4351.0 
-0.545 4948.0 
-0.541 4831.0 
-0.502 4317.0 
0.126 3153.0 
0.467 2934.0 
-0.156 3352.0 
0.212 3103.0 
-0.29 3509.0 
0.002 3230.0 
-0.274 3482.0 
-0.562 5710.0 
0.331 3028.0 
-0.512 4435.0 
-0.554 5242.0 
-0.46 4016.0 
-0.335 3588.0 
0.528 2896.0 
-0.548 5016.0 
-0.553 5210.0 
-0.509 4375.0 
-0.453 3981.0 
-0.527 4586.0 
-0.407 3801.0 
-0.379 3708.0 
-0.427 3863.0 
-0.346 3610.0 
-0.552 5142.0 
-0.511 4402.0 
-0.519 4490.0 
-0.487 4208.0 
-0.392 3746.0 
-0.193 3390.0 
-0.477 4116.0 
-0.557 5413.0 
-0.482 4161.0 
0.097 3179.0 
-0.226 3419.0 
-0.537 4744.0 
-0.032 3247.0 
-0.365 3658.0 
0.365 3001.0 
-0.495 4265.0 
0.168 3123.0 
-0.469 4065.0 
-0.559 5484.0 
-0.538 4766.0 
0.04 3210.0 
-0.55 5079.0 
-0.305 3529.0 
-0.546 4993.0 
-0.472 4092.0 
-0.558 5442.0 
-0.522 4537.0 
-0.441 3931.0 
-0.54 4800.0 
-0.555 5267.0 
-0.5 4290.0 
-0.524 4558.0 
0.578 2865.0 
-0.563 5750.0 
-0.079 3288.0 
-0.543 4902.0 
-0.561 5578.0 
-0.095 3310.0 
-0.241 3442.0 
-0.536 4726.0 
-0.416 3825.0 
0.503 2916.0 
-0.534 4703.0 
-0.48 4139.0 
0.257 3079.0 
-0.485 4183.0 
-0.385 3727.0 
-0.529 4618.0 
0.307 3053.0 
-0.56 5525.0 
-0.353 3629.0 
-0.493 4242.0 
-0.556 5335.0 
-0.551 5107.0 
-0.521 4510.0 
-0.447 3951.0 
-0.517 4465.0 
-0.533 4675.0 
-0.182 3370.0 
-0.433 3885.0 
-0.4 3766.0 
-0.531 4648.0 
-0.438 3908.0 
0.434 2958.0 
-0.139 3333.0 
-0.549 5046.0 
0.407 2982.0 
