3.4279499670546794E-4
2.855555004354651E-4
3.033595343730684E-4
3.139304416687642E-4
4.1713548207476944E-4
3.33800707113403E-4
2.7711954929230277E-4
3.724350148343669E-4
3.900565255540891E-4
3.3284137678731923E-4
3.3078703633070134E-4
3.116430686381012E-4
2.5825100429035917E-4
2.8087033515723797E-4
3.210091240609898E-4
3.1986984879717433E-4
3.030351617431234E-4
2.7668915759616577E-4
3.3558135394804497E-4
3.757384494371513E-4
3.7265897334815766E-4
3.2710142006016346E-4
2.4111684589290017E-4
2.911977871219688E-4
3.3745489130851376E-4
2.961456849801456E-4
3.052167838668684E-4
2.781016125178751E-4
2.844262546538547E-4
2.7300517745296947E-4
