0.8344896414501348
0.8347519860614026
0.8347066457839307
0.8344723440032372
0.8351781322531336
0.8343821876133508
0.8348712336119796
0.8347367852747362
0.8331789667239058
0.8346290693554237
0.8339515860186311
0.8353851774508385
0.8349519550308314
0.8355835739250946
0.8341355679538063
0.8340556327825407
0.8347323298717473
0.834327412364844
0.8342810237572574
0.8345360300577211
0.8338084889579391
0.835483458399116
0.8353107460126761
0.8340954693269093
0.8337385129227652
0.8353248984692284
0.8346686438172632
0.8349021593503706
0.8347111011869197
0.834469461095421
