0.5749798908951383
0.5478006687561515
0.5588112243207781
0.5678007301214443
0.522883635855179
0.5448754981364979
0.5431040119468409
0.5544810591115746
0.5562063010823197
0.5313662222476806
0.5645846026198332
0.474887599183486
0.5660701361843504
0.5404115131158264
0.5241629759389674
0.5203163337403992
0.555227067329806
0.5597742959190362
0.5489504524542284
0.5524833942516135
0.5852305575534607
0.5056506461291281
0.5657183512762113
0.5661879923854505
0.588860428755941
0.5387194643460917
0.5461393285943763
0.5538111614861271
0.5644798420065477
0.5667035862683804
