0.9988461629519021 45.76288674633309 27.65046430565721 401.6517181007238 1.3483855827597893 
0.29641998949532955 46.42046052799394 14.38123823682282 350.78618657199775 10.025356517565942 
64.19623509104063 0.4337212232662435 1497.7073765774583 634.3547979521613 354.68518848200836 
83.0 0.45849947012538034 1468.659853462153 741.4753543307443 422.33931112596684 
2.904242183853473 59.383462955319516 388.2155127786047 348.7770603359056 22.16174774292073 
13.455347444980873 0.41050320820179775 629.7558067300087 362.80967227502157 72.91938269447266 
0.3073833457956145 43.04679475867083 2.240280775478399 403.6751533667082 2.026702829468279 
0.5048709405839276 42.4406912137658 286.2656884052108 325.5407314115465 2.4586623194276402 
42.74360033931664 0.4565387031822716 1487.1260303140045 1349.9468737644866 517.68098115549 
81.86105320031757 0.33146205318622796 1498.4962156761515 766.760532307798 411.66486211536153 
81.64745388793756 0.4298228449729117 1487.1260303140045 1497.4633228494831 586.9378825459191 
0.5777534564664462 58.05687606734179 550.9616018378699 290.0189577267487 53.3718025550838 
64.21431611914291 0.0417709112240468 1497.8651669268504 1097.9955579274997 501.5132001343079 
2.909266634770706 0.41050320820179775 697.0699546356176 362.80967227502157 236.2823706141732 
31.397058435516414 0.3563381913529089 1487.1260303140045 784.137120268527 280.4901356008968 
8.445775632185343 52.658338512069015 479.73796866840195 327.4226128871483 2.813272129087526 
0.6422661486658683 50.408628111408056 597.2169399359541 361.65869545536384 281.8444910473929 
2.904242183853473 59.383462955319516 551.6614759260497 348.7770603359056 22.16174774292073 
9.24591384505911 0.15444003921283966 719.47192513923 375.5272780492502 244.70378439529009 
1.5975044615243297 41.00453679584818 14.086085386274643 158.42749502890882 0.3717914444302979 
0.29641998949532955 45.996388654618634 14.38123823682282 251.80964755655475 9.090987251150363 
23.28541272618739 0.06782261640126762 700.810144735377 474.76438768779315 197.35460888066223 
0.5133237998999123 43.13123219814195 14.08488093340311 125.5860668358454 1.911310835833289 
8.441639954356948 0.4473149100276944 903.0449083320148 409.6457518355757 239.4381229871085 
26.07470179371009 0.44076115442102826 1452.8375286332946 474.76438768779315 190.74793014002978 
35.70474813168735 0.03144983091292641 1056.7658285822104 463.02807696967784 205.50624430446675 
24.382725106294846 0.3312796672559231 1463.7281888480838 473.24763089059087 251.65355507627902 
0.08336878621759891 53.00936675208345 386.39171383296355 378.59968679545074 12.514111507571712 
25.304860581821018 0.08687909776186342 1160.0102192268555 434.01708448462983 245.44404682896072 
0.6565669764030313 46.13097018992039 6.097534111906164 198.26393906821946 6.10625271029595 
0.5510330487279795 56.988436414830986 550.9616018378699 345.21536087745733 119.02460239745318 
21.794613782074933 3.96533279635117 624.7374201195892 474.76438768779315 4.962455878065967 
26.746165581855067 0.4041428937223154 1192.2239017723798 440.18865348279553 244.67079116172405 
22.130875497295293 0.3910469629723128 1361.9186013875294 457.2479500014276 216.17464004513175 
24.65779422995233 0.004207374889085541 1198.3437842439916 570.2540156273177 281.07509277719373 
26.372817968395943 0.43769168747863474 1467.6598088795577 647.6066391271211 295.6284955383616 
24.109312217001015 0.44998937053141674 968.526126474352 497.7015900340804 256.2252754842709 
1.7071178806436786 46.72182621181944 563.3341605883322 345.0574947042069 171.65563102604392 
25.50634505735752 0.3312796672559231 1485.9319521628038 474.76438768779315 277.6321510127043 
0.07791524929752103 42.5563875034518 385.43514914400265 348.4937086635722 0.4860801768367984 
1.6918373311640438 42.88879476895397 575.4648578360233 361.07921134306577 170.94770663862118 
64.69849404459463 0.01715938200443065 1474.0787157122568 855.0565407895191 385.9681192804672 
61.59509880418529 0.016481566868987017 1499.441094539889 968.7912529049744 638.8951485405822 
0.1044307440418697 46.210988332234166 55.943221066503384 419.86044430089044 2.473452415005907 
47.92806984296461 0.08687909776186342 750.1178285914801 434.5152860778026 214.56550164874952 
64.21431611914291 0.0417709112240468 1497.7073765774583 869.2685167311488 415.26112010680237 
82.0 0.4252107154920046 1496.8679931426338 1433.3914336573364 1051.2873314838305 
83.0 0.3763566373127778 1455.5839493556039 677.3048846648599 409.0169484792425 
0.972546643117842 6.569097429247751 621.1385873628858 398.8474790183674 167.65011365990043 
0.5152028463235441 43.17215699277714 9.480128910295662 330.5962968339853 0.14639686926802276 
0.05009926964238787 42.71955927730001 261.7387438373928 325.1393799678658 1.7072015934413116 
4.350236815651499 55.28899427495293 116.83476065792206 15.517312425297757 2.4686210113563067 
26.07470179371009 0.3312796672559231 967.619548924342 474.76438768779315 197.35460888066223 
35.02521552577339 0.03144983091292641 1096.159505458182 463.02807696967784 205.50624430446675 
4.33836133254141 0.3312796672559231 926.9659236549699 474.76438768779315 197.35460888066223 
25.764496650394296 0.42216598022004737 1192.2239017723798 465.9311125370304 244.67079116172405 
8.445775632185343 52.658338512069015 479.73796866840195 376.32793005063525 5.838528439023179 
8.450719242979392 3.027208473372208 754.2261999538316 437.2273528469229 175.53574592545277 
0.5323876222021136 56.53728221426914 111.34826934881943 363.1818162446093 2.8489584092891107 
25.53540684166679 0.421524183489599 1483.6890606581849 498.49171426910755 278.7494591825569 
1.5625041888661135 0.019373111930686145 920.002827474824 406.35899197902023 175.1507411494947 
2.9690655821882124 5.88841725958191 578.6025678149892 345.21536087745733 119.02460239745318 
40.05819135998966 0.002797757264800844 920.002827474824 420.5662131632515 170.1999962386302 
0.6422661486658683 42.846004541138676 385.1964825807315 327.11774840869793 6.915412592116951 
45.48079556953846 0.4041428937223154 1492.594761766902 1159.0593240302562 540.1745459995379 
33.201559072608575 0.0038246307682818954 1401.416243696142 459.8688711089989 236.83319434459497 
69.01767064344563 0.4637965571446995 1493.2013410144327 626.7255646807467 280.39495417388406 
0.3507311852479127 41.571295315153236 93.78029142685786 7.664329294334134 10.9899812380446 
0.5152028463235441 43.17215699277714 7.1917751590037255 310.0341895581404 0.14639686926802276 
0.3073833457956145 43.13842896967538 1.862764354875091 383.7186375703023 2.026702829468279 
50.72311404926492 0.4297089956671084 1468.6195525914413 548.1512311173074 255.810227059061 
34.102888794038094 0.39743953613672167 1470.2418244838757 761.1115244568455 413.5880179844934 
83.0 0.39743953613672167 1468.659853462153 640.8069303857231 409.20749174306246 
7.337213211642814 4.976934909242768 633.8024816878412 398.8474790183674 167.65011365990043 
0.1044307440418697 51.10822703743438 386.97732119794165 28.323186372267905 6.990415209571495 
82.0 0.4565387031822716 1487.1260303140045 1349.9468737644866 588.6303753971399 
45.165934987245144 0.4006624817912792 1491.1963513862788 1230.7574421658833 631.4821903758527 
0.1044307440418697 55.55970566765967 55.943221066503384 15.517312425297757 2.4686210113563067 
26.07470179371009 0.3312796672559231 926.9659236549699 474.76438768779315 197.35460888066223 
64.21431611914291 0.0417709112240468 1496.989652279429 976.0400938476303 497.92649704310645 
1.6493893457656519 44.31879152199258 317.6702004342941 330.68334406996314 57.4845944204111 
80.85351048854412 0.4565387031822716 1487.1260303140045 1399.135411751875 588.6303753971399 
24.42678078223907 0.02828726587382429 1462.3134882259556 548.7744040455184 255.78338143765527 
64.21431611914291 0.0417709112240468 1497.7073765774583 910.6659516407615 501.5132001343079 
64.21431611914291 0.0417709112240468 1497.7073765774583 869.2685167311488 501.5132001343079 
39.363531101068574 0.005990929587602167 1487.1260303140045 569.2209733102452 280.4901356008968 
83.0 0.01684396035656488 1495.4373847552488 971.8686020109498 638.8951485405822 
8.445775632185343 52.711929960602575 569.3581856632346 376.32793005063525 232.33210331043583 
27.447844770048704 0.42986620239844686 1440.5059344291112 635.4084856121788 299.3348600825609 
0.6422661486658683 50.54563829673627 89.96010254449607 172.41393682406266 0.0785975477311478 
64.19623509104063 0.4338841326309072 1497.7073765774583 871.3996926945756 354.68518848200836 
54.36432785201378 0.04997191860991433 985.2585679542669 434.5229998277184 250.0568398901507 
3.9821592783264403 50.00090476835334 310.608167505665 329.17396197134394 0.14639686926802276 
0.29169738829858205 45.791653120504684 2.2230334494978354 14.730143801804346 10.025356517565942 
45.179192852620744 0.4224040756082701 1220.9548646826431 474.76438768779315 284.3364439712997 
27.110072652048657 0.4224040756082701 1220.9548646826431 474.76438768779315 244.25319724375143 
0.05009926964238787 42.38990988751668 191.32643388465624 348.5027208145169 1.1544858597948036 
0.5974828821689647 41.50564391951089 23.672832217388418 14.730143801804346 2.567170948785469 
83.0 0.39743953613672167 1468.659853462153 761.1115244568455 413.5880179844934 
45.19735275204288 0.4006624817912792 1497.7178723920426 1159.0593240302562 631.4821903758527 
