53.34512037957547 0.3172421970770618 1497.4417058078236 1490.9127595633445 1389.5033689627612 
0.9044415995473649 2.643391053923825 781.6484069296498 358.38047316843597 216.52602974419392 
0.13803075047400437 39.759443857532034 299.2305346764339 286.2160404691299 2.5085947163465505 
6.7741763126476915 54.49148463561564 7.842685548547593 204.46336967369865 8.680799897287931 
67.88961889794768 0.06550791641807216 1492.7890382179983 1089.8849569483755 328.89109321978026 
0.5237858807780169 48.6070927206363 439.5273953877443 311.52763521283873 23.950596811883003 
1.12731993506977 48.164084707608666 0.3902246546438739 4.139985858492736 6.003045800917328 
3.4900454310943196 51.8560726684669 103.77727235346062 102.87298446976607 8.664535936406228 
1.1371867363352202 59.851038000967755 630.4515817813365 367.8338854465538 177.10612151673618 
9.99440395732724 7.5026623335981455 633.7999110434533 380.9933495544826 84.07977658953273 
6.091215755319457 39.44163140098097 295.09139486609433 287.0069333730483 30.587431192992483 
42.72560620299727 0.05972502262638926 1469.7207054911444 428.41395171756716 294.9597701844336 
32.687523765449484 3.302159449823961 917.5644665607905 390.5784890437906 192.30515107521097 
0.40328275580934303 54.218517575277446 206.01025908964561 207.35091059588171 8.329951670894673 
33.66928379184402 0.3138506423976059 813.2310420734702 454.26108527197584 254.41713071955593 
33.935989645316546 0.3010474532809864 1234.1232573117634 449.45678114835266 283.6896721438772 
35.26553195520969 0.22099916858413163 908.6023068619772 448.7203098099394 220.56293667175288 
53.42660734979629 0.10259940105781684 1486.2918618844099 902.294429711911 559.6822505431578 
7.55983060037201 30.449716984077572 594.3124296059643 337.3673422508507 14.901236160865402 
6.7741763126476915 55.130052526555076 468.8074808187109 383.767509005721 36.709686194747604 
0.13803075047400437 34.477835484162924 266.9247083574431 350.57816828825923 2.5085947163465505 
51.230012536012595 0.2999396848015761 1481.6493661539068 1451.8251055452938 1042.0935145164865 
53.29029154259975 0.047135681056841086 1303.5090745232378 461.2314844391492 267.0827398593762 
49.74999620934345 0.28166047987207676 641.4725429969662 369.2388409186067 178.20396731183587 
28.947068685006144 0.047135681056841086 1307.0950072961834 460.1424225167654 267.043603006755 
10.570532984485133 47.37289712658784 425.43651962517276 380.66982882367466 42.72242356764637 
33.66928379184402 4.943778739945131 813.2310420734702 357.53499083227774 222.04763857643246 
33.98135803473409 0.305642909463214 1496.3964344360268 468.3240832539756 226.68547098817976 
35.78665994309346 0.29513393661027476 1040.4681668950534 487.9477001235183 305.53724247657203 
3.4900454310943196 53.55156830453973 19.363405167760334 115.79057007528836 8.664535936406228 
28.246800407733623 47.37289712658784 443.4117800806323 380.66982882367466 54.2687957940399 
12.206323952333642 0.05616382243875083 790.759173360608 368.74726546299496 185.10277368961124 
72.82659063774747 0.31153235130882584 1492.6926600680313 1089.9596291726643 762.0498870144893 
0.3278285259770408 55.30058898241647 9.63905824485959 359.26961727233106 6.349244076364004 
74.04963549004094 0.1243582243201113 1468.1535299145576 907.9423953882488 417.60656947446137 
53.34512037957547 0.3172421970770618 1497.4417058078236 1490.9127595633445 962.960416211278 
35.78665994309346 0.3055249254566672 1446.751480452146 489.1468874826413 303.69079216213385 
51.11770462736961 0.31162040434268834 1470.7605407345818 706.0958401652401 191.4193781247334 
83.0 0.10259940105781684 1486.3091370488582 902.294429711911 262.0425684933874 
0.13803075047400437 55.217363680188775 301.80207257537154 370.5791228299009 2.5085947163465505 
9.730433477580156 1.0020056260791224 758.8688368530338 389.9399779551991 10.985647889237597 
4.913771769723667 2.4670883854434926 494.4907071718903 367.79994630392775 83.83636720014395 
0.07956658698244301 55.12977839495264 117.13929494905962 354.9592680755262 6.644806658147004 
1.5247135077046265 55.30618353518158 54.06878129142611 67.37522746965324 6.6772805635902355 
2.1366143436383283 3.493352693456204 641.4725429969662 369.2388409186067 178.20396731183587 
1.2528714947278807 53.74346012919353 12.199927665191524 292.68440430884476 0.06952829810383498 
33.98135803473409 0.305642909463214 1371.8133184027456 486.1665670366907 202.30599080731855 
75.65856231302804 0.29788657964157883 1499.8536183326662 706.0958401652401 364.4062637390032 
51.92896714648572 0.31133496661620486 1446.8750837526068 683.9418122051417 349.622721815996 
72.42865850737651 0.31666209016309876 1496.823367112808 729.5631532869784 226.7999741264432 
34.142601482756376 0.376985602382949 999.5122517041209 486.4564901896662 221.432001388405 
6.599841946676255 55.30058898241647 8.681186532899238 2.580756287197481 8.329951670894673 
0.6850302172935976 51.8359921201381 103.4701688353112 380.19548194001936 24.293573669575167 
4.627838298050744 32.701877088653326 281.6857504591209 361.2917169897921 92.18425255981894 
1.37220999770138 64.30709589644572 2.2096182039896917 241.80176054895173 6.003045800917328 
0.09596175700114906 55.537873932947484 193.4153044051501 77.85695957785728 6.023048171844386 
0.8726474445011938 55.21634406295181 62.41906199858003 352.8943795174748 8.796004864626951 
31.63554559968439 0.29738935350698414 1466.1659490028985 714.7395022423232 343.307860739956 
6.7741763126476915 52.73235338246771 468.8074808187109 331.9864351425422 31.080859879800364 
6.155798662815838 47.90740765428878 340.3971139627998 313.2209655141428 7.5294869867117775 
35.78665994309346 0.015138485671040869 1040.4681668950534 460.3557859962224 267.0827398593762 
1.1371867363352202 59.851038000967755 598.803041218971 363.035397980007 177.10612151673618 
0.9856192434246824 45.377402723498264 97.70842407884102 254.9540581243053 5.984070313329352 
32.95849729903521 0.10428477390843499 1283.6181934960287 464.2982855866947 225.90505006749498 
0.0017178624661993158 55.217363680188775 39.6050661590077 352.16606305795074 6.374810260296698 
2.1366143436383283 3.493352693456204 604.0447113415408 434.26296157360537 172.74921785201062 
0.5671211312507012 42.086485622691896 276.9908479769487 286.7068790686752 0.9312098591770916 
31.633448990388278 0.3621767305780262 1468.7895859137266 940.7823135873582 275.23509735022924 
0.1492385684373263 55.217363680188775 95.38922856503544 352.16606305795074 6.374810260296698 
33.680543244370476 0.07490651569025614 1480.769500509216 515.120449470798 253.90425557166017 
33.98135803473409 0.305642909463214 1435.3105750465845 468.3240832539756 202.30599080731855 
72.82659063774747 0.30374099021326884 1492.6926600680313 1089.9596291726643 515.4807209925154 
33.680543244370476 0.08145246396702577 1466.1659490028985 554.4146379457623 253.90425557166017 
74.04963549004094 0.10259940105781684 1494.942161494183 1333.9644643210138 551.094917708079 
0.9919820422850347 45.47807802345583 97.70842407884102 14.075615921175483 5.500914723825644 
42.72560620299727 0.05972502262638926 1469.7207054911444 576.5973594535194 294.9597701844336 
33.19479415225035 0.30933479981337064 1468.6587652528874 557.4665377880085 294.3495719271537 
74.04963549004094 0.10259940105781684 1494.942161494183 1468.1462700953052 562.1052282135862 
9.261119263162925 53.37888650262114 573.1757952606131 361.3405107553234 85.96916352471592 
4.194038209189102 3.302159449823961 917.5644665607905 390.5784890437906 192.30515107521097 
53.812886180439634 0.46049399931818336 1492.8690229302251 1275.020872637704 1004.1656819617702 
75.65856231302804 0.3116328079564301 1498.8433076461454 706.0958401652401 507.8268840052123 
72.92495874717049 0.11177231287101924 1492.7890382179983 1196.1649027037138 645.5840721236332 
53.26601221948397 0.37643043129511733 1120.0258585139184 477.74296492510564 221.4626139609837 
35.78665994309346 0.015549615321878957 1040.4681668950534 460.3557859962224 307.28102595846724 
71.42691420880207 0.10259940105781684 1486.5214104396748 1276.4572659928065 567.7422175949093 
1.37220999770138 64.30709589644572 2.2096182039896917 270.3873086878799 6.003045800917328 
35.78665994309346 0.22099916858413163 924.590634405128 420.99618434156605 220.56293667175288 
0.13803075047400437 54.98833020518072 93.2387458239446 97.59321403775085 0.09994791913623202 
76.50703191314015 0.24716080649905514 1485.7066791623938 610.8012709153826 251.2571595887466 
39.486318520401966 0.05869024188874583 813.2310420734702 454.26108527197584 20.658813012703945 
11.13885754116455 62.357979678809066 5.694140087495072 15.32051024982181 6.431606171702147 
0.5237858807780169 48.6070927206363 439.5273953877443 338.00875705039897 20.166100704504416 
11.141300568874865 0.01574831041350156 1045.7335720714502 462.4743966767257 220.04726932851088 
74.04963549004094 0.10259940105781684 1494.942161494183 918.1420383142287 562.1052282135862 
53.26601221948397 0.3162575735435568 1487.152246374901 608.3177452634378 223.43059543659857 
35.78665994309346 0.3854087904274922 985.6389299137794 420.99618434156605 220.56293667175288 
35.78665994309346 0.3854087904274922 1125.9079661569185 489.1468874826413 303.69079216213385 
10.972500158078269 0.01574831041350156 1045.7335720714502 462.4743966767257 160.89683535337446 
72.92495874717049 0.11337550855716849 1492.7890382179983 1089.8849569483755 645.5840721236332 
