12.613376737094192 58.3003530528341 672.9846555481242 364.04672533123363 148.29479524795428 
0.1469514374676908 53.92425264401836 28.229325019260244 348.2719492651405 6.409338329864591 
0.1357972657300209 55.05990479045072 28.64462762436932 300.6769723762063 2.76907908901458 
3.072846842990227 50.263859190983915 42.82084104176735 258.0390327608513 7.842841992007423 
0.5790789293888325 60.37662730931582 686.1360344060664 352.9373605164518 15.537623476921183 
22.67009602720038 0.2773679075872601 1092.8857655212587 438.48372144417556 294.7244010779108 
2.04388935861075 59.364350721819605 206.6506159052875 346.0558081584242 3.6253260992978893 
52.136083457131974 0.24166785392615342 1288.150361585239 537.2521666975862 335.90869352393025 
15.22190224857247 0.25318871991248443 582.4449191649651 400.24573663238397 315.14252419125495 
16.487808620271156 82.28670054808286 733.0674970331457 381.9715498577554 44.15243616756139 
0.5534562129019863 50.36158236578494 17.187037034920337 34.392182257414476 7.853337749345285 
0.6749636063071547 54.16852388891341 576.7155478490836 407.8521086032376 12.105415335615529 
77.4608934727753 0.27408189110626513 1497.3376185594784 947.1947052963596 321.8391695372714 
34.46472818468544 0.2704700957063898 680.8828085427833 405.47986472540407 144.41790972581435 
42.31429584828435 0.3485530600459959 1488.6046320676292 1010.3868284316859 577.4410901427525 
19.48026138837033 0.2751269453097178 1401.889824395811 562.1870417146886 391.52468074077905 
70.17543563665296 0.2743956321826154 1252.7865122315468 438.48372144417556 297.78735741664025 
77.4608934727753 0.266131907390555 1497.3376185594784 947.1947052963596 393.16754839057063 
20.210964003163006 0.001458501752677286 968.5643881712043 378.65699792481604 173.17511390725807 
0.08058834411948174 53.817104348524154 472.20316921597583 268.2134288211295 0.5601071919277292 
0.5458622070292025 53.92425264401836 502.46338180518063 316.0729802539174 3.5051668621153853 
0.6749636063071547 54.107841978948535 3.7669748987296883 406.90654180809963 12.298316367513433 
28.079531886114154 0.24166785392615342 1288.150361585239 557.833539675546 296.533495382071 
25.991856200953087 0.1303148988157097 877.0627053762505 458.4614129473315 168.25039060255352 
34.46472818468544 0.2751269453097178 1489.1508465310455 583.6162745885483 315.14252419125495 
15.188688211524244 0.3781843212920215 599.9386136114996 288.6677847912544 158.7831558866204 
26.2056734935385 0.4652371885871034 1460.0175021126029 562.1774051303362 321.5738401892136 
23.077953520422817 4.8522493746167017E-4 1189.6473567354224 495.6811188872346 80.71290533549487 
77.79458385062372 0.2712150920841945 1488.611599970985 874.7539631946715 402.9346884309974 
0.1357972657300209 55.074683594838916 15.320077963878283 19.890193960606638 2.76907908901458 
16.487808620271156 0.33327551673103883 733.0674970331457 381.9715498577554 44.15243616756139 
2.946832645611117 53.67776283268011 146.48970453663776 350.4801446081615 6.409338329864591 
3.7764406504073342 53.83217802740483 564.43609946198 320.903828671228 8.300997908958507 
0.4925229703877201 57.999450501332454 587.8682089255824 384.32472371812804 3.332478279418564 
1.3535462149830986 54.24831469168655 130.51419249628742 138.66045807136294 10.667769528943854 
82.1560953414251 0.2690537135521475 1488.3463570494657 874.7539631946715 350.72587488138953 
55.62920149655747 0.2384576213537704 1488.5873324424263 1348.8041922585808 1361.1865287009045 
0.6732855830236826 51.876745253257084 320.5553610114762 346.5003440787659 3.5245891845821644 
10.581323710909274 0.25090867284473495 1217.9213015950586 438.48372144417556 297.08988695697496 
55.11972235250998 0.1935009680579277 1498.076214786173 736.8388612710967 575.4458081605334 
77.32018355944936 0.2536942756647349 1498.9073510025507 1166.475016337948 402.49888119398554 
2.882465696595414 54.15436854676317 588.4782208962383 334.1918779649216 8.341806625469582 
80.7207715878373 0.18684791088249547 1497.1710050898657 800.7161250549018 402.26601227679885 
3.6581592912880434 53.816230148044404 570.6820520399408 320.59416266780505 124.14425592325345 
2.946832645611117 53.68844700038917 156.77957849816605 271.4628637175764 6.409338329864591 
5.596287326503347 0.3436861052195201 696.6956448364716 447.90599515352943 189.8343488366977 
53.817924677669495 0.253158727506348 1462.4084685741161 1348.8041922585808 1270.1410800788121 
24.039892650058896 0.25165893784239834 1295.649071091757 431.35563934438 315.14252419125495 
19.19329901733406 0.1562306375902441 859.4531308714229 563.5025320489211 197.48156023874577 
1.105533914589076 50.111568240711456 10.269385401898376 113.37280757957274 4.277062166514202 
36.04242051398545 0.16609270233321266 1499.2666203116553 1067.895327014163 540.1585414456611 
21.780284063166853 0.27664312978659994 1449.8980918100294 559.6081355523862 240.07043053622073 
50.49088874854893 0.16707244933540194 1486.92322740456 1366.7586724856098 574.5875106127032 
1.1946908727984793 54.1551094229352 65.00669918219415 136.0606726088461 29.414100061338672 
0.6732855830236826 58.45430476751551 186.7807352493365 346.5003440787659 3.5245891845821644 
28.079531886114154 0.24166785392615342 1288.150361585239 533.4783917667947 296.533495382071 
22.67009602720038 0.2743956321826154 1252.7865122315468 438.48372144417556 294.7244010779108 
0.7696632514314992 53.833050312195105 686.1360344060664 352.97064339646255 148.29479524795428 
32.40312992736411 0.24847850512915004 1331.8259056044833 474.719436442848 289.209257533279 
53.389546883159134 0.1655058681001696 1486.3209049903132 1309.677659507166 577.2574318514653 
68.2632384868697 0.24847850512915004 1488.3348590490448 1351.7931146225474 379.9859430281545 
77.88816699840234 0.2492472338243481 1499.5359959850039 628.4511765344008 317.57407532462764 
25.991856200953087 0.1562306375902441 859.4531308714229 412.3434354208707 196.9632134931192 
0.18293423491450056 58.45430476751551 186.7807352493365 396.7165852049756 3.5245891845821644 
21.677670947074436 4.8522493746167017E-4 1100.3376548899616 468.2772812031372 152.492599136723 
53.389546883159134 0.24409456187383688 1499.8530595662533 664.4604677624621 375.54155560716765 
0.13917427078522238 53.96964205994443 0.6640110336545302 97.09505240549308 3.4926954905790817 
1.7125057949956446 54.577351334113786 266.47408725409645 358.13614186155047 1.8506033965567354 
0.13126673637154984 58.10598425693249 20.37208122672198 258.55907157260947 2.405193159433667 
0.07076429826646313 55.074683594838916 77.10354839573404 13.36757187014939 18.994352503508253 
19.98739840367194 0.14883022121309178 986.8616685196448 430.3529107232959 237.45931480195708 
35.358520516448316 0.2751269453097178 749.5486737513256 431.8091214874072 168.55039042103257 
19.48026138837033 0.2751269453097178 1401.889824395811 562.1870417146886 240.07043053622073 
53.389546883159134 0.1655058681001696 1486.3209049903132 1184.7683642105808 577.2574318514653 
77.86359705451176 0.18684791088249547 1498.3397431655076 743.1672845390909 402.26601227679885 
82.09059053234074 0.2683339739350363 1497.8988500153134 666.1127661325058 391.05089184559745 
43.19926395724826 0.27558483277025203 1499.676337101603 592.525081713048 319.06241214871284 
21.649491736565576 0.07179431342429624 983.6007006852495 421.9484239062042 173.17511390725807 
0.1469514374676908 53.92425264401836 502.46338180518063 348.2719492651405 6.409338329864591 
22.265329160624603 0.13166233560162094 1068.8744567112067 448.5961738403565 181.04893458938284 
0.13126673637154984 58.10598425693249 20.37208122672198 340.9269108526208 2.405193159433667 
15.188688211524244 0.09131520800181533 580.4558801522866 418.6262604589228 158.7831558866204 
82.9827149760093 0.24944164800103086 1499.5359959850039 586.4615737893215 315.14252419125495 
1.1242938133050702 70.14203010635785 65.00669918219415 114.89632972535334 5.338315698569207 
26.2056734935385 0.2751269453097178 1499.676337101603 562.1870417146886 319.06241214871284 
25.991856200953087 0.12985864570486882 859.4531308714229 412.3434354208707 109.3024507786584 
0.18229188351126902 53.91895911266203 501.0894280762369 265.62025433871975 10.649212106734801 
1.3535462149830986 54.880905901376295 115.04976860964166 168.08694502259445 10.667769528943854 
53.389546883159134 0.1655058681001696 1499.8530595662533 1067.5876351074517 558.5040378558296 
2.916646629151721 58.256748080862785 134.1390103699066 339.51061731057297 2.4695917408505696 
78.48186103619642 0.19483981464891886 1498.076214786173 745.959864293422 337.1049349158196 
21.7856941140529 0.23136575923059866 1193.5704311047873 516.6228896453332 386.5114029664098 
2.391544347506427 54.15671227937282 55.868009025073306 100.12213038821398 10.156948011732004 
77.32018355944936 0.2536942756647349 1498.8834983248594 1465.296604506018 402.49888119398554 
51.21160847254544 0.17197547329899487 1463.9235948878418 722.7369046053766 458.8900604056416 
41.29035397467797 0.3485530600459959 1489.7076001302776 964.6029024417803 577.4410901427525 
22.265329160624603 0.1303310700877635 712.8921642621539 447.09521018126844 180.13268034035417 
0.5797196411364032 54.1551094229352 120.39642748140136 120.47961484180769 17.76524383590854 
0.1549847878154118 55.074683594838916 5.179713212629896 7.158735520994867 10.156948011732004 
4.40541330903995 54.00254403586327 468.65847883181675 304.93996133064655 7.635654645474375 
