0.32731641740383033 43.16172187844569 627.2117161172256 399.2617399912939 194.87933617905801 
47.15159628597337 0.1904225182834693 1453.2834355280677 471.5274285482446 237.4370601543823 
51.8701709313603 0.12615871089082623 1079.1678051895842 385.71343672739283 219.4343104462351 
27.592708068617565 7.2497728525286504 595.3407621327887 382.8625727890335 201.7268570107232 
2.219488828548069 43.175888358575094 0.6214243687785768 419.1334138333119 1.1850973574585115 
28.06467889093578 0.1857227847776861 1262.2748039639926 411.6177502086023 220.34322980237806 
29.291235777012407 0.14108944767881582 622.9953513018124 396.4801610983922 20.041828968096155 
0.4014195040114116 43.18994120441754 90.51275507970206 383.53378444760483 13.629064510150116 
0.3274068161123018 46.10945216168445 35.299076700345665 326.04552765221314 5.688818723401466 
29.70157182490169 0.1904225182834693 1494.6845958760825 522.5202103176094 249.38338044258356 
51.8701709313603 0.12615871089082623 1079.1678051895842 492.38047919257593 219.4343104462351 
47.36891204097645 0.31876665314699226 1473.7234303171454 469.08795503414086 255.3479751976839 
61.97951158750385 0.438969463399555 1488.3252373881314 772.3487195798742 458.6866035426822 
55.551181152955635 0.18001671588360146 1477.4543991599905 635.4940711448139 458.91167580754194 
0.7211214197348037 63.54857251286691 41.754099909477546 213.66114086330788 3.523018428085611 
1.0346727779845981 46.10945216168445 69.34628328153792 324.98888398830945 5.338199369764418 
0.3957731594396333 59.489552416154076 20.850834891039312 144.7490856974722 16.852845514746846 
66.85383986929902 0.021013814498665226 1484.1604650015104 861.2125933007818 464.9281577520103 
18.29720292568493 0.0013602721664363604 1488.3252373881314 751.2769772470781 362.97647775689313 
3.3000834623345003 43.93866517886242 47.86494939733647 73.94265851187609 1.0208937093177413 
2.8559279642596573 42.87169227908694 5.655962489383395 177.02305195364846 0.4639380288157895 
28.785490038930796 0.22741950714791304 680.2990352306778 439.84743525534594 178.49829896085993 
78.42772931737457 0.3119943182429523 1486.8677151524257 1055.7198513007957 369.1478114544901 
66.71455705743902 0.030095970134885186 1477.5809306859337 1231.7697993568863 464.5716360382009 
55.10618787138718 1.3304431280573987 1464.7478850418156 1046.7623107071156 421.10092184862947 
3.8398296903938163 56.11177051040423 17.739982228265774 249.7087322635748 45.45534832068688 
4.426340488332276 43.175888358575094 239.52558984267282 311.5029822504996 0.8825611853543338 
29.52485815175304 0.42666116430493883 998.494540909958 441.49502154943735 219.86656711402918 
44.644674298191696 0.04035804658356093 1135.597641065196 493.6985861240229 248.13976770885344 
3.8999568823299984 40.06510173208714 5.655962489383395 176.65017488723393 45.45534832068688 
29.433869270258725 0.15118982798502714 1421.5393346756014 436.20172540833795 251.38798492476994 
82.02282992016606 0.15348668941641463 1496.9573608662179 900.9467126365591 425.9319203170937 
29.696631564337586 0.12615871089082623 1494.6845958760825 497.3939720500664 251.38798492476994 
2.2720182752394735 59.489552416154076 17.426169088676755 305.5853104540544 7.693452920276455 
0.8742925612884238 42.43945329317607 514.7578546234075 323.6439751127768 3.0107319259486993 
4.332182619284401 43.175888358575094 578.1210077402725 311.5029822504996 116.63979680455094 
27.800678985984387 0.3274675925962054 1456.5073514614976 570.6913244261061 346.5629311740225 
0.5724720600472302 43.407590327796015 45.1520916464374 194.58069512794282 3.3647792959090435 
1.8122992337827386 44.185896098307225 11.827060763847783 288.9930191309172 17.833187919387875 
2.2720182752394735 59.489552416154076 20.850834891039312 76.5637091780973 7.8100387314921855 
2.402215200920247 56.28643010603667 45.37819290092449 38.48423479907381 5.604156535695244 
18.797848709761173 1.2583997881753106 680.2990352306778 439.32696115885403 23.36109172931495 
0.8321252525313163 1.3016767003335339 800.2654229453361 384.47310318880693 120.7539674054298 
4.065242545580631 0.08203575601638446 665.2310462586225 396.9216431061663 112.59803286751533 
83.0 0.08156155255705003 1469.9081467393735 706.0455032251919 445.5388016127705 
29.10654018604676 0.21097922330448568 982.1009045882261 450.4572667448789 176.10150813764838 
55.63216762710023 0.24741327317036188 1466.6217150913967 876.598651490739 428.70199970148906 
83.0 0.19133483909808363 1458.805747872409 1107.5920651794513 424.88492632798096 
3.465369951707773 43.175888358575094 320.22172639008215 319.20357435005786 0.8825611853543338 
27.57159091985623 0.3271738847090604 1477.541959715797 518.6411429629916 347.2687922933557 
18.29720292568493 0.0013602721664363604 1488.3252373881314 772.8311421688591 362.97647775689313 
4.426340488332276 43.175888358575094 463.1135314413545 311.5029822504996 0.8825611853543338 
0.07990952057304757 43.14382217201068 5.42310416568273 22.724321981712535 4.927666231574953 
30.248150569761883 0.3038577943351877 1414.5660521284028 467.7530445039872 298.8144405691779 
2.8645758657819655 43.175888358575094 384.82668469062764 324.76786037733604 0.8825611853543338 
5.790527728476072 43.93866517886242 47.86494939733647 89.49327450492243 1.0208937093177413 
47.36891204097645 0.03780721923572694 1340.260370560471 450.45012227695076 249.84419761059365 
51.71289055190809 0.1994326728783311 1477.5809306859337 613.8398591170538 220.4955970369495 
27.826833248023302 0.4016116725677491 1311.6546096993122 446.7089465244579 220.16074083805927 
2.219488828548069 43.890143284207 315.38313634044323 297.6426106711095 17.35575820855329 
25.981363919841268 0.3811708728556624 698.4029715375 444.20542997731815 195.20410111029966 
2.219488828548069 43.175888358575094 465.9197896493025 419.1334138333119 1.1850973574585115 
0.7839029814046045 41.45135850748992 462.00543802566574 296.88888747865883 3.115627373363994 
29.074935647844086 0.42666116430493883 899.8591246912899 441.49502154943735 219.86656711402918 
31.69933467751468 0.3038577943351877 1414.5660521284028 469.08795503414086 235.75866577437776 
0.7816366274654478 31.31465372221915 595.3407621327887 385.3522728409823 124.05881167443655 
3.963466960373816 42.610749467270146 47.261323994646915 218.1238924248791 17.75677787387716 
14.596470902951527 0.38986917096220397 875.2681611315579 414.2264975160075 180.88004661566046 
75.23164999565941 0.144654078127048 1486.8677151524257 836.4994442106015 369.1478114544901 
22.521749428190738 0.4365578049915579 952.1511847400502 444.20542997731815 204.25308811858616 
0.8321252525313163 32.29972341625676 595.3407621327887 410.26940572138705 120.7539674054298 
18.340515935811354 29.986087319154837 464.31468534745125 423.0638072471984 18.500812295620165 
56.38766553150459 0.24250390756271112 1014.3082491417584 466.44173336771854 182.12083670311733 
82.0 0.15348668941641463 1497.1827081894803 1340.0472292979002 425.9319203170937 
30.23560271771203 0.3046035081577114 1075.9795408786517 493.6244036601992 233.94856845313302 
0.40150463978496065 44.47533377604802 15.316022471252525 378.7796289561421 19.038240789816005 
46.730341364223705 0.4643098454031538 1036.1180499226411 494.179148457777 204.2594744962051 
2.219488828548069 43.175888358575094 465.9197896493025 399.0407426355272 1.1850973574585115 
55.02110562923757 0.18987357499718335 1477.4543991599905 1379.5746853258152 585.1288207433263 
60.99281492847243 0.030095970134885186 1477.5809306859337 1288.83087965476 465.13532822658965 
0.4829876136835549 43.18994120441754 5.42310416568273 1.2515164818006212 1.0124492744840694 
51.71289055190809 0.12615871089082623 1477.5809306859337 613.8398591170538 337.9223472497413 
3.217354268774039 44.016608804166445 460.27080699718067 306.3358691013676 189.87357987666522 
28.331678522979363 0.4016116725677491 858.8262612767479 446.7089465244579 220.16074083805927 
25.981363919841268 0.4365578049915579 1306.1718182890056 444.20542997731815 194.90164449707797 
0.8321252525313163 31.31465372221915 595.3407621327887 378.7796289561421 21.258117504439884 
3.217354268774039 44.016608804166445 460.27080699718067 306.3358691013676 77.23404926415418 
28.227229867958464 0.19520201558803946 1101.7871736852119 447.2245106222674 204.25739609517277 
29.291235777012407 0.14108944767881582 622.9953513018124 396.4801610983922 251.6565416519678 
28.331678522979363 0.19205087138286014 858.8262612767479 375.34808055404415 204.31806899272067 
4.0835138431852505 58.06931220445092 2.300655563406533 38.48423479907381 5.55768558836383 
2.212165409066065 42.39294200930395 577.6236901750549 398.0673891077778 68.87906582135464 
31.42582537898695 0.1946843335558499 1305.721511433505 467.5452084693078 239.38065239730315 
83.0 0.19133483909808363 1465.7171952146348 1207.528941959483 424.88492632798096 
10.657521865714234 0.38986917096220397 871.7724722289206 450.20631178299885 175.84416912662206 
4.426340488332276 43.175888358575094 345.4984408335807 324.76786037733604 0.8825611853543338 
18.67765534489169 0.5721919897491903 752.9638693165462 451.25104573856197 176.89823161881398 
55.551181152955635 0.18001671588360146 1477.4543991599905 645.0391117610302 372.152693576568 
61.97951158750385 0.39220869199115027 1488.3252373881314 738.4898843043175 462.5966331867812 
3.9123340300642777 42.60946859479851 244.2658937435678 318.88247192985983 28.980522407698274 
