0.2522845803838072 52.82744758599536 83.13650598764683 28.89684494176049 7.107735428201991 
43.62942729628859 0.12194028221802597 1497.4478337739301 1218.010839371005 358.2381721364606 
24.836955246169424 0.47494303686788963 1497.9357031544796 465.13709713608944 295.1232307582519 
44.962035383381036 0.483462976566804 1382.467534704855 458.08332311872397 263.47397846694105 
8.32657552210539 0.06189927231575501 590.5315871256613 390.7429997395097 205.2197634944757 
6.778452917599975 52.20812262847058 325.1842437835045 384.0373655954707 1.402406802705948 
8.629247473363895 55.86020452727686 71.76550961495839 297.77352703671613 10.179470803952498 
8.545350379199395 38.01471669487765 657.8546667003909 381.0980420155135 56.587858090519944 
45.03307249555595 0.4876866097633351 1277.276621109297 451.72489211365223 184.6678552295578 
8.32657552210539 0.07186639439909914 590.5315871256613 390.7429997395097 125.56718200309447 
5.406798293295811 54.43555463277349 51.78926197074338 221.93158832091612 0.49213788283505977 
42.03055940010342 0.4812279389471191 1495.6587536270206 1044.6443368242885 611.2326329516048 
5.425057990434997 54.568961618046366 333.6862346164696 433.6463931944825 1.9583538371348554 
40.5831950403336 52.32679297185072 534.4857218769297 396.8753247797781 2.7523821688322605 
0.9309742851675677 52.983682602221336 19.440113514833826 393.9565671775545 29.39028753510698 
1.743727593573377 53.95885228754844 99.56006273147543 366.35499282340754 0.8961554207551838 
40.82134290470592 0.4925335243628445 1361.7355473597422 456.9753697925946 267.6918533615 
80.76758456292796 0.48769788732082964 1493.5312104302257 1426.9319437364331 849.8492837450398 
0.6795545079148912 43.17969954076659 326.39872131038476 269.27328998299373 21.359926760754682 
41.35986126191843 0.4103405829301914 1448.5678764857669 672.4169196957856 299.92949865468154 
2.818357767169255 41.42162565101583 312.1617148876135 312.23461957932756 14.094439400607687 
43.635968962154585 0.3819437701337126 1127.99900505423 512.9073587463965 207.22273602064 
42.417521492721846 0.3819437701337126 1117.6188391407072 451.8176961476953 82.83184320630443 
43.54719961271347 0.3819437701337126 1141.9263367925253 476.205309499985 208.65367996455052 
40.5831950403336 51.95708789576623 477.9377408486665 395.18875218391 2.7523821688322605 
1.4985777567331438 54.54735194154688 80.34125052450042 97.85398246893067 10.011318167086573 
20.75373300119063 0.09809226983112973 614.6602588124163 461.9862018391607 123.71413311166842 
43.62942729628859 0.12194028221802597 1497.4478337739301 1261.1782041346785 358.2381721364606 
23.757172593680586 41.79594732871023 614.9018707514446 399.09382481189255 120.75984544443261 
40.5831950403336 38.03157515401707 494.6312560210265 399.09382481189255 2.512531248291971 
41.35986126191843 0.4103405829301914 1448.5678764857669 672.4169196957856 358.0805601274771 
46.793054839699174 0.3813819585488796 1446.522849682738 665.2181481429545 412.9031627648244 
44.962035383381036 0.483462976566804 1384.3332252840332 458.08332311872397 321.36408228646025 
20.749869354711272 0.09809226983112973 798.8549087297538 461.9862018391607 204.44347709293746 
1.4985777567331438 54.65172795555976 36.67731483420337 7.647258528483235 0.6643050415690812 
38.55291903521576 0.036999453368045915 1498.1231708375378 590.7387320554493 347.5952991027935 
82.0 0.4807566438909191 1494.5381397827246 1163.4957023671134 665.952066564124 
45.64838161617942 0.04923536148462754 1436.0166442917257 558.1371007237553 231.47184712112565 
42.49768235630862 0.3830725536393274 1117.6188391407072 448.6918147471608 208.66530363023057 
43.62095400730215 0.17392793155370612 1286.2962024523465 563.9368355261056 293.79652307109643 
82.0 0.4807566438909191 1493.5745737583777 1298.0360163950736 667.7163246998051 
0.9730264930415813 55.01091610885772 7.468578246358632 391.54170649451146 2.86893301459299 
43.453737040337494 0.48341635113123094 1314.593818867607 444.3276032665886 304.33218414404985 
0.9323368210567811 52.95333897038412 469.11118335459787 393.9565671775545 34.97897657924577 
20.749869354711272 0.4147037061047223 798.8549087297538 441.86784376806673 195.97760445068354 
8.545350379199395 38.01471669487765 589.9362558932987 403.4043837360941 58.30926446961477 
43.43925362799617 0.11681567071244088 1497.4478337739301 567.384517974584 308.5578566031111 
5.935445353645923 54.43555463277349 32.94819938121776 165.54320552474093 0.49213788283505977 
80.76758456292796 0.48769788732082964 1493.5312104302257 1426.9319437364331 1128.5435689742346 
46.97381074728047 54.3996702512787 410.5956665302872 393.5218124894694 34.14650938797727 
47.377406143819584 0.036999453368045915 1498.1028393756494 734.3832120168283 347.72077652455454 
22.706044289117457 0.13551760374947144 736.2187121109262 399.09382481189255 20.085480493260334 
62.381866246011 0.4907601834910099 890.9502821233983 429.3716201073115 215.29333652779707 
5.405304556559086 40.99234660992836 477.055357182497 305.76720234670296 2.0299394956865626 
22.706044289117457 0.13551760374947144 736.2187121109262 399.09382481189255 118.65534377343215 
6.616189632225764 42.93772600582544 15.176268797392254 268.8689637856763 3.5542259741300173 
35.74509227753257 0.05367546398347628 1496.6149899104048 733.6686442579628 337.9611130722795 
83.0 0.49145508217911726 1497.4478337739301 1008.5872213891503 405.4909259509416 
1.0618583129038246 0.23709419079357108 771.2030967989471 392.8155682115894 222.35421506990312 
2.1412533474394664 0.4895645586770687 885.064936994133 376.3849854635512 133.13317746436297 
44.222743113299146 5.104166686417666E-4 1485.2292989058778 566.1498502581152 276.78750015242116 
46.82894708454359 0.37968912779205943 878.7000413511532 473.6723008658634 308.26423374091945 
2.3927197447403383 54.741422132006754 27.419047415480236 114.09021306942185 10.011318167086573 
1.1322194142300663 51.995770741166 477.65175340769105 361.83909152287083 9.800951514647583 
17.597851747947615 54.3996702512787 658.3339546952623 393.9565671775545 34.14650938797727 
5.338075086445879 41.302757758289566 134.06158060850666 361.65246420277094 3.3937405126958047 
40.791165664156374 0.17392793155370612 1286.2962024523465 451.8124448513957 267.1942161907697 
47.377406143819584 0.04923536148462754 1436.0166442917257 558.1371007237553 309.3351530294934 
6.778452917599975 54.27054262698075 325.1842437835045 316.536900151855 11.082083085039578 
5.100462868967446 55.52969865693241 7.568069199137079 299.8423045152393 9.664693326777755 
65.44651395841984 0.12194028221802597 1498.9659353787174 757.5936493224963 311.6936768637076 
0.9730264930415813 55.01091610885772 7.568069199137079 166.4330963286331 9.664693326777755 
43.81373737341736 0.4710053617014334 1479.540869795638 1016.6919409179801 310.48450632395617 
8.35872461010408 0.5416261535801781 841.5630538021751 403.3495562322851 205.1072439682911 
24.067929852493855 0.4924642000964244 1014.2474992164825 454.6159897164195 111.59837835334626 
8.629247473363895 55.86020452727686 71.76550961495839 269.398971773181 10.179470803952498 
1.538355919763622 54.64982007767964 82.78274324413592 51.84217996076434 6.80815300920347 
82.7922577584109 0.4710053617014334 1364.5822527702512 1019.7765729374521 310.48450632395617 
44.222743113299146 0.014795006669720834 1012.5540772091457 470.3794669802012 276.78750015242116 
43.629504189103784 0.4895645586770687 885.064936994133 429.73440963698886 133.13317746436297 
44.32692026013924 0.4812279389471191 1479.817958506185 1298.0360163950736 667.7163246998051 
0.6795545079148912 42.35723134161689 442.18647420314045 269.27328998299373 3.2531549462774683 
1.4985777567331438 54.64982007767964 82.78274324413592 7.3002459111635005 10.011318167086573 
45.015879390564194 0.483462976566804 938.6203249024986 458.08332311872397 321.36408228646025 
15.200164935962132 40.72900837644374 477.055357182497 361.9907051981272 8.56492290670058 
5.707127065442849 41.94410256533865 107.85597015763241 398.19240843209695 1.5655956760978729 
43.439282428349216 0.4812279389471191 1498.3986061317232 1071.48061948741 411.8504802782765 
2.818357767169255 43.25915395461779 292.2685179313819 311.0215624904248 14.094439400607687 
82.0 0.2673628601228478 1496.974706390998 1401.056996091333 544.6091189389164 
43.64184077135605 0.047471388981978224 862.1637007852532 432.32269856920584 239.25561836942342 
45.17158606171622 0.4812279389471191 1485.1461956211285 471.7612847331138 311.42643811901416 
3.7019776583733615 95.11338499422183 4.178730999284047 204.93478287338576 14.96627127174655 
43.439282428349216 0.4812279389471191 1498.3986061317232 1267.597324264688 411.8504802782765 
42.417521492721846 0.3819437701337126 1117.6188391407072 476.205309499985 208.65367996455052 
0.7345991222034574 42.87480920857445 419.9623932105537 309.3015451224974 3.2531549462774683 
81.73679640719838 0.14691761403874512 1489.8316846080686 769.6621631252866 408.8555794825553 
82.0 0.05927292501369402 1479.7941966404205 1436.0686244543783 643.699790547229 
83.0 0.49145508217911726 1497.4478337739301 737.7052579823103 408.8555794825553 
45.036217289198625 0.3813819585488796 1483.9171665654196 678.1188477166013 409.12140183820134 
6.382706379572384 0.07186639439909914 680.9637924526437 390.7429997395097 125.73002071319732 
