0.3730553527434537 46.408531092974854 17.384973240769906 157.64215514629058 9.076342468016154 
29.323028984557496 0.20748544626073073 1387.6394255254465 481.0162539752047 266.27900065497465 
3.9025626113378014 34.04349955955675 578.6989725021197 424.88581103873764 172.69124589982331 
5.9450376539961525 107.2388370847031 590.8594757009499 373.3957396498653 60.09120951378011 
27.481209813428585 0.2111677123896501 1431.259844673311 482.0174546653606 266.27900065497465 
0.09338392692954653 53.62780103134905 370.15252099521535 334.11680698721716 59.10877000471664 
10.17020200992057 0.4673303213564317 792.5125748586934 372.4796427995505 177.60545796209982 
5.830742901382207 53.52570577305208 702.5825689503831 371.79624420468826 44.3401443529674 
17.59550491519965 0.4490814911611314 1051.7032311451849 451.9376128155591 244.68596121503697 
1.3554974115023768 22.73698354268496 147.5599835043417 282.4278424929458 9.893434872832975 
18.658751529940094 0.12609311091896258 578.6989725021197 424.88581103873764 165.25048636816135 
28.174430141547614 0.22247856866911755 973.4477177137996 342.9405519524793 189.08805279514067 
33.498072985241826 0.4486639799310421 999.2329671998579 484.2138064718693 339.4958462920732 
33.79277595902853 0.06582638743968455 1499.1905691275874 495.73730419601463 286.24977932564843 
4.8254947994589905 1.0170987833749834 643.4957248776899 425.7120868847843 165.25048636816135 
3.2078549819644957 49.22909211568228 430.3171829705142 321.91465456712814 12.393039783905575 
0.3706974566936554 50.09445502905064 465.45619279413813 408.79498393966526 8.887881376834372 
28.376824955376073 0.13115470508164861 785.9133249305439 434.44098570271615 97.0927295981756 
5.9450376539961525 72.84618749294319 562.3859962395651 373.3957396498653 60.09120951378011 
0.3163377930565434 52.243015651254424 27.13607208216682 33.092470814103706 71.90305773068728 
2.5820193975930357 90.61045265513543 640.5154597057845 321.04853632383106 9.94783789378848 
65.07224496242227 0.08919815653508562 999.6739546951378 484.2138064718693 304.25612294759253 
0.4502384624811171 52.028607727225975 20.970212329775265 69.49214018672572 30.296903648311062 
69.71532699835831 0.06280805196369618 1498.9540470858765 976.3959796288065 508.0637891446135 
60.66295762204401 0.0068998973147730985 1499.5505067385877 860.775613472418 541.1728890421036 
64.3536732486796 0.09878670674001035 1487.5217678656 976.771854075258 708.2071629761151 
17.59550491519965 0.4490814911611314 973.4477177137996 451.9376128155591 244.68596121503697 
29.299642284828685 0.3729171549807404 1268.0533992116393 549.1176190212683 216.13377988558068 
0.36240652077478386 49.36606451715637 14.377341706029767 184.06682876760883 62.08196266437127 
2.5148660078228637 53.736925805174806 87.81633705114962 322.2967785190065 11.919003554758945 
0.09338392692954653 53.62780103134905 370.15252099521535 42.43931540532867 59.99147702322139 
28.376824955376073 0.07410392617370172 901.6725787100652 408.766039704777 105.20767411789527 
33.498072985241826 0.45281807041246896 973.4477177137996 488.38330701338595 189.08805279514067 
42.46192984465178 0.3729171549807404 1293.2266571309901 476.1553462376824 272.8046216872554 
0.17011098845658523 31.935428619688185 465.45619279413813 366.30127538875115 8.887881376834372 
0.17100886115779285 49.42162904728677 30.818576801881164 322.68711666859497 63.47647542086882 
0.37044037827405485 52.07198575800766 20.970212329775265 175.61338080872386 1.1411049488835108 
10.17020200992057 0.6975751358080906 750.3366768956589 367.33461525672516 177.60545796209982 
25.673363694294476 0.33793312567757594 553.595284947319 382.80604645433436 169.41291756429987 
28.010401372778087 0.11009735877842278 1091.6420960538142 426.5001737457373 266.27900065497465 
58.55304138181956 0.0068998973147730985 1499.5505067385877 952.8650887698298 508.4599157940282 
59.8895828635693 0.24912644671329714 1496.8160134956458 1073.3224635308652 659.8828861556298 
21.926695737688206 0.024979946620407034 1496.1016752311882 519.7239153899579 341.51576119435776 
63.22973115313299 0.0010464103542133785 1496.1016752311882 783.1583655654078 341.51576119435776 
2.572686912614548 52.21895986141457 195.06139317251444 316.509684090775 5.602125854584639 
33.498072985241826 0.4490814911611314 973.4477177137996 559.5501246389048 286.2134756336788 
3.0766930320818555 32.00342955472663 469.8608226904631 411.5366700625412 5.776395341670039 
0.364284815464039 49.28322399404348 71.34221829700127 72.86566265569186 62.20271830433181 
50.430783134864036 0.024764486587431158 1495.963103901858 752.8415448303647 281.0171520934478 
37.26036570083991 0.12753658196434914 1499.1905691275874 606.4878965163821 286.24977932564843 
0.6274447441053437 33.17633817399022 469.4724340578589 321.01337265609703 15.03741598062997 
33.498316521072404 0.33523287672870694 1406.3636581905457 491.6898628478236 360.7085091464161 
0.37044037827405485 43.64508515451587 20.970212329775265 325.71862034357594 0.015944146151094074 
3.458659268559681 11.522664873641453 618.76702072182 357.1402978172899 76.64696668919862 
2.5148660078228637 51.58833846331851 217.25691620462027 322.2967785190065 5.45229346258192 
4.751560111116966 0.12609311091896258 578.6989725021197 424.88581103873764 165.25048636816135 
64.30600215263601 0.4247147762351444 1499.722114276626 1209.3292392006397 630.674458141469 
67.07431965372126 0.08945514019929623 1496.815879453244 1235.9966478703345 668.7194782561339 
0.3205337337848304 53.62780103134905 371.8734766781293 42.47309617279501 3.235291420133313 
69.71532699835831 0.06164712776417114 1484.6446959911777 587.0421198938581 357.60029145197024 
17.49338103503313 0.23239291452326583 1166.070221564615 488.3906130607851 243.79972820251177 
1.2945944752057308 46.459003876158306 116.46728215229462 163.047028123367 9.906994720817082 
29.767724522608276 0.3457845463246293 1478.4776131232124 491.6898628478236 301.2116622101828 
50.430783134864036 0.06164712776417114 1488.4125587130648 700.4310951766846 282.55917630632143 
0.020344749518899974 45.60770861601632 244.58891469835112 334.2214569160711 26.1822180067987 
4.204711898795699 32.51129406875592 469.28155754855436 363.8150689795727 48.80809146255857 
64.26828094100107 0.24912644671329714 1487.5665347276315 1051.1875246428633 629.3767938194976 
1.2037941051630017 45.60770861601632 289.47134790696265 334.2214569160711 29.294757766793737 
0.37044037827405485 52.5418437717267 20.970212329775265 33.092470814103706 8.657692817542264 
3.0766930320818555 32.701591229021446 469.28155754855436 339.6482441890538 6.208924306184201 
28.376824955376073 0.20748544626073073 865.8261791141247 482.0174546653606 266.27900065497465 
59.73743035967554 0.47620036108959896 1496.4062775276761 1237.6058375185166 472.16874407167626 
54.597624852887954 0.23068657245520394 913.5635531521852 429.6191577541707 155.3657778361269 
2.572686912614548 52.21895986141457 640.5154597057845 316.509684090775 9.94783789378848 
5.77960909866397 49.338118108074866 343.02153726017883 321.982864963539 63.08371406053297 
65.02111811004431 0.26888244400323913 1499.9337239767385 833.0272120251382 342.8071113521914 
0.504171743095692 49.33136971209825 342.3631301299957 321.6588505722193 12.393039783905575 
65.85009997931172 0.4578163325876547 1488.609350508344 563.5364785301199 243.74061149393896 
26.45604738993514 0.17593984077239544 901.6725787100652 493.94332747606836 37.22499326664156 
1.2475838164757542 52.826694824137036 70.70736475561532 66.2072352228424 9.889236924269142 
29.299642284828685 0.3729171549807404 1268.0533992116393 455.96738789898524 274.93151832120026 
64.88641425898703 0.024979946620407034 1496.1016752311882 746.0264214858732 341.51576119435776 
0.1686473629186045 50.35806571226113 4.353089195880445 1.4418174728888289 58.4536894523055 
60.85852749770016 0.2637822512724221 1499.9337239767385 855.8683681293049 444.0610264690588 
26.69768401841942 0.0987322017396654 1340.5062123547034 424.13699285935223 293.5393876265383 
29.68050352772618 0.23239291452326583 1166.070221564615 488.3906130607851 276.74195735084925 
60.58790735435842 0.2637822512724221 1499.9337239767385 832.1839167852468 440.0098237597576 
2.572686912614548 52.21895986141457 164.7659983734245 316.509684090775 7.605735063151002 
0.8125103166368302 51.677962293696766 300.8011217448401 59.45764375407208 7.8781823640974835 
28.376824955376073 0.20756659773032957 901.6725787100652 384.24441886845773 81.76442561042872 
60.58790735435842 0.24912644671329714 1485.3814867180333 781.5726571209573 442.5571259350447 
36.54521725256176 0.061689175381746064 1499.1905691275874 731.4721142405975 286.24977932564843 
69.60262843863815 0.12748052010231012 1496.815879453244 1275.3922395114346 668.7194782561339 
71.8394462270595 0.4746114049748771 1498.4235337352432 1451.094097496492 726.7440206214874 
29.748168736290744 0.10261303982903192 1260.5918662220276 433.9490742700651 289.7329110478037 
79.33969979209151 0.4746114049748771 1498.4235337352432 1383.344972468004 726.7440206214874 
26.531434424157897 0.4578163325876547 1491.5346568016423 582.0341752332213 244.22393157584426 
69.60262843863815 0.12748052010231012 1496.815879453244 1310.3332671092162 751.7385195232184 
50.430783134864036 0.06164712776417114 1488.4125587130648 678.8876702218157 275.23212180824055 
64.86723353559557 0.0010464103542133785 1497.1280154863493 854.1413144152722 669.3042076273005 
