3.326356338942958 0.1068022174474112 926.9658793396231 545.1846775001995 288.2006825563406 
30.648988759207306 0.43825621240678725 952.1108133043831 453.6155845840678 288.2998868385503 
29.882830486497184 0.34631840199085906 959.8085523703047 461.01678073142796 108.72723038373164 
40.786711130957215 0.11729385073794778 1498.8862704654 792.2350367702754 445.9395472835098 
1.7886552875851174 51.52590198157982 122.75596766326623 184.43846141317272 2.4782784438200753 
1.0720037948774732 48.64842444422056 45.779404359256745 332.1265344429753 1.0050079614409857 
27.409735637155773 0.15163795176449169 921.5440240022149 373.7180736415763 283.8339163413323 
30.79847447405949 0.2477744591076566 1485.1272557181553 1155.5252641552863 471.1720465357671 
42.1707714374949 0.1367332919117222 1493.0670090750752 560.0484244842686 290.03512215893204 
10.914796989413023 17.610981173605627 926.0259583252753 419.75702200051694 190.6765499381553 
3.6816975495793045 80.71506975615303 671.383582148942 366.09376840768994 120.54200833820863 
27.00883624919924 47.85040380043486 131.3687687478622 386.08681698603954 16.78612094950688 
11.25336338804507 54.86695815725677 199.58682327853577 352.5262865623487 2.9632147933915647 
3.7783931010200824 0.7384105949515914 812.1226950698178 421.0204818295442 153.7622916535196 
30.29956450387891 0.24805096369396337 1273.6192073916322 524.7068984064856 276.66355235700405 
25.1621602955668 2.249094171256556 740.2844949697356 453.6071065683366 187.37735088174227 
1.7886552875851174 62.0148818034054 225.81093782376325 175.74088989455367 2.4782784438200753 
27.28763826410852 2.2549984219235757 748.7797184289113 420.3741303495913 144.19398721716513 
3.788364121838063 51.22237793238712 469.92715861706466 330.14694023236325 1.0000511920097912 
25.760453485425895 0.27522200108754075 1468.301340056711 654.865755023935 331.6716582772538 
28.220429735752106 0.15163795176449169 754.6536874893349 420.3741303495913 283.8339163413323 
1.7336519340817733 44.11582913076575 134.16858774228245 358.7792655906538 10.120667389351084 
7.185613417549931 0.9407286354988358 564.7077682968115 365.8092303389117 177.25753376765755 
1.0554124238633085 67.88950485161747 645.2123455070946 344.16819775525244 15.123020349696347 
39.17281737024391 0.250795930463529 1490.3726859807682 500.85030348594796 266.88508522812185 
51.4786131327687 0.2477744591076566 1455.457301821058 1155.5252641552863 397.30167303021415 
42.58910852594627 0.11729385073794778 1498.8862704654 820.0268572360833 440.8581233893006 
29.53577006062573 0.2747169521184895 1498.3165461548733 479.28774895244794 287.43572385124764 
29.72082687296447 0.9407286354988358 564.7077682968115 365.8092303389117 177.25753376765755 
57.28392367259805 0.17571963902588617 1464.4289819512253 1286.769318770942 748.896725883195 
43.98302500879876 0.017559124122896008 1485.840568879295 418.38720078669905 233.37811973472185 
25.727940043741846 0.27522200108754075 1468.3165089948498 673.7673682704393 334.82240422212755 
6.55838200969842 49.1639149882348 69.8189296938914 38.97752417314665 0.6233932856004467 
1.7992494730182358 0.3271293602349399 711.0244980626431 389.3785015999214 187.44982700769313 
1.7399093388654285 48.76735411384734 31.94635169162244 107.46667513843337 2.361257350940271 
1.0720037948774732 48.742750182438286 288.9102556662361 350.01419657677087 1.0094904412058667 
1.0554124238633085 67.88950485161747 645.2123455070946 344.16819775525244 187.44982700769313 
30.814791974089108 0.19445689596633747 1497.089339976806 801.822543835143 342.29947177552185 
51.4786131327687 0.2477744591076566 1485.1272557181553 1155.5252641552863 463.12586455016566 
3.6168046911039275 54.461515752258215 88.9963215220033 173.63468765238278 15.186441558938974 
26.630668275202876 0.103414457538355 1437.2513848277758 636.5159812091206 327.0109852782452 
3.1009180407696553 35.0215246421849 564.7077682968115 365.8092303389117 5.65934246506023 
26.62324556953269 0.11575309292229971 1229.2040877082304 518.2687044086156 187.05602705184933 
0.35962644197994575 48.030196851191874 199.75301865418083 344.0719075908842 18.557779523372396 
26.106886915024624 0.1068022174474112 926.9658793396231 545.1846775001995 288.2006825563406 
57.69142603012664 0.17571963902588617 1464.4289819512253 1315.9868059606017 813.8699320564242 
2.16851385213838 49.20940807393022 288.9102556662361 367.27253434014887 3.8786540489947376 
16.11958242541965 52.463888851907626 375.9458073837603 332.7836474980943 0.7688308567309932 
26.56261223678279 4.518474590644011 759.9652817908191 365.1558237120873 185.5609447780759 
1.7992494730182358 0.3271293602349399 660.0645007968529 389.3785015999214 187.44982700769313 
20.007144085722953 0.015282915919235474 1219.205497320972 406.51221445337546 230.075280478148 
82.0 0.27382061375888606 1494.090090073545 1319.8041562249232 1219.9551481369676 
0.11451528701189684 54.40960332853446 85.3352644015572 261.201363857948 0.5013897509468941 
25.727940043741846 0.27522200108754075 1492.8482329210456 682.8039914365183 334.82240422212755 
27.713686905780364 0.1610125449972048 1229.2040877082304 389.97573829736945 187.05602705184933 
3.0191323364882274 55.174610036273116 62.2840257423794 110.35804413973305 16.281588119620686 
3.6754465512753716 50.750408226318356 469.04163327398174 413.0290060702205 17.231544614069 
0.8001970810367722 0.22027456859525962 564.7077682968115 378.55222740901615 5.65934246506023 
10.9283546794902 1.2034298012011249 927.3444467423615 418.38720078669905 177.00429072879444 
1.7336519340817733 43.445680718164226 32.20633240055247 355.455601869679 13.361394206238685 
82.78863146538617 0.10805617295920378 1463.464555515175 779.5681973691718 681.9282471472027 
3.1720722219949877 54.461515752258215 85.2456040963271 134.65127608803465 17.704287976930168 
39.10179765155591 0.1255227429073339 1394.4151043538402 490.0346696958728 287.43572385124764 
1.1274898599383123 60.90739050043756 29.60423544149023 46.67131041016546 1.0486837694579958 
28.196629042043103 0.19450375348195692 1467.7778596062606 545.1846775001995 331.14262445104134 
2.171427114927651 49.1639149882348 69.8189296938914 38.97752417314665 0.6233932856004467 
28.139670877737657 0.3166775041503773 1257.2098525987583 448.6435595594129 230.075280478148 
27.400874477499872 0.01872822602597235 927.3444467423615 418.38720078669905 233.37811973472185 
27.823679651349657 0.7667135434944 719.6951976140863 420.3741303495913 137.2418670733893 
0.3625652202085945 52.463888851907626 514.0068382092621 332.7836474980943 1.3641120221273262 
20.809660072123012 0.09215572343499422 1251.8229886379445 526.2157406041548 230.075280478148 
0.39089999485543436 29.593456401403287 564.7077682968115 384.0998834911029 110.01670381000898 
83.0 0.10529767486758868 1492.2047019887607 865.4486017228337 556.2638674402486 
80.45790014283476 0.11914390573027017 1498.681205114968 1108.6940352502315 818.2083990897407 
28.211699031027795 0.34631840199085906 964.8014149471998 453.6814196425719 192.42070924004037 
2.16851385213838 53.21639051892015 2.204425383887042 177.59052978562727 3.287925528811275 
3.0998378158505364 54.8703306156786 1.916584891726643 288.83467843862604 0.1658419424052333 
20.007144085722953 0.3088670727203765 1257.2098525987583 406.51221445337546 230.075280478148 
3.664150341347411 0.2184732831683046 733.3954599567453 378.0026199298159 0.5898044815663397 
2.170417064132361 77.46471797164457 69.8189296938914 366.09376840768994 0.6888841142495892 
82.0 0.3509675236473491 1494.090090073545 1323.1589634509746 1340.2362253334672 
39.10179765155591 0.2747169521184895 1451.1340482541636 479.28774895244794 287.43572385124764 
42.843223756147324 0.1367332919117222 1493.0670090750752 749.0872763791248 289.0248007700093 
1.0330864695671411 68.93781979126365 333.4935517356252 345.1236352206872 46.01346850763376 
3.3773980443933773 54.29831682601922 41.38550727393471 365.40873723879764 16.31865238312542 
83.0 0.2363166301978622 1492.399050126813 1145.115062325097 571.610554714185 
3.5596179752709127 0.2184732831683046 732.9180125631408 380.7617368678968 110.76760520577564 
82.0 0.37395622444141075 1492.2047019887607 1335.0745907876112 705.3950526762553 
25.727940043741846 0.07779413833608712 1489.2832237662851 778.4469889715472 365.12809097482824 
82.78863146538617 0.10805617295920378 1492.2047019887607 779.5681973691718 693.981805667961 
0.08562417363634145 55.17602452459 6.66693931347452 37.61700268419871 0.6888841142495892 
83.0 0.2363166301978622 1492.399050126813 1100.707886066333 574.1477368032711 
2.085778048347354 39.235405608584216 376.1113146864876 365.1558237120873 39.87274021178635 
20.512072458192407 0.3088670727203765 1257.2098525987583 428.12410284353354 230.075280478148 
3.145821494134212 69.5553839490324 89.37570081399173 152.53812707416824 5.865144115682497 
30.33745471465533 0.2477744591076566 1490.1932498613712 1049.551358152642 446.44622736389204 
3.836897303430532 29.357698057118395 534.475818258522 341.65113511894566 6.092339367069542 
3.6754465512753716 51.26421654147907 469.04163327398174 377.93718131005 0.9999555685007433 
39.79218497868424 0.27783338520138534 1451.5803493158364 744.7700068061392 287.43572385124764 
78.54358301104884 0.22096702312841732 1492.6369658107944 820.0955461859182 824.2990117696424 
