56.35250428133234 0.08197765423886648 1495.4396748701706 629.437698868167 308.16088159496826 
2.4690382804614774 41.92922977959799 512.6739901794163 340.22014528532844 2.863766530491823 
11.772493618109955 49.68661135432522 22.619966499227544 397.89981962556203 5.0605660952780624 
56.37166645284266 0.381184266963974 1496.175518589823 628.9196790046767 423.5725317968116 
1.8263640397257008 1.5487811503572078 724.8457445760638 422.20357970546405 133.42018258742831 
0.1334835755485777 46.63844955405384 230.05928193474028 330.5389823883341 17.205476945355368 
12.434168123419392 0.35840862381672395 510.26897135599575 384.04480489813216 8.600567119318995 
11.452669186742678 0.35840862381672395 525.6421848782711 383.947622505842 148.7356365312723 
57.11242052119081 0.36171946646493053 1475.1689245200027 461.1891013220461 324.60182017364866 
27.9586191663889 0.30251835400854876 616.8110449428008 339.53156094593686 0.8464839529471462 
3.735312900575391 0.03116844334227231 746.6252493665882 422.20357970546405 133.42018258742831 
21.807330843968533 0.43389579220642105 1269.8446691501538 463.3154621609126 299.41477358040123 
0.7769018287177794 46.629158913949595 230.05928193474028 298.5359755984631 17.41768383520962 
11.452669186742678 0.35840862381672395 596.9976873498746 379.7436225299165 159.2379184586832 
2.9824053994695703 48.054597996594076 41.64570006877334 303.81594962648603 30.645526364465496 
2.277246922503081 43.36981608720029 293.64880622569166 303.7476018514888 19.007115232964637 
2.2100376259393135 44.865648754726635 340.9616348191606 357.29050635132546 19.114688936828816 
9.35206423363539 15.53205877686959 552.45144190016 459.2485694063683 223.1290009474488 
0.18713923740134675 36.76605524227822 621.7386465206775 327.9797145770449 52.14999318231486 
64.27926132747587 0.012336755037612536 1496.4554456467497 1122.6959851049346 517.6327879613258 
2.2771129100304184 45.87255719288672 29.5045147052108 87.22203528541456 9.233594338425803 
1.9391335374521965 47.85601252849487 30.06550583844387 375.05813670749353 6.951180511690126 
54.69614749245298 0.15570393599573287 1493.150764569088 1339.1493980531172 499.44512270209805 
3.263092830920738 27.962606389823023 446.11934101192435 350.7999250227374 0.5060654528533877 
2.2771129100304184 43.49225182008014 54.89318695485599 184.54451059496014 0.15649229459908298 
10.858081209667576 0.4345810110815626 971.1449983496226 459.2485694063683 218.43482044833914 
39.16451830114039 0.381184266963974 1494.1266392526857 628.9196790046767 416.9011210964155 
9.410623078201944 16.82778821597321 524.5043458206628 388.1024201700176 52.14999318231486 
0.9494100470937101 36.970477852759686 111.15768631137206 201.83945504586927 11.439772373881226 
0.7732176602608888 34.456093844005565 22.619966499227544 396.4159474389453 3.793929687905338 
28.017960028007607 0.26433367378152184 1454.9026037785325 461.305242480295 165.033651831802 
56.67940517874122 0.36171946646493053 1288.044817665964 461.1891013220461 300.5143355520721 
55.14998521494362 0.017369183384093545 1489.924490973354 1279.3466656974401 463.48342537548274 
28.83764583889432 0.15418480691442238 1497.3596627282504 474.5248375452191 167.83059094977284 
0.9494100470937101 36.970477852759686 110.84913475524763 126.0838483160789 8.996978643550904 
29.752270877896965 0.00558435074422331 1490.571616570771 600.2822289245651 320.11809317585727 
1.8426006722912334 0.3582611695685429 578.2637313789885 383.947622505842 154.22249901639105 
2.2771129100304184 46.053083979619444 10.293027831685059 175.47756943429988 11.439772373881226 
47.88463347644712 0.012336755037612536 1494.540336546713 1225.487730111818 517.6327879613258 
22.981865946876816 0.4345810110815626 1281.5249668084393 498.4835710465351 253.61007494564566 
36.734388352102336 0.8808699140053626 788.6910175226527 412.4478013964745 140.20435152413106 
1.044040373366405 48.97765004154171 137.5633371136422 54.52913894531491 16.474701862532513 
3.8550183646924694 0.03116844334227231 794.4198671319638 422.20357970546405 133.42018258742831 
0.8184265299131344 43.963583951424596 66.8179753101449 327.47739431262204 11.387833175763289 
0.9399732692264378 48.96743052423416 40.8054729562661 108.67921458796792 2.893929228170567 
1.8883216714450626 45.87255719288672 55.33199119060987 18.437025756776904 11.439772373881226 
0.8082001067836687 34.456093844005565 22.619966499227544 13.355575761075144 3.793929687905338 
28.83764583889432 0.43587932628326287 1481.8704462279075 463.3154621609126 302.2303107324841 
57.78448445491318 0.44614383954140546 1499.4691435789134 695.1914673435832 410.94868908748685 
35.67957353864451 0.25094398230815357 823.8765623519176 410.0656706846502 201.38257615438147 
22.981865946876816 0.4345810110815626 990.5593859456276 459.2485694063683 218.9140485345897 
67.24673782928114 0.02511716983579737 1481.4164432911305 1403.9762376666854 629.8560864144259 
12.35586085620686 37.76895926417972 195.3605831749954 136.851656410497 28.716620735214967 
57.147752398117476 0.09926400349509928 1494.1395623678436 982.3797946602631 306.7624989258592 
58.749296833312755 0.016319861521324516 1491.6278074763966 1468.8778894001057 845.6146770447991 
82.56434741288709 0.003348970011142316 1490.5754350319176 1069.6779226922556 407.7329143541278 
2.2100376259393135 43.28166102278932 292.0637553091043 351.9304016868321 19.007115232964637 
69.37501290721612 0.23213555095010435 1484.0421291330256 870.5039278361551 731.2021855634074 
28.83764583889432 0.43587932628326287 1086.4726732854017 493.13049147043273 290.1061265825902 
21.807330843968533 0.43389579220642105 1180.0017957705154 463.3154621609126 299.41477358040123 
38.81219605615296 0.3510034323091653 1495.4278858666503 628.9064382285076 303.6106831026992 
11.552070481329094 0.4220236787657521 665.970258090068 383.947622505842 154.22249901639105 
79.20086617514983 0.01512313428645598 1493.2567563046782 1485.2871659568777 507.5377810682684 
35.67957353864451 0.25094398230815357 893.1848739181844 410.0656706846502 188.05805877657158 
59.55158905715277 0.011464971337606801 1493.1555493534065 1021.5020133373105 508.4255995351618 
1.8263640397257008 1.4468972337900077 683.7701648851626 422.20357970546405 133.42018258742831 
2.6627317264141768 38.23547384929316 581.1309498617683 375.05721196702666 187.5351369035091 
56.94668788201605 0.09926400349509928 1494.1395623678436 785.8702129164656 413.4940206925627 
2.06749395087607 43.95614904230746 449.2522427894667 340.22014528532844 9.227941067611226 
18.247413419830963 46.22849903654617 532.0078084822128 327.9797145770449 52.14999318231486 
50.98037754732643 0.27106001505921634 1454.9026037785325 521.115699107735 301.3434315590247 
28.017960028007607 0.2509567290689421 1284.5283713420677 461.305242480295 171.60543648766654 
64.27926132747587 0.012336755037612536 1494.540336546713 1090.1267511534961 517.6327879613258 
69.9122064664543 0.24197205890424953 1489.6062516643028 842.0556579068925 409.0671731734465 
3.738039912299653 28.664403955536926 544.6931375281297 358.07698778290967 31.311584016115958 
16.982154462230078 0.3202802385362382 1018.9630476510611 375.05813670749353 172.07944235638166 
48.73974169942459 0.259528485333457 948.9980944221423 412.2275002487318 188.3675036250868 
56.78173887793169 0.37613482801350695 1456.4939996614924 585.2775525888388 301.84799972178905 
1.9303839911058347 45.781192487316616 290.07923942107755 62.035576530056915 7.365913484404132 
28.83764583889432 0.43587932628326287 1086.4726732854017 463.3154621609126 148.66741297994642 
22.981865946876816 0.4345810110815626 1022.415202806455 459.2485694063683 218.9140485345897 
2.2771129100304184 45.87255719288672 55.33199119060987 207.0351807281669 1.4264777195223814 
8.862366537056594 0.25094398230815357 905.8587532004035 412.2275002487318 188.3675036250868 
9.410623078201944 46.22849903654617 522.8693722936974 327.9797145770449 52.14999318231486 
2.2100376259393135 45.88128505885693 264.90032704585656 346.4998351261265 19.597575314976215 
27.338094455265995 0.259638072893716 1414.2601771261525 601.0917364871328 301.31613927926134 
0.8069724010899169 50.24971527650207 1.8295152313250327 15.979818648800887 5.090927109689499 
27.338094455265995 0.12223118831132851 1414.2601771261525 618.0185886947094 321.41156349429116 
22.981865946876816 0.44451367814503456 809.4369399071014 432.62850692979066 148.66787546808533 
57.78448445491318 0.06323987807029208 1497.2351211142834 761.1827694427482 410.94868908748685 
61.76890354635337 0.1022583708705466 1494.1395623678436 834.819224633242 518.9302171391735 
28.83764583889432 0.43587932628326287 1086.4726732854017 463.3154621609126 302.2303107324841 
2.06749395087607 43.95614904230746 418.4258284511145 340.22014528532844 1.3779525309044622 
3.263092830920738 27.962606389823023 297.7022233396166 360.79868638884363 3.7030339541861075 
59.55158905715277 0.02511716983579737 1491.6556233996278 1468.8778894001057 1091.2306808343865 
82.0 0.23272598345830886 1474.525118559644 1346.593723422878 627.3284521096068 
0.8806234162208115 48.054597996594076 41.64570006877334 53.24982049840227 16.779212465699096 
74.622176501543 0.09926400349509928 1494.1395623678436 800.3875999387574 413.51560872568865 
21.807330843968533 0.43389579220642105 1100.559392920196 463.3154621609126 219.67088292562264 
37.25480536239868 0.06323987807029208 1497.2351211142834 761.1827694427482 410.94868908748685 
