76.13234832296055 0.0689438015088186 1496.9924315818243 1493.4927842215834 626.43720264281 
51.02181943281451 0.05376305931948122 1293.9068064639437 538.9154185051175 284.4391756953872 
49.15107376757136 0.02986459135290201 826.1937440096318 446.33725649469926 223.94998091594988 
9.473646925285234 47.461471930026285 669.3015812789299 368.6466461102906 34.543787259988406 
10.73608785185507 0.09312077549835518 682.3153087651824 369.88626416392214 125.89957778227472 
2.161382907456664 61.3182196193675 3.1066587301127484 359.0883641164165 23.474390959924655 
5.376114711745395 31.536035276349402 346.38152328065837 256.6368607486443 2.2398943200479433 
1.757606336241877 32.06784550955801 496.28839969299656 357.77773681977015 31.072207907131943 
16.792284890151556 0.004212486823941264 1107.507495056508 525.1755242953526 247.48845565584068 
3.9199577518805624 51.913117483248875 239.34724624395085 310.82396126605977 2.9234336402499292 
0.1156811735256067 0.0631603859801744 1168.1207510447286 458.3703956604811 269.09347425516233 
9.474702652923733 59.671908054345124 33.46777642720586 405.19152152764184 4.896653622430243 
58.09199278175304 0.08914838531612346 1438.695420962379 680.4401303712564 199.8632253825014 
0.528005073060041 49.790786960502516 0.29664677899091485 38.52441037468611 4.896653622430243 
8.79338686762863 0.012654345481280888 1084.1492110268516 477.5451842885494 188.04506048232412 
1.885165314887964 4.8633859042640175 603.7534033795093 359.0883641164165 17.499589808337575 
47.24077421915359 2.56371582462733 914.1822300013929 522.2478435558418 241.47869974465053 
10.260285413372678 52.34856784778095 3.0974580912744614 158.14875069700642 35.94363637516844 
49.022384141723606 0.08914838531612346 1497.792794528673 1212.0630037575077 643.4130461347562 
7.496327401879874 60.58615153708891 436.243642920712 359.15793903853324 7.805891645299052 
52.031161573212145 0.07263130713104345 1495.3198410726343 816.1592875993357 427.4667954937621 
49.666531734657475 0.05674182995369243 1496.122820543455 704.8969920743108 416.7466153842893 
76.13234832296055 0.0689438015088186 1496.9455512148186 1452.0711505300494 585.2630581648584 
8.136820225998042 32.06784550955801 496.28839969299656 381.80506596542426 188.72390023960835 
0.600403424601871 46.420391270266975 52.38605741030159 128.01628116275216 23.642174371719705 
50.567036421191844 0.053548148554089736 1404.0055522225946 442.1398070281367 203.37364300386488 
3.951243498529667 51.913117483248875 239.34724624395085 115.89426162055125 3.037106410797584 
18.411853233017528 3.389413229277661 628.1679134765031 353.9772148991991 165.10267628376886 
51.02181943281451 0.0555964521684424 1489.8608280352573 518.904437954421 282.51550888787864 
9.020455688648143 51.913117483248875 327.1475875731519 295.96183007028714 2.9234336402499292 
3.951243498529667 51.913117483248875 295.4084308576747 133.95831721621545 3.037106410797584 
8.79338686762863 0.004192084858684951 1084.1492110268516 427.74704684329555 188.04506048232412 
9.474702652923733 52.34856784778095 3.0974580912744614 38.52441037468611 4.896653622430243 
43.93696863835611 0.2513881719582579 1499.479512534616 1214.1376549473835 412.58932144810524 
19.389209898436413 0.11419236282692372 1333.1063320311384 481.11776729792757 269.09347425516233 
0.5394757435804376 53.256447559360275 375.87353245411816 301.0308141711282 13.856213523437553 
54.28318896828638 0.26064543429313525 1496.3077493119845 934.502093412362 412.2650755339759 
2.788185672917308 0.018368471402096763 926.9878974376015 366.23909792893585 215.63285343662062 
80.21065223065763 0.22001278888505293 1498.6349404850205 1456.4243693846756 409.7475557596031 
1.757606336241877 32.06784550955801 496.28839969299656 381.80506596542426 29.87293671365063 
41.6073008218207 0.004212486823941264 1460.5049165428627 427.74704684329555 231.02088988041183 
80.10709112393504 0.22301101975105464 1495.9876606763296 1254.4659717506977 603.9539722805483 
36.6880118049138 0.1760774342318893 1493.3838224582196 636.073819101875 346.51840164003227 
0.5394757435804376 53.24484876521291 378.1623913179668 368.08454180824333 12.776574208162085 
18.33584073897397 52.16728215576015 321.0397421504921 351.91028077335363 6.106658972748676 
76.0455841837115 0.010704694866750214 1479.9952093544096 983.6719991982986 691.8729824537387 
49.455497850337935 0.17150746512567727 1493.3838224582196 515.196628217954 408.2840795730965 
9.315728984481183 0.43467535037683125 947.416324439517 417.9863473849175 152.87558685872702 
80.10709112393504 0.22301101975105464 1495.9876606763296 1382.0713293945141 490.13008032139976 
41.518587519594405 0.018368471402096763 921.7330962719724 445.0030372901074 248.97314355621864 
16.15573125723772 49.69870415726888 471.1257846598179 382.01983787201823 134.8370672144491 
49.022384141723606 0.08914838531612346 1499.1437935450765 963.5427448557035 643.4130461347562 
9.043588567468301 52.79746888974935 556.1891986647726 357.9317713177044 25.032227755034114 
5.376114711745395 52.67831642224707 346.38152328065837 335.75457212260164 12.958169225837247 
0.6641011959731218 49.740356075770464 2.5697252610647183 263.0068543270571 13.932499209437545 
58.647985273930544 0.004212486823941264 1102.6039313059835 525.1755242953526 203.32728887810305 
49.022384141723606 0.08914838531612346 1499.1437935450765 1056.8468976788529 614.6693206099177 
9.474702652923733 52.34856784778095 8.362166738354688 45.45573218845658 36.03417823202412 
3.9199577518805624 51.913117483248875 239.34724624395085 295.96183007028714 2.9234336402499292 
2.161382907456664 60.729939289320185 83.69649481988023 359.0883641164165 23.474390959924655 
0.5986647689008603 46.420391270266975 146.5452330471369 102.64604960876625 49.646221063285545 
5.325148626747222 48.50795852048135 671.1869936551288 386.72091455159904 128.34067958798326 
74.09037409757842 0.248445784583262 1496.3036057449347 934.502093412362 421.35886155622654 
4.051992625825315 0.018368471402096763 921.7330962719724 445.0030372901074 265.6902954202912 
74.75147500736594 0.17150746512567727 1498.7803127699688 515.196628217954 413.32642928695475 
3.932775975068113 0.422649939094337 683.876383726538 414.82694006908116 158.1368732388037 
3.951243498529667 51.913117483248875 239.34724624395085 133.95831721621545 3.037106410797584 
10.267283499297108 0.0551537660213312 709.4690924941792 382.28147824974275 227.6489680293232 
0.600403424601871 46.420391270266975 146.5452330471369 128.01628116275216 54.51066409585479 
19.31584305955689 0.11435806948261629 778.5656489732439 401.4636176608903 266.0615155901505 
18.734157124369567 0.10527384512107975 778.56359088098 366.14439603463273 179.18890666496205 
50.06297136423652 0.05509488882630928 939.6620725755306 525.2398959034881 284.4391756953872 
76.0455841837115 0.11749554874985979 1499.403564476411 983.6719991982986 396.1173251808191 
1.7446286038694867 49.636516795096135 55.358937164187026 104.59260633598488 15.30209398807304 
36.6880118049138 0.1760774342318893 1493.3838224582196 636.073819101875 413.32642928695475 
9.473646925285234 50.397437269760346 637.5476705125784 368.6466461102906 143.66300924992404 
35.53930135887577 0.004652997904047457 1490.611954518766 518.897477107864 381.2997670862152 
0.6930950659798771 54.776658473610745 3.0974580912744614 310.57368248032765 36.52840174884769 
47.702040667707024 0.004194083103030131 1496.2118060478997 734.9473289322142 413.70566955006285 
1.855792901002164 52.166610967032916 3.8054751606911594 101.3571685984311 65.95419127555297 
59.24014351288197 0.2665952215904248 1021.4986214089442 518.9239551953171 426.0979966855699 
2.161382907456664 60.396065136953744 47.68361575652682 367.2322863168673 23.474390959924655 
18.734157124369567 0.10527384512107975 778.56359088098 385.7351805626782 194.38494752284507 
8.242033208389465 0.422649939094337 917.8789853256932 417.9863473849175 158.1368732388037 
49.8020810293193 0.1760774342318893 1493.3838224582196 639.7479417278055 413.32642928695475 
18.33584073897397 52.16728215576015 468.81074739682265 351.91028077335363 5.292133047416542 
73.37837860406401 0.2513881719582579 1499.479512534616 638.0901081585814 412.58932144810524 
54.959425188807714 0.3140701928552676 1497.2956370801162 869.6874613884163 437.21646940713134 
76.0455841837115 0.2513881719582579 1499.479512534616 1214.1376549473835 412.58932144810524 
2.161382907456664 60.729939289320185 29.622779017810018 359.0883641164165 23.474390959924655 
16.595623562038835 0.5148739683420378 697.7964341118371 379.9423665599729 142.50295665714594 
51.02181943281451 0.05376305931948122 1411.0912940210508 518.9692258406386 284.4391756953872 
1.8968368382327596 49.60675757964095 0.5666048584847281 101.3571685984311 17.445063403811147 
75.3482763939491 0.056663987388009616 1496.2118060478997 737.7864697678914 412.5601288005798 
19.389209898436413 0.1044033667388706 1306.4653385777085 444.65735178212265 269.09347425516233 
39.90667229523936 0.31360049846304716 1495.3198410726343 810.6849550254224 427.4667954937621 
19.389209898436413 0.11419236282692372 1333.1063320311384 458.3703956604811 269.09347425516233 
50.56662840057556 0.056663987388009616 1496.2118060478997 681.6752153337083 412.56077888740003 
50.609279992465524 0.0555964521684424 1496.2118060478997 519.1370660986628 216.02329408962402 
18.873080596646957 0.004943637739633189 1473.7456757742889 518.2453012689424 185.15672354862835 
