CHP_Cap HP_Cap PV_Cap Boiler_Cap AnnualPV AnnualCHPelec AnnualCHPheat AnnualHPheat AnnualHPelec AnnualBiolerHeat AnnualImport AnnualExport OilConsumption BiomassConsumption DieselCost PetrolCost BiomassCost TotalElectricityExchangeCost TotalVariableCost FixedOperationCosts AdditionalCost InvestmentCost CO2-Emission AnnualCost LoadFollowingCapacity 
KW KW KW KW GWh GWh GWh GWh GWh GWh GWh GWh GWh GWh KEuro KEuro KEuro KEuro KEuro KEuro KEuro KEuro Mt KEuro  
2344 833 15000 2465.0 18.36 11.33 39.67 2.61 0.84 0.09 1.05 24.45 27.03 56.78 2416.0 2074.0 3066.0 -1109.0 6533.0 947.0 2414.0 2876.1925007111076 -6.332 12702.192500711108 0.9337239106554376 
994 294 5328 8861.0 6.52 6.01 21.03 4.79 1.54 16.56 3.29 8.82 27.03 50.73 2416.0 2074.0 2739.0 -215.0 7088.0 676.0 2474.0 305.19250071110764 3.921 10504.192500711108 0.4434273160014647 
2344 833 15000 2465.0 18.36 11.33 39.67 2.61 0.84 0.09 1.05 24.45 27.03 56.78 2416.0 2074.0 3066.0 -1109.0 6533.0 947.0 2414.0 2876.1925007111076 -6.332 12702.192500711108 0.9337239106554376 
2344 1628 15000 0.0 18.36 11.33 39.67 2.70 0.87 0.00 1.06 24.43 27.03 56.67 2416.0 2074.0 3060.0 -1107.0 6529.0 952.0 2416.0 3007.1925007111076 -6.316 12825.192500711108 0.9333577444159649 
944 1192 5329 6252.0 6.52 5.74 20.11 16.36 5.28 5.91 6.08 7.62 27.03 36.11 2416.0 2074.0 1950.0 37.0 6549.0 680.0 2793.0 452.19250071110764 6.212 10423.192500711108 0.5016477480776272 
2344 1216 8115 1277.0 9.93 11.33 39.67 2.69 0.87 0.01 1.16 16.11 27.03 56.68 2416.0 2074.0 3061.0 -785.0 6852.0 777.0 2415.0 1186.1925007111076 -1.481 11157.192500711108 0.6323690955693885 
2337 910 12992 2251.0 15.90 11.32 39.62 2.69 0.87 0.06 1.08 21.98 27.03 56.68 2416.0 2074.0 3061.0 -1035.0 6601.0 897.0 2416.0 2378.1925007111076 -4.899 12223.192500711108 0.8443793482240939 
2341 957 8534 2091.0 10.44 11.33 39.65 2.68 0.86 0.05 1.15 16.61 27.03 56.70 2416.0 2074.0 3062.0 -811.0 6826.0 786.0 2415.0 1250.1925007111076 -1.775 11208.192500711108 0.6503112413035518 
2326 953 9212 2156.0 11.27 11.30 39.54 2.78 0.90 0.05 1.15 17.37 27.03 56.55 2416.0 2074.0 3054.0 -849.0 6780.0 803.0 2419.0 1422.1925007111076 -2.214 11355.192500711108 0.6781398755034787 
1347 963 5328 5551.0 6.52 7.84 27.45 11.07 3.57 3.86 3.90 9.24 27.03 44.03 2416.0 2074.0 2378.0 -199.0 6746.0 686.0 2648.0 419.19250071110764 4.030 10445.192500711108 0.48114243866715495 
1191 158 5347 8593.0 6.54 7.04 24.65 2.52 0.81 15.20 2.53 9.85 27.03 54.22 2416.0 2074.0 2928.0 -326.0 7168.0 680.0 2411.0 290.19250071110764 2.893 10509.192500711108 0.45331380446722813 
2304 908 7858 2372.0 9.62 11.25 39.37 2.92 0.94 0.08 1.21 15.68 27.03 56.34 2416.0 2074.0 3042.0 -757.0 6860.0 768.0 2423.0 1069.1925007111076 -1.209 11052.192500711108 0.6184547784694252 
2339 1164 12574 1456.0 15.39 11.32 39.63 2.73 0.88 0.01 1.09 21.47 27.03 56.63 2416.0 2074.0 3058.0 -1018.0 6616.0 888.0 2417.0 2313.1925007111076 -4.601 12162.192500711108 0.8260710362504577 
1062 839 5329 6933.0 6.52 6.36 22.28 11.94 3.85 8.16 4.60 8.18 27.03 42.02 2416.0 2074.0 2269.0 -92.0 6741.0 680.0 2672.0 395.19250071110764 5.038 10440.192500711108 0.46796045404613695 
2339 830 13631 2492.0 16.68 11.32 39.63 2.64 0.85 0.09 1.07 22.77 27.03 56.74 2416.0 2074.0 3064.0 -1060.0 6579.0 913.0 2414.0 2527.1925007111076 -5.359 12365.192500711108 0.872940314902966 
1062 1181 5329 5873.0 6.52 6.36 22.28 15.37 4.96 4.72 5.55 8.03 27.03 37.72 2416.0 2074.0 2037.0 -21.0 6580.0 682.0 2766.0 452.19250071110764 5.674 10428.192500711108 0.49725375320395454 
2331 1638 6238 15.0 7.63 11.31 39.57 2.80 0.90 0.00 1.23 13.82 27.03 56.54 2416.0 2074.0 3053.0 -653.0 6975.0 732.0 2419.0 777.1925007111076 -0.129 10824.192500711108 0.5510801904064446 
2340 927 7402 2187.0 9.06 11.33 39.64 2.67 0.86 0.06 1.18 15.25 27.03 56.70 2416.0 2074.0 3062.0 -737.0 6900.0 757.0 2416.0 957.1925007111076 -0.979 10961.192500711108 0.60161113145368 
2334 837 10692 2487.0 13.09 11.31 39.60 2.68 0.86 0.09 1.11 19.19 27.03 56.68 2416.0 2074.0 3061.0 -933.0 6703.0 839.0 2416.0 1779.1925007111076 -3.282 11669.192500711108 0.7433174661296229 
2343 1218 13225 1275.0 16.19 11.33 39.66 2.70 0.87 0.01 1.08 22.27 27.03 56.67 2416.0 2074.0 3060.0 -1045.0 6591.0 905.0 2417.0 2488.1925007111076 -5.068 12328.192500711108 0.8549981691688028 
2344 1352 11471 856.0 14.04 11.33 39.67 2.70 0.87 0.00 1.10 20.15 27.03 56.68 2416.0 2074.0 3060.0 -972.0 6664.0 862.0 2416.0 2063.1925007111076 -3.838 11930.192500711108 0.7781032588795314 
2340 1365 7532 830.0 9.22 11.33 39.64 2.73 0.88 0.00 1.18 15.39 27.03 56.63 2416.0 2074.0 3058.0 -745.0 6889.0 763.0 2418.0 1062.1925007111076 -1.061 11057.192500711108 0.6067374588062981 
2344 1628 14728 0.0 18.03 11.33 39.67 2.70 0.87 0.00 1.06 24.10 27.03 56.67 2416.0 2074.0 3060.0 -1099.0 6537.0 945.0 2416.0 2938.1925007111076 -6.125 12757.192500711108 0.9212742585133651 
2320 850 14109 2496.0 17.27 11.28 39.49 2.78 0.90 0.09 1.08 23.28 27.03 56.54 2416.0 2074.0 3053.0 -1072.0 6556.0 925.0 2419.0 2651.1925007111076 -5.645 12483.192500711108 0.8919809593555474 
2337 921 11345 2216.0 13.88 11.32 39.62 2.69 0.87 0.06 1.10 19.99 27.03 56.67 2416.0 2074.0 3060.0 -965.0 6671.0 856.0 2415.0 1960.1925007111076 -3.742 11833.192500711108 0.7722445990479678 
1708 186 5385 6696.0 6.59 9.41 32.94 2.12 0.68 7.31 1.71 11.58 27.03 56.20 2416.0 2074.0 3035.0 -485.0 7121.0 691.0 2400.0 312.19250071110764 1.432 10475.192500711108 0.4866349322592457 
2337 790 8893 2623.0 10.88 11.32 39.62 2.63 0.85 0.12 1.14 17.04 27.03 56.74 2416.0 2074.0 3064.0 -834.0 6806.0 794.0 2414.0 1314.1925007111076 -2.030 11261.192500711108 0.6656902233614062 
2327 929 5568 2227.0 6.81 11.30 39.54 2.77 0.89 0.06 1.25 13.02 27.03 56.57 2416.0 2074.0 3055.0 -607.0 7024.0 711.0 2418.0 490.19250071110764 0.341 10574.192500711108 0.5225192237275723 
1802 788 5329 4501.0 6.52 9.76 34.18 6.52 2.10 1.68 2.25 10.98 27.03 50.92 2416.0 2074.0 2750.0 -413.0 6909.0 694.0 2522.0 398.19250071110764 2.084 10465.192500711108 0.48443793482240943 
2337 898 13789 2288.0 16.88 11.32 39.62 2.68 0.87 0.07 1.07 22.95 27.03 56.68 2416.0 2074.0 3061.0 -1065.0 6571.0 917.0 2416.0 2578.1925007111076 -5.459 12414.192500711108 0.8795313072134749 
1372 222 5390 7761.0 6.60 7.96 27.87 3.10 1.00 11.41 2.28 10.39 27.03 54.07 2416.0 2074.0 2920.0 -375.0 7113.0 685.0 2427.0 314.19250071110764 2.442 10495.192500711108 0.463932625411937 
2339 830 12574 2492.0 15.39 11.32 39.63 2.64 0.85 0.09 1.08 21.49 27.03 56.74 2416.0 2074.0 3064.0 -1020.0 6620.0 887.0 2414.0 2258.1925007111076 -4.616 12111.192500711108 0.8264372024899305 
2339 919 5363 2216.0 6.56 11.32 39.63 2.68 0.86 0.06 1.25 12.81 27.03 56.69 2416.0 2074.0 3061.0 -596.0 7041.0 706.0 2416.0 436.19250071110764 0.455 10530.192500711108 0.5148297326986452 
2344 906 13368 2238.0 16.36 11.33 39.67 2.64 0.85 0.06 1.07 22.46 27.03 56.75 2416.0 2074.0 3064.0 -1051.0 6589.0 907.0 2414.0 2473.1925007111076 -5.181 12314.192500711108 0.8615891614793116 
2343 927 12053 2177.0 14.75 11.33 39.66 2.65 0.86 0.05 1.09 20.86 27.03 56.73 2416.0 2074.0 3063.0 -998.0 6641.0 874.0 2415.0 2141.1925007111076 -4.253 12002.192500711108 0.8037348956426218 
1114 200 5329 8732.0 6.52 6.64 23.23 3.24 1.05 15.90 2.78 9.44 27.03 53.06 2416.0 2074.0 2865.0 -285.0 7145.0 678.0 2432.0 291.19250071110764 3.271 10507.192500711108 0.44745514463566455 
2337 790 11668 2623.0 14.28 11.32 39.62 2.63 0.85 0.12 1.09 20.39 27.03 56.74 2416.0 2074.0 3064.0 -981.0 6659.0 864.0 2414.0 2021.1925007111076 -3.979 11891.192500711108 0.7865250823874039 
2306 1406 6902 821.0 8.45 11.25 39.39 2.98 0.96 0.00 1.24 14.53 27.03 56.27 2416.0 2074.0 3038.0 -692.0 6922.0 747.0 2424.0 908.1925007111076 -0.529 10926.192500711108 0.5774441596484804 
1981 582 5340 4513.0 6.54 10.38 36.32 4.36 1.40 1.70 1.70 11.76 27.03 54.00 2416.0 2074.0 2916.0 -497.0 6993.0 697.0 2462.0 370.19250071110764 1.325 10464.192500711108 0.49285975833028195 
2344 832 13907 2468.0 17.02 11.33 39.67 2.61 0.84 0.09 1.06 23.12 27.03 56.78 2416.0 2074.0 3066.0 -1072.0 6570.0 920.0 2414.0 2598.1925007111076 -5.565 12434.192500711108 0.8853899670450385 
1315 222 5329 7960.0 6.52 7.68 26.89 3.21 1.04 12.26 2.40 10.11 27.03 53.75 2416.0 2074.0 2902.0 -351.0 7119.0 682.0 2431.0 298.19250071110764 2.667 10487.192500711108 0.4580739655803735 
2344 844 9005 2431.0 11.02 11.33 39.67 2.61 0.84 0.08 1.13 17.19 27.03 56.78 2416.0 2074.0 3066.0 -842.0 6800.0 797.0 2414.0 1352.1925007111076 -2.121 11295.192500711108 0.6708165507140242 
2344 885 9449 2304.0 11.56 11.33 39.67 2.63 0.85 0.07 1.13 17.72 27.03 56.76 2416.0 2074.0 3065.0 -868.0 6773.0 809.0 2414.0 1471.1925007111076 -2.430 11399.192500711108 0.6902233614060783 
2344 1628 8487 0.0 10.39 11.33 39.67 2.70 0.87 0.00 1.16 16.55 27.03 56.67 2416.0 2074.0 3060.0 -809.0 6827.0 789.0 2417.0 1349.1925007111076 -1.741 11303.192500711108 0.6484804101061883 
2337 1365 7240 840.0 8.86 11.32 39.62 2.75 0.89 0.00 1.20 15.04 27.03 56.60 2416.0 2074.0 3056.0 -724.0 6908.0 756.0 2418.0 987.1925007111076 -0.848 10994.192500711108 0.5946539729036983 
2337 896 11209 2294.0 13.72 11.32 39.62 2.68 0.87 0.07 1.11 19.82 27.03 56.68 2416.0 2074.0 3061.0 -959.0 6678.0 853.0 2417.0 1921.1925007111076 -3.648 11801.192500711108 0.7663859392164043 
2337 1417 12783 679.0 15.64 11.32 39.62 2.75 0.89 0.00 1.09 21.72 27.03 56.60 2416.0 2074.0 3056.0 -1026.0 6606.0 895.0 2417.0 2407.1925007111076 -4.741 12249.192500711108 0.8352251922372758 
2344 869 10149 2353.0 12.42 11.33 39.67 2.63 0.85 0.07 1.11 18.57 27.03 56.76 2416.0 2074.0 3065.0 -907.0 6733.0 826.0 2414.0 1647.1925007111076 -2.922 11552.192500711108 0.7206151592823142 
2339 867 6548 2377.0 8.01 11.32 39.63 2.66 0.86 0.08 1.20 14.23 27.03 56.72 2416.0 2074.0 3063.0 -679.0 6960.0 736.0 2414.0 729.1925007111076 -0.381 10771.192500711108 0.5649945075064079 
2344 849 13495 2415.0 16.52 11.33 39.67 2.62 0.84 0.08 1.07 22.62 27.03 56.78 2416.0 2074.0 3066.0 -1057.0 6585.0 910.0 2414.0 2496.1925007111076 -5.274 12337.192500711108 0.8674478213108753 
2349 1622 5744 1.0 7.03 11.34 39.71 2.66 0.86 0.00 1.23 13.29 27.03 56.72 2416.0 2074.0 3063.0 -624.0 7015.0 720.0 2415.0 649.1925007111076 0.172 10720.192500711108 0.5316733797143903 
2340 887 10554 2311.0 12.92 11.33 39.64 2.66 0.86 0.07 1.11 19.04 27.03 56.72 2416.0 2074.0 3063.0 -928.0 6711.0 836.0 2416.0 1753.1925007111076 -3.196 11648.192500711108 0.737824972537532 
2337 900 14794 2282.0 18.11 11.32 39.62 2.69 0.87 0.07 1.06 24.17 27.03 56.68 2416.0 2074.0 3061.0 -1100.0 6536.0 943.0 2416.0 2835.1925007111076 -6.165 12662.192500711108 0.9238374221896741 
2341 1547 5590 262.0 6.84 11.33 39.65 2.72 0.88 0.00 1.24 13.08 27.03 56.64 2416.0 2074.0 3059.0 -611.0 7023.0 715.0 2417.0 598.1925007111076 0.301 10675.192500711108 0.5243500549249359 
2341 1117 11890 1595.0 14.55 11.33 39.65 2.71 0.87 0.02 1.10 20.65 27.03 56.66 2416.0 2074.0 3060.0 -990.0 6645.0 871.0 2417.0 2130.1925007111076 -4.127 11991.192500711108 0.7964115708531674 
2344 906 9971 2238.0 12.20 11.33 39.67 2.64 0.85 0.06 1.12 18.35 27.03 56.75 2416.0 2074.0 3064.0 -898.0 6743.0 822.0 2414.0 1608.1925007111076 -2.795 11518.192500711108 0.7129256682533872 
2344 842 9784 2437.0 11.97 11.33 39.67 2.61 0.84 0.09 1.12 18.13 27.03 56.78 2416.0 2074.0 3066.0 -888.0 6754.0 817.0 2414.0 1550.1925007111076 -2.668 11467.192500711108 0.7048700109849872 
2303 766 14492 2816.0 17.74 11.25 39.36 2.85 0.92 0.16 1.09 23.70 27.03 56.43 2416.0 2074.0 3047.0 -1082.0 6541.0 934.0 2421.0 2735.1925007111076 -5.881 12565.192500711108 0.9077261076528744 
2323 917 10349 2278.0 12.67 11.29 39.51 2.79 0.90 0.07 1.14 18.74 27.03 56.53 2416.0 2074.0 3053.0 -912.0 6716.0 831.0 2420.0 1705.1925007111076 -3.007 11604.192500711108 0.7279384840717685 
2333 833 6069 2503.0 7.43 11.31 39.59 2.68 0.87 0.10 1.22 13.64 27.03 56.68 2416.0 2074.0 3061.0 -644.0 6992.0 723.0 2416.0 601.1925007111076 -0.033 10665.192500711108 0.5441230318564629 
2333 836 7723 2494.0 9.45 11.31 39.59 2.69 0.87 0.09 1.17 15.62 27.03 56.67 2416.0 2074.0 3060.0 -757.0 6879.0 765.0 2415.0 1023.1925007111076 -1.194 11014.192500711108 0.6147931160746979 
2333 833 6355 2503.0 7.78 11.31 39.59 2.68 0.87 0.10 1.21 13.98 27.03 56.68 2416.0 2074.0 3061.0 -664.0 6972.0 731.0 2416.0 674.1925007111076 -0.234 10726.192500711108 0.5562065177590627 
2337 790 8308 2623.0 10.17 11.32 39.62 2.63 0.85 0.12 1.15 16.34 27.03 56.74 2416.0 2074.0 3064.0 -797.0 6843.0 779.0 2414.0 1165.1925007111076 -1.619 11134.192500711108 0.6404247528377883 
2344 906 14666 2238.0 17.95 11.33 39.67 2.64 0.85 0.06 1.06 24.03 27.03 56.75 2416.0 2074.0 3064.0 -1098.0 6542.0 939.0 2415.0 2804.1925007111076 -6.092 12631.192500711108 0.918711094837056 
2337 812 10897 2554.0 13.34 11.32 39.62 2.65 0.85 0.10 1.11 19.45 27.03 56.73 2416.0 2074.0 3063.0 -945.0 6694.0 844.0 2416.0 1828.1925007111076 -3.435 11715.192500711108 0.7528377883559135 
1062 961 5342 6555.0 6.54 6.36 22.28 13.26 4.28 6.83 4.95 8.12 27.03 40.36 2416.0 2074.0 2180.0 -66.0 6678.0 681.0 2709.0 418.19250071110764 5.274 10437.192500711108 0.4785792749908459 
2340 1633 8176 0.0 10.01 11.33 39.64 2.73 0.88 0.00 1.17 16.17 27.03 56.63 2416.0 2074.0 3058.0 -787.0 6846.0 781.0 2418.0 1270.1925007111076 -1.513 11236.192500711108 0.6349322592456977 
2339 1240 9396 1221.0 11.50 11.32 39.63 2.73 0.88 0.01 1.14 17.63 27.03 56.63 2416.0 2074.0 3058.0 -862.0 6771.0 809.0 2417.0 1516.1925007111076 -2.368 11440.192500711108 0.6872940314902967 
2344 1348 14157 868.0 17.33 11.33 39.67 2.70 0.87 0.00 1.07 23.41 27.03 56.68 2416.0 2074.0 3060.0 -1079.0 6557.0 929.0 2416.0 2746.1925007111076 -5.724 12573.192500711108 0.8963749542292201 
1554 186 5383 7235.0 6.59 8.78 30.75 2.34 0.75 9.29 1.93 11.09 27.03 55.53 2416.0 2074.0 2999.0 -441.0 7128.0 688.0 2407.0 309.19250071110764 1.834 10486.192500711108 0.47674844379348225 
1114 344 5329 8286.0 6.52 6.64 23.23 5.41 1.74 13.73 3.11 9.07 27.03 50.35 2416.0 2074.0 2719.0 -242.0 7043.0 679.0 2492.0 314.19250071110764 3.672 10487.192500711108 0.4459904796777737 
2344 860 14234 2381.0 17.42 11.33 39.67 2.62 0.85 0.08 1.06 23.51 27.03 56.77 2416.0 2074.0 3066.0 -1083.0 6558.0 928.0 2414.0 2685.1925007111076 -5.792 12517.192500711108 0.8996704503844746 
2345 891 6576 2281.0 8.05 11.34 39.68 2.63 0.85 0.07 1.20 14.28 27.03 56.76 2416.0 2074.0 3065.0 -682.0 6959.0 737.0 2415.0 741.1925007111076 -0.414 10784.192500711108 0.5668253387037715 
2337 790 7628 2623.0 9.34 11.32 39.62 2.63 0.85 0.12 1.17 15.52 27.03 56.74 2416.0 2074.0 3064.0 -753.0 6887.0 762.0 2415.0 992.1925007111076 -1.142 10989.192500711108 0.6111314536799707 
2332 1303 5927 1050.0 7.25 11.31 39.58 2.78 0.90 0.00 1.24 13.45 27.03 56.55 2416.0 2074.0 3054.0 -632.0 6997.0 722.0 2419.0 643.1925007111076 0.087 10707.192500711108 0.5378982057854266 
2343 1196 12826 1343.0 15.70 11.33 39.66 2.70 0.87 0.01 1.08 21.79 27.03 56.67 2416.0 2074.0 3060.0 -1029.0 6607.0 895.0 2416.0 2383.1925007111076 -4.788 12228.192500711108 0.837422189674112 
2320 849 14600 2499.0 17.87 11.28 39.49 2.78 0.90 0.10 1.08 23.88 27.03 56.54 2416.0 2074.0 3053.0 -1089.0 6539.0 937.0 2419.0 2776.1925007111076 -5.990 12603.192500711108 0.9139509337239107 
2344 833 12366 2465.0 15.13 11.33 39.67 2.61 0.84 0.09 1.08 21.25 27.03 56.78 2416.0 2074.0 3066.0 -1012.0 6630.0 881.0 2414.0 2205.1925007111076 -4.482 12062.192500711108 0.8176492127425851 
2344 1354 8323 850.0 10.19 11.33 39.67 2.70 0.87 0.00 1.16 16.36 27.03 56.68 2416.0 2074.0 3060.0 -798.0 6838.0 783.0 2416.0 1261.1925007111076 -1.627 11223.192500711108 0.6415232515562065 
2340 929 7098 2181.0 8.69 11.33 39.64 2.67 0.86 0.05 1.19 14.88 27.03 56.70 2416.0 2074.0 3062.0 -716.0 6921.0 750.0 2417.0 880.1925007111076 -0.766 10899.192500711108 0.5884291468326621 
1097 236 5329 8680.0 6.52 6.55 22.92 3.82 1.23 15.63 2.90 9.28 27.03 52.29 2416.0 2074.0 2823.0 -268.0 7120.0 678.0 2448.0 297.19250071110764 3.429 10503.192500711108 0.4459904796777737 
2134 876 5329 3066.0 6.52 10.83 37.90 4.23 1.36 0.24 1.55 12.08 27.03 54.45 2416.0 2074.0 2940.0 -529.0 6985.0 701.0 2459.0 418.19250071110764 1.049 10498.192500711108 0.49908458440131825 
2344 1628 9514 0.0 11.64 11.33 39.67 2.70 0.87 0.00 1.14 17.79 27.03 56.67 2416.0 2074.0 3060.0 -871.0 6765.0 814.0 2416.0 1610.1925007111076 -2.463 11526.192500711108 0.6931526913218602 
2344 900 14916 2257.0 18.26 11.33 39.67 2.64 0.85 0.06 1.05 24.34 27.03 56.75 2416.0 2074.0 3065.0 -1106.0 6534.0 946.0 2414.0 2866.1925007111076 -6.268 12691.192500711108 0.9296960820212377 
2344 1628 12783 0.0 15.64 11.33 39.67 2.70 0.87 0.00 1.09 21.74 27.03 56.67 2416.0 2074.0 3060.0 -1028.0 6608.0 896.0 2416.0 2443.1925007111076 -4.759 12284.192500711108 0.8359575247162211 
2337 837 10889 2477.0 13.33 11.32 39.62 2.66 0.86 0.09 1.11 19.44 27.03 56.71 2416.0 2074.0 3063.0 -944.0 6694.0 844.0 2416.0 1830.1925007111076 -3.427 11716.192500711108 0.7524716221164409 
2303 766 9809 2816.0 12.00 11.25 39.36 2.85 0.92 0.16 1.16 18.04 27.03 56.43 2416.0 2074.0 3047.0 -878.0 6744.0 816.0 2420.0 1543.1925007111076 -2.592 11457.192500711108 0.7030391797876235 
2343 1380 13869 773.0 16.97 11.33 39.66 2.70 0.87 0.00 1.07 23.05 27.03 56.66 2416.0 2074.0 3060.0 -1069.0 6567.0 922.0 2416.0 2678.1925007111076 -5.519 12508.192500711108 0.8831929696082021 
2339 1556 11770 241.0 14.40 11.32 39.63 2.74 0.88 0.00 1.10 20.50 27.03 56.62 2416.0 2074.0 3057.0 -984.0 6649.0 870.0 2416.0 2173.1925007111076 -4.034 12030.192500711108 0.7909190772610766 
2332 840 5926 2485.0 7.25 11.31 39.58 2.69 0.87 0.09 1.23 13.47 27.03 56.66 2416.0 2074.0 3060.0 -634.0 7002.0 720.0 2416.0 566.1925007111076 0.071 10636.192500711108 0.5382643720248994 
2344 900 14969 2257.0 18.32 11.33 39.67 2.64 0.85 0.06 1.05 24.40 27.03 56.75 2416.0 2074.0 3065.0 -1108.0 6533.0 947.0 2414.0 2880.1925007111076 -6.305 12705.192500711108 0.931893079458074 
2340 1454 10617 554.0 12.99 11.33 39.64 2.73 0.88 0.00 1.12 19.11 27.03 56.63 2416.0 2074.0 3058.0 -929.0 6704.0 841.0 2417.0 1862.1925007111076 -3.227 11748.192500711108 0.7407543024533139 
2340 792 6380 2606.0 7.81 11.33 39.64 2.62 0.84 0.11 1.20 14.04 27.03 56.77 2416.0 2074.0 3066.0 -668.0 6973.0 731.0 2414.0 675.1925007111076 -0.273 10726.192500711108 0.5580373489564262 
2346 981 9626 1999.0 11.78 11.34 39.68 2.65 0.85 0.04 1.13 17.94 27.03 56.74 2416.0 2074.0 3064.0 -878.0 6761.0 814.0 2415.0 1532.1925007111076 -2.554 11452.192500711108 0.6982790186744783 
2347 1449 9916 545.0 12.14 11.34 39.69 2.68 0.86 0.00 1.12 18.28 27.03 56.70 2416.0 2074.0 3062.0 -894.0 6743.0 823.0 2416.0 1683.1925007111076 -2.753 11589.192500711108 0.7103625045770781 
2346 1616 9408 30.0 11.51 11.34 39.68 2.69 0.87 0.00 1.14 17.67 27.03 56.69 2416.0 2074.0 3061.0 -865.0 6772.0 812.0 2416.0 1581.1925007111076 -2.393 11502.192500711108 0.6887586964481875 
1579 292 5351 6819.0 6.55 8.89 31.12 3.51 1.13 7.75 2.05 10.90 27.03 54.14 2416.0 2074.0 2923.0 -421.0 7072.0 688.0 2439.0 319.19250071110764 2.012 10470.192500711108 0.4741852801171732 
2333 1099 10521 1679.0 12.88 11.31 39.59 2.76 0.89 0.02 1.13 18.97 27.03 56.58 2416.0 2074.0 3055.0 -923.0 6708.0 836.0 2419.0 1779.1925007111076 -3.145 11671.192500711108 0.7359941413401684 
2338 777 11922 2659.0 14.59 11.32 39.63 2.62 0.84 0.12 1.09 20.70 27.03 56.76 2416.0 2074.0 3065.0 -993.0 6648.0 870.0 2414.0 2083.1925007111076 -4.162 11948.192500711108 0.7978762358110583 
1113 878 5328 6634.0 6.52 6.63 23.22 12.06 3.89 7.10 4.53 8.34 27.03 42.04 2416.0 2074.0 2270.0 -106.0 6729.0 682.0 2675.0 402.19250071110764 4.907 10439.192500711108 0.4712559502013915 
2339 1458 8106 545.0 9.92 11.32 39.63 2.74 0.88 0.00 1.17 16.08 27.03 56.62 2416.0 2074.0 3058.0 -783.0 6851.0 778.0 2417.0 1224.1925007111076 -1.461 11194.192500711108 0.6316367630904431 
1903 229 5329 5881.0 6.52 10.12 35.42 2.21 0.71 4.74 1.51 11.99 27.03 56.52 2416.0 2074.0 3052.0 -524.0 7101.0 693.0 2402.0 308.19250071110764 1.083 10452.192500711108 0.49432442328817283 
1420 229 5329 7571.0 6.52 8.19 28.66 3.09 1.00 10.62 2.21 10.47 27.03 54.21 2416.0 2074.0 2927.0 -384.0 7112.0 684.0 2427.0 300.19250071110764 2.355 10478.192500711108 0.46429879165140975 
1113 1004 5344 6243.0 6.54 6.63 23.22 13.34 4.30 5.82 4.88 8.29 27.03 40.44 2416.0 2074.0 2184.0 -80.0 6668.0 683.0 2711.0 427.19250071110764 5.133 10438.192500711108 0.482240937385573 
2346 1100 8808 1630.0 10.78 11.34 39.68 2.67 0.86 0.02 1.15 16.95 27.03 56.71 2416.0 2074.0 3063.0 -829.0 6809.0 794.0 2416.0 1344.1925007111076 -1.975 11292.192500711108 0.6627608934456243 
2334 1190 9315 1393.0 11.40 11.31 39.60 2.76 0.89 0.01 1.15 17.52 27.03 56.58 2416.0 2074.0 3055.0 -856.0 6775.0 807.0 2418.0 1487.1925007111076 -2.299 11415.192500711108 0.6836323690955693 
2334 777 12245 2673.0 14.99 11.31 39.60 2.65 0.85 0.13 1.09 21.08 27.03 56.73 2416.0 2074.0 3063.0 -1005.0 6634.0 878.0 2415.0 2165.1925007111076 -4.379 12025.192500711108 0.8117905529110215 
2348 987 11505 1973.0 14.08 11.34 39.70 2.63 0.85 0.04 1.09 20.21 27.03 56.76 2416.0 2074.0 3065.0 -975.0 6665.0 861.0 2414.0 2012.1925007111076 -3.878 11882.192500711108 0.779934090076895 
2347 1005 10128 1921.0 12.40 11.34 39.69 2.65 0.85 0.03 1.12 18.54 27.03 56.74 2416.0 2074.0 3064.0 -906.0 6733.0 826.0 2416.0 1664.1925007111076 -2.908 11569.192500711108 0.7198828268033688 
1196 796 5328 6597.0 6.52 7.07 24.74 10.65 3.44 6.97 4.02 8.72 27.03 44.07 2416.0 2074.0 2380.0 -161.0 6784.0 683.0 2637.0 390.19250071110764 4.397 10445.192500711108 0.46649578908824607 
2347 1215 13883 1270.0 16.99 11.34 39.69 2.67 0.86 0.01 1.07 23.08 27.03 56.71 2416.0 2074.0 3062.0 -1070.0 6568.0 922.0 2416.0 2655.1925007111076 -5.540 12488.192500711108 0.8842914683266203 
2347 1590 7048 108.0 8.63 11.34 39.69 2.68 0.86 0.00 1.19 14.84 27.03 56.70 2416.0 2074.0 3062.0 -714.0 6924.0 752.0 2416.0 976.1925007111076 -0.738 10990.192500711108 0.5869644818747712 
2339 880 11735 2337.0 14.36 11.32 39.63 2.66 0.86 0.07 1.09 20.47 27.03 56.71 2416.0 2074.0 3062.0 -984.0 6654.0 866.0 2414.0 2053.1925007111076 -4.023 11919.192500711108 0.7894544123031856 
992 1014 5329 6636.0 6.52 6.00 20.99 14.28 4.61 7.11 5.38 7.84 27.03 38.87 2416.0 2074.0 2099.0 -21.0 6641.0 680.0 2737.0 423.19250071110764 5.682 10432.192500711108 0.48407176858293666 
2346 1094 9993 1649.0 12.23 11.34 39.68 2.67 0.86 0.02 1.12 18.38 27.03 56.71 2416.0 2074.0 3063.0 -898.0 6740.0 823.0 2415.0 1644.1925007111076 -2.807 11551.192500711108 0.7140241669718053 
2346 1125 14035 1553.0 17.18 11.34 39.68 2.67 0.86 0.01 1.07 23.27 27.03 56.71 2416.0 2074.0 3062.0 -1076.0 6562.0 925.0 2416.0 2679.1925007111076 -5.646 12510.192500711108 0.891248626876602 
1077 1133 5344 5969.0 6.54 6.44 22.55 14.82 4.78 5.00 5.36 8.11 27.03 38.46 2416.0 2074.0 2077.0 -38.0 6603.0 683.0 2751.0 448.19250071110764 5.516 10433.192500711108 0.49322592456975467 
2347 1078 6969 1695.0 8.53 11.34 39.69 2.66 0.86 0.02 1.19 14.75 27.03 56.73 2416.0 2074.0 3063.0 -709.0 6930.0 748.0 2415.0 872.1925007111076 -0.687 10894.192500711108 0.5836689857195166 
2347 1625 10335 0.0 12.65 11.34 39.69 2.68 0.86 0.00 1.12 18.79 27.03 56.70 2416.0 2074.0 3062.0 -917.0 6721.0 835.0 2416.0 1819.1925007111076 -3.047 11712.192500711108 0.7290369827901868 
2346 1286 8585 1053.0 10.51 11.34 39.68 2.68 0.86 0.00 1.15 16.68 27.03 56.70 2416.0 2074.0 3062.0 -815.0 6822.0 789.0 2416.0 1317.1925007111076 -1.816 11270.192500711108 0.6528744049798608 
2344 1029 9193 1857.0 11.25 11.33 39.67 2.67 0.86 0.03 1.14 17.41 27.03 56.71 2416.0 2074.0 3062.0 -852.0 6786.0 803.0 2415.0 1429.1925007111076 -2.242 11363.192500711108 0.6792383742218968 
2347 980 11346 1999.0 13.89 11.34 39.69 2.64 0.85 0.04 1.10 20.02 27.03 56.75 2416.0 2074.0 3065.0 -968.0 6673.0 857.0 2415.0 1970.1925007111076 -3.764 11845.192500711108 0.773343097766386 
2347 1485 12702 433.0 15.55 11.34 39.69 2.68 0.86 0.00 1.08 21.65 27.03 56.70 2416.0 2074.0 3062.0 -1025.0 6612.0 893.0 2416.0 2399.1925007111076 -4.709 12243.192500711108 0.8322958623214939 
1938 247 5447 5702.0 6.67 10.24 35.83 2.29 0.74 4.25 1.48 12.19 27.03 56.50 2416.0 2074.0 3051.0 -538.0 7086.0 697.0 2406.0 341.19250071110764 0.948 10477.192500711108 0.5005492493592091 
2347 1499 5400 390.0 6.61 11.34 39.69 2.68 0.86 0.00 1.24 12.87 27.03 56.70 2416.0 2074.0 3062.0 -599.0 7038.0 711.0 2416.0 541.1925007111076 0.419 10629.192500711108 0.5166605638960088 
1171 100 5349 8843.0 6.55 6.94 24.28 1.63 0.52 16.46 2.45 9.96 27.03 55.27 2416.0 2074.0 2984.0 -338.0 7213.0 679.0 2387.0 280.19250071110764 2.787 10520.192500711108 0.4544123031856463 
2333 1199 14159 1369.0 17.33 11.31 39.59 2.77 0.89 0.01 1.08 23.37 27.03 56.57 2416.0 2074.0 3055.0 -1076.0 6554.0 928.0 2419.0 2722.1925007111076 -5.698 12550.192500711108 0.895276455510802 
2347 1557 13017 210.0 15.93 11.34 39.69 2.68 0.86 0.00 1.08 22.03 27.03 56.70 2416.0 2074.0 3062.0 -1038.0 6600.0 902.0 2416.0 2490.1925007111076 -4.931 12330.192500711108 0.8462101794214574 
2346 1489 5995 424.0 7.34 11.34 39.68 2.68 0.87 0.00 1.22 13.58 27.03 56.69 2416.0 2074.0 3061.0 -641.0 6996.0 725.0 2416.0 692.1925007111076 0.004 10752.192500711108 0.5419260344196266 
2338 777 8433 2659.0 10.32 11.32 39.63 2.62 0.84 0.12 1.15 16.49 27.03 56.76 2416.0 2074.0 3065.0 -806.0 6835.0 782.0 2414.0 1194.1925007111076 -1.711 11158.192500711108 0.6459172464298791 
2346 1078 14875 1698.0 18.20 11.34 39.68 2.67 0.86 0.02 1.06 24.29 27.03 56.72 2416.0 2074.0 3063.0 -1104.0 6534.0 946.0 2415.0 2885.1925007111076 -6.236 12709.192500711108 0.9282314170633468 
2346 1616 13647 30.0 16.70 11.34 39.68 2.69 0.87 0.00 1.07 22.79 27.03 56.69 2416.0 2074.0 3061.0 -1061.0 6576.0 918.0 2416.0 2660.1925007111076 -5.370 12491.192500711108 0.8736726473819114 
2348 959 12382 2060.0 15.15 11.34 39.70 2.63 0.85 0.04 1.08 21.28 27.03 56.77 2416.0 2074.0 3065.0 -1013.0 6628.0 883.0 2414.0 2231.1925007111076 -4.495 12087.192500711108 0.8187477114610033 
2339 1593 7815 126.0 9.56 11.32 39.63 2.74 0.88 0.00 1.18 15.73 27.03 56.62 2416.0 2074.0 3057.0 -763.0 6870.0 771.0 2417.0 1171.1925007111076 -1.257 11151.192500711108 0.6191871109483706 
1253 139 5349 8435.0 6.55 7.37 25.79 2.15 0.69 14.43 2.36 10.13 27.03 54.88 2416.0 2074.0 2964.0 -354.0 7177.0 681.0 2402.0 288.19250071110764 2.636 10507.192500711108 0.45734163310142806 
2346 1108 5425 1605.0 6.64 11.34 39.68 2.67 0.86 0.02 1.24 12.90 27.03 56.71 2416.0 2074.0 3062.0 -601.0 7037.0 709.0 2416.0 484.19250071110764 0.401 10574.192500711108 0.517759062614427 
2282 1309 11765 1206.0 14.40 11.20 39.20 3.17 1.02 0.01 1.17 20.29 27.03 56.00 2416.0 2074.0 3024.0 -967.0 6633.0 868.0 2430.0 2130.1925007111076 -3.880 11988.192500711108 0.7857927499084585 
2347 1587 6760 117.0 8.27 11.34 39.69 2.68 0.86 0.00 1.20 14.49 27.03 56.70 2416.0 2074.0 3062.0 -694.0 6944.0 745.0 2416.0 902.1925007111076 -0.536 10929.192500711108 0.5745148297326986 
2336 1222 10644 1287.0 13.03 11.32 39.61 2.75 0.89 0.01 1.12 19.13 27.03 56.60 2416.0 2074.0 3056.0 -930.0 6702.0 840.0 2418.0 1831.1925007111076 -3.237 11718.192500711108 0.7414866349322593 
2347 1590 7227 108.0 8.84 11.34 39.69 2.68 0.86 0.00 1.18 15.05 27.03 56.70 2416.0 2074.0 3062.0 -726.0 6912.0 757.0 2415.0 1021.1925007111076 -0.864 11027.192500711108 0.5942878066642256 
866 1005 5328 7105.0 6.52 5.33 18.67 14.91 4.81 8.79 5.86 7.45 27.03 37.66 2416.0 2074.0 2034.0 32.0 6627.0 677.0 2754.0 419.19250071110764 6.181 10430.192500711108 0.4873672647381912 
1249 878 5328 6158.0 6.52 7.35 25.72 11.10 3.58 5.56 4.05 8.88 27.03 43.68 2416.0 2074.0 2359.0 -168.0 6757.0 684.0 2649.0 404.19250071110764 4.320 10443.192500711108 0.47345294763822776 
879 99 5328 9868.0 6.52 5.40 18.91 1.61 0.52 21.85 3.09 9.04 27.03 54.32 2416.0 2074.0 2933.0 -241.0 7255.0 673.0 2386.0 271.19250071110764 3.680 10551.192500711108 0.44415964848041006 
2347 1616 13243 27.0 16.21 11.34 39.69 2.68 0.86 0.00 1.08 22.31 27.03 56.70 2416.0 2074.0 3062.0 -1046.0 6591.0 908.0 2416.0 2557.1925007111076 -5.089 12393.192500711108 0.8564628341266936 
2346 1072 5656 1717.0 6.92 11.34 39.68 2.66 0.86 0.02 1.23 13.18 27.03 56.72 2416.0 2074.0 3063.0 -617.0 7021.0 715.0 2415.0 536.1925007111076 0.238 10616.192500711108 0.5276455510801904 
2347 907 13789 2225.0 16.88 11.34 39.69 2.62 0.84 0.06 1.06 22.98 27.03 56.78 2416.0 2074.0 3066.0 -1068.0 6574.0 918.0 2414.0 2580.1925007111076 -5.484 12417.192500711108 0.8802636396924204 
866 1005 5328 7105.0 6.52 5.33 18.67 14.91 4.81 8.79 5.86 7.45 27.03 37.66 2416.0 2074.0 2034.0 32.0 6627.0 677.0 2754.0 419.19250071110764 6.181 10430.192500711108 0.4873672647381912 
2343 1079 6741 1706.0 8.25 11.33 39.66 2.69 0.87 0.02 1.20 14.46 27.03 56.69 2416.0 2074.0 3061.0 -692.0 6945.0 742.0 2416.0 814.1925007111076 -0.516 10846.192500711108 0.5734163310142805 
2346 1597 5842 89.0 7.15 11.34 39.68 2.69 0.87 0.00 1.23 13.40 27.03 56.69 2416.0 2074.0 3061.0 -630.0 7007.0 722.0 2416.0 670.1925007111076 0.111 10737.192500711108 0.5357012083485904 
2347 1584 7162 126.0 8.77 11.34 39.69 2.68 0.86 0.00 1.19 14.97 27.03 56.70 2416.0 2074.0 3062.0 -722.0 6916.0 755.0 2417.0 1004.1925007111076 -0.819 11014.192500711108 0.5917246429879165 
2348 1309 10754 975.0 13.16 11.34 39.70 2.67 0.86 0.00 1.11 19.30 27.03 56.72 2416.0 2074.0 3063.0 -939.0 6700.0 844.0 2415.0 1874.1925007111076 -3.344 11759.192500711108 0.7473452947638228 
2346 876 7923 2324.0 9.70 11.34 39.68 2.61 0.84 0.07 1.16 15.90 27.03 56.78 2416.0 2074.0 3066.0 -774.0 6868.0 770.0 2414.0 1081.1925007111076 -1.364 11065.192500711108 0.6246796045404613 
2319 857 8072 2478.0 9.88 11.28 39.48 2.79 0.90 0.09 1.18 15.99 27.03 56.52 2416.0 2074.0 3052.0 -776.0 6851.0 773.0 2419.0 1115.1925007111076 -1.402 11090.192500711108 0.6287074331746614 
2332 1630 5633 36.0 6.89 11.31 39.58 2.79 0.90 0.00 1.25 13.10 27.03 56.55 2416.0 2074.0 3053.0 -611.0 7018.0 717.0 2419.0 622.1925007111076 0.294 10697.192500711108 0.5254485536433541 
2348 1148 7556 1474.0 9.25 11.34 39.70 2.66 0.86 0.01 1.17 15.45 27.03 56.73 2416.0 2074.0 3063.0 -749.0 6890.0 763.0 2415.0 1032.1925007111076 -1.100 11028.192500711108 0.6085682900036616 
2346 901 14790 2247.0 18.10 11.34 39.68 2.62 0.85 0.06 1.05 24.19 27.03 56.77 2416.0 2074.0 3066.0 -1102.0 6539.0 943.0 2414.0 2834.1925007111076 -6.185 12661.192500711108 0.924203588429147 
2348 981 11233 1992.0 13.75 11.34 39.70 2.63 0.85 0.04 1.10 19.88 27.03 56.76 2416.0 2074.0 3065.0 -963.0 6678.0 854.0 2415.0 1942.1925007111076 -3.687 11819.192500711108 0.7682167704137679 
2347 1625 14544 0.0 17.80 11.34 39.69 2.68 0.86 0.00 1.06 23.89 27.03 56.70 2416.0 2074.0 3062.0 -1093.0 6544.0 940.0 2415.0 2891.1925007111076 -6.003 12711.192500711108 0.913584767484438 
2346 911 14442 2216.0 17.68 11.34 39.68 2.63 0.85 0.06 1.06 23.77 27.03 56.77 2416.0 2074.0 3065.0 -1091.0 6550.0 934.0 2415.0 2747.1925007111076 -5.940 12577.192500711108 0.9091907726107653 
2348 1309 10754 975.0 13.16 11.34 39.70 2.67 0.86 0.00 1.11 19.30 27.03 56.72 2416.0 2074.0 3063.0 -939.0 6700.0 844.0 2415.0 1874.1925007111076 -3.344 11759.192500711108 0.7473452947638228 
2346 1224 11167 1246.0 13.67 11.34 39.68 2.68 0.86 0.01 1.10 19.79 27.03 56.70 2416.0 2074.0 3062.0 -958.0 6679.0 854.0 2416.0 1965.1925007111076 -3.630 11841.192500711108 0.7649212742585134 
2339 1291 5798 1062.0 7.10 11.32 39.63 2.73 0.88 0.00 1.24 13.32 27.03 56.62 2416.0 2074.0 3058.0 -625.0 7008.0 719.0 2418.0 609.1925007111076 0.159 10680.192500711108 0.5331380446722812 
1335 469 5388 7125.0 6.59 7.78 27.24 6.27 2.02 8.86 2.83 9.73 27.03 49.99 2416.0 2074.0 2700.0 -299.0 6969.0 685.0 2515.0 353.19250071110764 3.133 10475.192500711108 0.45990479677773716 
2346 1078 14262 1698.0 17.45 11.34 39.68 2.67 0.86 0.02 1.06 23.54 27.03 56.72 2416.0 2074.0 3063.0 -1084.0 6555.0 930.0 2415.0 2729.1925007111076 -5.806 12558.192500711108 0.9007689491028926 
2347 1625 10905 0.0 13.35 11.34 39.69 2.68 0.86 0.00 1.11 19.48 27.03 56.70 2416.0 2074.0 3062.0 -946.0 6692.0 849.0 2416.0 1964.1925007111076 -3.447 11842.192500711108 0.7539362870743318 
2347 1195 10587 1332.0 12.96 11.34 39.69 2.67 0.86 0.01 1.11 19.09 27.03 56.71 2416.0 2074.0 3063.0 -930.0 6708.0 839.0 2416.0 1813.1925007111076 -3.225 11703.192500711108 0.7396558037348957 
2346 1626 14717 0.0 18.01 11.34 39.68 2.69 0.87 0.00 1.06 24.09 27.03 56.69 2416.0 2074.0 3061.0 -1099.0 6538.0 945.0 2416.0 2935.1925007111076 -6.122 12755.192500711108 0.9209080922738924 
2323 1652 13243 0.0 16.21 11.29 39.51 2.86 0.92 0.00 1.10 22.23 27.03 56.45 2416.0 2074.0 3048.0 -1040.0 6584.0 907.0 2420.0 2563.1925007111076 -5.027 12395.192500711108 0.8542658366898573 
2345 1224 10996 1249.0 13.46 11.34 39.68 2.69 0.87 0.01 1.11 19.58 27.03 56.69 2416.0 2074.0 3061.0 -950.0 6687.0 849.0 2417.0 1921.1925007111076 -3.507 11801.192500711108 0.7575979494690589 
2347 1484 11678 436.0 14.29 11.34 39.69 2.68 0.86 0.00 1.10 20.41 27.03 56.70 2416.0 2074.0 3062.0 -982.0 6656.0 868.0 2416.0 2138.1925007111076 -3.990 12001.192500711108 0.7876235811058221 
2333 1135 14649 1567.0 17.93 11.31 39.59 2.77 0.89 0.01 1.07 23.97 27.03 56.57 2416.0 2074.0 3055.0 -1093.0 6538.0 940.0 2418.0 2836.1925007111076 -6.044 12660.192500711108 0.9168802636396924 
992 145 5328 9330.0 6.52 6.00 20.99 2.36 0.76 19.02 2.93 9.23 27.03 53.76 2416.0 2074.0 2903.0 -263.0 7204.0 675.0 2408.0 280.19250071110764 3.478 10530.192500711108 0.4452581471988283 
2347 1625 12066 0.0 14.77 11.34 39.69 2.68 0.86 0.00 1.09 20.88 27.03 56.70 2416.0 2074.0 3062.0 -999.0 6639.0 878.0 2416.0 2260.1925007111076 -4.263 12114.192500711108 0.8044672281215672 
2346 1626 6159 0.0 7.54 11.34 39.68 2.69 0.87 0.00 1.22 13.77 27.03 56.69 2416.0 2074.0 3061.0 -652.0 6985.0 730.0 2417.0 756.1925007111076 -0.112 10809.192500711108 0.5488831929696082 
2307 753 6161 2842.0 7.54 11.26 39.39 2.81 0.91 0.17 1.24 13.68 27.03 56.49 2416.0 2074.0 3050.0 -644.0 6982.0 725.0 2420.0 612.1925007111076 -0.042 10673.192500711108 0.5463200292932991 
2347 964 13672 2048.0 16.73 11.34 39.69 2.64 0.85 0.04 1.07 22.83 27.03 56.76 2416.0 2074.0 3065.0 -1063.0 6577.0 915.0 2415.0 2559.1925007111076 -5.398 12396.192500711108 0.8751373123398023 
2336 1315 6268 999.0 7.67 11.32 39.61 2.75 0.89 0.00 1.22 13.87 27.03 56.59 2416.0 2074.0 3056.0 -657.0 6975.0 731.0 2418.0 732.1925007111076 -0.163 10782.192500711108 0.5525448553643354 
2351 1003 15000 1913.0 18.36 11.35 39.72 2.62 0.84 0.03 1.05 24.46 27.03 56.78 2416.0 2074.0 3066.0 -1110.0 6532.0 948.0 2414.0 2904.1925007111076 -6.339 12728.192500711108 0.9340900768949104 
2351 1003 15000 1913.0 18.36 11.35 39.72 2.62 0.84 0.03 1.05 24.46 27.03 56.78 2416.0 2074.0 3066.0 -1110.0 6532.0 948.0 2414.0 2904.1925007111076 -6.339 12728.192500711108 0.9340900768949104 
936 1184 5328 6305.0 6.52 5.70 19.96 16.34 5.27 6.07 6.09 7.59 27.03 36.10 2416.0 2074.0 1950.0 39.0 6551.0 680.0 2793.0 449.19250071110764 6.234 10423.192500711108 0.5009154155986818 
2346 1626 14952 0.0 18.30 11.34 39.68 2.69 0.87 0.00 1.06 24.38 27.03 56.69 2416.0 2074.0 3061.0 -1106.0 6531.0 951.0 2416.0 2995.1925007111076 -6.287 12814.192500711108 0.9315269132186013 
2345 908 13688 2229.0 16.75 11.34 39.68 2.63 0.85 0.06 1.07 22.85 27.03 56.76 2416.0 2074.0 3065.0 -1064.0 6577.0 915.0 2415.0 2554.1925007111076 -5.408 12392.192500711108 0.8758696448187479 
2351 1612 13444 25.0 16.45 11.35 39.72 2.65 0.85 0.00 1.07 22.56 27.03 56.74 2416.0 2074.0 3064.0 -1055.0 6585.0 913.0 2415.0 2608.1925007111076 -5.241 12442.192500711108 0.8652508238740388 
2347 1003 6684 1927.0 8.18 11.34 39.69 2.64 0.85 0.03 1.19 14.41 27.03 56.74 2416.0 2074.0 3064.0 -689.0 6950.0 740.0 2414.0 787.1925007111076 -0.489 10821.192500711108 0.5712193335774441 
2348 978 6092 2001.0 7.46 11.34 39.70 2.63 0.85 0.04 1.21 13.71 27.03 56.76 2416.0 2074.0 3065.0 -649.0 6992.0 725.0 2414.0 632.1925007111076 -0.077 10693.192500711108 0.5463200292932993 
936 918 5328 7129.0 6.52 5.70 19.96 13.53 4.36 8.88 5.31 7.72 27.03 39.61 2416.0 2074.0 2139.0 -19.0 6683.0 678.0 2715.0 406.19250071110764 5.714 10435.192500711108 0.47711461003295497 
1813 341 5328 5848.0 6.52 9.80 34.31 3.40 1.10 4.65 1.75 11.52 27.03 54.83 2416.0 2074.0 2961.0 -479.0 7054.0 692.0 2436.0 324.19250071110764 1.486 10454.192500711108 0.48590259978030026 
2345 877 10348 2325.0 12.66 11.34 39.68 2.62 0.85 0.07 1.11 18.81 27.03 56.77 2416.0 2074.0 3066.0 -918.0 6723.0 831.0 2414.0 1699.1925007111076 -3.064 11599.192500711108 0.7294031490296594 
2346 918 9467 2194.0 11.59 11.34 39.68 2.63 0.85 0.06 1.13 17.75 27.03 56.76 2416.0 2074.0 3065.0 -869.0 6771.0 809.0 2415.0 1481.1925007111076 -2.445 11407.192500711108 0.6913218601244965 
2345 1589 5764 118.0 7.05 11.34 39.68 2.69 0.87 0.00 1.23 13.30 27.03 56.68 2416.0 2074.0 3061.0 -624.0 7012.0 720.0 2416.0 649.1925007111076 0.168 10719.192500711108 0.5320395459538632 
2345 1070 7880 1727.0 9.64 11.34 39.68 2.67 0.86 0.02 1.17 15.83 27.03 56.71 2416.0 2074.0 3062.0 -770.0 6868.0 770.0 2416.0 1102.1925007111076 -1.322 11085.192500711108 0.6224826071036251 
2347 1105 12535 1611.0 15.34 11.34 39.69 2.66 0.86 0.02 1.08 21.45 27.03 56.72 2416.0 2074.0 3063.0 -1019.0 6620.0 887.0 2415.0 2294.1925007111076 -4.595 12144.192500711108 0.8249725375320396 
2347 1169 11136 1413.0 13.63 11.34 39.69 2.67 0.86 0.01 1.10 19.76 27.03 56.72 2416.0 2074.0 3063.0 -957.0 6681.0 852.0 2415.0 1947.1925007111076 -3.611 11823.192500711108 0.7638227755400954 
2312 1040 12253 1935.0 15.00 11.27 39.43 2.91 0.94 0.03 1.12 20.99 27.03 56.37 2416.0 2074.0 3044.0 -997.0 6622.0 879.0 2423.0 2210.1925007111076 -4.309 12064.192500711108 0.8095935554741853 
2334 1639 10258 1.0 12.55 11.31 39.60 2.77 0.89 0.00 1.13 18.65 27.03 56.57 2416.0 2074.0 3055.0 -909.0 6721.0 833.0 2418.0 1801.1925007111076 -2.960 11694.192500711108 0.7242768216770413 
2351 1620 14837 1.0 18.16 11.35 39.72 2.65 0.85 0.00 1.06 24.25 27.03 56.74 2416.0 2074.0 3064.0 -1104.0 6536.0 948.0 2416.0 2964.1925007111076 -6.219 12785.192500711108 0.9267667521054559 
938 149 5328 9506.0 6.52 5.71 19.99 2.43 0.78 19.95 3.07 9.07 27.03 53.50 2416.0 2074.0 2889.0 -244.0 7208.0 674.0 2408.0 280.19250071110764 3.653 10534.192500711108 0.4445258147198829 
2348 990 8039 1964.0 9.84 11.34 39.70 2.64 0.85 0.04 1.16 16.03 27.03 56.76 2416.0 2074.0 3065.0 -781.0 6859.0 774.0 2415.0 1130.1925007111076 -1.444 11108.192500711108 0.6294397656536068 
1451 140 5351 7739.0 6.55 8.33 29.16 1.90 0.61 11.31 2.02 10.83 27.03 55.80 2416.0 2074.0 3013.0 -419.0 7163.0 685.0 2395.0 291.19250071110764 2.036 10490.192500711108 0.470523617722446 
2345 905 9665 2238.0 11.83 11.34 39.68 2.63 0.85 0.06 1.12 17.99 27.03 56.76 2416.0 2074.0 3065.0 -881.0 6760.0 814.0 2414.0 1530.1925007111076 -2.583 11449.192500711108 0.6997436836323692 
2351 1125 5648 1535.0 6.91 11.35 39.72 2.64 0.85 0.01 1.23 13.18 27.03 56.76 2416.0 2074.0 3065.0 -618.0 7023.0 715.0 2415.0 543.1925007111076 0.232 10624.192500711108 0.5276455510801904 
2296 761 9252 2856.0 11.32 11.23 39.31 2.89 0.93 0.17 1.18 17.34 27.03 56.37 2416.0 2074.0 3044.0 -844.0 6775.0 802.0 2422.0 1400.1925007111076 -2.184 11333.192500711108 0.6781398755034787 
2347 1168 10051 1416.0 12.30 11.34 39.69 2.67 0.86 0.01 1.12 18.45 27.03 56.72 2416.0 2074.0 3063.0 -902.0 6737.0 825.0 2415.0 1671.1925007111076 -2.849 11576.192500711108 0.7165873306481143 
2345 1299 8916 1017.0 10.91 11.34 39.68 2.69 0.87 0.00 1.15 17.07 27.03 56.69 2416.0 2074.0 3061.0 -835.0 6801.0 798.0 2417.0 1404.1925007111076 -2.046 11346.192500711108 0.6671548883192969 
1529 178 5484 7348.0 6.71 8.68 30.37 2.28 0.73 9.72 1.95 11.15 27.03 55.54 2416.0 2074.0 2999.0 -443.0 7126.0 690.0 2405.0 333.19250071110764 1.814 10508.192500711108 0.479677773709264 
1242 90 5328 8625.0 6.52 7.31 25.59 1.42 0.46 15.36 2.30 10.22 27.03 55.76 2416.0 2074.0 3011.0 -364.0 7214.0 680.0 2381.0 274.19250071110764 2.549 10509.192500711108 0.4584401318198462 
2342 1195 12705 1350.0 15.55 11.33 39.66 2.71 0.87 0.01 1.09 21.64 27.03 56.66 2416.0 2074.0 3060.0 -1024.0 6611.0 892.0 2417.0 2352.1925007111076 -4.700 12199.192500711108 0.832295862321494 
2210 1198 5389 1802.0 6.60 11.03 38.60 3.75 1.21 0.02 1.44 12.40 27.03 55.17 2416.0 2074.0 2979.0 -557.0 6998.0 706.0 2446.0 487.19250071110764 0.804 10566.192500711108 0.5067740754302453 
2350 1621 8633 1.0 10.57 11.35 39.71 2.66 0.86 0.00 1.15 16.75 27.03 56.73 2416.0 2074.0 3064.0 -819.0 6820.0 792.0 2416.0 1385.1925007111076 -1.859 11334.192500711108 0.6554375686561699 
2345 1056 12317 1770.0 15.07 11.34 39.68 2.67 0.86 0.02 1.09 21.18 27.03 56.71 2416.0 2074.0 3062.0 -1009.0 6629.0 881.0 2416.0 2229.1925007111076 -4.438 12084.192500711108 0.8154522153057489 
2345 870 8985 2347.0 11.00 11.34 39.68 2.62 0.84 0.07 1.13 17.17 27.03 56.77 2416.0 2074.0 3066.0 -841.0 6801.0 797.0 2414.0 1351.1925007111076 -2.107 11295.192500711108 0.6700842182350788 
2351 1620 14206 1.0 17.39 11.35 39.72 2.65 0.85 0.00 1.06 23.49 27.03 56.74 2416.0 2074.0 3064.0 -1083.0 6557.0 932.0 2415.0 2804.1925007111076 -5.776 12629.192500711108 0.898938117905529 
2345 1168 6865 1423.0 8.40 11.34 39.68 2.68 0.87 0.01 1.20 14.61 27.03 56.70 2416.0 2074.0 3062.0 -701.0 6936.0 745.0 2417.0 860.1925007111076 -0.607 10886.192500711108 0.5789088246063713 
1075 200 5330 8869.0 6.52 6.43 22.52 3.26 1.05 16.60 2.87 9.32 27.03 52.91 2416.0 2074.0 2857.0 -272.0 7150.0 677.0 2432.0 291.19250071110764 3.392 10511.192500711108 0.4463566459172465 
2344 1017 11786 1894.0 14.42 11.33 39.67 2.67 0.86 0.03 1.09 20.54 27.03 56.71 2416.0 2074.0 3062.0 -987.0 6651.0 868.0 2414.0 2088.1925007111076 -4.064 11951.192500711108 0.7920175759794947 
2351 1274 8513 1073.0 10.42 11.35 39.72 2.64 0.85 0.00 1.15 16.61 27.03 56.75 2416.0 2074.0 3064.0 -812.0 6828.0 787.0 2415.0 1297.1925007111076 -1.778 11253.192500711108 0.6503112413035518 
2345 958 7704 2074.0 9.43 11.34 39.68 2.65 0.85 0.04 1.17 15.62 27.03 56.74 2416.0 2074.0 3064.0 -759.0 6881.0 765.0 2416.0 1039.1925007111076 -1.202 11032.192500711108 0.6147931160746979 
1078 511 5333 7894.0 6.53 6.45 22.57 7.82 2.52 11.97 3.63 8.62 27.03 47.21 2416.0 2074.0 2549.0 -181.0 6933.0 679.0 2559.0 343.19250071110764 4.226 10471.192500711108 0.44855364335408276 
2345 1001 8386 1940.0 10.26 11.34 39.68 2.66 0.86 0.03 1.15 16.44 27.03 56.72 2416.0 2074.0 3063.0 -803.0 6836.0 783.0 2415.0 1219.1925007111076 -1.679 11183.192500711108 0.6440864152325156 
2349 989 9949 1964.0 12.18 11.34 39.71 2.63 0.85 0.04 1.12 18.34 27.03 56.77 2416.0 2074.0 3065.0 -897.0 6744.0 822.0 2414.0 1616.1925007111076 -2.787 11526.192500711108 0.7125595020139144 
2351 1566 9302 168.0 11.38 11.35 39.72 2.65 0.85 0.00 1.13 17.56 27.03 56.74 2416.0 2074.0 3064.0 -860.0 6780.0 809.0 2414.0 1546.1925007111076 -2.332 11471.192500711108 0.6843647015745148 
1251 256 5351 8079.0 6.55 7.36 25.75 3.83 1.24 12.79 2.59 9.81 27.03 52.77 2416.0 2074.0 2850.0 -320.0 7097.0 681.0 2448.0 308.19250071110764 2.952 10492.192500711108 0.4540461369461736 
2343 893 8208 2282.0 10.05 11.33 39.66 2.64 0.85 0.07 1.15 16.23 27.03 56.74 2416.0 2074.0 3064.0 -792.0 6848.0 778.0 2414.0 1157.1925007111076 -1.555 11129.192500711108 0.6363969242035884 
2341 1631 14094 1.0 17.25 11.33 39.65 2.72 0.88 0.00 1.07 23.32 27.03 56.64 2416.0 2074.0 3059.0 -1076.0 6558.0 929.0 2417.0 2777.1925007111076 -5.672 12602.192500711108 0.8930794580739656 
2347 918 10555 2191.0 12.92 11.34 39.69 2.62 0.85 0.06 1.11 19.06 27.03 56.77 2416.0 2074.0 3066.0 -929.0 6712.0 837.0 2415.0 1758.1925007111076 -3.212 11653.192500711108 0.7385573050164774 
2347 1625 11454 0.0 14.02 11.34 39.69 2.68 0.86 0.00 1.10 20.14 27.03 56.70 2416.0 2074.0 3062.0 -972.0 6666.0 863.0 2416.0 2104.1925007111076 -3.833 11970.192500711108 0.7777370926400587 
1033 45 5330 9496.0 6.52 6.21 21.74 0.73 0.24 19.89 2.62 9.67 27.03 55.93 2416.0 2074.0 3020.0 -309.0 7275.0 676.0 2361.0 265.19250071110764 3.051 10541.192500711108 0.45001830831197365 
2345 989 5446 1978.0 6.67 11.34 39.68 2.66 0.86 0.04 1.24 12.93 27.03 56.73 2416.0 2074.0 3063.0 -603.0 7036.0 709.0 2416.0 469.19250071110764 0.385 10560.192500711108 0.5188575613328451 
2345 1162 13211 1441.0 16.17 11.34 39.68 2.68 0.87 0.01 1.08 22.26 27.03 56.70 2416.0 2074.0 3062.0 -1045.0 6592.0 904.0 2417.0 2475.1925007111076 -5.064 12316.192500711108 0.8546320029293301 
2347 1017 12915 1884.0 15.81 11.34 39.69 2.65 0.85 0.03 1.08 21.91 27.03 56.74 2416.0 2074.0 3064.0 -1034.0 6605.0 896.0 2416.0 2376.1925007111076 -4.864 12223.192500711108 0.8418161845477848 
2254 486 5351 3855.0 6.55 11.13 38.97 2.62 0.84 0.78 1.28 12.67 27.03 56.65 2416.0 2074.0 3059.0 -583.0 7051.0 702.0 2414.0 360.19250071110764 0.560 10466.192500711108 0.5108019040644453 
1033 934 5334 6740.0 6.53 6.21 21.74 13.16 4.25 7.47 4.99 8.03 27.03 40.40 2416.0 2074.0 2181.0 -58.0 6687.0 680.0 2706.0 411.19250071110764 5.349 10436.192500711108 0.47674844379348225 
2348 991 7430 1961.0 9.09 11.34 39.70 2.64 0.85 0.04 1.17 15.30 27.03 56.76 2416.0 2074.0 3065.0 -741.0 6900.0 759.0 2414.0 974.1925007111076 -1.016 10977.192500711108 0.6030757964115708 
2313 1107 7239 1724.0 8.86 11.27 39.44 2.91 0.94 0.02 1.22 14.96 27.03 56.37 2416.0 2074.0 3044.0 -717.0 6902.0 754.0 2422.0 945.1925007111076 -0.788 10952.192500711108 0.5924569754668619 
2341 1090 11999 1679.0 14.69 11.33 39.65 2.70 0.87 0.02 1.10 20.78 27.03 56.66 2416.0 2074.0 3060.0 -995.0 6641.0 874.0 2418.0 2154.1925007111076 -4.204 12016.192500711108 0.8011717319663129 
2347 1105 13358 1611.0 16.35 11.34 39.69 2.66 0.86 0.02 1.07 22.45 27.03 56.72 2416.0 2074.0 3063.0 -1051.0 6588.0 908.0 2415.0 2503.1925007111076 -5.173 12342.192500711108 0.8612229952398389 
2347 1344 8278 870.0 10.13 11.34 39.69 2.68 0.86 0.00 1.16 16.31 27.03 56.71 2416.0 2074.0 3062.0 -796.0 6842.0 782.0 2416.0 1248.1925007111076 -1.603 11213.192500711108 0.6396924203588429 
2350 1073 14738 1700.0 18.04 11.35 39.71 2.64 0.85 0.02 1.05 24.13 27.03 56.76 2416.0 2074.0 3065.0 -1101.0 6540.0 942.0 2415.0 2849.1925007111076 -6.150 12675.192500711108 0.9220065909923105 
2346 1626 7058 0.0 8.64 11.34 39.68 2.69 0.87 0.00 1.19 14.85 27.03 56.69 2416.0 2074.0 3061.0 -714.0 6923.0 753.0 2416.0 984.1925007111076 -0.743 10997.192500711108 0.5873306481142438 
2351 1620 13846 1.0 16.95 11.35 39.72 2.65 0.85 0.00 1.07 23.05 27.03 56.74 2416.0 2074.0 3064.0 -1070.0 6570.0 923.0 2416.0 2712.1925007111076 -5.523 12542.192500711108 0.8831929696082021 
2341 911 12035 2233.0 14.73 11.33 39.65 2.66 0.86 0.06 1.09 20.83 27.03 56.72 2416.0 2074.0 3063.0 -997.0 6641.0 873.0 2416.0 2133.1925007111076 -4.237 11994.192500711108 0.8026363969242035 
2339 1020 14366 1903.0 17.58 11.32 39.63 2.71 0.87 0.03 1.07 23.65 27.03 56.66 2416.0 2074.0 3060.0 -1085.0 6550.0 932.0 2416.0 2746.1925007111076 -5.863 12574.192500711108 0.9051629439765654 
2304 1427 9965 763.0 12.20 11.25 39.37 3.00 0.97 0.00 1.17 18.20 27.03 56.25 2416.0 2074.0 3037.0 -884.0 6728.0 824.0 2425.0 1691.1925007111076 -2.675 11593.192500711108 0.7092640058586598 
2347 918 10555 2191.0 12.92 11.34 39.69 2.62 0.85 0.06 1.11 19.06 27.03 56.77 2416.0 2074.0 3066.0 -929.0 6712.0 837.0 2415.0 1758.1925007111076 -3.212 11653.192500711108 0.7385573050164774 
2345 1627 10969 0.0 13.42 11.34 39.68 2.69 0.87 0.00 1.11 19.55 27.03 56.68 2416.0 2074.0 3061.0 -948.0 6688.0 851.0 2416.0 1980.1925007111076 -3.487 11856.192500711108 0.7564994507506408 
2345 984 6348 1993.0 7.77 11.34 39.68 2.65 0.86 0.04 1.21 14.00 27.03 56.73 2416.0 2074.0 3063.0 -666.0 6973.0 731.0 2416.0 698.1925007111076 -0.249 10748.192500711108 0.5569388502380082 
2345 897 14563 2263.0 17.82 11.34 39.68 2.63 0.85 0.06 1.06 23.91 27.03 56.76 2416.0 2074.0 3065.0 -1094.0 6546.0 937.0 2415.0 2776.1925007111076 -6.023 12605.192500711108 0.9143170999633834 
2341 1064 6412 1759.0 7.85 11.33 39.65 2.70 0.87 0.02 1.21 14.06 27.03 56.67 2416.0 2074.0 3060.0 -669.0 6967.0 733.0 2417.0 727.1925007111076 -0.281 10773.192500711108 0.5591358476748444 
2341 1133 12429 1545.0 15.21 11.33 39.65 2.71 0.87 0.01 1.09 21.30 27.03 56.66 2416.0 2074.0 3060.0 -1013.0 6622.0 885.0 2417.0 2271.1925007111076 -4.505 12123.192500711108 0.8198462101794215 
2342 1630 6893 1.0 8.44 11.33 39.66 2.71 0.88 0.00 1.20 14.64 27.03 56.65 2416.0 2074.0 3059.0 -702.0 6933.0 749.0 2417.0 943.1925007111076 -0.617 10963.192500711108 0.5800073233247894 
2313 1107 10911 1724.0 13.35 11.27 39.44 2.91 0.94 0.02 1.14 19.37 27.03 56.37 2416.0 2074.0 3044.0 -937.0 6683.0 846.0 2422.0 1880.1925007111076 -3.367 11760.192500711108 0.75100695715855 
2350 1621 12863 1.0 15.74 11.35 39.71 2.66 0.86 0.00 1.08 21.86 27.03 56.73 2416.0 2074.0 3064.0 -1033.0 6607.0 898.0 2415.0 2462.1925007111076 -4.830 12303.192500711108 0.839985353350421 
1292 80 5330 8481.0 6.52 7.57 26.49 1.23 0.40 14.66 2.19 10.43 27.03 56.16 2416.0 2074.0 3033.0 -384.0 7216.0 681.0 2376.0 274.19250071110764 2.364 10506.192500711108 0.4621017942145734 
2347 1168 13103 1416.0 16.04 11.34 39.69 2.67 0.86 0.01 1.08 22.14 27.03 56.72 2416.0 2074.0 3063.0 -1041.0 6597.0 902.0 2416.0 2448.1925007111076 -4.993 12291.192500711108 0.8502380080556573 
2347 1195 10694 1332.0 13.09 11.34 39.69 2.67 0.86 0.01 1.11 19.22 27.03 56.71 2416.0 2074.0 3063.0 -935.0 6703.0 842.0 2416.0 1840.1925007111076 -3.301 11728.192500711108 0.744415964848041 
2341 1631 12743 1.0 15.60 11.33 39.65 2.72 0.88 0.00 1.09 21.68 27.03 56.64 2416.0 2074.0 3059.0 -1025.0 6609.0 895.0 2418.0 2433.1925007111076 -4.723 12276.192500711108 0.8337605272793849 
2344 1279 7593 1082.0 9.29 11.33 39.67 2.70 0.87 0.00 1.18 15.48 27.03 56.68 2416.0 2074.0 3061.0 -750.0 6886.0 764.0 2416.0 1064.1925007111076 -1.114 11056.192500711108 0.6100329549615526 
2345 1197 14563 1333.0 17.82 11.34 39.68 2.68 0.87 0.01 1.06 23.90 27.03 56.69 2416.0 2074.0 3061.0 -1093.0 6544.0 938.0 2416.0 2825.1925007111076 -6.013 12650.192500711108 0.9139509337239106 
2349 996 7312 1942.0 8.95 11.34 39.71 2.63 0.85 0.03 1.17 15.17 27.03 56.77 2416.0 2074.0 3065.0 -733.0 6908.0 756.0 2414.0 945.1925007111076 -0.935 10953.192500711108 0.5983156352984255 
1446 282 5351 7316.0 6.55 8.31 29.08 3.69 1.19 9.60 2.25 10.47 27.03 53.54 2416.0 2074.0 2891.0 -381.0 7079.0 685.0 2444.0 315.19250071110764 2.381 10477.192500711108 0.4657634566093007 
2346 918 5400 2194.0 6.61 11.34 39.68 2.63 0.85 0.06 1.24 12.88 27.03 56.76 2416.0 2074.0 3065.0 -600.0 7041.0 707.0 2415.0 446.19250071110764 0.411 10540.192500711108 0.5170267301354816 
2347 1168 13313 1416.0 16.29 11.34 39.69 2.67 0.86 0.01 1.07 22.39 27.03 56.72 2416.0 2074.0 3063.0 -1049.0 6589.0 907.0 2415.0 2501.1925007111076 -5.140 12340.192500711108 0.8590259978030026 
2313 1107 10911 1724.0 13.35 11.27 39.44 2.91 0.94 0.02 1.14 19.37 27.03 56.37 2416.0 2074.0 3044.0 -937.0 6683.0 846.0 2422.0 1880.1925007111076 -3.367 11760.192500711108 0.75100695715855 
2351 1340 13850 869.0 16.95 11.35 39.72 2.65 0.85 0.00 1.07 23.06 27.03 56.75 2416.0 2074.0 3064.0 -1070.0 6570.0 921.0 2415.0 2666.1925007111076 -5.526 12497.192500711108 0.8835591358476749 
2347 1099 10676 1630.0 13.07 11.34 39.69 2.66 0.86 0.02 1.11 19.20 27.03 56.72 2416.0 2074.0 3063.0 -935.0 6704.0 841.0 2416.0 1819.1925007111076 -3.289 11709.192500711108 0.7436836323690955 
2347 1169 11274 1413.0 13.80 11.34 39.69 2.67 0.86 0.01 1.10 19.93 27.03 56.72 2416.0 2074.0 3063.0 -964.0 6675.0 856.0 2415.0 1982.1925007111076 -3.708 11856.192500711108 0.7700476016111315 
2345 1417 5712 651.0 6.99 11.34 39.68 2.69 0.87 0.00 1.23 13.24 27.03 56.68 2416.0 2074.0 3061.0 -621.0 7016.0 718.0 2416.0 607.1925007111076 0.205 10681.192500711108 0.5298425485170267 
2048 434 5389 4738.0 6.60 10.58 37.04 3.24 1.05 2.09 1.49 12.17 27.03 55.52 2416.0 2074.0 2998.0 -537.0 7036.0 699.0 2432.0 359.19250071110764 0.966 10469.192500711108 0.5001830831197364 
