-6.332 12702.192500711108 0.9337239106554376 
3.921 10504.192500711108 0.4434273160014647 
-6.332 12702.192500711108 0.9337239106554376 
-6.316 12825.192500711108 0.9333577444159649 
6.212 10423.192500711108 0.5016477480776272 
-1.481 11157.192500711108 0.6323690955693885 
-4.899 12223.192500711108 0.8443793482240939 
-1.775 11208.192500711108 0.6503112413035518 
-2.214 11355.192500711108 0.6781398755034787 
4.03 10445.192500711108 0.48114243866715495 
2.893 10509.192500711108 0.45331380446722813 
-1.209 11052.192500711108 0.6184547784694252 
-4.601 12162.192500711108 0.8260710362504577 
5.038 10440.192500711108 0.46796045404613695 
-5.359 12365.192500711108 0.872940314902966 
5.674 10428.192500711108 0.49725375320395454 
-0.129 10824.192500711108 0.5510801904064446 
-0.979 10961.192500711108 0.60161113145368 
-3.282 11669.192500711108 0.7433174661296229 
4.71 10471.192500711108 0.4632002929329916 
-5.068 12328.192500711108 0.8549981691688028 
-3.838 11930.192500711108 0.7781032588795314 
-1.061 11057.192500711108 0.6067374588062981 
-6.125 12757.192500711108 0.9212742585133651 
-5.645 12483.192500711108 0.8919809593555474 
-3.742 11833.192500711108 0.7722445990479678 
1.432 10475.192500711108 0.4866349322592457 
-2.03 11261.192500711108 0.6656902233614062 
0.341 10574.192500711108 0.5225192237275723 
2.084 10465.192500711108 0.48443793482240943 
-5.459 12414.192500711108 0.8795313072134749 
2.442 10495.192500711108 0.463932625411937 
-4.616 12111.192500711108 0.8264372024899305 
0.455 10530.192500711108 0.5148297326986452 
-5.181 12314.192500711108 0.8615891614793116 
-4.253 12002.192500711108 0.8037348956426218 
3.271 10507.192500711108 0.44745514463566455 
-3.979 11891.192500711108 0.7865250823874039 
-0.529 10926.192500711108 0.5774441596484804 
1.325 10464.192500711108 0.49285975833028195 
-5.565 12434.192500711108 0.8853899670450385 
2.667 10487.192500711108 0.4580739655803735 
-2.121 11295.192500711108 0.6708165507140242 
-2.43 11399.192500711108 0.6902233614060783 
-1.741 11303.192500711108 0.6484804101061883 
-0.848 10994.192500711108 0.5946539729036983 
-3.648 11801.192500711108 0.7663859392164043 
-4.741 12249.192500711108 0.8352251922372758 
-2.922 11552.192500711108 0.7206151592823142 
-0.381 10771.192500711108 0.5649945075064079 
-5.274 12337.192500711108 0.8674478213108753 
0.172 10719.192500711108 0.5316733797143903 
-3.196 11648.192500711108 0.737824972537532 
-6.165 12662.192500711108 0.9238374221896741 
0.301 10675.192500711108 0.5243500549249359 
-4.127 11991.192500711108 0.7964115708531674 
-2.795 11518.192500711108 0.7129256682533872 
-2.668 11467.192500711108 0.7048700109849872 
-5.881 12565.192500711108 0.9077261076528744 
-3.87 11989.192500711108 0.7806664225558404 
-3.007 11604.192500711108 0.7279384840717685 
-0.033 10665.192500711108 0.5441230318564629 
-4.358 12088.192500711108 0.8161845477846943 
-1.194 11014.192500711108 0.6147931160746979 
-0.234 10726.192500711108 0.5562065177590627 
-1.619 11134.192500711108 0.6404247528377883 
-6.092 12631.192500711108 0.918711094837056 
-3.435 11715.192500711108 0.7528377883559135 
5.274 10437.192500711108 0.4785792749908459 
-1.513 11236.192500711108 0.6349322592456977 
-2.368 11440.192500711108 0.6872940314902967 
-5.724 12573.192500711108 0.8963749542292201 
0.639 10550.192500711108 0.5108019040644453 
1.834 10486.192500711108 0.47674844379348225 
3.672 10487.192500711108 0.4459904796777737 
-5.792 12517.192500711108 0.8996704503844746 
-0.414 10784.192500711108 0.5668253387037715 
-1.142 10989.192500711108 0.6111314536799707 
0.087 10707.192500711108 0.5378982057854266 
1.012 10654.192500711108 0.504577077993409 
-4.788 12228.192500711108 0.837422189674112 
-5.99 12603.192500711108 0.9139509337239107 
-4.482 12062.192500711108 0.8176492127425851 
-1.627 11223.192500711108 0.6415232515562065 
-0.766 10899.192500711108 0.5884291468326621 
3.429 10503.192500711108 0.4459904796777737 
1.049 10498.192500711108 0.49908458440131825 
-2.463 11527.192500711108 0.6931526913218602 
-6.268 12691.192500711108 0.9296960820212377 
-2.542 11556.192500711108 0.6982790186744783 
-4.759 12283.192500711108 0.8359575247162211 
-3.427 11716.192500711108 0.7524716221164409 
-2.592 11457.192500711108 0.7030391797876235 
-5.519 12508.192500711108 0.8831929696082021 
-4.034 12030.192500711108 0.7909190772610766 
0.071 10636.192500711108 0.5382643720248994 
-6.305 12705.192500711108 0.931893079458074 
3.894 10540.192500711108 0.4448919809593555 
-3.227 11748.192500711108 0.7407543024533139 
-0.273 10726.192500711108 0.5580373489564262 
