2344.026327834394 832.6961183433143 14999.868055343295 
993.5013270565614 293.86760004468186 5328.0250551173995 
2344.026327834394 832.6961183433143 14999.893684806457 
2344.026327834394 1628.0 14999.893684806457 
943.6403029363464 1191.6790453211556 5328.6537684555415 
2344.044553222452 1216.0300074494305 8115.271840700034 
2337.1177726820347 909.6516069599344 12991.935104561808 
2341.011008006753 957.246368394317 8534.027160137488 
2325.9868229323797 953.3015636937644 9212.377163596208 
1347.0123377491805 962.9603389158702 5328.482247727708 
1190.9599966824444 157.6174392456961 5347.334530816917 
2304.303520811053 908.1241210219505 7857.757660556149 
2339.0755418055883 1164.1333131324848 12574.433588088727 
1062.2920026369304 839.2119023683862 5328.6715683809425 
2339.058236603042 829.8201148227749 13631.132085927527 
1062.2920026369304 1180.927904373638 5328.6715683809425 
2331.345690217159 1638.1521110563056 6237.75989558166 
2339.9967446054916 926.5372431049096 7401.887987382807 
2334.371428574979 836.9970991382971 10691.902117589816 
1062.2920026369304 720.4742782933844 5431.408107011046 
2342.587715018633 1218.2041830113267 13225.079839176879 
2343.8263927931953 1352.1170303813008 11471.41827106625 
2340.211395340253 1365.3813763843132 7532.055036539554 
2343.8263927931953 1628.0 14728.062476769293 
2319.6706261346976 850.1772970875616 14109.094773572891 
2337.0927706875746 920.6901462754474 11344.807344021332 
1707.6088389276533 185.65900386478086 5384.850973851343 
2337.2502264055715 790.414717644662 8892.827949077768 
2326.5392474578443 928.5851259831136 5567.693830325265 
1801.959338636304 788.180628716757 5328.75601651999 
2337.1064193888405 897.8369686931743 13788.79692930336 
1372.2594641701808 221.5480036001701 5390.464692590304 
2339.0755418055883 829.8201148227749 12574.433588088727 
2338.939004022899 918.9442585006692 5363.1383864336385 
2344.4649411003184 905.6023903261375 13368.26073446538 
2342.9533187242537 927.121160376395 12052.73213270589 
1114.1300647709681 200.15435067204857 5328.69190123489 
2337.253593059704 790.414717644662 11667.82883155027 
2305.6833960502477 1406.366686702098 6901.650586259608 
1981.4006498783872 581.9795145952388 5339.87024543204 
2343.8268920582022 832.2993109504638 13907.145427585367 
1314.569568017525 221.5480036001701 5329.242068250289 
2344.0546801777155 844.4533668983527 9005.118074936925 
2343.5814526252643 884.6109684997825 9448.856513519408 
2343.8412741329444 1628.0 8487.202774629039 
2337.3721280713276 1365.3813763843132 7239.978939801433 
2337.2499830259335 895.8022703906973 11209.325617340077 
2337.2108404363166 1416.9030772623007 12782.861579051476 
2344.0479140376133 869.2215693213087 10148.947163850682 
2338.939004022899 867.0254372613321 6547.5243014816115 
2343.8506562953667 848.5884866528372 13495.01972148055 
2348.5796080310606 1622.0 5744.03396688907 
2339.98424955319 886.7301256718855 10554.311202517483 
2337.0927706875746 899.5193524504501 14793.898648258888 
2341.291028444215 1547.1636623030588 5589.978773154341 
2341.3388752759015 1117.3861508213686 11890.034400261686 
2344.4649411003184 905.6023903261375 9970.541355099806 
2344.049311554352 842.2270389040759 9783.900667838498 
2303.30741187166 766.1372283273927 14491.597277758337 
2339.9896646550933 1633.0 11532.94415901907 
2323.4996020791814 917.4477532532212 10348.73394703113 
2332.8948773377992 832.6961183433143 6068.620892914514 
2266.098405500416 867.0254372613321 12479.592994085657 
2332.7846108423473 836.3042488019779 7723.085353222903 
2332.8948773377992 832.6961183433143 6354.755948645462 
2337.2502264055715 790.414717644662 8307.783396403445 
2344.4649411003184 905.6023903261375 14665.641531975049 
2337.0927706875746 811.5657210462717 10896.550156552825 
1062.2920026369304 960.8824538216866 5342.323593311042 
2340.211395340253 1633.0 8175.701046623518 
2338.6735072226893 1240.1984785318293 9395.697861673887 
2343.8268920582022 1347.6791390685994 14156.711244123006 
2257.1238923063206 1025.2258464813067 5418.158131947619 
1553.8358514455674 185.65900386478086 5382.938405371012 
1114.1967578510842 343.66168343940524 5328.676995464025 
2344.044553222452 860.2368377900983 14234.153576575614 
2344.948283844142 890.7865044849262 6575.634199309915 
2337.2502264055715 790.414717644662 7628.455894522275 
2331.555644570135 1302.9227313998308 5927.085358319014 
2133.909144748077 1759.2699841305948 5444.86752595598 
2342.587715018633 1195.829233747059 12825.705485730734 
2319.6706261346976 848.5094733181908 14600.17352153137 
2344.077573644623 832.6961183433143 12365.720615616672 
2343.8268920582022 1354.408912428976 8322.95669766648 
2339.9967446054916 928.9770123134165 7098.404314364861 
1097.3517247258128 236.17683456608114 5328.6715683809425 
2133.909144748077 876.1091845002065 5328.710749707758 
2343.8412741329444 1628.0 9514.09166472807 
2344.0111110674743 900.2812884951926 14916.367286762175 
2339.9896646550933 1633.0 9640.87985721226 
2344.1438182729676 1628.0 12782.861579051476 
2337.3010035348793 836.9089302341987 10889.422129230077 
2303.30741187166 766.1372283273927 9809.25887278551 
2342.587715018633 1379.8112684657601 13868.652584128 
2339.0823956680533 1555.7071847719235 11769.988824192944 
2332.321292846245 839.5009623945082 5926.129942014439 
2344.0111110674743 900.2812884951926 14969.148815489654 
888.1388492636698 185.65900386478086 5358.194193466724 
2339.98424955319 1454.41936842201 10616.992414151506 
2339.920215663935 792.4238260496951 6379.549392150222 
844.6846755195319 1156.11353302884 5328.8782529273 
844.6846755195319 1156.11353302884 5328.8782529273 
2346.6796900358477 1543.2123435762537 14999.844190341386 
991.707509629739 296.1792867301336 5328.869397766801 
2345.854717109008 981.4860996279132 9625.672717669306 
2346.7385980988283 1449.1119522402464 9916.428790769278 
2346.3228616406836 1616.0404971167502 9408.431272378786 
1578.7396437851742 292.35166496302355 5351.438391350336 
2333.165114886078 1098.9377157067331 10521.184640777594 
1743.6570306204153 300.79701464673394 5399.673250380379 
2337.5124300678126 777.2482930319043 11922.301602720258 
2271.8931148239735 1087.2938691191068 5400.570217124981 
1112.800339998575 877.6002769856013 5328.0077055662605 
2338.835949818289 1457.541505175476 8106.084542421125 
1902.9327243022549 229.17418115100122 5328.869397766801 
1420.2359076595035 229.17418115100122 5328.869397766801 
1112.800339998575 1004.2461044796889 5343.9464095271105 
2346.3632750628703 1100.4773278583502 8808.157313003216 
2334.0746561909796 1190.1832283152405 9314.888473289668 
2247.0129848401143 1100.4773278583502 8567.298709438131 
2334.39312875994 777.2482930319043 12245.165474353023 
2347.9692890414753 987.2129484459608 11505.223884936478 
2347.2463087831575 1004.9012811983678 10128.093380657027 
1196.1313885379493 795.8877364629828 5328.027897670038 
2338.835949818289 1457.541505175476 7455.655366516869 
2346.992636537594 1215.101282667386 13883.381755777225 
2338.7453990916897 986.2836153547114 9010.086563069966 
2347.228563877664 1590.41946212241 7047.6263216154575 
2339.427901916513 880.0144476973845 11734.636717344056 
2346.990916889506 1625.0 13370.064997661942 
991.707509629739 1014.067196299459 5328.623305973287 
2345.7115646771813 1094.4870231700668 9992.754877529651 
2346.3694302631648 1125.2206672740779 14035.239307001553 
1077.4107112060274 1133.3315490828088 5343.9464095271105 
2347.2408162083398 1077.6905253585232 6969.077674502462 
2346.571942092182 1625.0 10335.282268189458 
2345.8798433275065 1285.8194354604934 8584.958506382334 
2344.3886947454343 1028.5534831306622 9193.34874824595 
2292.352153938245 955.5686010563177 13508.546544557023 
2347.1076488487074 980.32957542221 11346.311872432063 
2346.9555286245636 1484.6072863600389 12701.920127788328 
1938.3223854371995 246.90399413873718 5446.697058147765 
2347.228563877664 1499.2915136355462 5400.119728139381 
2346.363115452551 1623.3113465600438 7622.78654678834 
1171.4619480235863 99.7282820902687 5349.064699851919 
2333.3306666547633 1198.7259032589216 14159.11030955693 
2346.8593919625814 1556.894455871699 13016.531554276185 
2345.8697366840515 1489.1955943965343 5995.099445753776 
2337.5124300678126 777.2482930319043 8432.510650194365 
2346.0810554094433 1077.6905253585232 14874.515917407372 
2346.3340699750797 1615.754097855704 13647.493470844947 
2344.6456999503043 1387.5213364684935 12372.59185885016 
2347.6426821317777 959.1309810279613 12381.66062993895 
2290.7575921416546 1028.5534831306622 9193.34874824595 
2338.835949818289 1592.5517779796019 7815.248600312207 
1252.8068957142245 139.29339059963306 5349.328727610337 
2346.3632750628703 1108.394131152842 5425.4158957302 
2281.634008787148 1308.857847871142 11764.601334570953 
2347.112661396092 1587.3761496942107 6760.404582521414 
2336.3810706827367 1222.0107532758025 10643.726360873654 
2347.228563877664 1590.41946212241 7227.067209698957 
865.9102805928735 1004.9017482753375 5328.027897670038 
1249.4615814922 877.6002769856013 5328.010203059659 
879.1280769939838 98.6178377808319 5328.027897670038 
2346.9888434930244 1615.56453509534 13243.384310941814 
2346.376333557862 1072.3214551975932 5656.323294612978 
2346.988396913981 907.43712590835 13789.099616057836 
865.9102805928735 1004.9017482753375 5328.020391933564 
1267.5153604521568 300.79701464673394 5399.673250380379 
2343.192051017417 1079.4287317514736 6740.931357596578 
2346.0473388188893 1597.4661750492482 5842.278346215324 
2346.733397964658 1583.6996910694666 7162.089158678533 
2347.9065310725346 1308.857847871142 10753.500691004292 
2346.3407834300237 876.4155860394983 7922.787617807571 
2319.0126194868103 856.7849942423161 8071.826587016691 
2332.4980184185574 1630.1233274959395 5633.250271589476 
2347.673218926028 1148.1767228456758 7555.782996138828 
2346.0575659787164 901.2676163479083 14790.352832381355 
2347.9692890414753 981.013246952374 11233.00156197072 
2346.9565886974974 1625.0 14544.342104881978 
2345.8798433275065 911.3613032744554 14441.795462825277 
2347.9065310725346 1308.857847871142 10753.500691004292 
2346.2680623622377 1223.6801906815406 11166.602382653042 
2338.835949818289 1290.8577438989455 5797.836078229236 
1334.6807435870269 469.4729278579308 5388.485518621133 
2346.0810554094433 1077.6905253585232 14261.747114455244 
2346.9565886974974 1625.0 10905.27655266172 
2346.9931268572805 1194.9982170987669 10587.034459436354 
2311.254973514559 1659.886795153523 14759.231105621462 
2346.348653477866 1626.0 14716.512882785086 
2322.9090707853375 1652.0 13243.384310941814 
2344.909270300935 1223.6801906815406 10995.904024830881 
2346.988396913981 1484.2382499866035 11678.22870821931 
2333.1716596313363 1134.5069935740569 14649.270005897768 
991.707509629739 145.3594222862883 5328.172208796931 
2346.9880946941043 1625.0 12066.153215339295 
2345.8697366840515 1626.0 6158.753608403537 
2307.3610769661027 752.7102717119969 6161.483849436565 
2346.903076715541 963.6242762678542 13672.089824761642 
2336.056195109814 1315.0560887363586 6267.6813189399045 
2350.5396942118487 1002.7212662583054 14999.96314357922 
937.9581389779539 268.07286551626873 5328.00210075476 
2350.5396942118487 1002.7212662583054 14999.96314357922 
936.2791664133739 1183.5780676593947 5328.005483943672 
2345.5083622385882 1626.0 14952.456378357156 
2345.0383546468934 907.9282017479795 13687.865256295261 
2350.5175770008436 1611.5526942990284 13443.54064972725 
2347.4226850538175 1002.6880971246894 6683.808826393043 
2347.786841538814 977.7239732955312 6092.132822892312 
936.2791664133739 917.9681606374687 5328.005483943672 
1200.8694835498054 1123.4027085978987 5371.773454918945 
1813.0756986782753 341.3543166483846 5328.021520994058 
2344.8421932602387 877.3078086949148 10348.323208000847 
2345.9432931885603 917.7751356090475 9467.201920126672 
2344.750495690579 1588.8767081266644 5764.138671999028 
2344.6995739277595 1070.1461395917095 7880.4478991010155 
2346.8302169203594 1104.7329262971657 12534.889784168197 
2344.750495690579 1585.772610693006 6582.8291741550765 
2347.0415703248173 1169.2937632795476 11135.541077582224 
2311.555372398641 1039.905910225762 12253.371005719462 
2333.50822570554 1639.0 10257.98443505217 
2350.5246793309143 1620.0 14836.761663242145 
937.9581389779539 148.805880698316 5328.005483943672 
1291.6093928687155 1172.8031367434132 5333.770435439705 
2347.685094130936 989.6934251748514 8039.05964187793 
1450.6075215272085 140.44576776420337 5351.012356423956 
2345.1798423929413 904.7196659556091 9665.29808928809 
2350.7064361707708 1124.729051555176 5647.664905077968 
2295.9612993642095 761.2714218428732 9251.582162034878 
2346.982862966592 1167.9337887978977 10050.903366976865 
2344.770824400084 1298.9192216827876 8916.248596771422 
1529.1676704523823 177.6237185670649 5483.6671259471495 
1241.6999877005069 90.27208768141429 5328.427610045505 
2341.981996832812 1194.700968641313 12704.860504993921 
2209.834011293917 1197.5942720269827 5389.407064254128 
2350.4491717813644 1621.0 8632.817700385067 
2344.750778495187 1056.2732098246247 12317.226047109536 
2344.7645541811876 870.2803268072159 8984.898785018515 
2350.522445503791 1620.0 14205.818104130427 
2344.624735806952 1167.9337887978977 6865.06276313844 
1075.0364067906703 200.09619661867566 5329.808391428292 
2344.35605145521 1017.2676496326612 11786.055113303928 
2350.7607876271422 1274.095814105847 8513.439118674294 
2344.750495690579 957.7652594727639 7704.224335814428 
1078.088507490438 510.6337653670173 5332.6699749264935 
2344.8898069268325 1001.4320682585471 8386.146347006548 
1022.0672671874152 889.9178863714443 5350.063360655383 
2348.8295786459666 988.908197675812 9948.893466941487 
2350.5393306161786 1565.8920273215094 9302.146222973905 
1251.1728158979654 255.74663306113365 5351.012356423956 
2345.345381610706 1620.8435297968695 14459.894383075463 
2343.3355309072685 893.4159944135838 8208.391270480328 
2341.176104571001 1630.5436109795723 14093.751018731838 
2346.982862966592 917.8081845492146 10554.804404133982 
2346.9807347300334 1625.0 11453.679011098458 
1032.6703030482477 45.401312627364064 5329.808391428292 
2344.8898069268325 989.4557470037611 5445.81534787321 
2345.3206942751654 1162.2871497390813 13211.172075117713 
2346.9524216804293 1017.2676496326612 12914.841727106088 
2253.904329077996 485.50659810711085 5351.012356423956 
1032.6703030482477 934.4909591536864 5333.875014211653 
2347.5194642919655 991.4806877467952 7429.63301969145 
2313.413834247439 1106.6694702362563 7239.095707944026 
2114.0617807790068 1888.0 5351.494100581475 
2341.3865520155327 1089.6792575510456 11999.34172174806 
2346.9145981262122 1104.7329262971657 13358.004283386426 
2346.785472021866 1344.3904737719047 8277.667227816246 
2350.451215533289 1073.286973280412 14738.168616215498 
2345.9432931885603 1626.0 7057.564626160447 
2350.522445503791 1620.0 13845.822783722326 
2341.3865520155327 910.728110613782 12034.880264063526 
2339.0365199309463 1019.9761959976505 14366.448171706987 
2304.073497154787 1427.3676060090438 9965.163119032333 
2344.35605145521 1628.0 11687.867727413155 
2346.982862966592 917.8081845492146 10554.804404133982 
2333.50822570554 1312.3476196043976 11225.802297497965 
2344.551638494119 1627.0 10969.289272369819 
2344.893351241031 984.3631888786883 6347.798807003048 
2345.175264638316 897.2862331951362 14562.891315924842 
2341.3612845953844 1063.5927358103977 6412.469235700982 
2341.2768428947843 1132.5919602524357 12429.388985434109 
2341.6338986290807 1630.0 6893.397313045569 
2313.413834247439 1106.6694702362563 10911.412875859827 
2350.4491717813644 1621.0 12862.761707714104 
1291.6093928687155 79.6377924508696 5329.704003118127 
2347.116691151305 1167.9337887978977 13103.488801065505 
2346.8539234192885 1194.5720781385883 10693.708062156247 
2341.127100690177 1631.0 12743.010871632247 
2344.472863973552 1279.0384775815915 7592.766224561699 
2345.175264638316 1196.8844851006434 14562.891315924842 
2349.2541499086674 995.6418703245697 7311.945533563885 
1445.816416857429 282.1465611409269 5351.012356423956 
2345.9432931885603 917.7751356090475 5400.050857658354 
2347.116691151305 1167.9337887978977 13312.528725722394 
2313.413834247439 1106.6694702362563 10911.412875859827 
2350.522445503791 1339.765140597534 13849.79090811711 
2346.9126613212716 1098.9612153968592 10675.637042886749 
2346.997903563135 1169.2937632795476 11274.005990451908 
2345.3482720438064 1417.0942740393914 5711.667706150253 
2048.376850777591 434.20253917809634 5388.524141868552 
