0.007800581679806496
0.013737145356352204
0.009091798853836059
0.00900494243573925
0.00783686558010283
0.009260569327595808
0.013640030846413005
0.008854625027521545
0.008425143961824557
0.008391383679239736
0.011115471024516595
0.010381313217120419
0.00935695230761317
0.01025366788376869
0.008875082686370247
0.010842644911847157
0.008895001488301219
0.00806356871607648
0.00794797899960611
0.00831936321347518
0.008772339025447877
0.012740898690445496
0.009486329087616088
0.011249919776171253
0.009371034426234265
0.008352860149447888
0.00867959049648761
0.008922349084736554
0.009073837987843347
0.008938534172358754
