5,88
5,88
4,69
3,63
2,24
1,98
2,36
2,52
2,56
2,32
2,67
3,67
4,80
4,95
4,63
4,61
5,63
7,58
8,91
9,87
8,65
7,88
7,36
6,90
5,98
5,73
3,96
3,06
2,60
2,93
4,43
6,13
8,30
9,65
10,29
11,06
11,05
10,79
10,57
10,38
10,49
11,02
11,23
10,91
10,46
9,81
9,23
8,86
7,52
5,24
3,97
2,91
2,09
1,83
2,19
2,04
2,98
3,70
5,30
6,45
6,68
6,39
6,19
6,24
6,75
8,20
9,24
9,28
8,81
7,47
7,21
6,70
6,02
4,55
3,34
2,42
1,85
2,24
2,63
2,76
3,28
3,82
4,63
6,23
7,48
7,17
6,49
6,38
6,62
8,76
10,06
10,25
10,04
9,37
8,62
7,61
5,88
5,13
4,43
4,02
3,96
4,47
5,93
7,93
11,20
12,09
11,68
11,27
11,20
11,28
11,06
11,03
11,08
11,52
11,51
11,19
11,23
10,53
10,36
9,44
7,93
6,24
4,57
3,51
2,87
2,93
4,65
6,99
9,60
9,62
9,58
9,34
9,22
9,06
8,47
8,07
8,68
9,14
9,36
9,17
8,39
7,36
6,90
6,10
5,20
3,90
2,85
2,55
1,98
2,69
4,88
7,98
10,54
10,95
10,70
10,97
10,57
10,42
10,31
10,40
10,82
11,23
11,29
10,96
10,91
10,37
9,87
9,38
8,87
12,10
10,90
10,02
9,74
9,96
10,62
13,03
14,70
14,45
13,71
13,47
13,43
13,47
13,50
13,87
14,15
14,30
14,13
13,38
13,01
11,73
11,05
9,67
8,38
6,60
5,93
4,98
4,62
5,25
7,47
9,42
11,58
12,22
11,90
11,68
11,48
10,90
10,58
10,45
10,92
11,57
11,87
11,28
10,32
9,22
9,13
8,07
7,33
7,50
7,33
7,18
6,84
6,53
6,66
6,40
8,31
9,78
10,45
10,91
10,77
10,40
10,12
10,01
10,55
11,81
12,35
11,64
10,42
9,37
8,35
7,52
6,67
4,99
3,40
2,60
2,03
1,89
1,85
1,87
2,23
3,45
5,73
7,14
7,60
7,39
7,17
6,88
7,27
8,42
9,41
9,18
8,13
7,12
6,45
5,40
4,21
2,33
0,87
0,72
0,29
0,51
2,66
6,51
9,09
9,73
9,43
9,23
9,18
8,95
9,03
9,30
9,73
10,10
10,54
9,63
8,80
7,97
7,63
6,40
4,88
4,00
2,70
1,70
1,45
2,83
4,62
7,31
10,90
11,73
10,90
11,09
11,08
10,65
10,46
10,92
11,70
12,38
12,26
12,37
11,36
10,34
10,15
8,79
7,52
7,25
7,17
6,89
6,47
6,89
8,55
10,72
12,63
13,04
12,77
12,67
12,69
12,45
12,22
12,47
12,74
13,22
13,48
13,31
12,99
12,41
12,09
11,03
9,78
4,99
3,94
3,78
3,61
3,99
5,98
7,79
9,52
9,63
9,61
9,65
9,58
9,42
9,12
9,10
9,50
9,95
10,29
10,17
9,94
9,35
8,96
7,92
6,53
6,15
5,49
4,40
4,06
4,72
6,78
8,93
10,68
10,54
10,64
10,72
10,69
10,14
9,64
9,23
9,40
9,83
9,90
9,44
8,67
7,24
6,79
6,04
5,08
5,10
4,32
3,27
2,68
2,85
3,06
2,99
5,01
6,61
6,72
7,11
7,02
6,75
6,47
6,06
6,62
8,25
9,06
8,71
7,34
6,55
6,16
5,63
4,29
2,61
1,06
0,19
0,00
0,00
0,00
0,00
0,00
0,00
1,19
2,31
3,43
3,50
3,11
2,61
2,90
4,04
6,26
7,20
6,34
5,21
4,62
3,29
1,88
1,40
0,00
0,00
0,00
0,00
1,50
5,20
8,97
9,66
9,07
9,28
9,14
8,97
8,49
8,51
8,52
8,61
8,75
7,97
7,42
6,63
6,06
4,71
2,43
1,67
0,93
0,00
0,00
0,00
2,98
6,51
8,69
9,04
8,49
8,62
8,63
8,72
8,59
8,66
8,84
8,94
9,17
8,84
8,61
7,79
7,44
6,39
4,70
3,00
1,61
0,24
0,00
0,02
2,95
6,92
9,25
9,47
9,26
9,06
8,90
8,54
8,61
8,52
8,84
9,20
9,39
9,06
8,88
8,11
7,63
6,52
4,62
1,09
0,00
0,00
0,00
0,00
0,90
4,57
6,37
6,57
6,04
6,32
6,14
5,56
5,47
5,24
5,69
6,35
6,56
5,76
4,98
4,13
3,17
1,92
0,00
0,00
0,00
0,00
0,00
0,00
0,00
2,03
5,96
6,58
6,21
5,91
5,58
5,31
4,78
4,00
4,23
4,80
5,09
4,68
3,73
2,67
2,43
1,71
0,81
0,00
0,00
0,00
0,00
0,00
0,00
0,00
0,00
0,79
2,65
3,33
3,40
3,58
3,40
2,87
3,03
4,22
5,82
5,28
4,02
3,15
2,90
2,21
1,17
0,44
0,00
0,00
0,00
0,00
0,00
0,00
0,00
0,00
1,07
2,47
2,70
2,81
2,64
2,07
1,64
3,18
5,41
5,47
4,65
3,73
3,38
2,35
1,45
0,00
0,00
0,00
0,00
0,00
0,03
3,85
6,77
7,10
6,86
6,96
6,87
6,74
6,57
6,55
6,61
7,09
7,55
7,10
6,30
5,36
4,72
3,58
2,30
0,81
0,00
0,00
0,00
0,00
1,68
4,82
7,40
7,68
7,30
7,21
7,15
6,77
6,72
6,70
6,85
7,48
7,75
7,47
6,64
5,41
4,80
3,45
1,88
0,64
0,00
0,00
0,00
0,00
0,76
4,36
7,02
7,14
6,82
6,54
6,40
6,35
6,20
5,94
6,30
6,99
7,66
7,31
6,49
5,08
4,39
3,32
1,86
0,23
0,00
0,00
0,00
0,29
1,86
4,30
6,75
7,00
6,72
6,76
6,80
6,65
6,53
6,43
6,64
7,19
7,33
6,83
5,72
4,71
4,37
3,65
2,09
0,90
0,00
0,00
0,00
0,00
0,72
4,41
7,09
7,69
7,64
7,56
7,37
6,79
6,12
5,72
5,52
6,39
7,06
6,53
5,67
4,09
3,30
2,81
1,47
1,30
0,40
0,00
0,00
0,00
0,00
0,00
0,11
2,23
3,47
4,08
4,02
3,66
3,23
2,66
2,45
3,58
5,97
5,76
4,46
3,35
2,49
2,02
0,82
0,00
0,00
0,00
0,00
0,00
0,00
0,00
0,00
0,00
0,00
0,50
1,61
0,87
0,00
0,00
0,00
0,57
3,05
3,76
3,17
2,17
2,06
0,76
0,00
0,00
0,00
0,00
0,00
0,00
0,38
3,64
6,71
7,10
6,97
6,52
6,13
5,62
5,30
5,05
5,09
5,78
6,74
6,50
5,43
4,38
3,35
3,08
1,03
0,00
0,00
0,00
0,00
0,00
0,23
4,22
7,00
7,34
7,00
7,33
6,96
6,55
6,39
6,23
6,32
7,16
7,91
7,62
6,85
5,68
4,71
4,20
2,32
1,19
0,58
0,00
0,00
0,00
1,67
5,36
7,54
7,87
7,86
7,53
7,68
7,57
7,56
7,27
6,98
7,29
7,52
7,44
6,85
5,62
4,21
4,12
2,12
0,56
0,00
0,00
0,00
0,00
0,46
3,89
6,69
7,02
6,71
6,69
6,38
6,05
5,86
5,74
5,78
6,47
7,20
6,72
5,42
4,42
3,34
2,81
0,85
0,00
0,00
0,00
0,00
0,00
0,00
2,79
5,70
6,34
6,27
6,20
5,89
5,22
4,61
4,41
4,16
4,30
5,96
5,36
4,07
2,91
2,15
2,08
0,57
0,02
0,00
0,00
0,00
0,00
0,00
0,00
0,00
0,23
1,95
2,55
2,50
2,32
2,26
2,07
2,28
3,13
4,66
4,60
3,37
2,46
1,46
0,76
0,00
0,00
0,00
0,00
0,00
0,00
0,00
0,00
0,00
0,00
0,00
0,87
1,46
1,08
0,00
0,00
0,00
0,00
2,37
3,34
2,89
2,38
1,42
0,00
0,00
0,00
0,00
0,00
0,00
0,00
0,19
3,57
6,45
7,02
7,09
7,02
6,45
6,10
5,81
5,51
5,34
5,64
6,48
6,68
6,25
5,07
4,39
3,30
1,00
0,00
0,00
0,00
0,00
0,00
0,14
3,60
6,03
6,12
5,93
5,87
5,31
4,70
4,43
4,37
4,26
4,50
6,14
6,09
5,16
3,50
3,15
1,72
0,00
0,00
0,00
0,00
0,00
0,00
0,00
3,06
5,70
6,71
6,07
5,82
5,58
5,42
5,27
5,21
4,78
5,22
6,58
6,71
5,90
5,08
3,80
2,51
0,30
1,15
0,29
0,01
0,00
0,51
2,29
5,96
7,91
8,48
8,55
8,36
8,02
7,35
6,65
6,25
6,11
6,65
7,58
8,13
7,61
6,62
5,61
4,70
3,17
2,41
1,51
0,81
0,80
1,65
3,46
6,23
7,90
8,38
8,57
8,52
7,75
7,13
6,52
6,19
5,47
5,91
7,22
7,42
6,60
5,50
4,57
4,04
2,47
2,20
1,80
1,07
0,79
0,73
0,98
1,57
2,59
3,54
4,89
5,06
4,64
3,88
3,15
2,58
1,84
3,08
5,14
5,63
4,84
4,08
3,40
3,26
2,30
1,20
0,24
0,00
0,00
0,00
0,03
0,38
0,64
0,90
2,04
3,40
3,53
2,92
1,90
1,45
1,28
2,21
4,86
5,23
4,80
3,94
3,76
3,10
1,30
0,12
0,00
0,00
0,00
0,31
1,10
4,16
6,10
6,57
6,55
6,57
6,15
6,24
5,85
5,48
5,90
5,94
6,99
6,92
6,46
5,59
4,70
3,39
1,70
1,29
0,17
0,00
0,00
0,42
1,85
5,03
6,83
7,43
7,22
7,00
6,75
6,55
6,33
5,93
6,32
6,37
7,20
7,57
7,13
6,40
5,89
4,55
2,31
2,09
1,43
0,51
0,00
0,73
2,34
5,64
7,28
7,63
7,60
7,49
7,27
6,96
6,88
6,44
6,10
6,16
7,16
6,77
6,30
5,46
4,70
3,62
2,03
3,79
3,16
2,65
2,02
2,49
3,94
6,33
7,99
8,50
8,55
8,32
8,38
8,16
8,11
7,96
7,74
7,74
8,25
8,29
8,37
8,20
7,48
6,54
5,16
4,24
3,16
2,66
1,84
2,16
3,94
6,46
8,10
8,77
8,55
8,35
8,03
7,86
7,44
6,93
6,47
6,82
8,20
8,40
7,69
6,59
5,85
5,42
4,16
4,28
3,78
3,01
2,53
2,50
2,14
2,66
3,46
4,94
6,13
6,55
6,26
5,35
4,73
4,20
3,43
4,01
6,48
7,11
6,08
4,47
3,77
3,02
1,47
0,73
0,00
0,00
0,00
0,00
0,00
0,00
0,00
0,00
0,70
1,16
1,77
1,49
0,45
0,41
0,26
0,71
2,51
4,06
4,09
3,07
2,24
1,60
0,12
0,00
0,00
0,00
0,00
0,00
1,30
4,17
6,83
7,85
7,91
7,72
7,69
7,25
7,06
6,88
6,37
6,09
7,13
7,83
7,25
6,75
5,82
5,27
3,12
3,07
1,85
1,18
0,68
1,53
3,30
5,94
7,67
8,25
7,92
7,85
7,35
6,82
6,62
6,50
6,32
6,18
6,87
7,50
6,87
6,52
5,61
4,77
3,36
2,45
1,58
0,02
0,00
0,00
1,98
5,46
7,54
7,25
7,06
7,01
6,96
6,76
6,67
6,63
6,49
6,26
7,16
7,53
6,88
5,88
5,27
4,05
2,19
0,00
0,00
0,00
0,00
0,00
0,00
2,08
4,51
5,28
5,11
4,87
4,60
4,44
3,99
3,67
3,49
3,78
5,14
6,13
5,85
4,98
4,48
3,33
1,70
0,00
0,00
0,00
0,00
0,00
1,30
4,48
6,71
7,21
7,07
6,84
6,61
5,47
4,28
3,93
3,60
3,86
5,17
6,43
5,74
4,77
4,56
4,20
3,54
3,46
3,15
2,18
0,73
0,00
0,52
1,32
2,59
4,61
5,29
5,27
4,66
4,21
3,77
3,20
2,49
3,00
5,74
6,78
6,58
5,73
5,24
4,94
4,22
3,02
1,65
0,59
0,00
0,00
0,00
0,05
0,03
0,33
2,21
3,96
4,98
3,72
2,58
0,83
0,00
0,91
3,89
5,82
6,18
5,30
4,26
2,38
0,95
0,00
0,00
0,00
0,00
0,00
1,95
4,73
6,87
6,94
6,97
6,94
6,83
6,33
6,15
5,93
5,64
5,63
6,12
6,66
6,31
6,11
5,73
4,98
3,13
2,10
1,53
0,89
0,18
0,32
2,73
4,57
6,31
6,67
6,33
6,35
5,88
5,53
5,52
5,42
4,92
4,99
6,14
6,63
6,17
5,17
4,84
3,79
2,15
0,62
0,00
0,00
0,00
0,00
0,24
3,29
5,23
5,39
5,22
4,99
4,71
4,39
4,27
3,70
3,42
3,58
5,03
5,54
5,27
4,51
3,61
2,80
1,30
1,35
0,06
0,00
0,00
0,00
1,14
4,19
6,31
6,79
6,69
6,66
6,39
5,75
5,57
5,38
4,67
4,67
6,10
6,64
6,44
5,69
4,57
3,89
2,07
1,72
0,00
0,00
0,00
0,00
1,39
4,10
6,33
6,63
6,77
6,70
6,32
5,58
5,02
4,26
4,03
4,28
5,17
6,54
6,19
5,37
4,43
3,97
2,74
2,49
1,23
0,00
0,00
0,00
0,00
0,00
0,88
2,69
5,11
5,45
5,44
5,16
4,76
4,12
3,53
3,80
4,91
5,90
5,44
4,82
3,53
3,04
1,43
1,40
0,31
0,00
0,00
0,00
0,00
0,00
0,00
0,00
0,30
2,13
3,40
2,64
1,23
0,55
0,64
0,89
2,30
5,05
5,84
5,25
3,48
2,61
0,84
0,00
0,00
0,00
0,00
0,00
1,19
4,18
6,80
7,14
6,94
6,75
6,50
6,27
6,09
6,06
5,92
5,81
6,10
6,63
6,48
5,96
5,49
4,35
2,86
1,62
0,24
0,00
0,00
0,14
2,49
5,18
7,16
7,21
7,17
7,04
6,83
6,36
6,29
6,16
6,21
6,06
6,25
6,82
6,98
6,59
6,34
5,54
3,77
1,78
0,89
0,09
0,00
0,25
1,73
4,13
6,93
7,18
7,07
6,53
6,08
5,77
5,55
5,40
5,32
5,34
5,92
6,72
6,68
6,34
6,02
4,86
4,02
5,06
3,31
2,61
2,20
2,67
4,36
6,87
9,12
9,30
9,01
8,92
8,88
8,51
8,55
8,64
8,53
8,47
8,72
9,24
9,09
8,27
7,68
6,34
4,75
2,65
1,25
0,63
0,81
1,56
3,54
6,01
8,36
9,11
9,17
8,76
8,21
7,89
7,70
6,95
6,66
6,19
6,67
8,47
8,29
6,84
6,08
6,11
4,14
3,22
1,69
0,55
0,50
0,64
0,85
0,86
1,71
3,56
5,42
5,95
5,74
5,75
5,24
2,83
2,06
2,68
4,98
7,30
6,97
5,58
4,56
3,78
2,01
1,29
0,54
0,41
0,50
0,63
0,90
1,18
1,24
1,23
2,01
2,97
3,68
2,93
1,88
1,81
1,90
2,10
3,64
6,24
7,37
6,46
5,21
4,05
1,91
1,87
0,52
0,12
0,18
0,56
2,36
5,70
8,19
8,67
8,55
8,14
7,74
7,62
7,29
6,59
6,26
6,11
7,13
8,24
7,77
6,93
5,87
4,91
2,10
0,37
0,00
0,00
0,00
0,00
0,87
3,84
6,61
6,79
6,44
6,26
6,01
5,73
5,48
4,79
4,06
3,69
3,71
5,62
6,60
6,90
5,78
4,47
1,65
0,05
0,00
0,00
0,00
0,39
2,02
4,80
7,45
7,73
7,78
7,75
7,47
7,10
7,08
6,03
5,06
4,19
4,99
6,98
7,90
7,27
6,52
5,78
4,04
1,47
0,00
0,00
0,00
0,72
2,69
5,31
7,66
7,85
7,31
7,01
6,51
5,82
5,35
4,90
4,32
3,63
4,33
5,98
6,71
6,57
6,41
5,71
3,13
1,29
0,63
0,23
0,48
1,49
2,54
4,84
7,51
8,03
7,76
7,46
6,60
5,75
5,47
4,43
3,40
2,70
3,54
5,93
5,82
4,82
3,67
3,09
1,24
0,72
0,00
0,00
0,00
0,00
0,00
0,00
0,00
1,52
2,84
3,71
3,43
2,83
1,86
0,00
0,00
0,00
0,50
4,03
5,40
3,80
2,03
2,09
0,71
0,00
0,00
0,00
0,00
0,00
0,00
0,00
0,00
0,00
0,00
0,00
0,00
0,00
0,00
0,00
0,00
0,00
0,00
0,76
2,19
1,14
0,27
0,00
0,00
0,00
0,00
0,00
0,00
0,00
0,00
1,69
5,07
6,62
6,69
6,62
6,26
5,97
5,81
4,15
3,01
2,23
3,13
5,79
6,46
5,41
3,22
1,84
0,26
0,00
0,00
0,00
0,00
0,24
1,18
3,87
6,83
7,40
6,74
6,56
6,30
6,30
6,20
5,91
5,26
5,27
5,71
6,36
6,92
6,62
6,81
5,79
4,23
2,14
1,25
0,65
0,69
0,82
2,42
5,25
7,37
7,41
6,74
6,29
6,00
5,77
5,23
4,84
4,68
3,98
4,83
5,94
6,75
6,26
5,81
4,62
2,84
5,40
4,76
4,39
4,54
4,57
5,59
8,22
10,77
10,89
10,56
10,27
9,98
9,66
9,80
9,44
9,12
8,12
8,32
9,08
9,57
9,30
7,71
6,07
4,53
3,82
3,52
3,54
3,82
4,29
4,71
6,58
10,13
11,02
10,70
10,49
10,30
9,87
9,47
8,44
6,99
5,86
6,93
8,66
9,78
8,45
7,12
6,00
4,15
3,55
3,17
3,11
2,84
2,92
2,99
2,71
3,18
4,50
6,41
7,61
7,48
6,72
5,41
4,21
3,69
4,12
5,90
8,24
9,24
7,22
5,84
6,08
3,98
3,26
2,83
3,55
2,57
2,57
2,39
2,46
2,50
2,84
4,21
5,47
5,34
3,89
2,77
2,63
2,87
3,08
3,93
5,69
7,62
6,97
6,15
3,98
3,17
2,45
2,22
2,31
3,27
5,03
7,73
10,09
10,64
10,66
10,39
10,00
9,92
9,58
8,74
7,96
7,13
7,08
7,14
8,35
9,05
7,95
7,35
4,97
2,96
1,72
0,98
1,09
1,95
4,80
7,66
10,05
10,16
10,25
9,75
9,41
8,90
8,86
8,53
7,89
5,96
5,72
6,24
7,65
8,56
8,19
7,72
4,96
2,25
0,94
0,47
0,65
1,40
4,05
6,99
9,87
10,39
10,32
10,26
10,05
9,68
9,53
9,32
8,72
7,11
6,85
7,32
7,47
8,62
8,65
7,52
4,73
2,56
10,10
9,84
9,91
10,31
12,77
15,91
18,13
18,53
18,18
18,12
17,79
17,53
17,53
17,21
15,64
14,09
14,02
14,20
15,78
16,58
15,43
14,52
12,45
10,07
9,63
9,36
9,38
10,04
12,07
15,48
17,58
18,06
17,82
17,48
17,08
16,76
16,54
15,84
15,12
13,89
13,59
14,42
15,10
15,83
15,44
14,86
13,10
11,82
10,77
10,08
10,09
10,27
10,59
10,65
11,25
13,24
14,56
15,09
14,98
14,53
13,58
12,13
11,26
10,88
11,12
11,19
12,28
13,65
13,04
12,61
10,93
9,51
8,84
8,64
8,57
8,42
8,51
8,41
8,54
9,10
9,80
11,52
11,82
11,57
10,44
9,54
9,24
9,33
9,98
10,57
11,61
13,68
13,43
12,52
10,47
8,80
8,37
8,14
8,40
8,85
10,29
12,96
15,10
16,66
16,60
16,53
16,33
16,53
15,82
15,88
14,73
13,73
13,07
13,23
13,60
14,62
14,47
13,94
11,39
9,71
8,90
8,37
8,56
9,19
11,01
13,54
15,85
15,65
15,68
15,48
14,99
14,52
14,17
14,09
13,85
13,07
13,19
13,08
13,58
14,46
13,94
13,07
10,47
8,28
7,95
7,81
7,85
8,19
9,46
11,47
13,98
15,80
15,90
16,13
15,74
15,07
14,75
14,25
13,87
12,88
12,72
12,86
13,33
13,54
13,17
11,92
9,99
9,07
12,46
12,26
12,33
12,68
14,22
16,35
17,90
18,41
18,76
18,84
18,68
18,07
17,35
16,89
16,68
16,07
16,24
16,21
16,69
17,59
17,11
16,12
13,39
12,11
11,48
11,15
11,07
11,12
11,29
11,36
11,96
12,41
14,14
14,76
14,63
13,94
12,76
12,06
11,57
11,32
11,53
11,69
11,81
13,23
13,40
12,62
11,90
11,95
10,42
10,20
10,23
10,30
10,64
10,63
10,77
12,86
14,87
14,81
14,40
13,81
12,63
12,35
11,73
11,72
11,99
12,77
13,21
14,17
14,07
13,11
11,99
11,73
11,30
10,90
10,83
10,95
11,03
10,68
10,63
11,35
12,37
12,81
13,11
12,87
12,57
12,15
12,01
12,14
12,32
12,36
12,44
14,00
14,37
13,57
12,33
12,01
11,63
11,50
11,45
11,58
11,66
11,61
12,28
13,32
14,36
15,02
15,51
15,00
13,75
13,44
13,35
13,40
13,82
14,19
15,04
16,43
16,39
15,64
13,80
12,84
12,07
11,98
11,90
11,75
13,22
16,90
19,34
20,11
20,17
20,17
19,79
19,66
19,35
19,05
18,73
18,80
18,82
18,54
18,46
18,62
18,54
17,74
15,94
13,56
12,60
12,29
12,29
12,64
14,04
16,83
19,29
19,74
19,51
19,33
19,00
18,60
18,56
17,88
17,28
16,59
16,36
17,08
17,18
17,77
17,51
16,01
13,56
12,26
11,50
11,46
11,47
11,64
12,56
14,79
18,02
18,87
18,61
18,60
18,47
18,56
18,55
17,99
17,27
16,59
16,67
16,87
17,05
17,72
17,53
16,72
14,35
13,45
12,39
12,21
12,35
12,60
14,11
16,56
19,50
19,87
19,54
19,56
19,18
18,93
18,26
17,74
17,00
16,55
16,59
16,82
17,03
17,82
17,88
17,18
15,48
14,47
13,47
12,94
12,88
13,02
13,10
13,38
15,00
16,76
18,06
18,25
18,05
17,71
16,98
16,43
15,75
15,36
16,57
16,65
16,79
17,57
17,90
17,51
16,01
14,56
13,83
13,41
13,28
13,26
13,21
13,34
13,43
13,79
14,54
15,19
15,40
15,61
14,32
13,98
13,41
13,44
13,91
14,56
15,20
16,38
17,02
16,04
14,37
12,97
12,62
12,54
12,82
13,34
14,93
17,68
19,68
20,17
20,35
20,18
19,74
19,55
19,25
18,74
18,79
18,52
18,33
18,17
17,98
18,41
18,90
18,22
16,77
15,83
14,76
14,36
14,37
14,69
15,89
18,00
20,08
20,65
20,22
20,28
19,99
19,71
19,55
19,03
18,87
18,68
18,40
18,02
18,16
18,63
18,68
18,00
16,74
15,28
13,99
13,60
13,74
14,03
14,92
17,47
19,78
20,23
20,29
20,28
19,88
19,36
19,01
18,71
18,03
17,87
17,97
17,78
17,72
17,93
18,30
17,57
15,67
14,05
31,73
31,63
31,70
32,06
33,15
35,55
37,86
38,16
38,02
37,93
37,38
37,10
36,99
36,37
36,35
35,98
35,84
35,64
35,70
36,50
36,62
35,47
33,92
32,08
31,62
31,46
31,51
31,70
32,35
34,88
37,15
37,84
37,78
37,67
37,32
36,77
36,34
35,91
35,55
35,09
35,15
35,11
34,88
34,92
35,00
34,14
32,71
31,36
30,76
30,36
30,28
30,28
30,34
30,52
31,17
32,45
33,30
34,09
33,48
32,82
31,95
30,99
30,60
30,64
30,93
31,23
31,79
32,56
33,28
32,89
31,68
30,35
29,68
29,46
29,63
29,71
29,58
29,62
30,02
30,50
31,78
32,58
33,24
32,72
32,10
31,07
30,95
31,09
31,27
31,92
32,88
34,29
34,67
34,16
32,31
30,82
29,78
29,40
29,33
29,32
30,32
33,86
36,79
37,46
37,40
36,95
36,58
36,27
36,26
36,28
35,55
35,31
35,77
35,02
35,31
35,92
35,96
35,32
32,66
30,56
29,91
29,76
29,74
29,85
30,47
33,48
36,39
37,11
36,84
36,43
36,51
36,67
36,39
36,06
35,69
35,33
35,29
35,09
34,72
34,83
35,14
34,63
32,93
31,72
31,09
30,82
30,77
31,08
31,75
34,29
36,61
37,05
36,79
36,69
36,47
36,30
36,16
35,94
35,58
35,19
35,04
34,88
34,85
35,09
35,63
35,28
33,26
31,37
21,50
21,07
21,05
21,13
22,17
25,13
27,90
28,33
27,58
27,58
27,25
27,04
26,69
26,02
25,52
25,19
24,73
24,19
23,71
23,81
24,39
24,64
23,17
21,56
20,25
20,03
19,93
19,58
19,39
20,03
20,43
21,79
23,03
23,03
22,94
22,85
22,18
21,55
21,37
21,11
21,50
21,88
22,29
22,32
23,17
22,89
21,65
20,30
19,55
19,35
19,33
19,34
19,41
19,41
20,07
22,19
24,57
24,70
24,33
24,12
23,77
23,23
22,83
22,65
23,33
23,96
24,31
24,22
24,46
24,37
22,75
21,31
21,03
20,72
20,61
20,45
20,29
20,38
20,94
21,68
22,69
23,44
23,97
23,84
22,95
22,12
22,15
22,46
22,92
23,70
24,20
24,79
25,60
25,28
23,05
21,59
20,66
20,26
20,19
20,37
21,50
24,62
27,92
28,72
27,92
27,87
27,77
27,59
27,37
27,20
26,93
26,59
26,64
26,26
25,99
26,45
26,95
26,11
23,80
21,85
20,89
20,24
20,18
20,25
20,94
23,85
27,18
28,04
28,05
27,76
27,57
27,66
27,33
26,94
26,73
25,84
25,98
26,52
26,35
26,59
26,81
25,60
23,13
21,97
21,58
21,33
21,16
21,03
21,85
24,41
27,19
28,28
28,19
28,02
27,81
27,66
27,20
27,09
26,88
26,48
26,41
26,34
26,62
26,85
27,27
26,40
23,91
22,09
16,49
16,04
16,01
15,95
17,24
20,63
23,17
23,57
23,50
23,27
23,07
22,92
22,51
22,25
22,27
21,61
21,79
21,86
21,92
22,22
22,55
22,30
19,97
17,96
16,93
16,56
16,45
16,19
16,47
19,19
22,02
23,51
23,46
23,51
23,35
23,07
22,45
21,65
21,09
20,50
20,40
21,13
21,18
20,89
21,13
20,56
18,49
16,68
15,81
14,59
14,37
14,32
14,20
14,27
15,71
18,71
20,55
21,02
20,64
20,28
19,68
18,73
18,40
18,41
18,64
19,41
19,80
19,81
20,05
19,95
18,14
16,37
15,26
15,16
15,20
15,04
14,96
15,11
15,30
15,81
16,89
17,67
18,26
17,71
16,84
16,32
16,15
16,30
16,63
17,09
17,80
18,67
19,66
19,55
16,90
15,77
15,15
14,91
14,97
15,10
16,22
20,02
23,14
24,55
24,34
24,06
23,80
23,58
23,31
23,14
22,77
22,39
22,32
22,10
22,05
22,06
22,29
21,96
19,42
17,20
15,95
15,44
15,37
15,52
16,67
19,97
23,10
24,12
23,93
23,78
23,45
23,25
23,14
22,28
22,01
21,56
21,58
21,44
21,47
21,18
21,38
21,28
18,52
16,50
15,62
15,40
15,34
15,41
16,25
19,55
22,58
23,77
23,50
23,19
23,10
23,00
22,79
22,47
22,28
21,82
21,83
21,80
21,73
21,59
21,52
20,75
18,28
16,65
25,37
25,14
24,95
25,05
25,52
28,56
31,74
33,27
32,82
32,72
32,25
31,85
31,70
31,41
31,12
31,03
30,81
30,49
30,04
29,84
29,90
29,58
26,76
25,75
25,34
25,17
25,12
25,22
25,50
27,68
31,18
31,83
31,85
31,88
31,94
31,48
30,80
29,68
29,04
28,14
27,95
27,86
27,45
27,02
27,40
27,95
25,81
25,34
24,78
24,61
24,45
24,19
24,09
24,33
25,51
27,90
30,01
31,07
31,12
31,07
30,33
29,74
27,99
27,93
28,51
30,21
30,36
30,33
30,55
29,88
27,85
26,43
25,85
25,23
24,73
24,75
24,64
24,77
25,16
26,05
26,42
26,56
26,94
26,14
24,91
24,67
24,07
24,19
24,76
25,82
26,72
27,54
28,51
28,08
26,31
24,90
24,28
24,26
24,35
24,65
25,44
28,82
32,16
33,94
34,02
33,81
33,67
33,59
33,61
32,80
32,71
32,17
31,99
31,71
31,12
30,81
30,83
30,37
28,54
26,01
25,11
24,59
24,85
24,69
25,78
29,69
33,07
33,35
33,17
33,12
32,97
32,84
32,61
32,58
32,47
32,14
32,09
32,10
31,87
31,29
31,24
30,55
28,22
26,19
25,34
24,93
24,75
24,64
25,20
28,62
31,88
33,45
33,36
33,23
32,93
32,77
32,45
31,87
31,57
31,18
31,06
30,93
30,92
30,68
30,65
30,71
27,97
25,84
30,90
30,76
30,42
30,24
30,36
31,14
32,11
32,32
32,92
33,94
34,73
34,75
33,72
32,87
32,30
31,97
32,22
32,52
32,67
32,32
33,51
34,00
32,38
30,95
30,15
29,63
29,44
29,44
30,00
31,66
34,03
36,64
37,49
37,68
37,49
37,39
37,03
36,26
35,72
35,25
35,30
35,83
35,80
34,97
35,04
34,91
33,19
31,09
30,11
29,81
29,55
29,14
28,96
29,55
31,27
33,07
34,52
35,56
35,62
35,49
35,07
34,22
33,68
32,70
33,25
34,03
34,13
33,83
34,09
34,28
33,16
32,06
31,26
30,84
30,45
29,77
29,54
29,63
30,17
30,78
31,61
33,10
33,57
33,64
32,69
31,93
31,96
31,54
31,57
32,00
32,88
33,38
34,32
34,28
32,79
31,34
30,37
29,97
29,95
30,15
31,79
35,47
37,96
38,36
38,26
38,20
38,15
37,86
37,73
37,58
37,51
37,23
37,03
36,87
36,68
36,39
36,38
35,99
34,12
31,51
30,68
30,45
30,23
30,08
30,45
33,54
36,95
38,06
38,07
38,12
38,16
37,86
37,84
37,34
37,04
36,03
35,65
35,32
34,57
34,11
33,84
33,60
31,67
30,17
30,00
29,78
29,53
29,32
29,65
32,20
35,91
37,65
37,79
37,61
37,40
37,19
37,09
36,33
35,87
36,07
36,09
36,01
35,95
35,18
35,07
34,79
32,13
31,00
22,94
22,59
22,35
22,27
23,31
26,11
29,66
30,49
30,49
30,39
30,22
30,17
30,03
29,78
29,31
28,20
28,10
28,45
28,79
28,22
27,91
27,88
25,86
24,16
23,53
23,39
23,38
23,31
24,01
26,68
29,82
31,10
30,87
30,86
30,94
30,57
30,34
29,58
29,10
28,74
28,71
28,31
28,00
27,48
27,69
27,84
26,06
24,04
23,27
23,03
22,55
21,69
21,43
22,05
22,57
24,19
26,48
26,90
27,06
25,67
24,15
23,43
23,33
23,44
23,81
24,51
24,43
24,40
24,62
24,83
23,56
21,89
21,43
21,14
20,77
20,37
20,22
20,50
21,30
22,27
22,81
23,49
23,78
23,51
22,88
22,60
22,47
22,54
23,06
23,58
23,76
23,98
24,14
24,37
23,15
22,75
22,55
21,97
21,52
21,39
22,01
23,50
24,53
25,69
26,35
27,39
27,82
27,64
27,05
26,14
26,02
25,94
25,92
25,92
25,79
25,92
26,08
26,66
24,60
23,14
23,06
22,96
22,54
22,51
22,85
25,25
28,38
28,74
29,13
29,76
29,60
29,33
29,03
28,78
28,32
28,13
28,17
27,92
27,27
27,01
26,29
26,42
24,89
23,22
22,82
22,57
22,65
22,34
23,02
25,47
28,98
30,01
30,06
30,21
30,16
30,17
30,39
29,98
29,72
28,82
28,93
28,57
28,43
28,44
28,62
28,54
25,91
24,18
17,97
17,85
17,68
17,71
18,50
21,79
24,82
25,94
25,67
25,68
25,63
25,36
25,30
25,20
24,90
24,61
25,05
24,79
24,30
23,58
23,80
23,96
21,61
19,99
19,01
18,53
18,56
18,53
19,15
22,09
24,82
25,90
26,04
25,95
25,82
25,63
25,38
25,42
25,42
24,64
23,93
23,58
23,13
23,49
23,30
23,65
21,74
19,93
19,18
18,80
18,62
18,19
18,05
18,30
19,12
20,83
22,00
22,78
22,89
22,39
21,95
20,65
20,68
20,73
21,34
21,83
21,65
20,86
20,73
21,77
20,80
19,34
18,77
18,23
17,98
17,45
17,30
17,37
17,67
18,50
20,03
20,95
21,92
21,94
21,02
20,37
20,18
20,26
20,57
21,28
21,67
21,72
21,88
22,71
21,21
19,33
18,91
18,58
18,47
18,39
19,17
21,67
24,66
25,19
25,02
25,12
24,98
24,89
24,84
24,76
24,74
24,72
24,63
24,32
24,04
23,66
23,47
23,57
22,40
19,84
19,36
18,74
18,69
18,64
19,35
20,91
24,43
25,30
25,21
25,02
24,84
24,63
24,65
24,69
24,65
24,55
24,47
24,20
23,60
23,24
23,35
23,29
21,09
19,04
18,31
17,85
17,70
17,67
18,51
20,61
24,13
25,46
25,34
24,95
25,22
25,18
24,78
24,57
24,57
23,98
24,04
24,03
23,61
23,35
22,14
22,06
20,40
19,05
23,78
23,35
23,27
23,27
23,92
25,51
28,49
29,74
30,31
30,46
30,52
30,22
30,06
29,07
28,44
27,69
27,62
27,25
27,50
26,91
26,34
26,77
24,76
23,69
23,05
22,87
22,76
22,74
23,26
24,90
28,09
29,42
29,96
29,93
30,02
29,02
28,21
27,82
27,07
26,80
27,26
27,30
26,94
26,47
26,02
26,85
24,93
22,80
22,39
22,07
22,09
21,70
21,54
21,78
22,59
24,38
26,25
26,87
27,31
26,86
25,33
24,68
24,28
24,01
24,12
24,43
24,58
24,37
24,66
25,22
24,04
22,89
22,27
21,90
21,80
21,55
21,52
21,62
22,14
23,01
23,97
25,43
26,05
25,92
24,87
24,32
24,13
23,98
23,92
24,57
25,51
25,56
26,15
26,36
24,60
23,12
22,46
21,96
21,73
21,50
22,47
25,33
28,72
29,61
29,39
29,34
29,32
29,38
29,51
29,43
29,17
28,57
28,58
28,73
28,48
27,71
27,27
28,13
26,03
23,58
22,59
22,35
22,11
21,92
22,63
25,22
29,06
29,86
29,90
29,78
29,48
29,25
29,06
28,68
28,03
27,49
27,36
27,09
26,51
26,23
26,18
26,28
24,84
22,77
22,33
22,22
22,13
21,79
22,34
24,67
27,88
29,51
29,81
29,94
29,75
29,76
29,77
29,56
29,43
28,95
28,92
28,68
28,43
27,57
26,93
26,56
25,24
23,34
24,20
23,92
23,89
24,29
24,27
26,17
29,15
30,38
30,59
30,93
30,68
30,35
30,17
29,56
29,20
28,95
29,05
28,71
28,50
28,37
28,18
28,27
27,38
25,30
23,97
24,17
24,06
23,73
23,85
25,66
28,09
29,28
29,81
29,99
29,79
29,44
29,02
28,47
28,14
27,42
27,29
27,05
26,91
26,17
25,72
26,52
25,43
24,82
23,90
23,44
23,23
22,99
22,94
23,23
24,18
25,65
27,26
27,90
28,18
27,90
27,16
26,59
25,75
25,84
26,43
26,86
26,57
25,63
25,58
26,91
26,35
24,30
23,57
23,09
23,00
22,98
22,89
23,04
23,33
23,79
24,25
24,73
25,48
26,04
24,89
24,44
24,42
24,52
24,74
25,10
25,21
25,42
25,58
25,68
24,98
23,86
23,42
23,34
23,29
23,13
23,66
26,15
30,18
31,59
31,75
31,69
31,24
31,58
31,66
31,47
31,39
31,11
30,61
30,22
29,11
28,21
27,94
28,42
26,67
24,45
23,74
23,48
23,25
22,98
23,47
25,52
29,27
30,89
31,49
31,82
31,86
31,71
31,32
30,19
29,21
29,19
29,05
28,29
27,79
27,04
26,30
26,81
25,87
24,60
24,21
23,75
23,47
23,43
23,88
25,95
29,45
30,79
31,29
31,68
31,64
31,63
31,43
31,36
30,74
30,10
30,01
29,75
29,63
28,62
27,82
28,49
26,76
24,53
25,94
25,63
25,33
25,19
25,64
28,43
31,40
32,61
32,85
33,23
32,84
32,79
32,63
32,68
32,35
31,44
31,31
30,88
30,68
30,28
29,51
29,75
28,41
26,65
26,08
25,58
25,37
25,33
25,73
28,02
31,75
32,93
33,05
33,26
33,07
33,03
32,73
32,39
31,79
31,34
31,08
30,61
30,50
29,57
29,14
29,80
28,62
26,12
25,51
25,26
25,09
24,81
24,74
24,94
25,82
27,06
27,98
28,59
29,38
28,84
28,45
28,15
27,69
27,64
27,86
27,93
27,92
27,60
27,51
27,86
27,17
26,32
25,97
25,75
25,32
25,05
24,99
25,32
25,89
26,73
27,65
28,41
29,09
28,81
28,38
27,87
27,93
28,33
28,50
29,24
29,23
29,02
29,20
29,98
29,22
27,64
26,73
26,44
26,35
26,09
26,86
29,27
32,09
32,92
33,34
33,29
33,25
33,20
33,22
33,36
33,19
32,95
32,88
32,75
32,11
30,88
30,13
30,60
30,18
28,21
27,19
26,67
26,46
26,20
26,88
29,07
31,87
32,63
32,82
33,38
33,36
33,20
32,94
32,78
32,64
32,61
32,50
32,18
31,68
31,17
30,54
30,90
29,60
28,00
27,23
26,64
26,54
26,30
26,88
28,82
31,86
32,73
32,68
32,91
32,81
32,77
32,78
32,70
32,56
32,50
32,25
32,15
31,96
31,29
30,67
30,46
30,14
28,25
24,29
23,53
23,30
23,07
23,68
26,00
28,91
29,76
29,99
30,44
30,27
30,28
30,18
30,15
29,82
29,41
29,56
29,15
28,99
28,77
28,08
27,96
26,69
25,62
24,67
24,46
23,91
23,86
24,72
26,75
28,80
30,09
30,19
30,21
30,39
29,76
29,36
29,30
29,15
29,14
29,35
28,81
28,30
27,79
27,04
27,12
26,16
24,94
24,18
24,02
23,70
23,31
23,40
23,80
24,72
26,20
28,16
29,08
29,14
28,75
28,41
28,21
27,81
27,51
27,82
27,69
27,22
26,81
26,45
27,15
26,27
24,97
24,24
23,38
23,11
22,78
22,63
22,83
23,40
24,25
25,22
26,07
27,07
27,23
26,38
26,08
25,65
25,69
26,16
26,37
26,13
26,30
26,38
27,17
26,07
24,55
23,86
23,43
23,24
23,23
24,17
25,84
28,29
29,58
29,92
30,06
30,00
29,98
29,95
29,81
29,48
29,20
29,09
29,09
28,67
28,24
28,06
27,93
26,76
25,70
24,92
24,34
24,05
23,84
24,28
26,53
28,22
28,97
29,13
29,39
29,44
29,32
29,34
29,24
28,84
28,68
28,66
28,70
28,42
27,99
27,33
28,05
27,38
25,15
24,66
24,44
24,07
23,93
24,35
25,67
27,95
28,61
28,94
29,12
29,13
29,06
29,02
28,85
28,65
28,79
28,47
28,23
27,90
27,47
27,23
27,67
26,34
24,47
21,55
21,19
21,02
20,90
21,19
22,68
25,47
26,06
26,21
26,34
26,18
26,03
26,05
25,90
25,90
25,89
26,20
26,12
25,32
24,70
24,32
24,98
24,04
22,27
21,64
21,20
21,00
20,93
21,71
24,21
25,99
26,83
27,26
27,44
27,51
27,25
27,13
26,72
26,29
25,72
25,35
25,52
25,22
24,78
24,31
24,96
23,85
22,24
20,91
20,29
19,96
19,91
19,89
20,35
21,48
23,11
25,01
26,78
26,84
26,67
26,05
24,78
24,46
23,93
23,99
24,58
24,46
24,75
24,32
25,62
23,51
22,45
21,30
20,81
20,34
20,11
20,01
20,02
20,40
21,15
22,40
24,08
25,29
25,32
24,05
22,75
22,59
22,56
22,78
24,12
24,24
24,69
24,74
25,89
23,67
21,83
20,59
20,21
19,71
19,55
20,05
22,10
24,53
25,53
25,87
26,17
26,12
26,04
26,02
25,95
25,61
25,39
25,75
25,90
25,66
25,32
25,25
25,69
25,03
22,56
21,27
20,65
20,51
20,35
20,69
22,07
23,96
25,05
26,04
26,19
26,35
26,35
26,10
25,74
25,57
25,37
25,81
25,66
24,92
24,17
24,28
24,93
23,75
22,17
21,14
20,78
20,55
20,32
20,67
22,98
25,21
26,54
26,82
26,91
26,90
26,99
26,90
26,88
26,92
26,68
26,35
26,13
25,42
25,16
24,87
24,93
24,16
21,79
23,68
23,18
22,83
22,62
23,06
25,48
28,48
29,74
30,18
30,26
30,19
30,14
30,15
30,03
30,05
29,86
29,79
29,64
29,57
28,97
28,61
28,94
27,12
25,60
24,44
23,54
23,27
23,32
23,73
25,33
27,93
29,61
30,01
30,08
29,82
29,52
29,47
29,36
28,86
29,05
29,15
29,33
28,38
26,91
26,51
27,54
26,29
25,46
24,21
23,46
23,41
23,00
22,68
23,10
23,81
25,77
27,80
28,61
28,51
28,35
27,35
26,68
26,52
26,53
26,77
26,62
26,56
25,92
25,88
26,90
25,85
24,07
23,32
23,10
22,66
22,47
22,36
22,45
22,77
23,65
24,50
25,46
25,81
25,82
25,54
25,04
25,03
25,16
25,58
25,84
25,83
26,02
26,09
26,68
25,43
23,68
23,14
22,84
22,67
22,63
22,95
25,07
27,65
29,10
29,99
30,08
30,22
30,39
30,23
30,15
29,54
28,72
28,36
27,94
27,39
26,45
26,37
27,54
25,68
24,57
23,73
23,34
23,18
22,88
22,95
24,35
26,96
28,38
28,93
29,55
29,46
29,61
29,65
29,39
28,91
29,15
29,04
28,95
28,69
28,03
28,10
29,10
28,18
25,59
24,84
24,37
24,10
24,20
24,58
26,45
28,57
29,67
30,18
30,59
30,56
30,57
30,60
30,41
30,18
29,88
29,85
29,85
29,46
28,70
28,71
28,81
27,19
25,50
23,18
22,63
22,38
22,28
22,38
23,78
26,49
28,50
29,03
29,30
29,49
29,46
29,37
29,34
29,09
29,07
29,00
28,39
28,21
27,67
27,64
27,81
26,10
24,22
23,07
22,49
22,16
22,18
22,56
24,52
26,67
28,90
29,57
29,71
29,93
29,81
29,47
28,84
28,85
28,38
27,98
27,53
27,07
25,92
26,15
27,09
25,45
24,79
23,71
23,30
23,06
22,55
22,01
22,60
23,66
25,36
26,95
27,67
27,46
27,11
26,34
25,46
24,87
24,60
24,75
25,44
25,55
25,33
25,07
25,85
25,05
22,15
21,38
21,21
21,06
20,79
20,69
20,64
21,24
21,81
22,85
23,75
24,21
24,22
23,81
23,17
22,83
22,64
22,86
23,65
24,79
24,81
25,41
26,25
24,01
22,11
21,62
21,35
21,20
21,11
21,44
22,56
25,36
27,43
28,19
29,03
29,21
29,21
28,73
28,48
27,92
27,40
27,08
26,95
26,60
25,54
25,32
26,06
24,10
23,24
22,07
21,95
21,61
21,55
21,87
24,09
25,83
26,91
28,14
28,86
28,99
28,40
28,03
27,83
28,09
27,70
27,46
27,33
27,09
26,46
26,69
26,71
25,45
23,22
22,42
21,96
21,97
21,91
22,12
23,24
25,43
27,02
28,27
28,62
28,75
28,85
28,68
28,41
28,36
28,33
28,30
28,14
27,89
27,30
27,22
27,09
25,86
23,08
14,76
14,62
14,36
14,26
14,48
15,54
17,65
20,15
21,28
20,60
20,25
20,15
19,99
19,90
19,74
19,60
19,68
19,88
19,40
19,12
18,87
18,61
16,79
15,79
15,13
14,82
14,76
14,67
14,80
16,20
18,64
19,98
20,36
20,75
20,72
20,40
20,10
20,01
19,90
20,07
20,34
20,47
20,48
19,99
20,19
20,38
19,26
17,88
16,42
15,88
15,64
15,42
15,42
15,80
16,87
18,35
19,56
20,37
20,51
20,34
20,07
19,78
19,76
19,95
20,11
20,12
19,78
19,24
19,28
19,99
18,85
17,01
16,27
15,90
15,35
15,04
14,46
14,58
15,37
16,24
17,42
18,74
19,35
19,28
18,31
18,07
17,77
17,99
18,81
19,51
19,51
19,34
20,06
20,08
18,17
16,72
15,60
14,97
14,64
14,70
15,50
17,87
20,60
21,63
22,17
22,40
22,61
22,49
22,54
22,42
22,33
22,24
22,09
22,16
22,00
21,63
21,58
21,25
19,94
17,34
16,11
15,35
15,08
15,15
15,93
18,33
20,92
21,92
22,63
22,80
22,92
22,84
22,75
22,56
22,32
22,38
22,34
21,98
21,66
21,52
21,52
21,66
19,92
18,05
16,92
16,31
15,93
15,90
16,23
18,93
21,30
22,19
22,42
22,61
22,59
22,45
22,07
21,81
21,71
21,73
21,53
21,44
21,43
21,27
21,38
21,49
20,45
18,38
13,87
13,14
12,97
13,04
13,58
15,86
17,55
18,51
18,96
19,03
18,98
18,98
18,90
18,71
18,46
18,20
17,78
18,12
18,22
17,97
18,05
17,86
17,08
15,23
14,38
13,65
13,53
13,34
13,86
15,90
17,47
18,22
18,17
18,61
18,62
17,93
17,92
17,59
17,73
17,95
17,81
17,77
17,58
17,57
17,48
17,32
16,66
15,14
13,36
12,77
12,74
12,50
12,28
12,78
13,94
15,81
17,42
18,24
18,17
17,92
17,82
17,12
16,90
17,05
17,08
17,48
17,13
16,66
17,08
17,13
15,83
14,80
13,92
13,19
12,78
12,58
12,27
12,62
13,65
14,55
15,98
16,87
17,49
17,76
17,45
16,87
16,59
16,57
16,78
17,33
17,46
17,51
17,79
17,65
16,71
15,01
13,54
13,23
13,17
13,21
13,57
15,94
18,51
19,61
20,16
20,38
20,20
20,31
20,09
19,83
20,10
19,64
19,50
19,43
19,45
19,34
19,51
19,02
18,02
15,57
14,54
13,91
13,58
13,61
14,36
16,42
18,14
19,36
19,54
19,77
19,76
19,68
19,64
19,64
19,18
19,09
18,99
18,46
18,30
18,49
18,72
18,35
16,57
14,72
13,62
13,15
13,00
13,12
13,65
16,03
18,30
19,22
19,48
19,80
19,90
19,85
19,72
19,63
19,44
19,11
19,14
19,17
18,79
18,62
19,02
18,31
15,88
14,29
18,74
18,55
18,26
18,25
18,62
20,95
23,60
24,58
24,83
25,17
25,01
24,86
24,42
24,34
24,28
24,15
24,18
24,08
23,97
23,84
24,22
23,56
22,15
19,66
18,57
18,22
18,20
18,31
18,63
21,71
23,51
24,45
24,87
25,22
25,13
24,89
24,71
24,57
24,50
24,11
24,20
24,11
23,99
23,95
24,62
24,32
22,93
21,03
20,22
19,32
18,82
18,46
18,05
17,92
18,75
20,98
23,49
24,22
24,22
24,27
24,24
23,78
23,15
22,72
23,27
23,79
23,32
22,62
23,13
22,72
21,23
18,90
18,35
17,93
17,57
17,35
17,04
16,99
17,23
17,88
19,39
21,12
22,67
21,99
20,79
20,10
19,54
19,52
20,24
21,58
22,40
23,11
24,37
23,70
21,28
18,95
18,17
17,84
17,84
17,98
18,88
21,31
23,72
24,30
24,39
24,30
24,29
24,11
24,33
24,26
23,99
24,06
24,23
24,32
24,20
23,98
24,18
24,00
22,60
20,56
19,49
18,99
18,91
19,13
20,01
21,80
24,00
24,41
24,22
24,35
24,35
24,24
23,52
23,34
23,40
23,57
23,86
23,99
24,00
24,03
24,22
23,99
23,16
21,91
20,58
19,86
19,82
19,97
20,64
22,62
24,58
25,08
25,05
24,99
24,89
24,63
24,52
24,53
24,49
24,27
24,22
23,86
23,50
23,68
23,80
23,48
22,31
21,25
16,34
15,69
15,45
15,60
16,65
18,60
20,48
21,12
21,19
21,10
21,17
20,72
20,37
20,48
20,69
20,55
20,89
20,88
20,73
20,59
20,83
20,44
19,62
17,43
15,86
15,53
15,58
15,71
16,72
18,98
20,86
21,75
21,64
21,22
21,07
20,98
20,81
20,96
20,61
20,32
20,49
20,51
20,49
20,30
20,36
20,34
19,47
18,89
17,58
16,77
16,26
16,28
16,16
16,28
17,65
18,90
19,37
19,64
19,56
19,67
19,54
19,31
19,27
19,45
20,07
20,29
20,36
20,27
20,41
19,97
19,60
19,04
17,98
16,76
16,03
15,82
15,60
15,63
16,17
17,34
18,40
19,21
19,36
19,39
19,28
19,26
19,12
18,87
19,40
19,51
19,55
19,84
20,04
19,87
19,21
18,24
16,90
16,49
16,22
16,19
16,74
18,47
20,38
21,18
21,22
21,41
21,16
20,86
20,78
20,78
20,73
20,65
20,40
20,30
20,38
20,78
20,89
20,61
19,71
18,07
17,45
16,69
16,29
16,33
17,41
19,49
20,95
21,30
21,53
21,49
21,37
21,12
21,23
21,28
21,15
21,31
21,26
21,24
21,18
21,30
21,13
20,76
19,49
18,85
18,25
17,89
17,00
17,09
18,32
19,56
21,10
21,55
21,36
21,29
21,48
21,48
21,38
21,43
21,31
21,16
21,13
21,04
21,07
21,30
21,34
20,70
19,34
18,72
23,94
22,90
22,19
22,82
23,99
25,19
26,51
27,03
27,19
27,37
27,27
26,97
26,87
26,74
26,63
26,65
26,57
26,63
26,93
27,44
27,27
26,47
25,26
24,92
23,89
23,18
23,16
23,18
23,77
24,79
26,91
27,71
27,63
27,66
27,75
27,73
27,68
27,49
27,24
26,94
26,70
26,81
27,13
27,18
26,95
26,60
25,30
25,49
24,84
23,34
22,25
21,62
21,81
22,16
24,02
25,65
26,42
26,78
26,47
26,29
26,29
26,01
26,01
25,74
26,24
26,35
26,24
26,30
26,20
25,90
25,49
24,73
23,78
22,41
21,60
21,46
21,52
21,02
22,09
23,76
24,76
25,30
25,48
25,56
25,58
25,38
25,15
25,19
25,56
25,86
25,97
26,56
26,46
26,15
25,27
22,96
21,77
21,29
20,97
21,07
22,34
24,65
26,39
27,01
27,16
27,08
27,05
26,98
26,98
27,27
27,32
27,11
26,95
26,97
27,11
26,82
26,65
25,99
25,06
24,77
24,20
23,26
22,94
23,36
24,60
25,72
26,59
26,98
26,87
26,57
26,49
26,39
26,30
26,53
26,51
26,83
26,85
26,89
26,52
26,57
26,57
26,10
25,49
24,25
23,32
22,64
22,05
21,83
22,80
24,74
26,53
27,16
27,10
26,91
26,65
26,70
27,06
27,13
27,12
27,04
26,72
26,30
26,49
26,74
26,79
26,55
25,82
25,10
20,88
20,15
19,79
20,23
21,09
22,48
23,54
23,78
23,64
23,75
23,79
23,76
23,76
23,78
23,36
23,34
23,82
23,68
23,70
23,84
23,39
22,96
22,29
20,21
19,24
18,29
18,10
18,68
19,72
22,13
24,02
24,21
24,04
24,10
24,06
23,94
23,83
23,75
23,48
23,43
23,51
23,56
23,52
23,75
23,65
22,93
22,22
20,80
19,35
18,16
17,88
17,80
18,15
18,28
19,99
21,10
22,41
22,74
22,70
22,57
22,11
21,76
21,64
21,77
22,27
22,64
22,94
23,08
22,77
22,39
20,61
18,81
17,83
17,40
17,04
17,10
17,10
17,12
17,99
19,93
21,42
22,13
22,55
22,54
22,11
21,33
21,17
21,11
21,87
22,73
23,11
23,43
23,33
22,89
22,02
20,45
19,81
19,04
18,02
18,39
20,83
22,23
23,90
24,57
24,88
24,84
24,74
24,28
24,13
23,96
23,93
23,97
23,91
24,18
24,38
24,18
24,17
23,49
22,55
21,74
20,64
19,67
19,12
19,26
21,05
22,29
23,80
24,26
24,15
23,92
23,79
23,80
24,05
23,88
23,66
23,68
23,70
23,57
24,11
24,07
23,67
22,95
22,15
20,91
19,53
18,71
18,37
18,49
19,93
21,36
23,03
23,80
23,97
23,98
23,72
23,76
23,60
23,57
23,50
23,30
23,22
23,13
23,01
23,43
23,28
22,87
22,04
21,58
11,43
10,81
10,47
11,05
11,42
12,44
14,02
14,35
14,16
13,96
14,00
14,03
13,92
13,75
13,84
13,71
13,66
13,64
13,70
14,09
13,99
13,56
12,92
11,96
11,22
10,17
10,09
10,47
11,22
12,58
14,12
14,42
14,35
14,26
14,23
14,19
14,13
14,04
13,90
13,85
13,73
13,58
13,93
13,99
13,64
13,08
12,53
11,89
11,52
10,78
10,28
10,27
10,46
11,03
11,88
12,70
13,28
13,34
13,43
13,03
12,67
12,44
12,62
12,68
12,75
12,76
13,09
13,03
12,88
12,44
11,99
10,99
10,05
9,34
8,99
8,94
8,92
8,73
9,03
10,32
11,41
12,06
12,30
12,27
11,94
11,67
11,64
11,67
12,05
12,11
12,78
13,21
13,09
12,70
12,01
10,37
9,69
8,73
8,17
8,85
10,40
12,41
14,21
14,90
14,71
14,47
14,18
14,02
14,04
14,14
14,17
14,06
14,09
13,78
13,94
14,32
13,95
13,47
12,78
11,50
10,05
9,35
9,04
9,52
10,95
12,85
14,17
14,88
14,82
14,61
14,43
14,25
14,08
13,93
14,03
14,03
14,04
13,99
14,08
14,44
14,02
13,47
13,04
12,28
11,28
10,23
10,29
10,13
11,52
13,17
14,29
14,69
14,65
14,49
14,43
14,37
14,34
14,40
14,34
14,14
14,03
13,96
14,11
14,52
14,15
13,50
12,89
11,54
20,72
19,88
19,75
20,30
21,82
23,66
25,06
25,80
25,59
25,68
25,67
25,26
25,29
25,33
25,19
24,91
24,74
24,75
25,03
25,21
24,78
23,90
23,13
23,00
22,42
21,69
21,01
21,24
22,35
23,96
25,23
25,61
25,71
25,36
25,35
25,21
24,96
24,76
24,53
24,46
24,36
24,37
24,48
24,39
24,20
23,68
22,98
22,65
22,15
21,35
20,24
20,18
21,32
22,15
22,63
23,27
23,83
24,10
24,01
23,84
23,67
23,45
23,41
23,48
23,64
23,73
23,95
23,94
23,64
23,29
22,70
22,43
22,11
21,42
20,49
19,68
19,55
20,21
21,45
22,21
23,16
23,42
23,57
23,54
23,55
23,54
23,60
23,50
23,58
23,80
24,06
24,27
24,09
23,72
23,11
22,25
21,24
19,85
19,00
19,58
20,95
23,33
25,24
26,00
25,77
25,70
25,52
25,52
25,37
25,28
25,23
25,06
24,99
25,13
25,24
25,22
25,05
24,20
23,28
22,21
21,31
20,11
18,94
19,09
20,98
23,38
24,84
25,43
25,55
25,31
25,18
24,89
24,86
24,93
24,93
24,84
24,77
24,78
24,82
25,02
24,77
24,09
23,17
22,41
20,50
19,37
18,91
19,68
21,48
23,66
24,81
25,31
25,32
25,30
25,22
25,06
25,05
24,97
25,01
24,99
24,99
25,06
25,35
25,30
24,91
24,34
23,45
22,87
14,79
14,04
13,27
13,82
15,61
16,91
17,85
18,47
18,47
18,38
17,94
17,96
17,94
17,71
17,71
17,83
17,63
17,83
18,23
18,53
18,37
17,73
16,59
16,06
15,84
15,30
14,89
14,78
15,13
16,29
17,18
17,85
17,93
17,67
17,54
17,41
17,26
17,14
16,98
17,00
16,94
16,95
17,23
17,36
17,47
17,28
16,78
16,60
16,34
16,09
15,65
15,40
15,20
16,13
16,23
16,74
17,15
17,66
17,71
17,26
17,16
16,92
16,84
16,93
16,99
17,23
17,30
17,07
16,84
16,53
16,11
15,63
15,09
14,59
13,15
12,67
13,15
13,39
13,76
15,71
16,16
16,79
16,62
16,63
16,66
16,49
16,61
16,53
16,68
17,06
17,44
17,39
17,04
16,63
16,04
16,01
14,99
14,21
13,69
14,24
15,09
17,23
18,35
19,02
19,27
19,26
19,20
19,09
18,67
18,72
18,61
18,65
19,16
19,10
19,52
19,29
18,96
18,64
17,58
17,21
16,55
15,90
15,71
16,28
17,24
18,58
19,36
20,05
19,73
19,48
19,09
18,91
18,79
18,76
18,75
18,71
19,07
19,26
20,00
19,99
19,66
19,13
18,29
17,92
17,58
17,52
17,11
17,30
17,72
19,00
20,01
20,90
20,87
20,56
19,88
19,78
19,58
19,57
19,60
19,69
19,85
19,86
20,10
20,03
19,76
19,29
18,23
18,06
10,88
10,11
9,81
10,05
11,19
12,59
13,30
13,90
13,82
13,71
13,56
13,33
13,12
13,01
12,96
13,25
13,50
13,79
14,06
13,83
13,70
13,27
12,49
12,49
11,61
10,93
9,95
10,35
12,06
13,77
14,76
15,29
15,26
14,89
14,32
13,72
13,46
13,26
13,09
13,12
13,27
13,62
14,08
13,75
13,30
13,10
12,59
12,02
11,64
10,96
10,08
9,05
9,00
9,29
9,89
10,18
10,76
11,48
11,68
11,87
11,65
10,91
11,00
11,28
11,59
11,74
11,82
11,68
11,01
10,38
9,05
8,34
7,96
7,16
6,73
6,74
6,88
7,17
7,07
7,44
9,15
10,31
10,74
10,35
9,33
8,73
8,73
8,72
9,38
10,82
12,32
12,54
12,19
11,74
10,97
9,70
8,51
7,05
6,62
7,74
9,85
12,22
13,72
14,16
13,95
13,66
13,21
12,95
12,81
12,68
12,58
12,52
12,62
13,36
13,84
13,53
13,12
12,98
12,40
12,56
12,33
12,15
11,92
11,79
12,51
14,03
14,51
14,64
14,57
14,44
14,05
14,01
14,24
14,29
14,34
14,24
14,18
14,60
14,91
14,36
13,52
12,98
11,99
10,54
9,34
8,17
7,76
8,45
10,51
12,79
14,22
14,50
14,56
14,40
14,04
13,83
13,43
13,32
13,25
13,32
13,46
13,71
14,20
13,85
13,56
13,23
12,40
11,78
7,02
6,13
5,08
5,49
7,01
8,98
10,56
10,89
10,60
10,18
9,71
9,43
9,13
9,00
8,89
8,99
9,71
9,93
10,20
10,21
9,70
9,15
8,18
6,76
5,22
3,66
3,09
4,61
6,65
9,26
10,51
10,81
10,63
10,53
10,19
9,97
9,83
9,73
9,67
9,75
10,11
10,73
10,92
10,56
9,78
9,45
8,59
8,29
7,56
6,16
5,17
4,90
5,77
7,43
8,65
9,27
9,70
9,69
9,56
9,23
8,80
8,40
8,18
8,35
8,67
9,21
9,44
9,08
8,81
8,48
7,90
7,07
5,77
4,75
4,52
4,46
4,55
5,17
5,81
6,78
8,09
8,81
9,03
8,98
8,76
7,69
7,46
7,28
7,91
9,39
9,74
9,67
9,22
8,91
6,81
4,96
3,50
2,73
2,90
3,39
4,79
7,24
9,91
10,98
11,07
11,02
10,68
10,48
10,30
10,04
10,03
9,92
10,15
10,26
10,70
10,51
10,27
9,52
8,37
7,21
5,59
4,59
4,32
4,99
6,76
9,47
10,83
11,56
11,25
10,88
10,45
10,19
10,04
9,99
9,97
9,73
9,95
10,48
10,70
10,37
10,12
9,56
8,61
7,78
6,14
4,80
4,99
5,80
7,70
9,26
11,21
11,98
11,88
11,65
11,12
10,85
10,54
10,30
10,16
10,05
10,19
10,52
10,75
10,36
9,99
9,70
8,85
7,82
4,95
3,98
3,73
4,13
6,08
8,45
9,92
10,40
10,34
10,03
9,80
9,59
9,43
9,12
8,99
8,91
9,28
9,52
10,04
9,66
9,42
9,48
7,86
7,82
6,55
5,40
4,53
4,61
6,64
9,12
10,69
10,99
10,85
10,62
10,24
9,77
9,06
8,79
8,31
7,78
8,73
9,92
9,89
8,99
7,06
6,54
5,02
4,63
2,58
1,51
1,44
1,57
2,10
3,71
4,92
6,60
8,18
8,53
8,39
8,10
7,55
7,07
6,71
7,03
8,64
9,60
9,66
9,03
8,26
7,90
7,39
6,49
5,89
5,10
3,55
2,94
3,17
3,86
5,20
6,92
8,36
9,07
9,20
8,99
8,47
7,49
7,22
7,47
8,57
9,89
10,47
10,18
9,40
8,72
7,43
5,49
3,84
3,40
3,24
3,66
6,10
9,04
10,54
11,15
10,96
10,97
10,91
10,68
10,41
10,31
10,15
10,00
10,08
10,78
10,84
10,65
10,59
9,93
8,81
6,55
5,39
4,71
4,42
4,99
7,17
9,76
10,97
11,30
11,24
10,90
10,75
10,66
10,42
10,27
9,84
9,97
10,22
10,85
10,83
10,10
9,39
8,33
6,69
4,40
2,84
2,12
1,95
2,68
4,80
8,23
10,29
10,70
10,70
10,43
10,38
10,01
9,81
9,72
9,74
9,42
9,80
10,26
10,56
10,15
8,95
7,29
4,88
4,36
1,12
0,33
0,20
0,95
3,03
6,49
9,03
9,59
9,41
9,24
8,90
8,62
8,59
8,31
8,52
8,78
9,31
9,42
9,53
9,01
8,04
7,30
6,30
3,57
2,54
2,37
2,23
2,93
4,65
7,54
9,14
9,68
9,66
9,70
9,58
9,95
9,68
9,29
9,62
9,67
9,76
9,61
9,33
8,70
8,09
7,46
6,52
5,13
4,11
2,76
1,57
1,30
1,87
3,48
5,46
6,69
7,37
7,64
7,67
7,33
7,19
7,27
6,80
6,97
7,84
9,02
8,16
7,23
6,50
4,86
3,34
2,52
1,14
0,00
0,22
0,20
0,39
0,41
0,78
1,56
3,56
5,59
6,42
6,18
5,05
3,63
3,82
5,15
6,90
8,24
8,00
7,50
6,20
5,08
2,84
0,64
0,35
0,34
0,62
0,94
2,65
6,17
8,52
9,24
9,45
9,44
9,43
9,21
8,82
8,66
8,71
9,17
9,58
9,05
8,70
8,64
7,72
6,36
4,34
2,73
0,82
0,55
0,47
0,99
3,40
7,15
8,81
8,90
8,67
8,56
8,00
7,81
7,60
8,14
8,44
9,04
9,46
9,38
8,75
8,59
8,07
7,12
5,81
3,95
2,22
1,49
1,64
2,19
4,14
7,46
9,08
9,26
9,45
9,28
9,29
9,16
9,21
9,16
9,35
9,96
10,48
10,34
9,82
9,11
8,52
7,68
6,13
4,17
5,11
4,27
4,30
4,88
7,24
10,40
11,70
11,90
11,83
11,81
11,56
11,03
11,03
11,19
11,12
11,82
12,75
12,75
12,32
11,94
11,51
10,44
8,69
6,75
5,26
4,68
4,77
5,32
7,18
9,87
12,39
12,99
12,87
12,68
12,46
12,14
11,85
11,64
11,87
12,11
12,55
12,62
12,37
11,50
10,64
9,47
7,98
7,00
5,93
4,67
4,16
4,21
4,70
5,04
6,08
8,46
10,12
10,30
10,16
9,65
9,09
8,99
9,14
9,94
11,29
11,62
10,95
10,12
9,93
9,00
7,35
5,70
4,64
3,50
3,07
3,08
3,24
3,47
4,10
4,69
6,51
8,42
8,76
8,24
6,99
5,84
6,33
6,93
8,38
9,63
9,57
8,17
7,07
6,10
3,93
2,26
2,04
1,80
1,85
2,58
4,89
8,50
11,77
12,39
12,29
12,47
12,23
12,23
12,38
12,30
12,41
12,88
13,07
12,88
12,37
11,87
11,44
9,75
7,60
5,65
4,08
3,03
2,96
3,40
6,13
9,47
11,46
11,77
11,78
11,53
10,97
10,76
10,81
10,33
10,77
11,42
11,99
11,50
10,74
9,84
8,64
7,15
3,71
2,66
2,43
1,87
1,94
2,61
4,88
7,82
10,92
11,52
11,47
11,46
11,64
11,51
11,51
11,68
12,16
12,67
12,74
12,55
12,53
11,59
11,10
9,78
6,58
4,79
1,70
1,69
1,69
2,16
3,46
6,49
9,89
10,73
10,74
10,84
10,82
10,60
10,44
10,63
10,95
11,11
11,60
11,59
11,41
10,16
8,85
7,23
4,47
2,90
1,88
1,57
1,68
2,26
4,38
7,53
10,37
11,20
11,13
11,30
11,24
10,78
10,68
10,53
10,55
10,80
10,87
10,77
10,19
8,43
7,33
5,97
3,84
2,95
1,80
1,25
1,13
1,17
1,51
1,86
2,64
4,24
5,84
6,32
6,76
6,64
6,29
5,21
5,37
7,03
8,69
8,79
8,21
6,85
5,96
5,65
3,77
2,94
1,43
0,85
0,39
0,42
0,73
0,85
1,63
2,63
4,33
5,93
6,94
6,84
6,06
5,34
4,77
6,39
8,03
8,84
8,74
7,82
6,65
5,83
3,77
1,52
0,95
0,85
0,82
1,43
2,77
5,15
8,68
9,86
10,11
10,08
9,90
9,39
9,35
9,46
9,76
9,99
10,42
10,36
9,95
9,10
7,85
6,91
4,68
3,15
2,35
1,91
1,97
2,67
4,46
7,41
10,06
10,16
10,48
10,47
10,43
10,25
10,14
10,10
10,17
10,49
10,55
10,34
9,90
8,74
8,38
7,73
5,50
4,51
3,51
3,04
2,76
3,22
4,57
6,74
8,92
9,98
9,78
9,71
9,89
9,71
9,85
9,56
9,37
10,02
10,75
9,85
9,88
9,06
8,36
7,59
5,60
3,86
15,28
14,98
14,96
15,50
17,17
19,86
22,84
23,46
23,51
23,56
23,41
23,30
23,38
23,35
23,38
23,90
23,95
23,57
23,57
22,92
21,85
20,12
17,80
16,11
15,65
15,31
15,44
15,88
16,83
19,19
22,08
23,32
23,55
23,56
23,40
23,30
23,16
22,84
22,57
23,17
24,36
23,85
22,71
21,58
19,92
18,65
16,96
16,01
15,53
14,88
14,68
14,71
15,27
16,03
16,76
18,18
19,78
20,77
21,00
20,71
20,04
19,30
19,31
20,74
22,25
22,92
21,88
20,37
18,86
17,60
15,84
14,02
13,76
13,39
13,04
13,00
13,21
13,64
14,12
14,69
15,48
17,57
19,31
19,27
17,87
16,82
18,07
19,64
20,64
21,12
20,86
20,68
20,23
18,93
16,83
14,97
14,10
13,79
13,85
14,44
16,79
19,46
22,41
22,93
23,08
23,24
23,23
22,78
22,72
22,79
22,35
23,18
23,34
23,01
22,50
21,33
19,41
17,63
15,32
14,82
14,35
14,08
14,05
14,69
16,34
18,76
21,89
22,94
23,01
22,98
23,01
22,98
22,83
22,81
22,83
23,03
23,13
22,71
22,19
21,82
21,12
18,99
16,23
14,04
13,24
12,94
12,82
13,08
14,61
17,51
20,83
22,25
22,09
21,53
21,92
21,31
20,90
21,30
21,08
21,97
22,55
21,89
21,45
20,51
19,55
17,73
14,92
13,96
10,31
10,26
10,67
11,37
12,89
16,06
18,55
18,78
18,82
19,11
18,98
18,75
18,60
18,51
18,60
18,67
18,68
18,30
18,20
17,56
15,76
14,67
11,52
9,94
9,27
8,98
9,03
9,32
10,83
13,76
17,30
18,53
18,45
18,29
18,19
17,83
17,24
16,90
16,35
17,15
18,25
17,70
16,93
16,13
15,29
13,78
11,65
11,46
9,21
8,94
8,12
8,14
8,65
9,74
11,10
13,94
15,82
16,31
15,89
16,00
15,77
15,69
16,62
17,77
17,86
17,84
17,54
16,71
16,07
15,03
13,42
11,17
9,86
9,32
8,91
8,93
9,29
9,32
9,61
10,33
11,19
13,09
14,50
14,81
13,64
12,70
13,79
14,89
16,19
16,16
15,80
14,90
13,63
12,55
10,16
9,66
9,14
8,93
8,96
9,48
10,94
13,56
16,71
18,06
18,18
18,34
18,36
18,22
18,06
18,21
17,73
18,58
19,10
18,89
18,14
16,96
15,38
13,61
11,65
10,50
9,90
9,56
9,63
9,95
11,10
14,14
17,86
18,57
18,19
18,24
18,50
18,31
18,05
18,06
18,32
19,19
20,03
19,83
18,29
16,71
16,35
14,19
11,74
10,59
9,79
9,59
9,57
9,99
11,26
14,10
17,36
18,29
17,94
17,75
17,84
17,62
17,94
17,64
17,72
18,86
19,19
18,99
18,61
16,98
15,67
13,67
10,53
8,88
0,00
0,00
0,00
0,00
0,00
3,27
6,91
8,12
8,13
8,03
7,69
7,72
7,94
8,06
8,11
8,66
9,00
8,56
7,85
6,57
5,21
2,48
0,00
0,00
0,00
0,00
0,00
0,00
0,50
4,61
8,24
9,05
9,17
9,31
9,07
8,71
8,50
8,52
8,37
8,90
9,04
8,69
8,29
7,47
5,35
3,40
1,44
0,69
0,00
0,00
0,00
0,00
0,00
0,28
1,71
3,39
5,58
6,70
6,99
6,66
6,38
5,97
5,84
7,00
8,04
7,84
7,31
5,09
3,86
2,72
1,33
0,24
0,00
0,00
0,00
0,00
0,00
0,24
0,92
1,71
3,12
5,18
6,70
6,55
5,40
4,55
5,03
6,37
7,82
7,99
7,86
7,58
6,75
6,81
3,75
1,37
0,48
0,00
0,11
0,71
2,16
5,65
9,08
9,50
9,79
9,93
9,95
9,83
9,84
9,77
9,62
9,58
9,71
9,68
9,49
8,88
8,72
6,45
5,15
2,99
1,62
0,77
0,61
1,03
3,20
6,66
9,80
10,19
10,20
10,36
10,36
10,09
9,93
10,02
10,20
10,43
10,48
10,54
10,47
10,31
9,84
8,47
6,58
4,21
2,82
2,04
2,05
2,75
4,73
7,42
10,23
10,47
10,36
10,12
9,89
9,70
9,51
9,42
9,61
9,99
10,13
10,13
10,20
9,14
8,22
7,35
5,20
4,05
4,06
3,54
3,52
3,80
4,44
6,94
10,26
10,84
11,17
11,50
11,32
11,24
11,10
11,27
11,54
11,47
11,32
11,33
11,15
10,66
9,75
8,74
6,06
4,00
2,97
2,78
2,71
3,44
5,35
8,22
10,74
11,71
11,45
11,27
11,28
11,19
11,02
10,94
10,89
10,91
10,71
10,14
9,75
9,13
8,41
7,68
6,68
4,83
3,26
2,49
2,42
2,35
2,54
2,90
3,97
5,86
7,75
8,21
8,30
8,34
8,46
8,39
8,54
9,36
10,00
9,89
9,22
8,15
6,78
6,48
3,82
2,24
1,37
1,56
1,35
1,16
1,28
1,33
2,03
2,69
4,21
6,04
7,52
7,14
6,11
5,16
5,08
6,38
7,67
8,74
8,65
7,52
6,07
4,93
2,55
0,60
0,06
0,05
0,08
1,14
3,30
6,11
9,39
10,17
10,17
10,35
10,32
10,20
10,28
10,34
10,29
10,47
10,36
10,06
9,85
9,44
8,41
7,53
4,00
1,03
0,17
0,00
0,00
0,39
1,69
4,73
7,95
9,60
9,52
9,53
9,45
9,29
9,54
9,95
10,05
10,15
10,08
9,94
9,86
9,16
8,17
7,60
5,02
2,47
1,00
0,38
0,38
0,95
2,80
6,49
9,16
10,00
10,08
10,31
10,23
10,03
9,98
10,17
10,21
10,26
10,20
10,07
9,91
9,64
8,68
7,44
4,19
1,49
0,00
0,00
0,00
0,00
0,00
2,02
4,95
5,45
5,16
5,31
5,41
5,40
5,34
5,57
6,04
6,07
5,93
5,34
5,03
4,88
3,54
2,19
0,00
0,00
0,00
0,00
0,00
0,00
0,00
2,02
5,04
6,20
5,74
5,69
5,61
5,39
5,22
5,18
5,76
5,87
5,68
5,07
4,81
4,28
3,87
2,79
0,45
0,00
0,00
0,00
0,00
0,00
0,00
0,00
0,00
1,90
3,91
4,62
4,77
4,50
4,36
3,77
3,71
5,02
5,10
4,79
4,64
3,38
2,20
1,43
0,00
0,00
0,00
0,00
0,00
0,00
0,00
0,00
0,00
0,00
0,00
1,81
3,61
3,33
3,55
2,71
3,10
4,42
5,60
5,99
5,53
5,06
4,41
3,68
1,17
0,00
0,00
0,00
0,00
0,00
0,00
2,64
6,12
7,22
7,29
7,42
7,23
6,91
6,74
6,81
6,91
7,10
7,46
6,68
6,64
6,05
5,18
3,85
1,44
0,27
0,00
0,00
0,00
0,00
0,75
3,61
6,63
7,33
7,17
7,11
6,91
6,88
6,83
6,66
6,84
7,27
7,33
6,98
6,88
6,33
5,70
4,34
2,30
0,92
0,00
0,00
0,00
0,00
0,82
4,07
6,25
6,75
6,70
6,75
6,82
6,44
6,29
6,42
7,38
7,63
7,38
6,95
6,32
6,23
5,77
4,62
3,41
1,85
2,31
2,06
2,16
2,70
3,59
6,19
9,38
9,91
9,29
9,28
9,45
9,29
9,07
9,35
9,41
9,87
10,21
9,97
9,85
9,35
8,74
7,29
5,52
3,81
3,17
2,67
2,74
3,26
4,29
7,38
10,35
11,34
11,16
11,24
11,07
10,76
10,66
9,70
9,96
10,64
10,80
10,92
10,30
9,32
7,97
7,07
6,37
5,56
4,30
3,26
3,08
3,03
3,22
3,51
5,07
6,66
8,75
9,40
9,44
9,23
8,41
7,30
8,17
9,60
10,35
9,85
8,22
7,03
6,10
6,04
5,03
4,25
3,59
2,86
2,80
2,80
2,96
3,09
3,91
4,26
4,78
5,87
7,18
6,75
6,25
5,86
6,53
7,73
8,94
9,31
9,03
8,28
7,75
7,19
4,94
3,18
2,36
2,22
2,23
2,55
3,45
6,14
8,88
9,85
9,56
10,01
10,36
10,45
9,97
10,07
10,43
10,55
10,44
10,33
10,24
9,86
9,01
8,10
5,73
4,12
3,11
2,74
2,65
2,84
3,10
4,72
7,66
9,66
10,10
10,16
9,96
9,64
9,45
9,02
9,29
10,05
10,46
10,31
9,82
8,25
7,28
6,26
3,55
1,49
1,31
0,82
0,68
1,27
2,45
4,78
7,66
9,19
9,34
9,20
9,07
7,94
7,21
7,28
8,03
8,61
8,73
8,11
7,15
5,52
4,60
4,20
1,80
0,77
0,00
0,00
0,00
0,00
0,00
0,00
0,18
2,09
3,80
4,96
4,96
4,46
3,44
2,41
3,38
4,62
4,62
3,52
1,94
0,46
0,03
0,00
0,00
0,00
0,00
0,00
0,00
0,00
0,00
0,00
0,00
0,00
0,00
0,00
0,40
0,38
0,36
0,77
1,26
1,44
1,44
0,94
0,56
0,06
0,26
0,00
0,00
0,00
0,00
0,00
0,00
0,00
0,00
0,00
0,00
0,00
0,00
0,19
0,79
0,70
0,69
0,91
1,35
2,19
3,45
3,74
3,54
3,03
2,33
1,62
0,00
0,00
0,00
0,00
0,00
0,00
0,00
0,00
0,00
0,00
0,96
1,77
2,86
2,84
1,66
1,80
2,29
3,20
4,61
5,28
5,26
4,00
2,61
1,71
0,00
0,00
0,00
0,00
0,00
0,00
0,02
0,98
2,09
3,76
5,32
6,50
7,05
6,92
6,25
5,49
5,81
7,25
7,89
7,50
7,04
5,90
4,70
4,27
2,21
0,23
0,00
0,00
0,00
0,00
0,61
1,23
3,10
4,53
5,22
6,24
6,73
6,48
5,73
5,02
5,68
7,07
8,49
8,59
6,97
5,23
3,84
2,90
2,05
1,34
1,13
0,89
0,96
1,08
1,54
2,54
3,75
4,59
5,25
5,77
6,77
6,90
5,90
4,94
5,92
8,17
9,43
9,09
7,60
5,69
4,12
3,02
1,90
1,93
1,44
1,18
1,14
1,20
1,40
2,00
2,86
3,42
3,76
4,29
4,60
4,93
4,09
4,20
4,76
6,02
6,69
5,63
3,88
2,96
2,67
2,21
1,59
1,90
1,93
1,44
1,18
1,14
1,20
1,40
2,00
2,86
3,42
3,76
4,29
4,60
4,93
4,09
4,20
4,76
6,02
6,69
5,63
3,88
2,96
2,67
2,21
