89.18
85.75
76.84
67.00
58.64
61.33
65.47
73.25
64.47
63.30
64.03
64.51
68.21
63.43
64.52
77.09
86.46
97.33
102.18
104.36
99.32
95.55
88.71
81.39
76.60
65.44
57.64
55.73
55.35
63.41
80.77
91.04
100.54
99.88
97.70
93.62
88.04
85.88
91.05
95.29
101.42
116.59
116.48
111.11
101.72
92.66
87.49
82.58
77.59
67.21
52.60
50.77
48.85
59.52
76.59
86.72
91.80
92.19
88.04
86.07
81.17
78.82
82.07
87.55
93.95
106.53
106.52
102.63
95.36
89.46
84.78
79.67
77.32
71.60
62.31
55.81
52.87
61.61
78.42
90.69
96.54
98.19
94.92
91.84
84.15
80.82
82.34
87.94
93.81
106.00
106.49
103.56
98.77
91.59
85.54
77.10
67.22
50.47
45.51
41.43
39.51
47.17
59.53
75.20
83.14
91.65
87.96
82.04
75.62
71.15
73.93
82.17
91.03
103.91
104.63
102.77
96.47
89.20
83.71
75.22
76.06
66.63
58.74
54.04
53.37
58.17
70.12
81.07
81.82
82.66
83.04
79.81
76.40
66.88
71.43
81.91
90.52
103.78
108.13
109.14
103.76
99.40
95.11
84.60
82.14
72.24
66.09
64.45
63.95
73.83
88.01
100.10
108.85
107.64
101.65
97.46
86.18
86.20
92.01
98.50
106.40
119.39
117.98
114.07
103.07
95.48
90.30
83.02
74.65
67.78
63.37
58.61
60.34
68.16
84.73
94.86
103.01
102.87
97.20
94.67
87.64
87.79
91.17
94.38
100.18
115.16
116.33
113.58
104.46
95.84
90.20
81.86
76.90
71.18
66.68
62.98
63.03
69.59
83.34
96.86
109.16
106.22
100.13
95.30
86.90
86.20
88.22
94.59
100.92
117.45
115.68
110.32
103.07
92.20
86.45
79.36
76.35
70.37
62.34
58.24
58.67
65.29
76.69
92.49
101.50
104.15
98.52
92.07
85.24
82.18
86.37
92.42
101.79
126.37
119.21
112.23
105.19
97.51
86.59
78.71
76.25
68.82
63.73
58.67
58.19
65.53
83.17
100.96
105.69
104.94
93.88
88.99
84.65
81.48
84.74
89.75
96.94
111.88
112.61
108.68
103.32
94.74
88.02
79.08
76.81
69.95
63.85
57.20
58.83
62.86
83.74
97.58
106.12
108.13
100.99
94.94
87.44
85.93
91.19
96.43
103.36
119.10
119.57
114.07
106.38
99.36
93.50
84.38
77.83
69.01
61.09
57.07
57.44
64.73
82.74
95.27
104.30
106.61
101.86
98.54
89.16
88.25
91.61
95.87
101.31
113.06
112.21
107.12
102.43
95.02
89.88
81.66
76.34
68.73
64.49
59.72
59.52
66.95
83.71
95.84
106.87
104.37
98.06
93.69
87.09
86.15
88.81
92.74
96.60
111.21
114.95
106.44
100.24
92.05
90.76
82.59
74.00
68.48
63.91
61.20
61.77
68.89
78.50
91.31
99.92
102.58
96.64
93.65
88.22
86.11
89.13
91.77
94.46
112.09
111.79
105.30
98.46
92.65
88.65
82.37
74.68
69.70
66.64
63.58
63.30
68.86
80.69
99.02
112.40
112.27
104.53
100.84
91.99
89.52
95.68
98.71
101.94
117.93
117.87
110.69
100.27
91.83
89.10
83.07
77.90
71.41
67.24
61.43
61.21
68.95
82.57
100.05
112.67
113.63
104.76
100.83
92.63
88.32
91.15
95.50
101.56
124.30
131.16
119.96
106.74
97.98
90.85
85.73
81.52
70.92
66.67
62.58
62.85
67.87
83.01
105.39
111.71
111.96
104.01
96.06
90.20
87.49
88.01
97.62
99.85
121.91
129.03
119.90
104.83
98.92
95.23
88.96
81.71
74.21
67.09
62.16
60.56
67.18
83.19
91.74
105.75
111.15
110.02
104.79
94.48
91.03
92.91
96.26
106.20
115.13
126.79
119.05
108.33
104.00
98.93
87.46
82.51
72.76
67.69
62.67
61.89
71.54
86.73
98.16
116.54
110.73
105.01
98.92
93.26
90.37
93.53
98.88
102.15
119.82
131.58
119.92
104.92
97.51
95.19
88.77
80.88
69.89
64.83
61.67
61.92
66.70
82.28
97.54
110.69
111.68
103.81
97.24
87.58
83.12
86.78
92.43
96.25
113.89
118.36
110.94
96.32
89.99
86.56
79.03
78.51
72.12
66.12
63.76
63.05
70.07
79.16
93.83
101.40
101.26
94.98
92.13
86.25
82.80
85.24
89.58
94.16
105.89
109.79
107.70
101.42
93.74
91.36
82.69
76.11
73.20
67.51
64.76
63.71
70.83
86.86
105.35
115.79
115.97
112.19
105.67
96.20
92.26
93.92
100.15
104.30
119.04
126.64
116.89
106.28
96.33
92.77
86.23
80.71
75.24
70.20
65.96
63.64
70.53
84.50
108.81
122.29
115.57
109.22
103.41
94.27
88.80
91.32
98.22
101.82
118.31
127.51
119.46
108.27
95.41
91.65
85.42
83.11
76.26
70.60
67.82
65.86
70.87
86.19
103.25
118.72
115.05
102.73
95.21
90.37
84.63
87.14
92.65
99.04
110.61
127.96
119.37
107.25
95.75
91.02
85.35
78.65
69.74
65.16
60.92
58.80
63.52
78.61
96.60
109.00
108.59
97.40
94.45
85.42
78.58
82.45
91.82
101.71
114.57
118.46
115.73
107.11
96.13
92.21
86.61
74.64
66.23
59.57
57.08
56.40
61.77
76.79
94.92
104.81
100.91
95.21
92.96
85.99
83.54
86.48
90.56
95.53
107.22
113.15
109.66
103.05
94.20
89.45
83.31
70.33
65.85
61.49
59.75
58.86
65.31
79.21
92.44
100.09
97.74
92.70
90.23
84.67
81.58
84.38
87.16
91.17
103.15
107.50
104.63
97.81
91.16
86.37
80.44
73.97
68.15
63.71
60.61
60.25
67.62
80.24
91.76
99.20
100.39
93.92
91.15
85.63
81.61
85.73
87.32
91.27
105.18
110.81
105.90
99.40
92.16
86.83
79.27
70.30
66.58
61.27
60.09
59.89
65.17
79.25
95.13
107.33
105.43
96.28
91.44
84.87
81.77
85.96
89.74
94.87
112.68
119.34
108.94
100.31
90.31
84.60
78.98
70.64
60.76
57.48
55.01
52.00
58.41
75.08
89.15
101.24
98.64
91.20
88.79
82.37
78.73
82.52
87.33
93.24
106.31
116.13
108.01
99.07
86.95
80.56
74.14
64.64
58.99
54.10
53.33
51.97
57.36
70.31
86.46
97.26
101.81
94.80
92.40
81.24
78.56
81.71
85.97
94.33
99.39
109.34
107.85
95.78
88.96
82.29
72.91
64.09
58.48
53.04
49.67
49.59
53.02
65.85
81.58
93.73
94.23
89.97
86.70
77.73
73.09
78.34
81.93
85.78
94.74
103.37
102.53
94.04
88.24
82.82
75.11
61.23
56.80
53.89
51.66
52.04
58.44
73.06
87.00
102.58
99.22
95.80
92.58
83.49
79.28
82.24
85.64
87.70
97.46
109.46
105.34
95.26
90.08
83.84
74.97
66.49
60.51
56.41
53.48
54.13
60.15
76.91
88.97
98.55
95.99
90.03
87.02
79.54
77.11
81.26
83.46
87.26
96.07
108.23
100.89
92.56
85.18
81.55
73.75
69.53
63.18
59.10
56.11
55.82
61.50
76.26
87.14
93.84
92.88
89.93
87.45
80.44
76.08
78.26
81.50
85.12
93.71
103.65
98.66
91.00
85.99
80.16
72.93
64.63
59.99
53.72
49.36
49.68
58.82
75.71
93.80
103.19
102.51
95.89
93.53
80.84
78.73
84.50
86.70
90.41
99.19
108.82
102.93
95.90
87.65
82.45
74.34
73.28
64.53
59.56
55.53
54.73
61.80
75.14
89.42
97.58
98.11
93.47
90.50
81.10
78.34
81.15
87.18
91.28
97.64
111.04
107.32
97.14
88.45
83.25
74.92
71.53
63.84
55.62
52.47
51.58
56.82
70.73
83.99
89.04
90.57
85.38
79.86
73.75
68.27
69.91
75.36
79.43
92.51
105.15
103.75
94.18
84.10
78.93
73.44
65.11
58.58
53.50
48.74
45.96
51.75
62.91
79.06
84.58
85.61
82.52
78.61
71.87
67.36
67.57
71.14
78.64
94.41
111.26
106.82
98.13
88.72
82.08
73.75
68.21
61.25
56.93
52.59
52.59
58.90
74.06
84.40
95.08
95.08
91.54
88.67
82.34
78.28
82.34
84.31
89.72
98.76
111.76
105.38
98.96
90.95
85.13
77.57
71.65
63.96
59.04
56.22
56.11
61.57
77.74
86.69
96.52
95.45
90.08
85.90
79.57
76.60
80.04
82.35
87.32
94.64
107.35
101.93
93.69
86.24
80.12
73.61
71.48
64.38
60.05
58.39
57.93
63.71
77.24
86.63
94.58
94.13
88.60
84.05
77.54
75.62
78.05
82.68
87.52
95.29
109.46
105.01
95.35
87.28
83.32
75.73
68.10
61.41
58.35
55.21
55.54
61.49
77.04
86.72
99.49
93.66
86.98
81.40
76.01
74.25
78.05
82.07
86.62
94.77
106.64
101.03
92.81
85.28
79.65
74.72
70.87
63.80
56.71
53.56
53.36
59.63
69.44
79.18
86.99
86.45
80.77
77.84
71.57
68.58
74.44
78.00
83.39
93.71
108.80
106.84
97.02
87.21
81.69
75.12
71.49
64.40
59.61
57.82
56.96
60.05
73.83
82.56
86.87
86.74
82.79
78.90
73.66
70.96
73.69
78.70
84.19
92.88
108.22
103.65
93.60
85.63
79.93
74.85
69.00
63.75
56.90
53.71
53.76
57.20
69.44
77.42
82.17
80.48
76.39
71.35
66.70
64.10
65.55
70.86
77.33
89.13
106.89
106.93
96.20
86.92
82.29
74.46
66.00
60.56
56.09
50.70
49.81
57.78
70.03
79.10
85.67
84.00
79.29
75.70
69.95
66.13
70.89
74.30
81.56
90.32
104.49
103.81
95.23
84.99
80.37
73.29
70.38
63.44
59.87
56.22
56.49
62.72
77.51
86.86
95.29
90.53
85.31
80.00
73.07
72.14
75.48
80.40
86.36
93.86
108.99
105.38
95.32
86.54
81.66
76.94
72.24
67.95
63.34
59.19
58.77
65.64
76.12
82.90
89.20
86.47
82.02
77.18
70.28
67.34
73.20
78.88
84.41
92.50
106.49
104.81
94.70
86.47
83.03
78.04
72.29
68.13
63.15
59.87
59.48
67.80
79.78
91.04
99.83
93.46
85.45
81.37
74.53
72.90
76.81
81.02
88.52
100.55
130.37
119.90
100.66
98.25
86.91
76.24
71.05
66.24
61.76
58.88
57.14
62.42
73.04
78.91
86.34
82.58
78.50
75.36
69.60
66.85
66.75
73.34
78.70
85.78
102.01
100.84
88.65
81.28
76.51
71.20
68.71
61.80
56.35
53.47
53.21
57.43
68.28
74.08
78.19
81.52
77.90
72.20
66.42
63.81
65.52
71.53
76.86
85.99
98.01
99.38
89.02
81.16
77.18
72.25
66.72
60.99
57.38
53.31
52.97
59.00
67.91
73.33
78.35
75.89
73.06
69.89
64.82
61.59
62.01
64.88
71.97
80.62
94.86
98.99
88.08
82.15
76.94
69.60
61.80
57.29
52.85
50.13
49.97
55.86
70.08
77.58
87.84
86.69
81.26
80.02
76.70
73.54
74.91
77.89
82.63
90.09
101.97
102.68
93.53
87.02
81.08
75.56
70.82
63.92
60.21
57.82
56.87
62.97
76.15
84.17
93.77
88.75
82.12
79.51
73.22
72.31
75.61
78.65
83.03
91.44
109.35
106.01
93.22
86.52
80.83
76.03
71.97
66.07
64.19
61.01
60.17
65.21
77.24
83.19
92.13
89.13
84.23
81.98
76.54
75.71
77.98
82.21
85.37
92.09
115.84
111.71
93.42
86.21
81.86
77.06
70.43
66.05
61.86
59.65
59.28
64.60
79.12
84.11
94.42
88.98
84.67
81.87
75.52
74.56
75.65
79.00
84.69
91.40
110.82
107.04
90.87
85.83
80.00
73.76
67.37
61.98
57.68
54.44
55.09
57.53
69.70
75.99
80.77
81.03
78.34
75.70
68.90
66.28
68.91
71.83
77.62
84.14
99.96
102.20
86.92
80.42
76.22
67.94
65.81
60.94
57.27
54.28
55.07
58.39
73.63
81.00
85.39
85.29
80.34
77.22
70.06
67.86
71.14
74.35
80.19
86.57
101.83
103.73
87.92
81.00
76.95
70.10
65.61
59.96
53.72
50.00
49.77
57.69
67.72
71.68
74.60
77.40
74.78
70.88
67.06
64.98
65.36
68.14
73.47
79.43
97.28
101.61
87.07
80.91
72.78
67.15
63.97
55.98
52.66
49.88
50.00
55.01
64.88
71.18
76.26
76.81
73.30
70.82
64.56
61.21
61.44
66.82
74.23
82.03
99.14
116.24
97.32
87.32
82.68
75.71
66.42
58.27
54.90
52.11
51.29
56.61
69.22
78.19
82.14
81.61
73.95
70.90
65.11
62.74
68.24
72.15
79.26
87.99
104.39
108.55
97.11
86.92
81.94
75.47
66.59
61.92
58.02
55.80
53.78
58.56
70.37
80.07
88.58
84.18
78.02
74.22
68.07
67.14
71.32
74.72
78.62
83.81
105.87
105.52
90.28
80.25
76.75
71.36
69.01
62.64
59.00
56.34
58.81
63.56
74.85
78.49
85.34
86.47
81.36
76.58
70.81
67.92
70.88
73.79
78.63
81.36
102.78
104.83
86.98
80.79
73.96
66.28
62.78
54.74
52.32
49.52
49.77
55.44
66.52
76.48
84.77
87.53
79.20
74.97
69.80
67.15
71.15
75.09
80.87
83.93
100.07
102.05
89.87
84.43
78.29
68.63
61.71
55.32
52.64
48.49
48.43
55.20
69.13
79.09
84.95
85.49
78.58
72.95
63.55
63.29
69.36
74.33
79.59
86.31
104.14
110.33
93.23
87.59
79.26
72.17
66.44
60.00
54.46
49.95
48.93
55.12
66.81
72.81
74.75
75.49
68.76
66.38
57.86
55.44
58.95
64.40
72.91
80.53
97.14
105.19
89.50
80.75
75.33
66.37
61.60
53.01
47.40
44.02
43.37
48.70
56.89
63.63
68.86
66.95
62.25
58.14
51.38
48.96
51.09
57.22
64.43
77.56
92.39
108.14
91.67
82.55
77.99
68.89
59.13
53.05
50.99
50.99
51.60
56.66
69.58
73.51
79.89
72.52
67.35
61.92
55.86
55.20
59.56
63.73
71.86
82.77
116.24
129.46
105.04
92.04
79.63
68.76
60.05
54.08
50.52
49.43
49.75
53.86
67.90
77.85
83.46
79.00
71.61
67.22
58.78
56.71
64.80
68.08
78.20
85.75
105.68
117.94
95.15
88.57
78.69
70.65
65.12
57.37
53.95
50.80
51.70
59.05
71.22
80.75
85.52
81.05
77.24
69.63
62.15
60.36
63.97
72.35
81.27
85.78
101.35
106.71
90.77
83.13
76.21
70.64
66.04
58.59
56.46
52.42
51.52
59.35
71.03
80.47
88.68
82.55
76.79
73.90
65.93
64.63
70.70
74.71
82.43
88.68
103.49
114.57
95.28
86.47
79.84
72.79
70.03
61.33
59.49
57.37
57.92
66.52
75.10
82.51
88.50
83.50
78.49
72.92
65.62
64.44
68.57
75.06
80.08
87.55
104.88
119.70
94.41
84.34
78.90
75.03
71.09
66.26
60.39
59.11
58.09
63.00
68.53
74.45
78.35
77.82
72.53
66.75
58.98
55.77
59.25
64.10
72.06
80.82
98.56
110.12
93.07
83.37
77.30
69.54
65.96
60.22
56.00
52.17
51.84
56.72
59.51
67.22
71.10
72.48
64.30
62.13
53.66
49.11
54.39
60.69
67.12
77.10
96.72
113.40
96.78
85.30
78.93
68.56
66.32
59.32
53.53
51.71
52.12
59.90
69.89
73.90
79.34
73.28
68.44
65.52
60.28
57.00
62.78
68.58
72.76
81.58
98.22
115.69
95.25
84.76
76.54
68.04
65.03
57.54
54.51
52.27
52.54
57.53
69.23
79.07
89.55
83.13
77.54
71.30
60.68
59.25
64.88
71.57
75.79
83.18
95.66
106.05
88.44
81.37
74.11
68.43
60.07
54.98
52.16
48.61
48.02
55.86
65.61
74.52
81.13
76.48
70.63
66.19
56.67
55.87
62.74
69.65
75.98
84.72
97.37
108.80
90.52
83.01
78.35
69.54
64.56
57.40
52.73
50.49
51.66
60.98
74.61
79.83
88.16
88.13
85.30
76.06
66.25
67.59
71.40
76.97
86.07
90.31
109.05
123.94
95.16
83.69
79.15
70.97
68.02
59.91
54.85
51.74
51.95
59.00
70.27
78.34
82.78
79.02
74.99
68.23
60.46
58.49
66.57
69.86
75.41
80.05
91.18
110.89
88.37
81.43
77.03
69.47
65.75
59.41
55.01
51.31
49.34
57.16
66.37
72.49
75.81
74.72
70.61
67.49
60.88
59.31
62.52
67.19
70.09
78.98
93.74
113.86
90.80
80.77
78.56
73.59
71.32
64.68
59.51
56.15
56.41
61.13
64.57
69.99
74.87
75.25
67.29
62.46
59.71
57.59
59.81
63.56
66.28
73.26
91.55
119.55
106.69
84.31
74.74
68.59
68.87
58.67
53.62
51.43
51.32
57.64
65.98
72.98
81.48
76.00
71.66
69.83
64.43
61.57
67.47
71.90
73.73
78.84
93.01
122.35
105.62
85.68
78.18
69.90
67.93
60.03
55.97
52.51
53.31
61.21
71.08
81.19
90.86
88.50
84.98
80.80
71.54
70.66
74.41
79.08
81.56
84.08
94.08
115.45
91.42
83.15
78.88
72.50
68.39
60.79
57.75
55.19
55.49
61.35
69.24
79.48
82.89
82.80
78.71
74.05
65.80
64.99
70.85
73.91
77.22
80.88
92.69
124.17
98.11
83.36
76.51
72.66
69.86
66.45
60.51
57.55
57.87
64.48
73.09
82.79
85.35
84.96
76.51
71.85
62.08
59.34
64.49
68.78
75.34
82.18
91.59
112.98
90.94
80.66
76.00
71.86
66.47
61.10
57.76
54.54
53.68
60.43
66.27
75.93
80.78
80.26
75.29
66.68
59.69
57.87
62.44
68.40
76.06
84.13
98.37
114.06
90.25
79.26
74.49
69.63
65.56
55.32
49.96
51.38
55.65
62.32
65.20
77.34
74.76
71.77
60.90
56.23
50.84
49.88
53.40
62.76
68.47
80.18
92.69
103.89
86.83
77.23
70.54
66.34
61.39
55.05
49.08
49.14
52.01
64.52
69.50
73.19
72.15
66.35
59.02
55.65
48.27
48.86
52.82
57.75
66.16
79.21
103.74
117.25
98.64
84.33
72.01
63.93
58.94
55.18
51.15
54.95
63.79
74.68
91.51
95.98
84.54
73.50
68.43
59.27
48.72
52.33
59.26
64.57
73.07
83.44
108.14
103.45
86.22
77.79
66.09
64.19
55.25
50.42
48.51
49.43
56.64
66.62
75.05
83.69
79.82
71.36
64.17
56.74
48.17
48.65
51.45
57.95
65.17
73.43
87.56
94.17
83.05
76.05
70.96
70.46
59.99
56.29
53.52
55.11
60.94
71.58
84.52
93.44
98.89
88.69
78.62
68.37
59.61
64.26
67.26
71.98
73.66
80.11
92.77
101.82
84.71
77.76
73.01
67.32
59.93
56.06
53.11
52.97
59.13
70.19
82.65
93.76
90.68
81.39
74.54
61.71
53.59
57.39
60.72
68.73
71.03
77.93
89.01
98.43
86.05
79.73
73.63
71.89
64.02
59.33
56.63
57.76
60.36
74.38
84.04
100.63
94.20
85.61
78.79
70.51
64.24
68.00
72.54
74.60
75.93
78.60
88.08
96.50
83.51
76.51
68.92
65.02
57.43
53.99
51.64
52.70
56.64
65.72
76.32
89.65
86.61
77.89
73.05
62.13
52.25
49.17
53.70
55.32
61.42
72.04
86.77
96.90
84.02
78.98
71.62
66.84
60.15
52.04
48.52
49.06
52.35
60.44
61.85
66.86
64.70
54.94
49.26
43.81
39.72
38.42
40.60
42.99
49.87
68.30
85.93
97.69
83.15
76.76
69.69
70.53
60.32
54.99
53.38
54.11
55.86
66.36
73.91
82.76
77.17
66.92
57.16
48.38
43.97
42.70
45.52
51.39
61.24
69.74
83.59
97.70
85.96
77.90
71.21
64.10
56.47
53.80
49.97
51.44
58.16
70.97
86.40
97.61
93.65
78.92
72.74
60.03
55.67
59.23
61.81
67.31
72.10
80.66
90.97
99.61
84.05
77.59
70.95
65.17
57.03
52.14
48.72
49.77
55.96
66.18
78.30
90.33
89.18
77.01
69.33
57.68
50.65
53.05
59.95
66.03
68.20
75.91
86.11
98.26
82.27
76.24
69.35
64.12
58.42
53.97
50.51
50.95
56.49
67.53
78.85
85.98
83.75
70.36
64.87
55.67
51.92
53.70
59.76
63.10
68.52
76.02
86.43
102.45
85.59
78.71
72.10
62.55
55.75
52.00
49.21
50.78
53.85
64.75
79.69
90.55
89.00
80.93
72.07
59.66
52.65
56.09
62.81
67.66
70.51
76.02
86.43
96.95
83.21
76.14
67.96
65.46
57.44
53.20
50.41
51.19
55.15
65.72
77.02
86.50
81.36
72.93
66.97
55.18
49.91
50.19
55.51
60.77
68.57
75.08
87.42
103.83
87.55
80.01
75.44
74.75
66.65
61.59
59.31
60.02
62.22
67.24
77.79
88.28
83.77
73.40
64.57
57.06
50.95
49.72
52.63
59.18
63.24
75.92
94.65
120.52
99.32
81.40
73.59
69.28
61.65
56.80
54.91
55.66
58.76
67.94
74.37
80.46
69.61
61.99
55.40
48.56
42.53
44.11
48.11
51.06
56.01
69.61
87.30
105.71
89.95
76.53
71.35
67.15
59.82
52.52
51.89
52.33
60.00
65.47
77.65
86.05
81.63
72.77
67.56
59.31
51.76
56.72
62.14
67.95
70.37
77.36
89.83
112.19
93.01
79.17
70.57
65.64
56.22
51.95
49.65
49.45
54.41
68.19
76.10
83.76
80.41
69.41
64.48
55.38
52.52
54.05
57.21
64.00
68.54
74.41
83.84
107.60
85.71
77.39
69.55
61.53
55.40
50.17
48.40
47.20
51.73
62.73
70.55
77.24
72.59
64.87
60.07
50.97
46.02
47.97
48.99
56.12
62.44
69.79
80.61
108.60
89.87
78.99
68.63
61.34
54.69
47.51
44.52
43.66
49.90
65.45
74.91
82.41
78.93
71.20
64.21
56.07
52.17
52.82
58.80
66.34
69.16
73.92
86.52
108.41
83.12
75.12
67.73
70.37
60.47
54.04
49.91
50.51
55.75
66.23
70.90
82.25
79.25
73.51
65.12
58.45
49.70
52.55
53.51
59.89
63.22
72.33
89.45
115.72
91.92
82.94
71.47
69.26
61.72
57.03
53.16
53.04
57.99
63.99
71.69
76.83
75.42
68.92
65.15
55.24
42.85
42.58
46.27
54.06
62.17
71.43
84.61
120.37
95.79
79.27
72.09
75.83
59.18
53.22
48.45
48.44
52.38
54.28
58.83
63.18
63.32
60.63
55.03
46.80
37.00
38.16
40.37
43.45
53.09
64.31
82.87
111.08
92.17
83.63
72.41
67.71
60.42
56.82
54.50
54.95
63.93
79.47
86.65
98.02
90.61
81.93
75.73
66.57
62.44
67.99
71.80
77.01
78.58
82.98
91.01
117.14
90.39
79.37
70.60
70.65
57.08
52.32
50.34
48.74
55.29
65.76
74.84
93.23
89.42
82.08
78.17
64.40
57.57
60.10
61.65
64.56
65.03
74.12
83.30
114.57
85.94
73.79
67.10
66.72
56.76
51.57
48.36
49.53
58.25
73.08
77.30
87.55
80.25
70.69
66.04
57.11
55.51
60.09
62.71
68.85
68.95
77.06
86.93
116.72
92.32
79.86
74.24
85.16
74.70
68.14
63.21
61.68
64.78
60.27
66.73
64.90
59.86
56.14
52.38
44.71
36.69
35.73
41.88
46.62
54.34
67.37
80.43
106.50
96.58
78.91
74.85
80.21
67.39
63.01
58.79
61.43
68.88
74.19
84.87
90.79
86.61
80.36
74.39
67.45
61.40
62.34
69.31
71.36
72.32
78.30
94.25
113.42
101.40
77.12
72.82
72.73
64.27
57.88
54.83
55.66
59.83
65.35
73.72
80.01
80.74
77.75
75.72
67.87
61.20
62.90
66.27
63.20
63.24
73.16
84.61
104.18
90.92
78.58
70.23
64.52
50.15
46.81
45.15
45.66
52.27
59.77
71.13
92.14
87.68
73.41
70.20
58.82
55.78
59.51
62.24
73.81
68.82
80.24
88.25
115.66
93.88
79.90
73.44
70.65
61.61
51.97
49.72
49.28
59.13
66.63
82.33
99.54
93.95
84.57
81.78
67.46
62.27
66.81
72.82
78.75
77.97
80.04
96.02
124.86
97.66
81.81
73.31
74.53
64.44
57.30
53.60
54.70
64.01
70.06
77.28
93.57
90.61
81.46
77.15
62.45
59.01
60.27
63.79
70.26
75.55
79.82
89.76
118.64
93.70
83.61
76.40
82.78
72.24
68.35
64.83
61.89
58.83
53.01
48.45
48.94
48.28
42.54
37.37
31.85
22.28
22.49
24.62
31.68
51.45
65.17
77.78
98.95
86.74
80.32
73.66
73.74
64.04
61.13
59.05
58.27
60.79
71.81
82.31
96.84
91.76
87.66
80.65
69.35
66.42
69.24
73.92
79.00
79.41
82.49
88.22
110.29
93.95
83.87
78.25
80.82
71.33
64.60
62.86
63.24
71.17
73.62
81.77
87.24
85.34
75.63
71.25
65.44
60.04
61.90
66.45
72.67
76.30
83.30
94.79
115.35
98.54
85.92
80.07
79.17
69.03
66.47
64.55
64.08
66.82
68.76
75.15
83.47
78.72
71.84
64.26
52.98
48.64
49.15
51.09
56.68
66.01
78.63
90.35
114.50
97.84
85.62
77.27
71.46
62.40
55.84
52.77
52.43
57.62
62.24
68.18
76.03
69.12
61.10
59.42
51.35
48.97
52.18
56.54
63.23
70.54
78.97
89.62
113.86
99.93
84.54
76.20
70.47
59.55
55.21
53.81
54.07
58.84
69.14
83.64
96.92
94.46
85.64
82.72
67.31
66.50
72.90
79.71
84.69
80.95
82.91
87.08
109.67
93.64
81.57
71.15
68.78
63.48
58.86
54.40
53.99
59.14
63.56
72.55
85.20
80.74
71.73
66.52
55.30
50.03
56.41
62.01
70.47
74.84
78.02
85.21
108.44
93.82
80.70
73.54
63.18
55.67
50.84
50.76
52.21
57.09
64.91
78.13
89.40
84.82
74.88
68.90
53.07
49.90
58.51
67.46
73.33
75.85
80.98
87.95
115.00
99.74
87.43
73.49
61.90
55.29
50.04
48.42
48.76
54.70
62.88
75.94
89.75
77.95
69.93
61.22
49.13
46.22
50.48
57.53
68.03
71.30
76.73
83.68
104.27
94.21
82.85
73.20
71.75
62.76
57.22
53.97
54.82
60.18
64.55
73.85
84.69
78.24
64.49
60.44
51.78
49.11
52.30
55.34
61.03
68.24
76.98
89.21
113.49
105.95
82.44
75.42
73.97
67.86
64.13
61.15
60.51
60.38
58.74
64.37
76.41
71.69
58.11
55.65
48.73
44.89
46.80
52.08
52.56
57.90
71.85
79.68
99.01
91.24
79.15
70.40
66.34
56.40
51.54
47.75
49.25
52.61
59.77
64.44
77.67
66.82
60.70
55.68
47.52
46.84
48.67
54.90
59.38
66.76
73.82
82.57
114.51
101.14
82.54
73.21
69.41
64.01
57.25
54.48
56.30
61.97
67.60
78.00
95.70
85.48
74.06
66.09
59.38
57.86
59.61
65.83
70.67
71.46
77.09
87.25
110.46
97.05
81.42
70.20
60.37
52.64
46.90
44.50
46.22
50.79
56.33
68.27
80.87
72.14
62.30
56.08
48.66
48.91
52.12
59.06
65.12
68.39
71.88
80.82
104.89
95.07
77.18
67.71
63.15
53.62
48.68
48.03
49.51
53.43
64.74
75.22
88.05
78.66
69.56
64.74
56.32
58.03
62.16
68.00
70.44
72.00
74.38
80.16
93.78
87.92
76.20
66.68
61.33
52.96
49.65
48.14
47.29
48.85
56.68
73.53
90.55
87.12
86.91
80.02
65.37
63.14
66.30
70.04
74.70
72.18
74.21
81.95
98.87
92.08
83.14
72.06
66.49
56.31
51.23
48.65
48.32
51.56
59.46
72.80
78.93
78.27
70.29
65.57
55.74
50.38
50.58
53.45
61.13
62.77
73.32
85.90
103.08
99.72
83.43
76.18
77.57
69.79
63.97
61.70
62.49
63.19
63.74
69.31
77.12
73.67
61.35
57.24
50.83
44.35
47.63
51.61
55.82
63.83
76.36
86.84
113.00
105.49
83.52
74.63
75.01
67.17
62.59
58.26
58.37
57.46
58.23
65.54
76.32
68.75
60.53
57.54
49.88
48.86
52.60
55.00
56.72
58.43
64.72
81.87
100.54
98.07
78.39
71.17
67.22
56.94
52.01
52.91
53.72
60.90
66.01
76.44
90.57
81.03
73.67
59.88
52.35
49.83
52.99
64.74
67.29
70.05
77.20
90.15
98.64
94.25
78.43
67.75
61.57
53.98
49.35
48.80
48.80
51.16
56.66
67.33
78.03
71.18
64.71
57.76
52.36
47.81
49.76
55.92
61.64
63.47
69.60
78.10
95.72
92.76
73.47
66.32
63.25
52.63
48.32
47.54
50.22
51.90
62.64
73.09
85.45
77.37
71.20
66.08
59.28
55.32
60.66
68.15
70.92
72.12
74.16
78.96
92.79
92.41
73.46
63.93
60.21
53.49
47.39
46.27
45.68
48.12
56.01
70.08
82.21
77.45
73.11
71.19
65.25
61.58
63.93
64.20
67.28
67.84
71.33
74.67
86.82
84.15
74.34
68.05
61.85
56.28
52.62
50.23
51.19
54.20
60.61
70.28
76.00
72.53
64.41
55.93
51.28
46.58
46.38
53.49
58.60
65.40
75.02
81.01
92.33
91.80
80.41
73.92
71.62
63.36
56.75
55.29
55.11
53.35
56.80
67.93
75.58
69.34
63.42
58.62
51.45
46.91
47.18
50.34
56.13
60.75
71.13
77.79
94.45
93.47
80.91
73.70
72.23
61.40
55.46
52.11
51.80
53.96
57.01
64.29
77.30
66.49
59.41
54.94
50.96
48.80
52.49
55.10
58.03
61.21
68.80
85.96
102.07
98.06
82.23
72.73
66.09
59.05
50.48
48.46
50.42
57.21
65.65
75.31
91.82
82.24
70.49
65.97
61.14
54.34
57.81
62.35
64.88
68.25
76.46
82.66
95.41
93.02
78.15
69.06
63.02
52.37
48.37
46.88
45.82
48.25
56.98
65.37
78.50
75.62
68.22
64.87
58.56
55.82
59.48
62.40
68.95
70.73
75.06
83.32
94.04
89.56
81.62
69.33
66.96
58.19
54.10
53.54
54.46
55.40
63.29
74.37
89.98
87.68
72.24
70.52
64.79
59.89
64.66
69.31
68.88
67.63
73.60
78.25
85.58
86.53
77.43
68.82
63.51
59.06
55.40
53.20
53.97
54.18
63.88
74.17
85.07
89.14
77.90
71.90
63.94
61.17
66.65
71.41
73.48
71.86
77.26
82.55
100.46
97.20
79.44
72.31
64.17
57.47
51.58
49.34
49.87
51.73
59.00
69.57
77.82
78.87
69.99
65.11
60.64
54.39
55.98
59.23
61.39
64.32
75.48
84.48
105.00
106.07
86.31
78.91
76.95
70.84
63.24
60.82
59.93
58.66
62.35
69.65
76.39
75.37
71.59
62.63
58.85
52.59
55.59
58.23
63.46
68.15
75.97
89.28
114.29
114.34
92.93
76.19
74.84
68.30
62.91
60.30
59.78
55.69
51.38
55.26
55.86
50.86
47.76
44.49
37.83
32.58
31.83
34.96
43.49
53.79
65.84
80.41
98.74
107.38
98.29
76.55
75.40
69.72
63.21
62.47
64.39
66.89
72.26
80.33
90.85
85.33
77.60
74.21
65.68
62.19
66.23
72.33
75.59
72.70
76.42
81.66
90.50
98.50
83.73
71.75
68.28
60.63
57.90
55.78
56.01
57.99
61.85
71.32
81.47
80.60
74.23
72.79
64.24
59.62
64.28
68.81
73.37
72.04
76.58
86.11
95.85
100.90
83.60
77.44
75.24
62.51
58.59
55.41
57.96
58.59
64.58
75.60
85.85
83.51
74.93
73.68
68.57
66.30
71.66
73.14
75.34
74.87
78.32
87.13
105.12
109.21
86.15
77.59
70.82
60.90
58.06
56.57
57.59
57.75
64.23
77.53
84.03
82.98
77.15
73.47
61.93
58.30
63.71
71.12
74.01
74.51
79.11
86.12
95.96
97.86
82.13
73.94
71.33
62.76
57.88
54.57
56.40
56.20
61.36
73.44
78.32
74.69
64.83
58.65
52.73
48.08
51.75
58.78
63.49
69.07
76.14
86.50
94.30
99.30
85.12
77.02
77.91
70.44
65.18
62.46
60.42
59.66
61.70
69.29
77.61
71.32
63.35
56.42
48.48
45.15
46.66
50.75
57.82
65.94
74.72
87.61
98.09
102.39
88.04
76.07
77.64
69.62
63.54
58.20
58.07
57.74
61.07
69.30
73.90
71.19
67.72
61.82
56.07
52.77
55.84
59.55
65.27
71.91
82.37
88.62
101.63
105.33
88.66
77.03
73.14
64.45
60.31
56.63
57.98
61.93
67.30
76.85
89.65
82.12
75.17
72.37
64.01
60.95
63.77
68.15
72.38
73.25
80.34
84.58
86.56
88.74
81.13
72.32
68.80
61.26
56.43
52.89
51.75
52.98
59.65
68.34
80.80
76.80
71.92
67.41
58.58
55.09
56.15
65.00
70.64
70.05
74.34
78.33
84.06
85.86
76.66
71.93
66.12
56.91
51.56
48.78
47.41
49.13
58.98
67.86
85.99
83.77
75.88
73.90
64.69
62.30
66.67
74.45
74.84
73.93
82.17
88.55
93.94
96.36
81.26
70.33
63.80
57.97
52.42
49.71
49.66
48.60
58.11
67.76
85.64
83.48
78.12
71.31
63.81
61.79
66.41
71.47
76.98
74.00
82.94
88.93
97.71
98.15
81.49
73.66
70.32
59.95
54.38
51.65
52.76
53.85
63.33
73.04
83.77
80.54
77.92
75.53
67.14
61.97
64.39
67.68
72.04
74.88
78.45
84.85
93.47
95.29
82.29
73.68
75.09
68.81
64.23
59.82
60.37
58.67
62.50
73.64
85.30
81.47
72.77
67.00
58.75
53.98
55.65
58.44
64.72
69.85
78.79
87.52
98.10
103.12
87.14
75.97
85.01
73.32
67.33
63.70
64.49
61.40
64.08
70.61
88.27
87.73
76.68
67.75
59.67
54.58
57.17
60.98
64.59
69.04
79.52
85.44
95.07
103.28
88.79
79.12
81.05
73.22
68.11
66.06
66.59
67.99
71.63
80.04
93.32
88.74
83.11
79.65
69.49
68.65
73.26
77.47
80.25
79.94
81.79
86.36
94.83
98.91
84.16
78.41
74.40
66.68
56.57
54.11
52.22
53.47
60.31
67.16
71.52
74.02
70.58
66.64
59.17
55.74
57.78
62.09
68.09
69.14
74.91
83.24
87.96
89.31
80.98
73.40
72.36
65.23
61.08
55.42
55.18
59.21
65.69
71.70
86.63
86.33
80.95
78.57
68.14
66.17
70.52
75.19
78.98
74.19
79.84
88.29
93.04
98.28
85.47
75.89
75.14
68.39
65.06
62.91
62.28
62.55
67.82
74.96
88.50
91.97
84.33
77.53
70.64
69.22
72.85
78.75
85.15
86.13
89.49
94.13
94.38
95.09
81.78
72.08
70.09
64.47
59.71
55.11
56.57
57.58
63.75
71.28
81.30
82.44
74.37
69.38
62.33
58.42
58.42
63.24
73.40
77.09
80.51
87.43
90.14
93.13
82.03
73.37
81.18
73.71
69.83
67.11
67.83
66.00
69.51
76.06
83.61
83.14
79.28
77.16
64.00
56.61
59.44
64.20
76.90
79.14
82.65
94.46
95.44
100.46
85.90
77.05
76.13
70.15
65.60
62.44
60.65
58.36
61.39
63.97
73.62
72.20
67.03
65.39
59.16
59.05
61.01
63.74
70.02
68.66
78.19
84.96
89.95
95.27
83.09
74.59
69.51
63.92
56.75
55.52
56.11
53.75
59.37
71.28
82.19
82.26
77.71
74.62
69.60
67.91
70.81
73.59
80.78
80.23
83.43
88.72
89.56
91.94
82.85
74.26
64.66
58.31
53.72
52.14
53.74
54.51
61.83
69.95
79.38
82.10
77.85
75.90
70.35
65.56
67.30
68.74
73.53
73.77
76.63
81.03
82.94
84.31
78.86
72.18
72.11
66.83
58.97
56.52
56.64
57.95
64.61
71.79
82.20
85.96
79.66
78.45
72.24
69.63
70.72
73.32
80.76
82.17
80.37
84.75
87.21
91.69
82.64
73.87
70.64
65.46
61.29
57.79
56.74
57.09
63.58
73.67
84.78
87.52
81.29
76.77
70.29
67.84
70.95
75.64
79.45
79.25
79.92
85.98
90.54
91.46
85.28
76.44
71.65
67.62
61.61
58.84
60.03
61.90
65.67
72.94
79.80
80.55
77.27
73.51
67.53
62.54
61.80
66.78
69.86
71.38
74.84
78.63
82.37
83.46
78.67
72.70
74.89
67.93
64.90
62.36
61.20
59.76
63.56
71.18
74.14
73.72
69.03
63.25
58.00
51.31
49.28
53.35
58.50
62.53
68.96
78.44
81.60
82.48
78.51
73.85
75.60
67.63
61.91
58.82
58.84
59.43
57.81
62.34
69.47
68.40
63.29
60.44
54.59
51.47
55.51
59.14
66.91
68.19
78.67
85.22
90.91
95.66
87.48
77.56
80.99
76.12
72.34
71.09
70.90
71.34
71.81
76.53
90.20
87.61
80.30
76.72
69.71
69.05
71.87
75.01
80.74
80.49
83.48
90.79
95.30
96.78
89.65
79.08
80.96
76.85
71.98
70.73
69.44
69.33
69.73
73.24
82.09
80.62
75.67
73.31
69.35
67.54
69.67
71.10
76.61
78.61
83.11
91.79
93.38
95.85
88.53
81.08
74.55
68.53
65.12
63.52
62.15
63.35
65.35
71.79
78.10
78.05
75.62
74.88
67.67
66.40
69.82
70.80
75.90
76.37
78.07
82.48
84.43
85.77
82.74
76.02
76.08
70.40
66.38
63.76
62.27
63.71
67.57
75.80
85.38
87.66
84.30
81.10
75.81
74.14
74.10
76.97
81.01
83.45
86.91
87.62
92.09
95.76
86.11
80.54
75.85
71.80
69.03
66.65
66.30
67.16
68.54
73.68
81.42
83.05
78.70
77.31
70.93
65.14
67.08
70.53
77.06
79.11
79.69
85.63
90.64
92.95
84.13
79.59
77.96
71.96
68.05
67.49
69.10
69.05
71.73
76.35
84.91
86.74
78.26
76.22
66.46
59.62
63.27
72.19
77.56
83.65
85.92
92.16
99.16
104.52
90.54
84.22
84.00
77.85
73.32
71.29
70.90
69.15
67.28
75.33
88.97
85.31
80.08
80.50
73.06
68.84
71.57
83.17
88.33
90.14
93.02
98.69
101.86
112.37
95.93
84.32
83.89
75.84
72.25
68.76
69.53
69.55
75.06
83.89
96.16
94.58
90.19
88.85
81.43
80.38
84.21
86.11
89.34
88.90
93.57
96.64
97.13
98.63
88.58
80.82
84.27
79.08
73.24
70.93
71.42
71.59
73.74
80.04
94.47
93.09
86.33
83.23
73.52
71.42
79.56
83.95
90.85
92.06
95.41
101.41
100.86
101.12
91.92
83.60
81.06
75.92
70.77
68.73
69.31
69.86
71.94
78.00
87.09
87.18
83.88
81.01
73.56
73.25
77.10
83.81
86.15
87.26
90.60
94.85
97.33
98.66
91.60
83.55
76.70
70.58
66.48
63.77
64.78
65.92
68.59
76.00
87.27
88.25
84.40
81.42
74.97
73.48
80.48
81.99
87.40
86.29
92.06
98.07
100.93
101.04
93.13
83.60
81.23
77.65
70.85
68.14
67.54
69.85
73.37
86.32
101.71
98.78
96.66
92.38
84.59
83.23
86.93
91.05
107.68
99.93
102.44
106.95
105.54
107.75
94.32
84.67
83.99
79.59
73.98
71.39
70.45
71.88
70.76
78.95
90.96
89.62
86.40
83.38
76.52
73.44
76.90
80.60
86.47
86.56
89.82
95.29
100.18
100.94
88.82
80.42
89.14
76.91
72.59
70.23
70.40
71.58
73.43
80.68
91.05
91.53
85.13
78.94
70.90
68.06
72.14
74.31
78.86
85.78
90.53
98.25
99.93
108.32
97.05
83.64
88.48
78.83
73.18
68.54
69.18
69.13
74.42
81.76
89.86
90.30
85.08
82.41
74.91
73.68
78.25
80.20
83.14
85.31
87.52
91.38
91.79
93.81
90.24
83.10
82.44
76.82
70.82
68.60
66.34
66.84
68.11
73.68
81.41
80.01
76.60
74.97
68.73
66.39
68.92
71.72
75.54
76.99
82.59
90.46
92.23
93.47
85.99
80.50
81.35
75.40
70.53
65.71
65.91
67.09
71.69
77.22
85.82
84.63
80.60
79.85
72.14
72.09
76.29
80.36
87.09
87.93
89.09
94.36
95.75
96.23
91.05
85.18
79.93
79.20
74.31
72.46
72.14
72.74
74.33
81.05
88.42
86.92
83.16
81.00
73.03
73.04
78.09
80.07
84.49
86.56
88.68
95.87
95.86
96.66
91.83
84.37
80.49
75.93
70.98
70.44
70.29
71.37
72.10
78.27
85.39
85.52
80.90
78.85
70.60
70.78
75.29
77.60
82.73
85.18
87.75
94.60
94.00
96.32
88.17
82.16
81.01
73.21
70.81
69.39
69.54
69.71
72.84
79.55
87.37
87.53
86.14
83.72
74.37
71.95
75.74
79.80
87.62
90.49
93.10
99.22
102.21
107.02
93.31
86.65
90.27
81.01
74.19
71.35
69.47
73.07
77.36
84.61
101.72
97.44
89.11
85.81
75.37
76.51
79.10
80.19
87.66
92.70
96.48
106.13
104.63
107.08
97.62
88.01
89.61
85.03
79.91
75.23
75.71
78.55
83.36
93.80
101.20
100.84
94.30
92.73
84.54
81.05
89.34
92.58
96.96
98.16
100.78
104.28
104.91
106.91
93.86
91.59
97.13
92.74
90.01
85.30
84.08
83.96
87.91
101.17
107.08
106.13
101.82
99.49
93.32
92.61
96.75
99.59
103.12
104.78
109.17
112.10
115.44
119.27
107.41
103.18
94.28
85.34
79.72
75.49
74.05
77.36
79.21
82.79
97.62
100.00
90.99
92.21
81.77
83.11
88.22
91.70
94.98
95.67
99.41
106.01
101.08
108.68
95.30
87.16
81.30
75.61
73.42
71.12
70.71
71.44
76.06
80.09
86.53
85.80
83.39
83.24
76.29
75.75
77.48
78.85
83.61
83.05
87.03
92.14
92.99
98.22
88.27
83.49
82.28
77.44
73.12
72.08
71.48
72.10
73.39
76.86
85.20
84.00
80.07
77.81
73.59
69.75
75.56
76.11
78.92
80.01
85.09
90.58
91.65
93.55
86.73
81.20
82.29
74.54
71.47
70.69
69.61
70.92
72.81
77.12
85.77
86.43
83.93
80.93
70.21
68.20
71.20
78.86
83.45
85.99
86.96
93.04
92.72
95.40
88.31
82.65
88.66
78.53
74.76
72.99
72.64
74.61
69.75
77.02
85.05
86.37
79.59
77.73
72.50
71.15
74.56
78.03
83.93
86.10
88.66
94.09
96.86
101.75
91.86
84.42
84.81
78.15
74.97
73.40
73.31
75.25
78.92
85.28
96.80
103.17
100.41
96.27
82.08
82.57
84.25
85.14
91.91
93.24
92.30
97.26
96.79
98.77
89.18
82.79
83.04
77.59
72.27
66.52
66.47
70.02
73.67
78.61
84.98
88.02
83.06
79.87
73.25
71.97
73.74
76.22
80.71
82.88
86.92
90.39
91.97
94.94
87.16
80.95
80.57
75.28
71.44
68.55
67.16
67.18
73.69
80.33
96.07
98.82
94.59
92.69
79.05
78.33
84.35
85.00
90.69
92.03
94.69
99.59
98.49
101.68
89.46
81.39
77.93
73.14
68.67
66.25
64.63
68.84
72.87
76.71
83.79
86.10
81.92
80.97
71.95
72.21
78.69
81.22
88.81
92.86
96.23
102.39
104.42
104.74
88.78
81.50
82.85
76.33
73.28
70.92
69.80
71.96
70.87
76.27
86.24
91.98
90.53
87.81
75.91
72.96
75.57
83.81
87.27
91.65
96.52
101.96
108.61
107.63
99.14
89.92
92.65
77.85
71.16
69.60
69.41
70.68
73.13
84.76
95.50
99.57
98.13
97.08
91.79
87.00
94.21
97.04
100.57
105.14
110.89
119.08
123.49
124.73
109.76
100.54
92.52
80.00
74.24
71.92
71.89
74.91
77.25
92.72
97.26
95.95
97.32
91.32
83.37
81.30
88.09
91.27
95.22
99.63
106.37
111.87
116.86
117.17
107.15
95.96
83.39
78.14
74.61
72.93
73.39
74.39
74.94
78.80
84.68
85.14
83.01
80.79
76.22
75.12
77.03
79.03
81.34
83.46
89.84
99.74
105.50
102.51
87.57
82.90
81.69
75.91
72.30
70.53
71.01
74.27
73.74
76.72
81.65
81.62
79.21
76.46
72.24
69.81
71.35
71.99
77.66
80.93
86.77
93.82
96.60
98.88
86.49
82.39
80.06
75.18
71.26
67.87
67.03
70.97
70.03
74.38
80.77
80.13
77.42
75.00
70.21
69.49
71.92
74.42
79.28
83.43
89.14
99.75
106.87
104.91
90.44
83.61
82.75
76.92
72.53
70.44
70.39
74.35
73.99
77.39
82.00
82.48
79.73
78.46
74.71
73.50
73.90
75.53
80.83
86.00
89.74
96.80
101.13
100.99
90.10
85.00
82.11
79.11
72.94
69.33
67.42
70.58
71.58
75.50
78.39
79.77
76.25
73.03
67.77
65.15
66.22
68.96
75.81
84.42
94.09
101.37
107.47
109.84
94.88
85.68
92.32
84.16
79.05
72.68
72.33
73.31
73.35
75.25
78.92
78.08
75.71
74.08
71.45
69.26
68.56
69.37
74.07
76.74
83.03
91.35
97.46
99.86
87.61
82.19
79.28
73.87
71.00
69.82
68.70
69.94
70.47
72.59
75.65
70.35
66.94
62.06
57.25
53.24
54.14
58.15
65.14
74.25
80.85
87.30
98.15
100.56
88.74
82.24
81.24
73.51
70.33
68.32
68.54
71.70
72.16
74.79
79.08
77.66
74.72
70.78
63.65
60.40
65.34
67.22
72.51
75.12
81.72
88.55
100.13
98.52
88.46
81.93
77.88
71.60
68.91
67.20
65.07
69.37
68.74
69.39
71.90
70.21
68.41
65.11
59.68
58.07
59.78
63.41
68.91
71.92
77.43
86.44
95.79
94.67
82.52
76.69
72.86
69.71
65.73
63.91
63.50
65.69
66.55
69.68
71.88
70.16
68.69
66.40
62.76
61.07
61.75
64.65
68.64
71.60
76.23
85.47
91.10
89.89
81.04
75.55
77.95
73.01
69.44
66.91
65.89
67.70
65.49
67.01
66.53
61.86
57.18
51.34
49.69
44.16
42.17
47.39
51.09
64.96
72.13
81.15
89.75
92.16
82.67
77.12
78.03
72.85
69.40
66.70
66.60
70.55
69.82
72.55
75.10
74.18
71.20
67.97
63.02
58.17
62.66
68.17
71.30
73.76
82.23
94.04
114.30
107.67
86.86
80.26
79.39
71.06
66.88
63.99
64.42
66.45
66.33
72.24
75.49
72.51
68.53
61.12
58.32
51.83
52.49
62.04
70.10
74.43
79.26
88.87
105.90
95.86
83.78
78.66
79.05
70.03
66.94
64.07
64.32
66.31
67.99
74.16
77.63
75.43
72.66
65.54
62.49
60.19
61.68
68.19
73.39
76.19
80.96
88.42
101.17
96.83
85.40
80.18
75.22
69.96
66.87
64.65
64.54
66.81
69.22
73.95
78.59
77.59
73.74
71.89
68.74
67.27
68.43
69.20
72.26
75.44
80.42
86.70
94.05
91.10
82.38
76.13
70.96
65.49
61.37
59.51
58.89
62.43
63.82
66.61
70.40
69.72
69.28
66.96
63.65
61.51
61.54
63.30
67.75
70.06
75.73
84.11
92.03
89.90
79.96
74.04
72.70
67.69
64.11
60.97
60.03
64.96
67.78
69.72
73.35
71.72
69.70
65.24
62.35
59.91
60.26
64.95
69.16
72.60
78.17
86.29
102.03
90.09
80.79
75.86
74.70
68.78
64.26
62.41
63.55
66.12
69.68
70.85
75.99
74.52
71.99
69.12
65.10
64.09
63.98
66.98
70.46
73.46
78.88
88.84
100.96
92.51
81.90
76.54
73.64
67.59
62.28
60.88
61.48
66.35
69.66
72.49
74.80
72.92
70.29
67.77
63.97
58.89
58.95
63.22
68.73
73.25
80.38
89.88
103.08
92.53
80.93
77.27
77.96
71.84
68.81
67.16
67.12
69.90
71.92
74.81
77.09
76.03
72.06
64.90
63.03
56.16
56.75
60.30
66.45
73.73
80.72
88.04
100.36
90.25
82.62
79.19
72.82
67.96
64.98
63.61
63.28
65.41
71.58
74.64
80.27
78.95
72.23
69.00
65.38
63.53
63.51
67.20
70.48
74.69
83.51
89.83
103.39
90.87
82.03
76.84
73.96
71.06
67.95
64.43
65.66
68.14
74.36
76.65
85.37
85.68
83.14
79.99
74.14
70.96
73.58
75.51
78.04
80.70
84.88
90.93
109.77
91.48
81.76
78.65
72.76
68.49
64.05
61.88
62.85
65.48
69.95
72.90
79.43
78.53
75.82
71.76
66.32
63.96
64.58
68.04
72.76
75.67
80.91
86.05
103.38
90.07
80.97
77.84
75.32
71.96
66.81
65.97
65.15
69.96
76.73
79.11
94.59
94.87
89.54
88.65
81.69
80.30
96.12
90.28
90.40
87.09
90.74
96.76
115.27
95.33
83.58
79.90
77.93
73.63
69.36
68.20
68.24
71.03
75.30
79.62
85.81
84.65
81.53
79.26
74.96
73.23
74.28
79.09
83.86
84.97
89.70
100.23
117.89
97.16
83.69
79.42
85.16
74.29
71.37
68.89
68.81
71.64
77.51
79.63
84.15
86.64
81.52
80.69
72.13
70.97
74.29
80.02
83.35
86.08
94.48
106.03
129.12
107.19
86.17
79.96
88.20
76.34
72.44
71.35
71.55
73.22
78.07
81.40
87.60
85.76
82.07
77.18
71.13
68.60
69.65
75.78
81.66
82.63
88.41
96.26
118.16
93.56
83.97
80.22
75.92
72.94
69.53
67.39
66.96
71.67
78.69
81.66
94.11
92.03
83.86
82.01
72.88
69.13
73.90
81.17
85.34
86.34
90.47
96.38
116.36
93.36
83.85
79.49
76.06
73.61
69.98
68.68
69.06
70.70
80.63
83.17
97.55
90.85
86.68
84.68
77.22
75.46
76.93
81.39
82.95
84.16
88.92
97.67
110.00
90.40
80.29
75.94
73.73
71.25
68.55
66.33
65.63
68.44
73.98
76.49
86.79
86.67
83.01
77.97
71.80
67.34
68.17
72.33
79.82
82.97
88.66
96.05
105.58
90.25
81.27
77.46
74.20
70.85
68.97
67.29
67.23
69.74
75.72
80.45
89.97
87.57
82.62
79.49
74.19
73.23
74.61
78.36
84.24
83.79
88.05
96.06
108.11
89.47
81.55
76.96
77.06
71.72
69.90
68.63
68.06
70.58
78.53
84.25
101.60
99.19
90.38
87.62
79.31
76.89
77.36
82.91
85.45
87.21
90.39
102.37
120.44
90.75
82.31
76.57
75.70
69.27
67.10
65.62
66.33
67.67
75.36
78.13
85.25
84.18
81.07
77.44
69.17
66.67
69.88
76.57
84.02
82.47
85.27
100.41
104.53
88.74
82.55
76.39
79.39
73.77
69.97
68.28
68.68
73.45
78.65
84.17
97.16
97.28
90.86
78.37
71.89
70.04
84.55
86.05
91.19
95.14
98.04
105.50
116.22
95.00
83.54
78.06
76.28
70.86
68.44
68.13
68.01
71.13
79.99
83.20
92.67
90.01
84.41
78.99
68.16
66.15
71.17
74.37
86.98
86.61
88.26
95.03
104.26
90.33
81.14
77.81
75.48
70.93
68.26
67.31
67.62
70.29
77.99
81.76
89.21
87.14
83.01
79.99
72.80
70.45
73.74
76.99
83.40
83.21
85.19
94.92
101.08
85.13
79.09
73.67
73.34
69.32
67.07
65.84
66.10
68.55
73.11
76.95
86.66
85.91
82.85
82.00
72.42
69.95
76.25
81.61
85.64
81.65
83.02
92.15
98.23
83.57
76.76
72.92
69.20
65.92
60.25
58.79
60.61
65.96
75.56
80.65
91.62
92.85
91.22
92.37
76.24
72.60
77.99
81.91
87.15
84.16
84.34
94.46
100.60
85.11
78.79
74.01
70.73
64.31
58.94
59.55
59.65
65.56
76.18
79.72
88.28
88.23
84.52
80.10
73.71
72.15
72.74
78.70
82.01
81.67
86.03
98.94
104.77
86.88
79.28
74.38
74.16
69.64
66.33
65.51
65.18
69.88
76.18
80.10
87.02
84.27
78.08
74.78
70.30
67.27
70.28
73.53
75.22
80.91
87.19
100.71
106.94
88.31
80.45
75.20
75.85
70.89
66.79
65.78
64.65
68.83
78.66
83.57
87.64
84.31
79.18
73.47
64.56
60.64
61.99
69.24
74.18
79.69
87.14
98.90
104.58
89.34
81.56
76.97
77.27
71.60
68.76
68.43
68.48
71.40
79.00
84.22
94.20
89.87
83.52
81.34
74.59
72.33
74.69
78.45
80.68
82.99
86.77
97.55
103.43
88.45
82.74
78.40
75.59
69.33
66.35
64.99
64.34
69.18
76.24
82.92
95.19
87.75
82.08
77.89
69.11
67.68
71.62
74.13
79.53
82.62
86.62
101.10
104.53
86.18
80.00
74.97
70.77
66.01
63.67
63.30
63.36
64.71
72.86
80.65
91.04
81.23
78.44
71.35
61.93
60.25
63.28
67.28
75.75
80.30
87.60
107.40
109.78
88.39
82.73
75.54
72.00
65.53
61.59
60.52
60.96
66.04
74.55
80.35
89.54
85.45
80.16
77.69
70.87
68.08
69.92
73.71
80.08
81.90
85.25
101.05
98.41
85.71
79.98
74.23
68.93
64.49
61.33
59.56
60.09
63.63
71.67
80.45
87.76
84.00
79.53
73.32
68.26
66.61
69.03
74.38
78.86
80.33
85.66
102.59
99.53
84.31
78.48
73.09
71.49
67.07
64.79
63.78
63.72
66.41
74.03
80.19
88.41
84.18
79.60
76.92
68.73
64.26
64.81
69.11
75.50
78.16
83.10
101.84
99.79
84.60
79.44
73.73
72.85
66.44
63.35
61.84
62.05
65.47
77.92
83.24
90.29
86.44
81.17
76.66
65.06
62.37
61.72
67.92
75.30
78.66
88.24
107.85
105.70
88.66
81.64
77.39
73.31
68.55
64.03
61.85
62.17
65.43
78.49
84.49
95.72
92.02
80.84
78.23
67.49
63.42
68.28
73.06
80.90
88.73
93.57
109.79
105.09
87.83
81.23
76.38
74.95
69.49
67.08
64.67
64.56
69.74
78.43
85.83
96.77
91.20
83.44
77.22
70.67
68.63
71.53
74.02
82.55
84.54
89.64
115.35
105.05
86.79
80.48
76.45
74.43
69.88
66.60
65.06
65.00
68.74
75.17
82.20
92.38
87.68
81.84
77.58
70.28
66.84
69.96
76.11
83.10
83.32
87.20
110.43
100.52
84.53
79.49
74.38
71.87
68.40
65.65
64.23
63.89
68.03
77.00
83.93
93.85
89.38
83.28
79.67
73.24
70.34
74.85
77.06
82.81
83.32
88.14
114.23
99.31
85.87
81.95
76.18
73.16
69.45
64.33
62.19
62.06
67.72
76.80
82.12
91.11
88.98
82.26
76.98
70.12
68.48
71.25
75.22
80.94
81.65
86.86
112.28
98.49
83.50
81.04
75.35
73.40
69.49
67.92
64.30
64.07
66.39
74.41
80.46
87.85
85.17
78.59
73.71
65.36
61.43
62.88
67.64
74.38
78.45
83.46
108.58
96.99
83.91
80.76
75.11
76.58
69.72
67.54
64.84
63.79
68.61
79.60
86.23
87.97
85.57
81.49
77.82
68.61
63.23
68.18
69.80
78.78
82.36
88.30
119.92
104.55
89.21
82.54
78.16
78.86
71.86
70.52
68.84
68.73
72.59
87.96
94.14
110.08
106.99
89.40
82.43
74.14
72.92
77.01
80.58
90.01
93.72
110.99
128.01
123.73
96.64
90.59
85.26
73.83
67.02
63.51
62.36
62.70
68.47
78.22
85.18
100.28
97.26
85.05
79.62
71.59
68.70
73.08
78.60
86.48
90.45
91.40
106.40
97.18
87.23
81.30
75.74
74.97
67.82
65.38
63.88
63.03
67.97
78.25
86.26
96.98
97.73
94.18
87.16
72.75
68.89
74.63
79.99
88.03
90.80
96.15
118.58
101.30
88.33
83.04
76.83
78.41
72.25
69.01
68.24
67.62
73.88
86.54
92.56
104.78
100.72
92.78
88.24
79.61
76.77
81.92
87.30
91.54
92.65
96.25
134.50
102.66
89.87
85.16
79.90
74.12
69.75
66.69
65.21
64.30
70.00
86.04
90.30
102.56
98.80
89.45
83.63
75.50
71.81
76.44
80.42
86.96
86.37
95.12
126.08
99.98
87.45
81.79
78.33
78.56
73.88
68.57
66.20
65.88
69.41
83.03
89.96
100.36
95.05
87.54
83.70
76.15
67.16
70.77
76.22
82.66
85.62
94.78
134.09
102.93
88.55
82.28
78.97
81.32
75.05
71.32
68.51
69.32
71.82
80.28
88.45
92.87
93.43
84.34
79.73
72.94
69.20
69.51
75.88
83.03
88.28
94.97
129.84
104.82
89.18
83.39
77.52
75.35
70.28
67.08
63.09
63.84
69.33
82.93
92.84
101.72
102.04
95.29
90.44
83.89
81.24
85.49
89.13
92.80
92.80
97.50
122.70
103.66
90.22
84.58
79.04
77.26
72.80
67.64
64.16
65.53
69.18
80.49
95.62
103.56
104.46
95.06
89.95
79.48
75.04
78.99
81.96
88.47
92.43
101.87
124.90
105.49
93.36
88.33
82.23
77.62
71.85
66.31
64.63
63.57
69.48
82.05
95.59
105.74
107.74
92.29
89.68
81.23
78.20
79.90
82.13
86.77
90.87
98.50
133.40
112.82
95.28
88.19
83.07
77.19
72.68
67.76
63.20
66.23
72.07
85.09
97.70
101.87
101.43
95.35
90.63
82.38
79.18
82.97
87.77
93.02
96.10
101.42
129.13
101.21
93.52
84.63
81.27
76.90
70.31
65.26
61.07
63.06
70.53
85.68
96.78
107.45
100.56
91.92
88.32
80.91
77.50
78.44
83.51
87.61
93.64
105.68
132.81
104.55
96.76
87.71
82.73
80.59
72.16
67.07
62.77
62.52
69.38
81.89
92.80
98.15
98.11
93.59
90.06
81.57
76.83
78.51
80.77
87.42
90.44
102.54
128.03
106.17
95.07
90.64
84.68
79.92
73.22
70.17
65.62
65.89
70.33
86.28
96.24
97.87
95.18
88.60
85.25
77.92
75.10
75.60
78.48
83.61
90.79
101.61
126.61
111.65
94.54
86.63
82.27
80.19
73.84
69.59
66.40
66.70
73.56
87.00
99.90
108.79
104.17
94.38
87.50
79.66
75.59
78.87
82.06
90.13
93.38
103.75
131.53
105.74
92.76
88.19
81.81
77.34
72.61
66.91
63.45
64.43
69.05
84.69
94.48
102.20
99.76
93.88
90.27
79.92
78.35
80.78
81.93
84.13
88.59
95.60
124.15
98.54
87.79
84.12
76.79
69.89
65.48
59.40
55.90
54.75
60.92
74.73
82.86
89.79
89.25
85.56
79.37
72.09
70.67
70.83
74.96
79.82
82.76
93.46
116.12
95.23
87.18
81.31
72.90
68.31
62.70
58.88
56.09
55.70
62.21
77.07
88.64
97.06
92.58
87.13
81.16
72.94
71.23
72.39
77.46
82.20
84.97
93.59
114.27
97.38
87.14
81.64
75.49
71.64
62.54
59.46
57.43
56.25
63.43
79.07
93.84
103.43
99.44
90.28
87.33
77.35
75.32
78.18
81.02
84.36
90.91
99.33
125.25
103.42
93.53
84.29
78.50
77.20
71.22
68.02
65.94
64.53
70.50
84.66
96.24
106.11
100.43
94.22
90.55
80.08
75.95
75.48
79.64
85.74
89.94
106.78
144.93
113.44
92.86
86.25
80.83
79.55
71.05
67.89
64.85
63.49
68.55
80.39
98.30
103.36
99.74
91.31
85.92
77.17
72.84
70.95
73.75
84.28
90.85
110.43
138.02
114.29
101.54
90.27
83.26
78.14
69.95
66.40
62.99
62.49
69.53
86.99
101.61
110.83
108.05
95.52
88.04
81.29
75.24
76.58
82.47
93.52
100.00
116.95
141.48
116.23
98.68
90.40
85.56
78.46
68.86
64.87
62.69
62.63
68.85
89.20
105.73
118.33
112.33
102.99
98.30
88.09
84.70
87.24
90.36
96.10
94.70
110.08
135.63
109.13
96.23
88.10
83.69
76.43
71.91
66.38
63.26
63.50
68.39
80.92
89.79
99.99
95.96
87.54
83.10
76.38
72.02
74.41
78.24
81.95
86.34
100.13
119.21
100.59
89.73
83.46
78.81
73.41
64.48
59.80
57.26
58.47
66.38
79.65
94.69
101.56
96.30
89.30
84.00
76.89
73.66
76.49
80.47
85.26
86.85
99.63
119.13
98.72
89.75
86.10
78.44
72.80
67.03
61.81
60.26
60.36
66.89
79.82
100.45
106.71
99.16
92.26
88.54
82.19
80.72
84.48
87.49
90.61
94.42
108.43
126.99
107.48
95.84
88.61
80.47
77.03
69.80
61.23
58.87
58.08
66.66
83.92
94.09
105.23
101.51
93.67
89.53
79.92
77.93
80.29
84.46
88.82
96.66
113.11
128.07
107.05
99.97
90.16
82.65
79.02
69.75
62.08
59.19
59.41
59.64
72.77
91.18
94.55
92.06
88.32
80.98
74.08
70.41
72.41
75.51
82.80
93.71
108.34
123.64
112.39
101.21
90.48
84.51
81.48
70.01
63.80
61.79
61.32
61.88
69.71
84.11
94.33
91.75
84.66
76.69
72.36
68.73
67.48
72.37
84.84
97.49
102.78
113.25
113.81
95.76
88.98
82.87
73.41
61.12
55.69
51.19
50.05
51.44
60.85
86.36
93.25
100.13
94.98
87.11
82.69
76.62
77.17
83.68
90.59
99.64
108.40
119.28
119.73
98.26
88.68
82.12
82.73
69.09
63.39
59.43
56.83
56.96
64.54
80.01
85.07
89.19
86.15
80.73
79.10
73.32
73.56
78.19
86.69
97.86
104.23
121.50
121.04
101.62
94.03
85.54
79.38
72.39
64.76
59.39
57.16
57.91
67.74
81.58
87.79
92.26
90.22
84.67
81.88
76.96
77.29
82.80
90.82
104.68
107.48
125.47
124.71
96.45
88.57
81.35
75.16
72.27
64.77
58.78
55.55
55.39
64.29
78.79
87.92
91.72
89.92
83.13
79.81
74.89
75.53
80.60
87.98
97.70
99.14
111.72
113.97
96.13
86.39
83.48
76.71
80.39
75.27
70.92
69.96
67.67
69.61
70.66
69.75
69.88
68.99
66.68
64.68
64.28
60.33
66.64
75.27
87.33
102.10
110.78
109.16
99.14
90.17
83.99
77.94
76.77
70.84
66.61
65.79
66.65
70.54
81.39
86.39
89.97
84.46
80.03
78.62
76.14
73.92
81.72
88.78
101.32
118.49
122.50
120.53
103.62
92.99
87.29
79.14
74.61
68.74
61.71
60.24
59.96
64.13
81.47
88.39
89.12
83.74
79.60
78.58
76.58
75.86
80.73
94.05
104.91
118.85
119.27
111.05
103.35
91.82
84.14
76.44
76.68
68.60
61.45
63.00
65.91
72.34
86.68
90.63
94.91
91.54
89.33
84.72
80.24
81.43
88.03
93.53
106.64
126.11
122.04
109.31
95.55
85.96
79.71
73.76
67.65
61.37
57.20
54.81
54.65
58.33
74.07
80.10
84.82
84.17
82.33
80.27
76.51
75.79
79.57
87.82
103.03
129.64
129.48
108.70
93.93
84.29
78.15
71.24
67.05
60.77
54.82
51.88
52.42
60.78
74.68
83.05
86.54
84.95
83.14
80.73
76.54
76.76
84.44
91.41
101.20
128.37
123.80
110.85
95.92
85.64
82.20
74.83
67.59
64.32
57.91
54.98
55.98
65.37
79.67
92.26
101.05
96.77
90.54
89.18
83.57
83.76
91.26
96.92
109.15
140.43
133.32
116.47
108.64
94.52
84.73
79.45
72.39
64.13
58.86
55.02
57.32
64.62
80.46
90.58
96.10
95.60
90.15
86.63
82.14
81.79
82.80
88.06
100.78
141.55
139.72
119.78
101.16
89.87
86.15
79.74
75.52
63.58
57.73
53.92
53.06
59.11
75.10
90.11
102.92
99.94
91.85
91.21
81.51
81.50
88.74
97.54
108.68
128.26
133.10
130.04
109.18
91.62
82.49
75.99
72.29
65.40
61.10
56.93
57.50
66.62
82.67
101.38
109.31
104.56
99.20
95.92
89.38
88.51
98.73
110.92
119.42
156.04
145.67
132.90
111.53
96.19
86.63
81.07
74.78
64.05
59.84
56.15
57.95
68.51
84.95
93.49
101.13
96.88
88.86
86.50
81.40
80.89
85.31
95.61
104.67
148.11
128.87
117.33
101.72
93.57
84.82
78.90
75.74
65.69
61.19
54.52
58.01
65.39
82.26
89.45
95.96
93.78
86.56
81.92
77.62
77.33
83.17
90.10
99.19
133.32
124.02
115.84
98.18
90.54
82.36
75.63
72.89
67.48
59.76
55.72
57.08
65.99
82.47
97.30
102.26
100.09
97.54
92.72
84.16
84.97
93.61
100.52
106.22
135.71
141.35
120.72
104.05
94.01
85.99
81.12
74.31
69.03
64.93
59.05
60.36
67.63
88.60
111.95
116.47
117.42
103.32
100.63
93.36
92.72
100.33
103.92
113.89
144.81
147.01
129.03
108.12
95.49
88.22
83.22
78.02
71.55
62.92
59.56
59.38
65.16
84.21
98.91
107.03
106.57
97.66
95.62
88.47
87.69
90.04
94.93
104.90
137.32
157.21
127.08
109.01
95.34
86.00
77.19
75.99
69.84
62.73
57.76
58.37
64.64
82.21
94.92
100.95
95.32
92.86
89.55
86.26
84.08
90.41
103.49
111.98
133.41
142.83
129.11
111.30
98.56
87.63
80.97
76.02
70.41
63.52
58.74
60.83
63.35
79.16
96.73
104.58
100.73
93.90
92.90
87.19
85.96
92.40
97.72
106.07
122.78
125.88
113.97
104.35
93.79
86.43
77.80
73.46
67.43
61.17
56.68
56.82
66.79
81.93
101.21
107.24
102.92
98.73
95.87
89.62
90.90
95.54
100.92
104.96
125.63
125.38
114.51
102.15
96.14
87.55
77.36
76.28
68.64
63.34
60.81
59.06
65.38
81.81
96.45
104.08
103.17
100.80
97.83
86.66
85.43
93.49
99.86
104.70
131.47
130.25
118.85
103.04
94.52
86.36
78.54
75.82
66.56
60.50
58.34
57.41
64.05
79.14
93.09
105.35
99.53
92.29
89.65
81.24
83.04
91.91
99.49
106.37
130.13
122.18
107.91
99.32
90.95
83.39
76.14
72.39
65.27
59.98
58.88
57.76
66.82
79.48
89.41
99.08
96.05
92.36
89.63
83.44
81.74
87.09
90.74
97.89
123.96
122.62
110.08
95.57
86.75
81.51
74.95
69.77
64.60
57.72
54.60
54.20
60.53
75.54
86.19
95.52
91.05
84.72
82.80
79.44
76.58
83.03
90.37
101.86
125.14
127.87
116.32
103.20
92.24
82.04
76.82
76.13
65.43
60.90
58.87
58.06
62.42
75.30
93.30
103.62
101.27
91.31
89.58
80.05
80.94
92.25
101.50
114.04
130.67
131.50
121.94
104.97
93.03
85.18
77.77
73.95
68.89
65.92
63.22
62.59
65.66
77.77
92.11
107.14
104.75
97.35
96.67
87.37
85.79
93.24
100.26
107.90
129.29
129.84
118.50
106.45
92.84
86.67
78.60
71.89
64.92
61.19
58.52
58.62
64.80
81.70
95.94
106.35
101.74
94.96
91.76
85.40
84.04
89.45
95.23
102.55
126.04
127.24
112.36
98.74
89.32
87.37
78.20
70.36
65.11
61.41
58.63
58.55
63.23
74.78
87.73
97.39
96.62
92.70
89.32
80.56
77.28
84.37
89.94
97.81
124.65
125.97
113.08
99.44
89.18
85.35
78.67
74.86
66.62
63.00
61.22
62.61
69.18
82.92
94.06
103.37
102.03
94.05
90.42
84.65
84.00
88.68
98.12
114.10
136.54
129.61
113.26
103.62
92.81
87.47
82.82
76.41
71.40
68.32
66.39
66.57
71.18
87.95
105.25
112.30
112.33
102.29
102.83
93.82
91.82
103.14
112.38
121.30
143.71
139.79
122.03
111.37
96.60
91.66
82.49
78.77
73.96
69.84
65.20
65.04
71.98
83.19
94.68
104.96
105.80
99.52
94.04
89.13
85.91
93.20
96.86
104.92
134.35
134.81
119.73
106.96
95.02
86.60
81.58
80.26
73.38
67.02
63.19
61.08
71.78
85.63
89.96
110.03
110.81
101.51
97.18
86.59
86.98
92.89
100.07
107.90
134.98
127.31
116.95
106.08
95.25
88.18
83.59
81.95
73.01
63.54
57.55
57.80
64.77
80.43
105.56
118.85
118.24
105.29
98.60
92.69
89.96
102.47
112.98
125.62
154.52
141.42
127.81
115.29
105.10
96.24
90.96
88.10
81.91
75.02
69.91
70.34
79.21
94.77
113.13
124.63
121.97
110.79
105.90
95.51
95.00
103.40
109.04
131.20
146.14
137.35
125.00
111.46
102.20
96.78
90.15
86.03
76.40
72.69
68.11
67.76
74.11
85.75
99.61
107.47
105.95
100.69
98.58
92.69
91.31
94.49
98.71
112.12
136.05
132.96
120.05
109.55
99.27
93.61
88.36
89.57
82.62
77.73
73.72
73.42
80.09
91.50
109.10
119.32
119.98
112.04
110.73
102.01
99.93
103.85
110.19
120.42
140.27
135.48
121.11
108.75
98.72
96.89
90.95
88.82
82.82
78.27
73.32
73.62
82.26
93.95
120.37
138.58
135.45
123.04
119.00
107.24
104.43
108.56
114.19
126.90
146.39
141.76
129.35
116.63
105.87
97.91
91.11
88.85
81.66
77.44
74.23
74.12
76.99
86.56
110.84
118.98
114.03
105.33
100.81
93.37
92.62
94.91
101.55
115.35
136.23
130.97
122.73
110.13
103.87
96.94
90.38
88.99
84.13
81.15
78.48
78.07
81.15
88.55
101.53
117.47
113.81
103.18
100.89
93.55
93.48
96.74
108.07
112.56
138.55
134.43
145.69
115.13
105.32
95.65
90.66
84.77
79.75
76.07
73.16
71.59
73.21
79.81
86.24
89.57
89.61
86.81
86.17
84.03
81.55
82.03
87.07
93.20
113.99
113.99
114.30
107.91
99.99
93.62
86.20
81.94
77.61
73.60
72.13
71.68
75.52
91.64
109.91
117.47
111.95
104.39
99.05
92.54
91.76
96.03
101.28
110.60
131.14
129.01
119.84
105.92
98.05
96.33
88.16
84.05
78.77
74.32
69.89
68.81
72.97
84.11
99.50
103.20
101.11
94.17
89.08
82.25
82.09
85.65
91.53
102.12
118.08
118.09
115.64
102.14
95.67
87.17
79.68
73.47
66.67
62.75
60.78
61.65
68.82
85.21
102.09
115.66
107.52
101.25
97.75
90.76
91.45
96.32
102.60
111.99
130.42
120.13
114.30
106.00
97.73
91.44
83.61
80.19
74.53
72.10
70.19
69.30
73.99
87.16
106.09
122.37
119.73
110.95
106.57
94.21
94.09
100.16
108.44
119.40
144.59
137.76
128.30
107.32
98.36
90.70
84.77
84.22
77.64
73.39
71.10
71.47
78.37
89.08
111.10
128.96
129.08
117.81
107.34
98.98
99.24
104.80
118.94
135.96
150.38
148.65
142.45
120.95
113.73
97.22
87.94
85.73
77.07
73.66
69.01
67.39
72.91
89.21
101.24
113.32
112.20
105.19
102.34
94.38
94.76
99.97
106.64
118.09
138.93
127.51
118.74
110.23
101.30
94.89
87.28
79.23
73.24
69.53
66.16
64.51
70.11
85.97
103.47
113.04
107.16
102.48
98.88
94.13
91.64
99.26
104.18
112.98
135.34
124.37
118.49
110.56
100.42
94.60
86.56
81.77
72.21
67.88
65.07
63.72
71.25
92.17
103.99
120.09
114.95
107.59
101.13
90.46
89.97
96.18
100.39
111.04
129.16
120.46
115.36
105.58
98.91
92.55
88.57
79.15
71.75
67.96
65.73
65.06
70.30
86.77
97.95
102.62
100.91
96.75
93.01
85.64
85.57
91.51
96.68
104.53
127.06
120.32
116.05
108.10
99.20
92.75
86.52
79.81
73.86
69.81
67.08
67.02
74.91
89.85
102.85
109.24
105.31
99.76
97.66
91.58
91.24
96.12
103.29
115.34
130.32
119.92
115.33
108.95
102.24
95.13
89.14
80.26
73.98
72.18
68.36
69.30
74.60
87.14
101.94
112.22
107.41
101.45
97.23
88.58
87.22
94.98
99.60
108.21
122.72
113.15
110.97
104.46
95.72
93.73
85.89
83.96
77.19
74.73
71.74
73.14
77.59
88.19
97.68
109.28
110.41
101.54
97.93
91.76
89.97
94.98
101.32
112.29
125.55
117.06
112.43
107.77
99.91
93.96
85.82
83.81
75.34
70.29
67.51
66.85
71.09
86.13
98.88
104.92
107.95
100.46
95.54
90.27
87.19
93.95
100.09
106.76
118.72
113.69
112.23
108.76
101.60
94.54
87.45
81.83
75.01
72.57
72.26
71.31
74.47
88.27
109.45
119.87
114.85
102.55
97.65
92.07
91.85
98.67
104.70
113.52
121.98
119.92
120.17
111.95
103.21
94.39
84.83
76.58
70.36
66.38
63.30
60.99
69.30
80.17
95.93
101.55
97.79
90.51
87.81
81.45
80.02
86.32
90.72
98.27
109.85
107.80
105.27
98.32
91.76
86.23
80.88
77.69
69.88
64.98
62.65
59.81
67.31
77.82
89.91
93.72
93.79
88.30
84.24
79.08
77.52
81.97
86.00
94.34
107.13
103.43
100.77
92.77
86.10
83.09
77.96
76.56
69.28
59.54
55.48
54.69
56.42
61.49
68.62
67.25
72.89
74.70
75.69
71.88
60.18
59.22
70.56
81.91
90.20
90.40
88.74
86.60
82.05
78.87
73.75
70.11
56.51
50.43
46.55
45.30
49.14
53.01
59.96
62.59
67.49
71.61
71.62
69.82
65.95
66.15
71.42
79.06
93.33
91.42
92.29
89.45
84.27
79.15
72.44
73.34
61.72
53.11
47.63
48.62
59.56
74.31
83.66
93.98
94.45
90.75
85.69
80.84
78.34
85.11
92.42
102.19
121.40
114.98
109.16
99.15
91.49
82.42
75.73
68.45
60.13
49.71
46.49
46.14
52.21
66.86
78.24
84.96
86.11
81.69
78.99
75.76
74.91
78.75
84.03
91.56
104.91
102.24
100.22
94.21
90.55
82.89
76.76
67.87
55.88
49.67
44.45
44.03
50.92
63.51
78.58
86.37
85.56
81.93
77.51
74.25
72.27
75.23
82.38
91.72
108.14
102.43
101.32
96.07
90.39
84.08
75.23
71.41
60.36
56.80
52.81
51.77
57.66
72.21
83.38
91.98
90.23
85.60
82.31
78.29
77.17
79.17
85.32
93.31
109.57
108.43
103.82
97.40
91.04
83.74
78.09
72.37
64.79
57.29
53.51
53.25
56.73
70.22
81.60
89.26
90.31
86.10
82.59
77.95
74.46
77.24
84.51
91.70
105.87
107.79
104.29
94.10
85.79
81.47
75.78