80.83
77.72
69.64
60.72
53.15
55.58
59.34
66.39
58.43
57.37
58.03
58.47
61.82
57.49
58.48
69.87
78.36
88.22
92.61
94.59
90.01
86.60
80.40
73.76
69.42
59.31
52.24
50.51
50.16
57.47
73.21
82.51
91.12
90.53
88.55
84.85
79.80
77.84
82.52
86.36
91.92
105.67
105.57
100.70
92.19
83.98
79.30
74.84
70.32
60.91
47.68
46.01
44.27
53.94
69.42
78.60
83.20
83.55
79.79
78.01
73.57
71.44
74.38
79.35
85.15
96.55
96.54
93.02
86.42
81.08
76.84
72.20
70.08
64.89
56.48
50.58
47.92
55.84
71.07
82.20
87.49
88.99
86.03
83.24
76.27
73.25
74.63
79.70
85.02
96.07
96.52
93.86
89.52
83.01
77.52
69.88
60.92
45.74
41.25
37.55
35.81
42.75
53.96
68.15
75.36
83.07
79.72
74.35
68.53
64.49
67.00
74.47
82.51
94.18
94.82
93.14
87.44
80.84
75.86
68.18
68.94
60.39
53.24
48.98
48.37
52.72
63.55
73.48
74.15
74.92
75.26
72.33
69.24
60.61
64.74
74.24
82.04
94.06
98.00
98.91
94.04
90.08
86.20
76.68
74.45
65.47
59.90
58.41
57.96
66.91
79.76
90.72
98.65
97.55
92.12
88.33
78.11
78.12
83.39
89.28
96.43
108.21
106.93
103.38
93.42
86.53
81.85
75.25
67.66
61.43
57.44
53.12
54.69
61.78
76.79
85.97
93.36
93.23
88.10
85.80
79.43
79.57
82.63
85.54
90.80
104.37
105.43
102.94
94.67
86.87
81.75
74.19
69.70
64.51
60.43
57.08
57.12
63.07
75.53
87.79
98.94
96.27
90.75
86.38
78.76
78.12
79.95
85.73
91.46
106.45
104.84
99.98
93.42
83.57
78.35
71.92
69.20
63.78
56.50
52.79
53.18
59.18
69.50
83.83
91.99
94.39
89.29
83.45
77.26
74.48
78.28
83.76
92.25
114.53
108.04
101.71
95.33
88.37
78.48
71.34
69.11
62.38
57.76
53.17
52.73
59.39
75.38
91.50
95.79
95.11
85.09
80.66
76.72
73.84
76.80
81.34
87.86
101.40
102.06
98.50
93.65
85.86
79.77
71.67
69.61
63.40
57.87
51.84
53.32
56.97
75.89
88.44
96.18
98.00
91.53
86.05
79.25
77.88
82.65
87.40
93.68
107.94
108.37
103.38
96.41
90.05
84.74
76.48
70.54
62.55
55.37
51.73
52.06
58.66
74.99
86.35
94.53
96.62
92.32
89.31
80.81
79.98
83.03
86.89
91.82
102.47
101.70
97.08
92.83
86.12
81.46
74.01
69.19
62.29
58.45
54.13
53.94
60.68
75.87
86.87
96.86
94.59
88.88
84.92
78.93
78.08
80.49
84.05
87.55
100.79
104.18
96.47
90.85
83.43
82.26
74.85
67.07
62.06
57.92
55.47
55.98
62.44
71.15
82.75
90.56
92.97
87.59
84.88
79.96
78.04
80.78
83.18
85.61
101.59
101.31
95.44
89.24
83.97
80.34
74.65
67.68
63.17
60.40
57.62
57.37
62.41
73.13
89.74
101.87
101.75
94.74
91.39
83.38
81.13
86.72
89.46
92.39
106.88
106.83
100.32
90.87
83.22
80.75
75.29
70.61
64.72
60.94
55.68
55.48
62.49
74.84
90.68
102.11
102.98
94.95
91.39
83.96
80.05
82.61
86.55
92.05
112.66
118.87
108.73
96.74
88.80
82.34
77.70
73.88
64.27
60.42
56.72
56.97
61.51
75.23
95.52
101.25
101.47
94.26
87.06
81.75
79.29
79.76
88.48
90.50
110.49
116.95
108.67
95.01
89.66
86.31
80.62
74.06
67.26
60.80
56.34
54.89
60.89
75.40
83.15
95.84
100.74
99.71
94.98
85.63
82.50
84.20
87.24
96.25
104.34
114.91
107.90
98.18
94.25
89.66
79.27
74.78
65.94
61.35
56.80
56.10
64.84
78.60
88.96
105.62
100.36
95.17
89.66
84.52
81.91
84.77
89.62
92.58
108.60
119.26
108.69
95.09
88.38
86.27
80.45
73.30
63.35
58.76
55.89
56.12
60.45
74.57
88.40
100.33
101.22
94.08
88.13
79.37
75.33
78.65
83.77
87.23
103.22
107.27
100.55
87.29
81.56
78.45
71.63
71.15
65.37
59.92
57.79
57.15
63.51
71.74
85.04
91.90
91.78
86.08
83.50
78.17
75.05
77.26
81.19
85.34
95.97
99.51
97.61
91.92
84.96
82.80
74.95
68.98
66.34
61.19
58.69
57.74
64.19
78.72
95.48
104.95
105.10
101.68
95.77
87.19
83.62
85.12
90.76
94.53
107.89
114.78
105.94
96.32
87.31
84.08
78.15
73.15
68.19
63.62
59.78
57.68
63.92
76.58
98.61
110.84
104.74
98.99
93.72
85.44
80.48
82.76
89.02
92.28
107.22
115.56
108.27
98.13
86.47
83.06
77.42
75.32
69.12
63.99
61.46
59.69
64.23
78.11
93.58
107.60
104.27
93.11
86.29
81.90
76.71
78.98
83.97
89.76
100.24
115.97
108.18
97.20
86.78
82.49
77.35
71.28
63.20
59.06
55.21
53.29
57.57
71.25
87.55
98.79
98.42
88.27
85.61
77.42
71.22
74.72
83.22
92.18
103.84
107.36
104.89
97.07
87.13
83.57
78.49
67.65
60.03
53.99
51.73
51.12
55.98
69.60
86.03
95.00
91.45
86.29
84.26
77.94
75.72
78.38
82.08
86.58
97.18
102.55
99.39
93.40
85.37
81.07
75.51
63.74
59.68
55.73
54.15
53.35
59.19
71.79
83.78
90.71
88.59
84.02
81.78
76.74
73.93
76.47
79.00
82.63
93.49
97.43
94.83
88.64
82.62
78.28
72.91
67.04
61.76
57.75
54.93
54.61
61.28
72.72
83.17
89.91
90.99
85.12
82.61
77.61
73.96
77.70
79.14
82.72
95.32
100.43
95.98
90.09
83.52
78.69
71.84
63.71
60.34
55.53
54.46
54.28
59.07
71.83
86.22
97.27
95.55
87.26
82.87
76.92
74.11
77.90
81.34
85.99
102.13
108.16
98.73
90.92
81.85
76.67
71.58
64.02
55.07
52.10
49.86
47.13
52.94
68.04
80.80
91.76
89.40
82.66
80.47
74.65
71.35
74.79
79.15
84.50
96.35
105.25
97.89
89.79
78.80
73.01
67.20
58.59
53.47
49.03
48.34
47.10
51.99
63.73
78.36
88.15
92.27
85.92
83.75
73.63
71.20
74.06
77.91
85.50
90.08
99.09
97.75
86.81
80.63
74.58
66.08
58.09
53.00
48.07
45.02
44.94
48.05
59.68
73.93
84.95
85.40
81.54
78.58
70.45
66.24
71.00
74.26
77.74
85.86
93.69
92.93
85.23
79.97
75.06
68.08
55.50
51.48
48.84
46.82
47.16
52.96
66.22
78.85
92.97
89.92
86.82
83.91
75.67
71.85
74.54
77.62
79.48
88.33
99.21
95.48
86.33
81.64
75.99
67.95
60.27
54.85
51.13
48.47
49.06
54.51
69.71
80.63
89.32
87.00
81.60
78.87
72.09
69.89
73.65
75.64
79.09
87.07
98.09
91.44
83.89
77.20
73.91
66.84
63.01
57.26
53.56
50.86
50.59
55.74
69.12
78.98
85.05
84.18
81.50
79.26
72.90
68.96
70.93
73.86
77.15
84.93
93.94
89.42
82.47
77.94
72.65
66.10
58.58
54.37
48.69
44.74
45.03
53.31
68.62
85.02
93.53
92.91
86.91
84.76
73.26
71.36
76.58
78.58
81.94
89.90
98.63
93.29
86.91
79.44
74.73
67.37
66.42
58.49
53.98
50.33
49.60
56.01
68.10
81.04
88.44
88.92
84.71
82.02
73.51
71.01
73.54
79.02
82.73
88.50
100.64
97.27
88.04
80.17
75.45
67.90
64.83
57.86
50.41
47.55
46.75
51.50
64.11
76.12
80.70
82.09
77.38
72.38
66.84
61.87
63.37
68.30
71.99
83.85
95.30
94.03
85.36
76.22
71.54
66.56
59.01
53.09
48.49
44.18
41.65
46.91
57.02
71.66
76.65
77.59
74.79
71.24
65.13
61.05
61.24
64.48
71.27
85.56
100.84
96.81
88.94
80.41
74.39
66.84
61.82
55.52
51.60
47.66
47.66
53.38
67.12
76.49
86.18
86.17
82.97
80.36
74.63
70.95
74.62
76.41
81.32
89.51
101.29
95.51
89.69
82.43
77.15
70.30
64.94
57.97
53.51
50.95
50.85
55.80
70.46
78.57
87.48
86.51
81.64
77.85
72.12
69.42
72.54
74.64
79.14
85.78
97.30
92.38
84.92
78.17
72.62
66.71
64.78
58.35
54.42
52.92
52.51
57.74
70.01
78.52
85.72
85.31
80.30
76.18
70.28
68.53
70.74
74.93
79.33
86.36
99.20
95.18
86.41
79.10
75.51
68.63
61.72
55.66
52.88
50.04
50.34
55.73
69.82
78.60
90.17
84.88
78.84
73.78
68.89
67.30
70.74
74.38
78.51
85.89
96.65
91.56
84.12
77.29
72.18
67.72
64.23
57.82
51.40
48.55
48.36
54.04
62.93
71.76
78.84
78.35
73.21
70.55
64.86
62.16
67.47
70.69
75.58
84.93
98.61
96.84
87.93
79.04
74.03
68.09
64.79
58.37
54.03
52.41
51.63
54.42
66.91
74.83
78.74
78.62
75.03
71.51
66.76
64.31
66.79
71.33
76.31
84.18
98.08
93.94
84.83
77.61
72.44
67.84
62.54
57.77
51.57
48.68
48.72
51.84
62.93
70.17
74.47
72.94
69.23
64.67
60.45
58.09
59.41
64.22
70.08
80.78
96.88
96.91
87.19
78.78
74.58
67.48
59.82
54.89
50.83
45.95
45.15
52.37
63.47
71.69
77.65
76.13
71.86
68.61
63.39
59.94
64.25
67.34
73.92
81.86
94.70
94.09
86.31
77.03
72.84
66.43
63.79
57.49
54.26
50.96
51.20
56.84
70.24
78.72
86.37
82.05
77.32
72.51
66.23
65.39
68.41
72.87
78.27
85.07
98.78
95.51
86.39
78.43
74.01
69.73
65.48
61.58
57.40
53.65
53.27
59.49
68.99
75.13
80.84
78.37
74.33
69.95
63.70
61.03
66.34
71.49
76.51
83.83
96.51
94.99
85.83
78.37
75.25
70.73
65.51
61.75
57.24
54.26
53.91
61.45
72.30
82.51
90.48
84.70
77.45
73.74
67.55
66.07
69.61
73.43
80.23
91.13
118.16
108.67
91.23
89.04
78.77
69.10
64.39
60.04
55.97
53.36
51.79
56.57
66.19
71.52
78.25
74.85
71.15
68.30
63.08
60.59
60.50
66.47
71.33
77.74
92.46
91.39
80.34
73.66
69.35
64.53
62.28
56.01
51.07
48.46
48.23
52.05
61.88
67.14
70.87
73.88
70.60
65.43
60.20
57.83
59.38
64.83
69.66
77.94
88.83
90.07
80.68
73.56
69.95
65.48
60.47
55.27
52.01
48.32
48.01
53.47
61.55
66.46
71.01
68.78
66.22
63.34
58.75
55.82
56.20
58.80
65.23
73.07
85.97
89.71
79.83
74.45
69.73
63.08
56.01
51.93
47.90
45.44
45.29
50.63
63.51
70.31
79.61
78.57
73.64
72.53
69.51
66.65
67.89
70.60
74.89
81.65
92.42
93.06
84.77
78.87
73.48
68.48
64.18
57.93
54.57
52.41
51.54
57.07
69.01
76.28
84.98
80.43
74.42
72.06
66.36
65.54
68.52
71.28
75.25
82.88
99.11
96.08
84.49
78.41
73.26
68.91
65.23
59.88
58.18
55.29
54.53
59.10
70.01
75.39
83.50
80.78
76.34
74.30
69.37
68.62
70.67
74.51
77.37
83.46
104.99
101.24
84.66
78.13
74.19
69.84
63.83
59.86
56.07
54.07
53.72
58.55
71.71
76.23
85.57
80.65
76.74
74.20
68.45
67.58
68.56
71.60
76.75
82.84
100.44
97.01
82.36
77.79
72.50
66.85
61.06
56.17
52.27
49.34
49.93
52.14
63.17
68.87
73.20
73.44
71.00
68.61
62.45
60.07
62.45
65.10
70.35
76.26
90.59
92.62
78.78
72.89
69.08
61.57
59.65
55.24
51.90
49.20
49.91
52.92
66.73
73.42
77.39
77.30
72.82
69.99
63.50
61.50
64.48
67.39
72.68
78.46
92.29
94.01
79.68
73.42
69.74
63.53
59.46
54.35
48.69
45.32
45.11
52.28
61.38
64.97
67.62
70.15
67.77
64.24
60.78
58.89
59.24
61.76
66.59
71.99
88.17
92.09
78.91
73.33
65.96
60.86
57.98
50.74
47.73
45.20
45.32
49.86
58.80
64.51
69.11
69.62
66.43
64.19
58.52
55.47
55.69
60.56
67.28
74.35
89.85
105.35
88.20
79.14
74.93
68.62
60.20
52.81
49.75
47.23
46.49
51.31
62.74
70.87
74.45
73.96
67.02
64.25
59.02
56.86
61.85
65.39
71.83
79.75
94.61
98.38
88.02
78.77
74.26
68.40
60.35
56.12
52.59
50.57
48.74
53.08
63.78
72.56
80.28
76.30
70.71
67.27
61.69
60.85
64.64
67.72
71.26
75.96
95.96
95.64
81.83
72.74
69.56
64.67
62.55
56.77
53.47
51.06
53.30
57.61
67.84
71.14
77.34
78.37
73.74
69.41
64.17
61.56
64.24
66.88
71.26
73.74
93.15
95.01
78.84
73.22
67.03
60.07
56.89
49.61
47.42
44.88
45.11
50.25
60.29
69.32
76.83
79.33
71.78
67.95
63.26
60.86
64.48
68.06
73.30
76.07
90.70
92.49
81.45
76.52
70.96
62.20
55.93
50.14
47.71
43.95
43.90
50.03
62.66
71.68
76.99
77.48
71.22
66.12
57.59
57.36
62.86
67.37
72.13
78.22
94.38
99.99
84.50
79.39
71.83
65.40
60.21
54.38
49.36
45.27
44.35
49.96
60.55
65.99
67.75
68.42
62.32
60.16
52.44
50.25
53.43
58.37
66.08
72.99
88.04
95.33
81.12
73.18
68.27
60.15
55.83
48.05
42.96
39.90
39.31
44.14
51.56
57.67
62.40
60.68
56.42
52.70
46.56
44.37
46.30
51.86
58.40
70.29
83.73
98.01
83.08
74.82
70.68
62.43
53.59
48.08
46.21
46.22
46.77
51.35
63.06
66.63
72.41
65.73
61.04
56.12
50.63
50.03
53.98
57.76
65.13
75.01
105.36
117.33
95.20
83.42
72.17
62.32
54.43
49.01
45.79
44.80
45.09
48.81
61.54
70.56
75.65
71.60
64.90
60.92
53.27
51.40
58.73
61.70
70.87
77.72
95.78
106.89
86.23
80.28
71.32
64.03
59.02
51.99
48.90
46.04
46.85
53.52
64.55
73.18
77.51
73.45
70.00
63.10
56.33
54.71
57.98
65.57
73.66
77.75
91.86
96.71
82.26
75.35
69.07
64.02
59.85
53.10
51.17
47.51
46.70
53.79
64.38
72.93
80.37
74.81
69.60
66.98
59.76
58.58
64.08
67.71
74.71
80.37
93.79
103.84
86.35
78.37
72.36
65.97
63.47
55.59
53.92
52.00
52.49
60.29
68.06
74.78
80.21
75.68
71.14
66.09
59.47
58.40
62.14
68.03
72.58
79.35
95.06
108.48
85.57
76.44
71.51
68.00
64.43
60.06
54.73
53.57
52.65
57.10
62.11
67.48
71.01
70.53
65.73
60.50
53.46
50.55
53.70
58.09
65.31
73.24
89.33
99.80
84.35
75.56
70.06
63.03
59.78
54.58
50.76
47.29
46.98
51.41
53.94
60.92
64.44
65.69
58.27
56.31
48.64
44.51
49.29
55.01
60.83
69.88
87.66
102.77
87.71
77.31
71.54
62.14
60.11
53.77
48.52
46.86
47.24
54.29
63.34
66.98
71.91
66.41
62.03
59.38
54.63
51.66
56.90
62.16
65.94
73.94
89.02
104.85
86.33
76.82
69.37
61.66
58.94
52.15
49.40
47.37
47.62
52.14
62.75
71.66
81.16
75.34
70.28
64.62
55.00
53.70
58.80
64.87
68.69
75.39
86.70
96.12
80.16
73.75
67.17
62.02
54.44
49.83
47.27
44.05
43.52
50.63
59.47
67.54
73.53
69.31
64.01
59.99
51.36
50.64
56.86
63.13
68.86
76.78
88.24
98.61
82.04
75.23
71.01
63.03
58.51
52.02
47.79
45.76
46.82
55.27
67.62
72.35
79.90
79.88
77.31
68.94
60.04
61.26
64.71
69.76
78.01
81.85
98.83
112.33
86.25
75.85
71.74
64.32
61.65
54.30
49.72
46.90
47.09
53.48
63.69
71.00
75.03
71.62
67.97
61.83
54.79
53.01
60.34
63.31
68.35
72.55
82.64
100.50
80.09
73.81
69.81
62.96
59.59
53.85
49.86
46.51
44.72
51.81
60.15
65.70
68.71
67.72
63.99
61.17
55.18
53.75
56.66
60.89
63.52
71.58
84.96
103.19
82.29
73.21
71.20
66.70
64.64
58.62
53.94
50.89
51.12
55.40
58.52
63.43
67.86
68.20
60.99
56.61
54.11
52.19
54.21
57.61
60.07
66.39
82.97
108.35
96.69
76.41
67.74
62.16
62.42
53.17
48.60
46.61
46.51
52.24
59.80
66.15
73.85
68.88
64.95
63.29
58.39
55.81
61.15
65.17
66.82
71.46
84.30
110.89
95.73
77.66
70.85
63.35
61.57
54.40
50.72
47.59
48.31
55.47
64.42
73.59
82.35
80.21
77.02
73.23
64.84
64.04
67.44
71.67
73.92
76.20
85.26
104.63
82.85
75.36
71.49
65.71
61.98
55.09
52.34
50.02
50.29
55.61
62.75
72.04
75.13
75.04
71.34
67.11
59.63
58.90
64.21
66.98
69.99
73.30
84.01
112.53
88.92
75.55
69.34
65.86
63.31
60.22
54.84
52.16
52.45
58.44
66.24
75.04
77.35
77.00
69.34
65.12
56.26
53.78
58.45
62.33
68.28
74.48
83.01
102.40
82.42
73.10
68.88
65.13
60.24
55.37
52.35
49.43
48.65
54.77
60.07
68.82
73.21
72.74
68.24
60.44
54.10
52.45
56.59
61.99
68.93
76.24
89.15
103.37
81.80
71.84
67.51
63.11
59.42
50.13
45.28
46.57
50.43
56.48
59.10
70.10
67.76
65.04
55.19
50.96
46.07
45.21
48.39
56.88
62.06
72.67
84.00
94.16
78.69
70.00
63.93
60.13
55.63
49.90
44.48
44.53
47.14
58.48
62.99
66.33
65.39
60.14
53.49
50.43
43.75
44.29
47.87
52.34
59.96
71.79
94.02
106.27
89.40
76.43
65.27
57.94
53.42
50.01
46.36
49.81
57.81
67.69
82.93
86.99
76.62
66.62
62.02
53.71
44.16
47.42
53.71
58.53
66.23
75.62
98.01
93.76
78.15
70.51
59.90
58.18
50.07
45.70
43.97
44.80
51.33
60.38
68.02
75.85
72.35
64.68
58.16
51.42
43.66
44.09
46.63
52.52
59.06
66.55
79.36
85.35
75.27
68.93
64.31
63.86
54.37
51.02
48.51
49.95
55.23
64.88
76.60
84.68
89.63
80.38
71.25
61.96
54.02
58.24
60.96
65.24
66.76
72.60
84.08
92.28
76.78
70.47
66.17
61.01
54.31
50.81
48.14
48.01
53.59
63.62
74.91
84.98
82.19
73.77
67.55
55.93
48.57
52.02
55.03
62.29
64.37
70.63
80.67
89.21
77.98
72.26
66.73
65.15
58.02
53.77
51.33
52.34
54.70
67.42
76.17
91.20
85.37
77.59
71.41
63.90
58.22
61.63
65.74
67.61
68.81
71.24
79.83
87.46
75.69
69.34
62.46
58.93
52.05
48.93
46.81
47.76
51.34
59.57
69.17
81.25
78.50
70.59
66.21
56.31
47.36
44.56
48.67
50.14
55.67
65.29
78.64
87.82
76.15
71.59
64.91
60.58
54.51
47.16
43.98
44.47
47.45
54.78
56.06
60.60
58.64
49.80
44.65
39.70
36.00
34.82
36.79
38.97
45.20
61.90
77.88
88.54
75.36
69.57
63.16
63.92
54.67
49.84
48.38
49.04
50.62
60.15
66.98
75.01
69.94
60.65
51.81
43.85
39.85
38.70
41.26
46.57
55.50
63.21
75.76
88.55
77.91
70.61
64.54
58.09
51.18
48.76
45.29
46.63
52.71
64.32
78.30
88.46
84.88
71.52
65.92
54.41
50.46
53.68
56.02
61.01
65.34
73.10
82.45
90.28
76.18
70.32
64.30
59.07
51.68
47.26
44.15
45.11
50.72
59.98
70.97
81.87
80.83
69.79
62.83
52.28
45.90
48.08
54.33
59.84
61.81
68.80
78.05
89.06
74.56
69.10
62.85
58.11
52.95
48.92
45.78
46.18
51.20
61.20
71.46
77.93
75.91
63.77
58.79
50.46
47.06
48.67
54.16
57.19
62.10
68.90
78.33
92.85
77.57
71.33
65.34
56.69
50.53
47.13
44.60
46.02
48.80
58.69
72.23
82.07
80.66
73.35
65.32
54.07
47.71
50.83
56.92
61.32
63.90
68.90
78.33
87.86
75.42
69.01
61.59
59.33
52.06
48.21
45.69
46.39
49.99
59.56
69.81
78.39
73.74
66.09
60.69
50.01
45.24
45.49
50.31
55.08
62.15
68.04
79.24
94.11
79.35
72.51
68.37
67.75
60.41
55.82
53.76
54.40
56.39
60.95
70.51
80.01
75.92
66.53
58.52
51.72
46.17
45.06
47.70
53.63
57.31
68.81
85.79
109.23
90.02
73.77
66.70
62.79
55.88
51.48
49.76
50.44
53.26
61.57
67.40
72.93
63.09
56.18
50.21
44.01
38.54
39.98
43.60
46.28
50.76
63.09
79.12
95.81
81.53
69.36
64.67
60.86
54.22
47.60
47.03
47.43
54.38
59.34
70.38
77.99
73.98
65.96
61.23
53.75
46.91
51.41
56.32
61.58
63.78
70.11
81.42
101.68
84.29
71.75
63.96
59.49
50.95
47.09
45.00
44.82
49.31
61.81
68.97
75.92
72.88
62.91
58.44
50.19
47.60
48.98
51.85
58.01
62.12
67.44
75.99
97.52
77.68
70.14
63.03
55.76
50.21
45.47
43.87
42.78
46.89
56.85
63.94
70.00
65.79
58.79
54.44
46.19
41.71
43.48
44.40
50.86
56.59
63.25
73.05
98.43
81.45
71.59
62.20
55.60
49.56
43.06
40.35
39.57
45.22
59.32
67.89
74.69
71.54
64.53
58.19
50.82
47.28
47.87
53.30
60.12
62.68
67.00
78.41
98.25
75.33
68.09
61.39
63.78
54.80
48.98
45.24
45.78
50.53
60.03
64.25
74.54
71.83
66.62
59.02
52.98
45.05
47.63
48.50
54.28
57.30
65.56
81.07
104.88
83.31
75.17
64.77
62.77
55.94
51.69
48.18
48.07
52.56
58.00
64.97
69.63
68.36
62.46
59.04
50.06
38.83
38.59
41.93
49.00
56.35
64.73
76.68
109.09
86.82
71.85
65.33
68.73
53.63
48.24
43.91
43.90
47.47
49.19
53.32
57.26
57.39
54.95
49.88
42.41
33.53
34.59
36.59
39.38
48.12
58.28
75.11
100.67
83.53
75.80
65.63
61.36
54.76
51.50
49.39
49.80
57.94
72.03
78.53
88.84
82.12
74.25
68.64
60.33
56.59
61.62
65.08
69.80
71.22
75.21
82.49
106.17
81.93
71.93
63.99
64.03
51.73
47.42
45.62
44.18
50.11
59.60
67.83
84.49
81.04
74.39
70.85
58.37
52.18
54.47
55.87
58.51
58.94
67.18
75.50
103.84
77.89
66.88
60.81
60.47
51.44
46.74
43.83
44.89
52.79
66.23
70.06
79.35
72.73
64.07
59.85
51.76
50.31
54.46
56.83
62.40
62.49
69.84
78.79
105.78
83.67
72.38
67.28
77.18
67.70
61.75
57.29
55.90
58.71
54.63
60.48
58.82
54.25
50.88
47.47
40.52
33.25
32.39
37.95
42.25
49.25
61.06
72.90
96.53
87.53
71.52
67.84
72.69
61.07
57.11
53.28
55.67
62.42
67.24
76.92
82.28
78.49
72.83
67.42
61.13
55.65
56.50
62.82
64.67
65.54
70.96
85.42
102.80
91.90
69.89
66.00
65.91
58.25
52.46
49.69
50.45
54.23
59.23
66.81
72.52
73.17
70.47
68.62
61.51
55.47
57.01
60.06
57.28
57.32
66.31
76.68
94.42
82.40
71.22
63.65
58.48
45.45
42.42
40.92
41.38
47.37
54.17
64.46
83.51
79.47
66.54
63.63
53.31
50.55
53.93
56.41
66.90
62.38
72.72
79.98
104.82
85.09
72.42
66.56
64.03
55.84
47.10
45.07
44.66
53.59
60.39
74.62
90.22
85.15
76.65
74.12
61.14
56.44
60.56
66.00
71.37
70.66
72.54
87.02
113.16
88.51
74.15
66.44
67.55
58.41
51.93
48.58
49.57
58.01
63.50
70.04
84.81
82.12
73.83
69.92
56.60
53.48
54.63
57.81
63.68
68.47
72.34
81.35
107.52
84.92
75.78
69.25
75.03
65.48
61.95
58.76
56.10
53.32
48.04
43.91
44.35
43.76
38.55
33.87
28.87
20.19
20.38
22.32
28.71
46.63
59.07
70.49
89.68
78.62
72.79
66.76
66.83
58.04
55.40
53.52
52.81
55.09
65.08
74.60
87.77
83.16
79.45
73.10
62.85
60.20
62.75
67.00
71.60
71.97
74.76
79.95
99.96
85.15
76.01
70.92
73.25
64.65
58.55
56.97
57.32
64.50
66.72
74.11
79.06
77.35
68.55
64.58
59.31
54.42
56.10
60.22
65.86
69.15
75.49
85.91
104.55
89.31
77.88
72.57
71.76
62.56
60.24
58.50
58.07
60.56
62.32
68.11
75.65
71.35
65.11
58.24
48.02
44.09
44.55
46.30
51.37
59.82
71.27
81.89
103.78
88.68
77.60
70.03
64.76
56.55
50.61
47.83
47.52
52.22
56.41
61.80
68.91
62.65
55.38
53.85
46.54
44.39
47.29
51.24
57.31
63.93
71.57
81.23
103.19
90.57
76.62
69.07
63.87
53.97
50.03
48.77
49.01
53.32
62.66
75.81
87.84
85.62
77.61
74.97
61.00
60.27
66.07
72.24
76.76
73.36
75.14
78.92
99.39
84.87
73.93
64.48
62.33
57.53
53.34
49.30
48.93
53.60
57.61
65.75
77.21
73.18
65.01
60.29
50.12
45.34
51.13
56.20
63.86
67.83
70.71
77.23
98.28
85.03
73.14
66.65
57.26
50.46
46.08
46.00
47.31
51.74
58.83
70.81
81.03
76.88
67.86
62.44
48.10
45.23
53.03
61.14
66.46
68.75
73.40
79.71
104.22
90.39
79.24
66.61
56.10
50.11
45.35
43.88
44.19
49.57
56.99
68.82
81.34
70.65
63.38
55.49
44.52
41.89
45.75
52.14
61.66
64.62
69.54
75.84
94.50
85.39
75.09
66.35
65.03
56.89
51.86
48.91
49.68
54.54
58.50
66.93
76.76
70.91
58.44
54.77
46.93
44.51
47.40
50.16
55.32
61.85
69.77
80.85
102.86
96.02
74.72
68.35
67.04
61.50
58.12
55.42
54.84
54.72
53.24
58.34
69.26
64.98
52.66
50.44
44.17
40.68
42.41
47.20
47.63
52.48
65.12
72.21
89.74
82.69
71.73
63.80
60.12
51.11
46.71
43.27
44.63
47.68
54.17
58.40
70.39
60.56
55.01
50.47
43.06
42.45
44.11
49.76
53.82
60.50
66.91
74.83
103.78
91.66
74.80
66.35
62.91
58.01
51.88
49.38
51.02
56.16
61.27
70.70
86.73
77.47
67.12
59.90
53.82
52.44
54.02
59.66
64.05
64.77
69.87
79.08
100.11
87.96
73.79
63.62
54.71
47.71
42.51
40.33
41.89
46.03
51.05
61.88
73.30
65.39
56.46
50.83
44.10
44.33
47.23
53.53
59.02
61.98
65.14
73.25
95.06
86.17
69.95
61.36
57.23
48.59
44.12
43.53
44.88
48.43
58.68
68.17
79.80
71.29
63.04
58.68
51.04
52.59
56.33
61.63
63.84
65.26
67.41
72.65
84.99
79.69
69.06
60.44
55.58
48.00
45.00
43.63
42.86
44.27
51.37
66.64
82.07
78.95
78.77
72.53
59.24
57.23
60.09
63.48
67.71
65.42
67.26
74.27
89.61
83.46
75.35
65.31
60.26
51.04
46.43
44.09
43.79
46.73
53.89
65.98
71.54
70.94
63.71
59.43
50.52
45.66
45.84
48.44
55.41
56.89
66.45
77.85
93.42
90.38
75.62
69.05
70.30
63.25
57.97
55.92
56.64
57.27
57.77
62.81
69.89
66.77
55.60
51.88
46.07
40.19
43.17
46.77
50.59
57.85
69.21
78.70
102.42
95.61
75.69
67.64
67.98
60.88
56.73
52.80
52.90
52.08
52.77
59.40
69.17
62.31
54.86
52.15
45.21
44.28
47.67
49.85
51.41
52.96
58.66
74.20
91.12
88.88
71.05
64.50
60.92
51.61
47.14
47.95
48.69
55.20
59.82
69.28
82.09
73.44
66.77
54.27
47.45
45.16
48.03
58.68
60.98
63.49
69.97
81.70
89.40
85.42
71.09
61.41
55.80
48.92
44.73
44.23
44.23
46.37
51.35
61.02
70.72
64.51
58.65
52.35
47.45
43.34
45.10
50.68
55.87
57.52
63.08
70.78
86.75
84.07
66.59
60.11
57.33
47.70
43.79
43.09
45.51
47.04
56.77
66.24
77.44
70.13
64.53
59.89
53.73
50.14
54.98
61.77
64.27
65.36
67.21
71.56
84.10
83.75
66.58
57.94
54.57
48.48
42.95
41.93
41.40
43.62
50.76
63.52
74.51
70.20
66.26
64.52
59.14
55.81
57.94
58.19
60.98
61.48
64.65
67.68
78.69
76.27
67.38
61.68
56.06
51.01
47.69
45.53
46.39
49.13
54.93
63.70
68.88
65.73
58.38
50.69
46.48
42.22
42.04
48.48
53.11
59.27
67.99
73.42
83.68
83.20
72.88
66.99
64.91
57.42
51.44
50.11
49.94
48.36
51.48
61.56
68.50
62.84
57.48
53.13
46.63
42.52
42.76
45.62
50.87
55.06
64.46
70.50
85.60
84.71
73.33
66.79
65.47
55.65
50.26
47.23
46.95
48.91
51.67
58.27
70.06
60.26
53.84
49.79
46.19
44.23
47.57
49.93
52.60
55.48
62.36
77.91
92.51
88.87
74.53
65.92
59.89
53.51
45.75
43.92
45.70
51.85
59.50
68.26
83.22
74.54
63.89
59.79
55.41
49.25
52.40
56.51
58.80
61.85
69.30
74.92
86.47
84.30
70.83
62.59
57.11
47.46
43.84
42.49
41.53
43.73
51.64
59.25
71.15
68.53
61.83
58.79
53.08
50.59
53.91
56.56
62.49
64.10
68.03
75.52
85.23
81.17
73.98
62.84
60.69
52.74
49.03
48.52
49.36
50.21
57.36
67.40
81.55
79.47
65.47
63.92
58.72
54.28
58.60
62.81
62.43
61.30
66.70
70.92
77.57
78.42
70.18
62.37
57.56
53.52
50.21
48.22
48.92
49.10
57.89
67.22
77.10
80.79
70.60
65.16
57.95
55.44
60.40
64.72
66.60
65.13
70.02
74.82
91.05
88.10
71.99
65.54
58.16
52.09
46.75
44.72
45.20
46.89
53.47
63.05
70.53
71.48
63.43
59.01
54.96
49.30
50.73
53.69
55.64
58.29
68.41
76.57
95.16
96.14
78.23
71.52
69.74
64.20
57.32
55.13
54.32
53.17
56.51
63.12
69.23
68.31
64.88
56.77
53.33
47.66
50.38
52.78
57.52
61.76
68.85
80.91
103.58
103.63
84.23
69.05
67.83
61.90
57.02
54.65
54.18
50.47
46.57
50.08
50.62
46.10
43.29
40.32
34.28
29.53
28.85
31.69
39.41
48.76
59.68
72.88
89.49
97.32
89.09
69.38
68.34
63.19
57.29
56.62
58.36
60.62
65.49
72.81
82.34
77.34
70.33
67.25
59.53
56.36
60.02
65.56
68.51
65.89
69.26
74.01
82.02
89.27
75.88
65.03
61.89
54.95
52.48
50.55
50.77
52.56
56.05
64.64
73.84
73.05
67.28
65.97
58.22
54.04
58.26
62.36
66.49
65.29
69.40
78.05
86.87
91.45
75.77
70.18
68.19
56.66
53.10
50.22
52.53
53.10
58.53
68.51
77.80
75.68
67.91
66.78
62.14
60.09
64.95
66.28
68.28
67.85
70.98
78.97
95.27
98.98
78.08
70.32
64.19
55.20
52.62
51.27
52.19
52.34
58.21
70.27
76.16
75.21
69.92
66.59
56.13
52.84
57.75
64.45
67.08
67.53
71.70
78.05
86.97
88.69
74.44
67.01
64.65
56.88
52.46
49.45
51.12
50.93
55.62
66.56
70.98
67.69
58.76
53.15
47.79
43.58
46.90
53.27
57.54
62.60
69.01
78.40
85.47
90.00
77.15
69.80
70.61
63.84
59.07
56.61
54.76
54.07
55.92
62.80
70.34
64.64
57.42
51.14
43.94
40.92
42.29
46.00
52.40
59.76
67.72
79.41
88.91
92.80
79.79
68.94
70.37
63.10
57.59
52.75
52.63
52.33
55.35
62.81
66.97
64.52
61.37
56.03
50.81
47.83
50.61
53.97
59.15
65.18
74.65
80.31
92.11
95.47
80.36
69.81
66.29
58.42
54.66
51.32
52.55
56.13
60.99
69.65
81.25
74.43
68.13
65.59
58.01
55.24
57.79
61.77
65.60
66.39
72.81
76.65
78.45
80.43
73.53
65.54
62.36
55.52
51.14
47.94
46.90
48.02
54.06
61.94
73.23
69.61
65.19
61.10
53.09
49.93
50.89
58.91
64.03
63.49
67.38
70.99
76.18
77.82
69.48
65.20
59.93
51.58
46.73
44.21
42.97
44.53
53.45
61.50
77.94
75.92
68.77
66.97
58.63
56.46
60.43
67.48
67.83
67.01
74.47
80.26
85.14
87.33
73.64
63.74
57.82
52.54
47.51
45.05
45.01
44.05
52.66
61.41
77.62
75.66
70.81
64.63
57.83
56.00
60.19
64.77
69.77
67.06
75.17
80.60
88.56
88.95
73.85
66.76
63.73
54.34
49.29
46.81
47.82
48.80
57.40
66.20
75.92
73.00
70.62
68.45
60.85
56.16
58.35
61.34
65.29
67.86
71.10
76.90
84.71
86.36
74.58
66.78
68.05
62.36
58.22
54.22
54.71
53.17
56.64
66.74
77.31
73.84
65.96
60.73
53.25
48.92
50.44
52.97
58.66
63.30
71.41
79.32
88.91
93.46
78.98
68.86
77.05
66.45
61.02
57.73
58.45
55.65
58.08
63.99
80.00
79.51
69.49
61.40
54.08
49.47
51.82
55.26
58.54
62.58
72.07
77.44
86.16
93.60
80.48
71.71
73.46
66.36
61.73
59.87
60.35
61.62
64.92
72.55
84.58
80.42
75.33
72.19
62.98
62.22
66.40
70.21
72.73
72.45
74.13
78.27
85.95
89.64
76.28
71.06
67.43
60.43
51.28
49.04
47.32
48.46
54.66
60.87
64.82
67.09
63.97
60.39
53.63
50.52
52.37
56.28
61.71
62.66
67.89
75.44
79.72
80.94
73.40
66.52
65.58
59.12
55.36
50.22
50.01
53.66
59.53
64.98
78.51
78.25
73.37
71.21
61.75
59.97
63.91
68.14
71.58
67.24
72.36
80.02
84.32
89.08
77.46
68.78
68.10
61.98
58.96
57.01
56.45
56.69
61.47
67.94
80.21
83.35
76.43
70.26
64.02
62.73
66.03
71.37
77.18
78.06
81.11
85.32
85.54
86.19
74.12
65.32
63.52
58.43
54.11
49.95
51.27
52.18
57.78
64.60
73.68
74.71
67.40
62.89
56.49
52.95
52.94
57.32
66.52
69.87
72.97
79.24
81.69
84.40
74.35
66.50
73.57
66.80
63.29
60.82
61.48
59.82
63.00
68.93
75.77
75.35
71.85
69.93
58.01
51.31
53.87
58.18
69.70
71.72
74.91
85.61
86.50
91.05
77.85
69.83
69.00
63.58
59.46
56.59
54.97
52.89
55.64
57.98
66.72
65.43
60.75
59.27
53.62
53.52
55.29
57.77
63.46
62.22
70.87
77.00
81.52
86.35
75.30
67.61
62.99
57.93
51.44
50.32
50.85
48.71
53.80
64.61
74.49
74.56
70.43
67.63
63.08
61.55
64.18
66.70
73.21
72.71
75.62
80.41
81.17
83.33
75.09
67.30
58.60
52.84
48.69
47.26
48.70
49.40
56.04
63.40
71.94
74.41
70.56
68.79
63.76
59.42
61.00
62.30
66.64
66.86
69.45
73.44
75.17
76.41
71.47
65.42
65.35
60.57
53.45
51.23
51.33
52.53
58.56
65.07
74.50
77.91
72.20
71.10
65.48
63.11
64.10
66.45
73.20
74.47
72.84
76.81
79.04
83.10
74.90
66.95
64.03
59.33
55.55
52.38
51.42
51.75
57.63
66.77
76.84
79.32
73.67
69.58
63.71
61.48
64.31
68.55
72.00
71.82
72.44
77.92
82.05
82.89
77.29
69.28
64.94
61.28
55.84
53.33
54.41
56.10
59.51
66.10
72.32
73.00
70.03
66.62
61.20
56.68
56.01
60.53
63.32
64.70
67.83
71.27
74.65
75.64
71.30
65.89
67.87
61.57
58.82
56.52
55.47
54.16
57.60
64.51
67.20
66.81
62.56
57.33
52.57
46.50
44.67
48.35
53.02
56.67
62.50
71.09
73.95
74.76
71.15
66.94
68.52
61.29
56.11
53.31
53.33
53.87
52.39
56.50
62.96
61.99
57.36
54.78
49.47
46.65
50.31
53.60
60.64
61.80
71.30
77.24
82.39
86.70
79.28
70.30
73.40
68.99
65.57
64.43
64.26
64.66
65.09
69.36
81.75
79.41
72.78
69.53
63.18
62.58
65.14
67.99
73.18
72.95
75.66
82.29
86.38
87.71
81.25
71.67
73.38
69.65
65.24
64.10
62.94
62.84
63.20
66.38
74.40
73.07
68.58
66.44
62.86
61.21
63.14
64.44
69.43
71.25
75.32
83.19
84.63
86.87
80.23
73.49
67.56
62.11
59.02
57.57
56.33
57.41
59.23
65.06
70.79
70.74
68.53
67.87
61.33
60.18
63.28
64.17
68.79
69.22
70.76
74.76
76.52
77.73
74.99
68.90
68.96
63.80
60.16
57.78
56.44
57.74
61.24
68.70
77.38
79.45
76.40
73.50
68.71
67.19
67.16
69.76
73.42
75.63
78.77
79.42
83.46
86.79
78.04
72.99
68.74
65.07
62.57
60.41
60.09
60.87
62.12
66.78
73.79
75.27
71.33
70.06
64.29
59.04
60.79
63.92
69.84
71.70
72.22
77.61
82.15
84.24
76.25
72.14
70.66
65.22
61.68
61.17
62.63
62.58
65.01
69.20
76.95
78.62
70.93
69.08
60.23
54.03
57.35
65.43
70.29
75.82
77.87
83.53
89.87
94.73
82.06
76.33
76.13
70.56
66.45
64.61
64.26
62.67
60.98
68.27
80.63
77.32
72.58
72.96
66.22
62.39
64.87
75.38
80.06
81.70
84.30
89.45
92.32
101.84
86.95
76.42
76.03
68.74
65.48
62.32
63.02
63.03
68.03
76.03
87.16
85.72
81.74
80.52
73.81
72.85
76.32
78.05
80.97
80.57
84.80
87.59
88.04
89.39
80.28
73.25
76.38
71.67
66.38
64.29
64.73
64.88
66.83
72.54
85.62
84.37
78.25
75.43
66.63
64.73
72.10
76.08
82.34
83.44
86.47
91.91
91.41
91.64
83.31
75.77
73.47
68.80
64.14
62.29
62.82
63.31
65.20
70.69
78.93
79.01
76.02
73.43
66.67
66.39
69.88
75.96
78.08
79.09
82.11
85.96
88.21
89.42
83.02
75.72
69.52
63.97
60.25
57.80
58.71
59.74
62.16
68.88
79.09
79.98
76.49
73.80
67.95
66.59
72.94
74.31
79.21
78.20
83.43
88.88
91.47
91.58
84.40
75.77
73.62
70.37
64.21
61.76
61.21
63.31
66.50
78.23
92.18
89.53
87.61
83.73
76.67
75.43
78.78
82.52
97.59
90.57
92.84
96.93
95.65
97.65
85.49
76.74
76.12
72.14
67.05
64.70
63.85
65.15
64.13
71.56
82.44
81.22
78.31
75.57
69.36
66.56
69.70
73.05
78.37
78.45
81.41
86.37
90.80
91.48
80.50
72.89
80.79
69.71
65.79
63.65
63.81
64.88
66.55
73.12
82.52
82.95
77.15
71.55
64.26
61.68
65.38
67.34
71.47
77.75
82.05
89.05
90.57
98.17
87.96
75.81
80.20
71.45
66.32
62.12
62.70
62.65
67.45
74.10
81.44
81.84
77.11
74.69
67.90
66.78
70.92
72.68
75.35
77.32
79.32
82.82
83.19
85.02
81.79
75.31
74.71
69.63
64.19
62.17
60.12
60.58
61.73
66.77
73.78
72.52
69.42
67.95
62.29
60.17
62.46
65.00
68.46
69.78
74.85
81.98
83.59
84.71
77.94
72.96
73.73
68.34
63.92
59.55
59.74
60.80
64.98
69.98
77.78
76.70
73.05
72.37
65.38
65.33
69.14
72.83
78.93
79.69
80.74
85.52
86.78
87.22
82.52
77.20
72.44
71.78
67.35
65.67
65.38
65.93
67.36
73.46
80.13
78.78
75.37
73.41
66.19
66.20
70.77
72.57
76.57
78.45
80.37
86.89
86.88
87.60
83.22
76.47
72.95
68.82
64.33
63.85
63.70
64.68
65.35
70.94
77.39
77.51
73.32
71.46
63.99
64.15
68.24
70.33
74.98
77.20
79.53
85.74
85.19
87.30
79.91
74.46
73.42
66.35
64.17
62.89
63.02
63.18
66.01
72.10
79.18
79.33
78.07
75.88
67.41
65.21
68.64
72.32
79.42
82.01
84.38
89.92
92.64
96.99
84.57
78.53
81.81
73.42
67.24
64.66
62.97
66.23
70.12
76.68
92.19
88.31
80.76
77.78
68.31
69.34
71.69
72.68
79.45
84.01
87.44
96.19
94.83
97.05
88.48
79.76
81.21
77.06
72.42
68.18
68.62
71.19
75.55
85.02
91.72
91.40
85.47
84.04
76.62
73.46
80.97
83.91
87.87
88.97
91.34
94.51
95.08
96.89
85.06
83.01
88.03
84.05
81.58
77.31
76.20
76.10
79.67
91.69
97.05
96.19
92.28
90.17
84.58
83.94
87.68
90.26
93.46
94.96
98.94
101.60
104.63
108.10
97.35
93.51
85.45
77.35
72.25
68.41
67.12
70.11
71.79
75.04
88.47
90.63
82.46
83.57
74.11
75.32
79.96
83.11
86.08
86.71
90.10
96.07
91.61
98.50
86.37
79.00
73.68
68.53
66.54
64.46
64.08
64.75
68.94
72.59
78.43
77.76
75.58
75.44
69.14
68.66
70.22
71.46
75.78
75.27
78.88
83.51
84.28
89.02
80.00
75.67
74.57
70.19
66.27
65.33
64.78
65.35
66.52
69.66
77.22
76.13
72.57
70.52
66.70
63.22
68.48
68.98
71.53
72.51
77.12
82.09
83.06
84.78
78.60
73.60
74.58
67.56
64.78
64.07
63.09
64.27
65.99
69.90
77.73
78.33
76.07
73.35
63.63
61.82
64.53
71.48
75.63
77.94
78.81
84.32
84.03
86.47
80.03
74.91
80.35
71.18
67.76
66.15
65.83
67.62
63.21
69.81
77.08
78.28
72.14
70.44
65.70
64.49
67.57
70.72
76.07
78.04
80.36
85.28
87.79
92.22
83.26
76.51
76.86
70.83
67.95
66.52
66.45
68.20
71.53
77.29
87.73
93.50
91.01
87.25
74.39
74.83
76.36
77.16
83.30
84.50
83.66
88.15
87.72
89.52
80.82
75.04
75.26
70.32
65.50
60.29
60.25
63.46
66.77
71.24
77.02
79.78
75.28
72.39
66.39
65.23
66.83
69.08
73.15
75.12
78.78
81.93
83.36
86.05
79.00
73.37
73.02
68.23
64.74
62.13
60.87
60.88
66.78
72.81
87.07
89.56
85.73
84.01
71.65
70.99
76.45
77.04
82.19
83.41
85.82
90.26
89.26
92.16
81.08
73.77
70.63
66.29
62.24
60.04
58.58
62.39
66.05
69.53
75.94
78.03
74.25
73.38
65.21
65.44
71.32
73.61
80.49
84.16
87.22
92.80
94.64
94.93
80.47
73.86
75.09
69.18
66.42
64.28
63.26
65.22
64.23
69.13
78.16
83.36
82.05
79.59
68.80
66.12
68.49
75.96
79.10
83.06
87.47
92.41
98.43
97.55
89.85
81.50
83.97
70.55
64.49
63.08
62.91
64.05
66.28
76.82
86.55
90.24
88.94
87.99
83.19
78.85
85.38
87.95
91.14
95.29
100.50
107.93
111.93
113.04
99.47
91.12
83.85
72.51
67.29
65.18
65.15
67.90
70.02
84.04
88.15
86.96
88.21
82.77
75.56
73.68
79.84
82.72
86.30
90.29
96.40
101.39
105.91
106.20
97.11
86.97
75.58
70.82
67.62
66.10
66.51
67.42
67.92
71.42
76.75
77.16
75.23
73.22
69.08
68.09
69.82
71.62
73.72
75.64
81.42
90.40
95.62
92.90
79.37
75.14
74.04
68.80
65.53
63.92
64.36
67.32
66.83
69.53
74.00
73.98
71.79
69.30
65.47
63.27
64.66
65.25
70.38
73.35
78.64
85.03
87.55
89.61
78.39
74.67
72.56
68.14
64.59
61.51
60.75
64.32
63.47
67.41
73.21
72.62
70.17
67.98
63.63
62.98
65.19
67.45
71.86
75.61
80.79
90.41
96.86
95.08
81.97
75.78
74.99
69.72
65.74
63.85
63.80
67.38
67.05
70.14
74.32
74.75
72.26
71.11
67.72
66.62
66.98
68.46
73.26
77.95
81.33
87.73
91.66
91.53
81.66
77.04
74.42
71.70
66.11
62.84
61.10
63.97
64.87
68.43
71.04
72.29
69.11
66.19
61.42
59.05
60.02
62.50
68.71
76.52
85.28
91.87
97.40
99.55
85.99
77.66
83.67
76.28
71.64
65.87
65.56
66.45
66.47
68.20
71.52
70.76
68.62
67.14
64.76
62.77
62.14
62.87
67.13
69.55
75.25
82.79
88.33
90.50
79.40
74.49
71.86
66.95
64.34
63.28
62.26
63.39
63.86
65.79
68.56
63.76
60.67
56.25
51.89
48.25
49.06
52.70
59.04
67.29
73.28
79.12
88.96
91.14
80.43
74.53
73.63
66.62
63.74
61.92
62.12
64.99
65.40
67.78
71.67
70.39
67.72
64.15
57.69
54.75
59.22
60.92
65.72
68.08
74.06
80.25
90.75
89.29
80.17
74.26
70.58
64.89
62.45
60.91
58.97
62.87
62.30
62.89
65.16
63.63
62.00
59.01
54.09
52.63
54.18
57.47
62.45
65.18
70.18
78.34
86.81
85.80
74.79
69.51
66.03
63.18
59.58
57.92
57.55
59.54
60.31
63.15
65.15
63.59
62.25
60.18
56.88
55.35
55.96
58.59
62.21
64.89
69.09
77.46
82.57
81.47
73.45
68.48
70.65
66.17
62.93
60.64
59.72
61.36
59.36
60.74
60.30
56.06
51.83
46.53
45.04
40.02
38.22
42.95
46.31
58.87
65.38
73.55
81.34
83.52
74.92
69.90
70.72
66.02
62.90
60.45
60.37
63.94
63.28
65.75
68.06
67.23
64.53
61.60
57.12
52.72
56.79
61.78
64.62
66.85
74.53
85.23
103.60
97.58
78.73
72.74
71.96
64.40
60.61
57.99
58.39
60.22
60.12
65.47
68.42
65.71
62.11
55.39
52.86
46.97
47.57
56.23
63.53
67.46
71.84
80.54
95.98
86.88
75.93
71.29
71.64
63.47
60.67
58.07
58.30
60.10
61.62
67.21
70.36
68.36
65.85
59.40
56.63
54.55
55.90
61.80
66.52
69.05
73.38
80.14
91.70
87.76
77.40
72.67
68.17
63.41
60.60
58.59
58.50
60.55
62.73
67.02
71.23
70.32
66.83
65.16
62.30
60.97
62.02
62.72
65.49
68.38
72.88
78.58
85.24
82.57
74.66
68.99
64.31
59.35
55.62
53.94
53.37
56.58
57.84
60.37
63.80
63.19
62.79
60.69
57.69
55.75
55.78
57.37
61.40
63.50
68.64
76.23
83.41
81.47
72.47
67.10
65.89
61.35
58.10
55.26
54.40
58.87
61.43
63.19
66.48
65.00
63.17
59.13
56.51
54.30
54.62
58.87
62.69
65.80
70.84
78.21
92.48
81.65
73.22
68.76
67.71
62.34
58.24
56.56
57.60
59.92
63.15
64.21
68.87
67.54
65.24
62.64
59.00
58.09
57.98
60.70
63.86
66.58
71.49
80.52
91.50
83.84
74.23
69.37
66.74
61.25
56.45
55.18
55.72
60.14
63.13
65.70
67.80
66.09
63.71
61.42
57.98
53.38
53.43
57.30
62.29
66.39
72.85
81.46
93.43
83.86
73.35
70.03
70.66
65.11
62.37
60.87
60.83
63.35
65.18
67.80
69.86
68.91
65.31
58.82
57.12
50.90
51.43
54.66
60.22
66.82
73.16
79.79
90.96
81.80
74.88
71.77
66.00
61.59
58.89
57.65
57.35
59.28
64.87
67.65
72.75
71.55
65.46
62.54
59.26
57.58
57.56
60.91
63.88
67.70
75.68
81.42
93.70
82.36
74.35
69.64
67.03
64.40
61.58
58.39
59.51
61.75
67.39
69.47
77.37
77.65
75.35
72.50
67.19
64.31
66.69
68.43
70.73
73.14
76.92
82.41
99.49
82.91
74.10
71.29
65.95
62.08
58.05
56.09
56.96
59.35
63.40
66.07
71.99
71.17
68.72
65.04
60.11
57.97
58.53
61.67
65.94
68.58
73.33
77.99
93.70
81.63
73.38
70.55
68.26
65.22
60.55
59.79
59.05
63.40
69.54
71.70
85.73
85.99
81.15
80.35
74.04
72.77
87.11
81.83
81.93
78.93
82.24
87.69
104.47
86.40
75.75
72.41
70.63
66.74
62.86
61.81
61.84
64.38
68.25
72.16
77.77
76.72
73.90
71.83
67.94
66.37
67.32
71.69
76.01
77.01
81.29
90.84
106.85
88.06
75.85
71.98
77.18
67.33
64.68
62.44
62.36
64.93
70.25
72.17
76.27
78.52
73.88
73.13
65.37
64.32
67.33
72.53
75.54
78.02
85.63
96.10
117.02
97.15
78.10
72.47
79.94
69.19
65.65
64.67
64.85
66.36
70.75
73.77
79.39
77.73
74.38
69.95
64.46
62.18
63.13
68.68
74.01
74.89
80.13
87.24
107.09
84.79
76.10
72.71
68.81
66.11
63.02
61.08
60.68
64.95
71.32
74.01
85.30
83.41
76.00
74.32
66.05
62.65
66.97
73.57
77.34
78.25
81.99
87.35
105.46
84.61
76.00
72.05
68.94
66.71
63.42
62.25
62.59
64.08
73.08
75.38
88.41
82.34
78.56
76.75
69.98
68.40
69.72
73.76
75.18
76.27
80.59
88.52
99.69
81.94
72.77
68.82
66.82
64.58
62.13
60.12
59.48
62.03
67.05
69.33
78.66
78.55
75.24
70.67
65.07
61.04
61.78
65.55
72.35
75.20
80.36
87.06
95.69
81.80
73.66
70.20
67.25
64.21
62.51
60.99
60.93
63.20
68.63
72.92
81.54
79.36
74.88
72.05
67.24
66.37
67.62
71.02
76.35
75.94
79.80
87.06
97.99
81.09
73.91
69.75
69.84
65.00
63.36
62.20
61.68
63.97
71.18
76.35
92.08
89.90
81.91
79.41
71.88
69.69
70.11
75.14
77.45
79.04
81.92
92.78
109.16
82.25
74.60
69.40
68.61
62.78
60.82
59.47
60.12
61.33
68.30
70.81
77.26
76.29
73.48
70.19
62.69
60.43
63.33
69.40
76.15
74.75
77.28
91.00
94.74
80.43
74.82
69.24
71.95
66.86
63.41
61.88
62.25
66.57
71.28
76.29
88.05
88.16
82.35
71.03
65.15
63.48
76.63
77.99
82.64
86.23
88.85
95.62
105.33
86.10
75.71
70.74
69.13
64.22
62.02
61.75
61.64
64.47
72.49
75.41
83.99
81.57
76.50
71.59
61.77
59.95
64.50
67.41
78.84
78.50
79.99
86.13
94.49
81.87
73.54
70.52
68.41
64.28
61.86
61.01
61.28
63.70
70.69
74.10
80.86
78.98
75.24
72.50
65.98
63.85
66.84
69.77
75.58
75.42
77.21
86.03
91.61
77.15
71.68
66.77
66.47
62.83
60.78
59.68
59.91
62.13
66.26
69.74
78.54
77.86
75.09
74.32
65.63
63.40
69.11
73.96
77.62
74.00
75.24
83.52
89.03
75.74
69.57
66.09
62.72
59.75
54.61
53.28
54.93
59.78
68.48
73.09
83.03
84.15
82.68
83.72
69.10
65.80
70.68
74.24
78.98
76.27
76.44
85.61
91.17
77.14
71.41
67.08
64.11
58.29
53.42
53.97
54.06
59.42
69.05
72.25
80.01
79.96
76.60
72.60
66.80
65.39
65.93
71.33
74.33
74.02
77.97
89.67
94.95
78.74
71.85
67.41
67.21
63.12
60.12
59.37
59.08
63.34
69.05
72.59
78.87
76.38
70.77
67.78
63.72
60.97
63.69
66.64
68.17
73.33
79.02
91.27
96.92
80.04
72.92
68.16
68.74
64.25
60.54
59.61
58.60
62.38
71.29
75.74
79.43
76.41
71.76
66.59
58.51
54.96
56.18
62.75
67.23
72.23
78.98
89.64
94.79
80.97
73.92
69.76
70.03
64.89
62.32
62.02
62.06
64.71
71.60
76.33
85.38
81.45
75.69
73.72
67.60
65.56
67.69
71.10
73.13
75.22
78.64
88.41
93.74
80.17
74.99
71.06
68.51
62.83
60.13
58.90
58.31
62.70
69.10
75.15
86.28
79.53
74.39
70.59
62.63
61.34
64.91
67.18
72.08
74.88
78.50
91.63
94.74
78.11
72.50
67.95
64.14
59.82
57.71
57.37
57.43
58.65
66.03
73.10
82.51
73.62
71.09
64.66
56.13
54.60
57.36
60.97
68.66
72.77
79.39
97.34
99.50
80.11
74.98
68.46
65.26
59.39
55.82
54.85
55.25
59.85
67.57
72.83
81.15
77.45
72.65
70.42
64.23
61.70
63.37
66.81
72.58
74.23
77.26
91.59
89.19
77.68
72.49
67.28
62.48
58.45
55.58
53.98
54.46
57.67
64.95
72.92
79.54
76.13
72.08
66.45
61.87
60.37
62.56
67.41
71.48
72.80
77.64
92.98
90.20
76.41
71.13
66.25
64.79
60.78
58.72
57.80
57.75
60.19
67.10
72.68
80.13
76.30
72.14
69.71
62.30
58.24
58.74
62.64
68.42
70.83
75.32
92.30
90.44
76.68
72.00
66.83
66.02
60.22
57.42
56.05
56.24
59.34
70.62
75.44
81.83
78.34
73.57
69.48
58.96
56.53
55.93
61.56
68.24
71.29
79.97
97.75
95.80
80.35
73.99
70.14
66.44
62.13
58.03
56.05
56.35
59.30
71.14
76.58
86.75
83.40
73.27
70.90
61.17
57.48
61.88
66.22
73.32
80.42
84.80
99.50
95.25
79.61
73.62
69.23
67.93
62.98
60.80
58.61
58.51
63.21
71.08
77.79
87.70
82.66
75.63
69.98
64.05
62.20
64.83
67.09
74.82
76.62
81.25
104.54
95.21
78.66
72.94
69.29
67.46
63.34
60.36
58.97
58.91
62.30
68.13
74.50
83.73
79.47
74.17
70.31
63.70
60.58
63.41
68.98
75.31
75.52
79.03
100.09
91.11
76.61
72.04
67.41
65.14
61.99
59.50
58.21
57.90
61.65
69.79
76.07
85.06
81.01
75.48
72.20
66.38
63.75
67.84
69.84
75.06
75.51
79.88
103.53
90.01
77.83
74.28
69.04
66.30
62.94
58.30
56.36
56.25
61.38
69.61
74.43
82.58
80.65
74.55
69.77
63.55
62.07
64.57
68.18
73.36
74.00
78.73
101.76
89.27
75.68
73.45
68.29
66.52
62.98
61.56
58.27
58.07
60.17
67.44
72.92
79.62
77.19
71.23
66.81
59.23
55.67
56.99
61.30
67.41
71.10
75.64
98.41
87.90
76.05
73.20
68.07
69.41
63.19
61.21
58.76
57.81
62.18
72.14
78.15
79.73
77.56
73.85
70.53
62.18
57.31
61.79
63.26
71.40
74.64
80.03
108.68
94.76
80.85
74.81
70.83
71.47
65.13
63.91
62.39
62.30
65.79
79.72
85.32
99.76
96.97
81.03
74.71
67.19
66.09
69.79
73.03
81.58
84.94
100.59
116.02
112.14
87.58
82.11
77.27
66.91
60.74
57.56
56.52
56.83
62.05
70.89
77.20
90.89
88.15
77.08
72.16
64.88
62.27
66.24
71.24
78.37
81.97
82.84
96.44
88.08
79.06
73.68
68.64
67.94
61.47
59.26
57.89
57.12
61.61
70.92
78.17
87.89
88.57
85.35
79.00
65.94
62.44
67.64
72.49
79.78
82.29
87.14
107.47
91.81
80.06
75.26
69.64
71.06
65.48
62.54
61.85
61.28
66.96
78.43
83.89
94.97
91.28
84.09
79.97
72.15
69.58
74.24
79.12
82.96
83.97
87.23
121.90
93.04
81.45
77.19
72.42
67.17
63.21
60.44
59.10
58.28
63.44
77.98
81.84
92.96
89.54
81.07
75.79
68.43
65.08
69.28
72.89
78.81
78.28
86.21
114.27
90.61
79.26
74.13
70.99
71.20
66.96
62.14
60.00
59.71
62.91
75.25
81.53
90.96
86.15
79.34
75.86
69.01
60.87
64.14
69.08
74.91
77.60
85.90
121.53
93.29
80.25
74.57
71.57
73.70
68.02
64.64
62.09
62.83
65.09
72.76
80.16
84.17
84.68
76.44
72.26
66.10
62.72
63.00
68.77
75.25
80.01
86.07
117.68
95.00
80.83
75.58
70.26
68.29
63.70
60.80
57.18
57.86
62.83
75.16
84.14
92.19
92.48
86.36
81.97
76.03
73.63
77.48
80.78
84.11
84.11
88.37
111.20
93.95
81.77
76.65
71.63
70.02
65.98
61.31
58.15
59.39
62.70
72.95
86.66
93.86
94.67
86.16
81.53
72.03
68.01
71.59
74.28
80.18
83.77
92.33
113.20
95.61
84.61
80.06
74.53
70.35
65.12
60.10
58.58
57.61
62.97
74.37
86.63
95.84
97.65
83.64
81.27
73.62
70.87
72.42
74.43
78.64
82.36
89.27
120.90
102.25
86.35
79.93
75.29
69.96
65.87
61.41
57.28
60.03
65.32
77.12
88.54
92.33
91.93
86.41
82.14
74.66
71.76
75.20
79.55
84.30
87.10
91.92
117.03
91.72
84.76
76.70
73.66
69.69
63.73
59.14
55.35
57.15
63.92
77.65
87.72
97.39
91.14
83.31
80.04
73.33
70.24
71.09
75.69
79.41
84.86
95.78
120.37
94.76
87.70
79.49
74.98
73.04
65.40
60.79
56.89
56.66
62.88
74.22
84.10
88.96
88.92
84.83
81.62
73.93
69.63
71.15
73.20
79.23
81.97
92.93
116.04
96.22
86.16
82.15
76.75
72.44
66.36
63.59
59.47
59.72
63.74
78.19
87.22
88.70
86.26
80.30
77.26
70.62
68.07
68.52
71.13
75.77
82.28
92.09
114.75
101.19
85.68
78.51
74.56
72.68
66.93
63.07
60.18
60.45
66.67
78.85
90.54
98.60
94.41
85.54
79.30
72.20
68.51
71.48
74.37
81.69
84.64
94.03
119.20
95.83
84.07
79.93
74.14
70.09
65.81
60.64
57.51
58.39
62.58
76.76
85.63
92.62
90.41
85.09
81.81
72.44
71.01
73.21
74.25
76.25
80.29
86.65
112.52
89.31
79.56
76.24
69.60
63.34
59.35
53.83
50.66
49.62
55.21
67.73
75.10
81.38
80.89
77.54
71.93
65.34
64.05
64.20
67.94
72.34
75.01
84.71
105.24
86.30
79.01
73.69
66.07
61.91
56.82
53.37
50.84
50.48
56.39
69.85
80.34
87.97
83.91
78.97
73.56
66.11
64.56
65.61
70.21
74.50
77.01
84.82
103.56
88.26
78.97
73.99
68.42
64.93
56.68
53.89
52.05
50.98
57.49
71.66
85.05
93.74
90.13
81.82
79.15
70.11
68.27
70.86
73.43
76.46
82.39
90.02
113.52
93.73
84.76
76.39
71.14
69.97
64.54
61.65
59.76
58.49
63.90
76.73
87.22
96.17
91.02
85.39
82.06
72.58
68.84
68.41
72.18
77.71
81.51
96.77
131.35
102.81
84.16
78.17
73.26
72.10
64.39
61.53
58.78
57.54
62.13
72.86
89.09
93.68
90.39
82.75
77.87
69.94
66.02
64.30
66.84
76.39
82.34
100.09
125.09
103.59
92.03
81.81
75.46
70.82
63.40
60.18
57.09
56.64
63.02
78.84
92.09
100.44
97.93
86.58
79.79
73.68
68.19
69.41
74.75
84.76
90.63
105.99
128.23
105.34
89.44
81.93
77.55
71.11
62.41
58.79
56.81
56.77
62.40
80.84
95.82
107.24
101.81
93.34
89.09
79.84
76.77
79.07
81.89
87.10
85.83
99.76
122.93
98.91
87.21
79.85
75.85
69.27
65.17
60.16
57.33
57.55
61.98
73.34
81.38
90.62
86.97
79.34
75.31
69.22
65.28
67.44
70.91
74.28
78.26
90.75
108.05
91.17
81.32
75.65
71.43
66.54
58.44
54.20
51.90
52.99
60.16
72.19
85.82
92.05
87.28
80.93
76.13
69.68
66.76
69.32
72.94
77.28
78.72
90.30
107.97
89.48
81.34
78.04
71.09
65.98
60.75
56.02
54.62
54.70
60.62
72.34
91.04
96.71
89.87
83.62
80.25
74.49
73.15
76.57
79.30
82.12
85.58
98.27
115.10
97.41
86.86
80.31
72.94
69.82
63.26
55.50
53.36
52.64
60.41
76.06
85.28
95.38
92.00
84.89
81.14
72.43
70.63
72.77
76.54
80.50
87.60
102.51
116.07
97.02
90.61
81.71
74.91
71.62
63.21
56.26
53.65
53.84
54.05
65.96
82.64
85.69
83.44
80.05
73.40
67.14
63.81
65.63
68.43
75.04
84.93
98.19
112.06
101.87
91.73
82.00
76.59
73.85
63.45
57.83
56.00
55.58
56.08
63.18
76.23
85.49
83.16
76.73
69.50
65.58
62.29
61.15
65.59
76.89
88.36
93.15
102.64
103.15
86.79
80.65
75.11
66.53
55.39
50.47
46.40
45.36
46.62
55.15
78.27
84.51
90.75
86.08
78.95
74.94
69.44
69.94
75.84
82.10
90.31
98.24
108.10
108.51
89.06
80.37
74.43
74.98
62.61
57.45
53.86
51.51
51.62
58.49
72.52
77.10
80.84
78.08
73.16
71.69
66.45
66.67
70.87
78.57
88.69
94.47
110.12
109.70
92.10
85.22
77.53
71.94
65.61
58.69
53.83
51.81
52.49
61.39
73.93
79.57
83.62
81.77
76.74
74.21
69.75
70.05
75.04
82.31
94.87
97.41
113.72
113.02
87.42
80.27
73.73
68.12
65.50
58.70
53.27
50.34
50.20
58.27
71.41
79.69
83.13
81.50
75.34
72.34
67.88
68.46
73.05
79.73
88.54
89.85
101.26
103.29
87.13
78.29
75.66
69.53
72.86
68.22
64.28
63.41
61.33
63.09
64.04
63.21
63.34
62.53
60.43
58.63
58.26
54.68
60.40
68.21
79.15
92.53
100.40
98.93
89.86
81.73
76.12
70.64
69.58
64.21
60.37
59.63
60.40
63.93
73.77
78.30
81.54
76.55
72.54
71.26
69.01
66.99
74.07
80.47
91.83
107.39
111.03
109.24
93.91
84.28
79.12
71.73
67.62
62.30
55.93
54.60
54.34
58.12
73.84
80.11
80.77
75.90
72.14
71.22
69.40
68.75
73.16
85.24
95.08
107.72
108.10
100.65
93.67
83.22
76.25
69.28
69.50
62.17
55.70
57.10
59.73
65.57
78.56
82.14
86.02
82.96
80.96
76.78
72.72
73.80
79.79
84.77
96.65
114.30
110.61
99.07
86.60
77.91
72.25
66.85
61.31
55.62
51.84
49.68
49.53
52.87
67.13
72.59
76.88
76.28
74.62
72.75
69.34
68.69
72.12
79.60
93.37
117.50
117.35
98.51
85.13
76.40
70.83
64.56
60.77
55.07
49.68
47.02
47.51
55.09
67.68
75.27
78.43
76.99
75.35
73.17
69.37
69.57
76.53
82.85
91.72
116.35
112.20
100.47
86.93
77.62
74.50
67.82
61.26
58.29
52.49
49.83
50.74
59.25
72.21
83.62
91.58
87.70
82.06
80.83
75.74
75.91
82.71
87.84
98.93
127.28
120.83
105.56
98.46
85.67
76.79
72.00
65.61
58.12
53.34
49.86
51.95
58.57
72.93
82.10
87.09
86.65
81.71
78.52
74.44
74.13
75.05
79.81
91.33
128.29
126.63
108.56
91.68
81.45
78.08
72.27
68.45
57.62
52.32
48.87
48.09
53.57
68.07
81.67
93.28
90.58
83.25
82.67
73.88
73.87
80.43
88.40
98.50
116.24
120.63
117.86
98.96
83.04
74.76
68.87
65.52
59.27
55.37
51.59
52.11
60.38
74.93
91.88
99.07
94.76
89.91
86.93
81.01
80.22
89.48
100.53
108.23
141.43
132.03
120.45
101.08
87.18
78.51
73.48
67.77
58.05
54.24
50.89
52.52
62.09
77.00
84.73
91.66
87.81
80.54
78.39
73.78
73.31
77.32
86.65
94.87
134.24
116.80
106.34
92.19
84.81
76.87
71.51
68.65
59.54
55.46
49.41
52.57
59.27
74.56
81.07
86.98
85.00
78.45
74.24
70.35
70.09
75.38
81.66
89.90
120.83
112.40
104.98
88.99
82.06
74.65
68.54
66.06
61.16
54.16
50.50
51.73
59.80
74.75
88.19
92.68
90.71
88.40
84.04
76.27
77.01
84.84
91.11
96.27
122.99
128.11
109.41
94.30
85.20
77.94
73.52
67.35
62.56
58.84
53.52
54.70
61.30
80.30
101.46
105.56
106.42
93.64
91.20
84.61
84.03
90.93
94.19
103.22
131.24
133.23
116.94
97.99
86.54
79.96
75.42
70.71
64.85
57.03
53.98
53.81
59.05
76.32
89.64
97.00
96.59
88.51
86.66
80.18
79.48
81.60
86.04
95.07
124.45
142.48
115.18
98.80
86.41
77.94
69.96
68.87
63.29
56.86
52.35
52.91
58.58
74.50
86.03
91.50
86.39
84.16
81.16
78.18
76.20
81.94
93.79
101.49
120.91
129.45
117.01
100.87
89.33
79.42
73.39
68.90
63.81
57.57
53.23
55.13
57.41
71.74
87.67
94.79
91.29
85.10
84.20
79.02
77.91
83.74
88.57
96.13
111.28
114.09
103.29
94.58
85.01
78.34
70.51
66.58
61.11
55.44
51.37
51.49
60.53
74.26
91.73
97.20
93.27
89.48
86.88
81.22
82.38
86.59
91.47
95.13
113.86
113.63
103.78
92.58
87.13
79.35
70.11
69.13
62.21
57.41
55.11
53.53
59.26
74.15
87.41
94.33
93.50
91.35
88.66
78.55
77.43
84.73
90.50
94.89
119.16
118.05
107.72
93.38
85.67
78.27
71.18
68.72
60.33
54.84
52.87
52.03
58.05
71.73
84.37
95.48
90.21
83.64
81.25
73.63
75.26
83.30
90.17
96.41
117.94
110.73
97.80
90.02
82.43
75.58
69.01
65.61
59.15
54.36
53.36
52.35
60.56
72.03
81.04
89.80
87.05
83.71
81.24
75.62
74.08
78.93
82.24
88.72
112.35
111.13
99.77
86.62
78.63
73.87
67.92
63.23
58.54
52.31
49.49
49.12
54.86
68.46
78.12
86.57
82.52
76.78
75.04
72.00
69.41
75.25
81.91
92.32
113.42
115.89
105.43
93.53
83.60
74.35
69.62
69.00
59.30
55.19
53.35
52.62
56.58
68.24
84.56
93.91
91.78
82.76
81.19
72.55
73.35
83.61
92.00
103.36
118.43
119.18
110.52
95.13
84.32
77.20
70.49
67.03
62.44
59.75
57.30
56.72
59.51
70.48
83.48
97.10
94.93
88.23
87.62
79.18
77.75
84.51
90.87
97.79
117.18
117.68
107.40
96.48
84.14
78.55
71.23
65.16
58.84
55.46
53.04
53.13
58.73
74.05
86.95
96.38
92.21
86.06
83.17
77.40
76.17
81.07
86.31
92.95
114.23
115.32
101.83
89.49
80.96
79.19
70.88
63.77
59.01
55.65
53.14
53.07
57.31
67.78
79.51
88.27
87.57
84.01
80.95
73.01
70.04
76.47
81.51
88.65
112.97
114.17
102.49
90.12
80.83
77.36
71.30
67.84
60.38
57.09
55.49
56.75
62.70
75.15
85.25
93.69
92.47
85.24
81.95
76.72
76.13
80.37
88.93
103.42
123.75
117.47
102.65
93.91
84.11
79.28
75.06
69.25
64.71
61.92
60.17
60.34
64.51
79.71
95.39
101.78
101.80
92.71
93.19
85.03
83.22
93.48
101.85
109.94
130.25
126.70
110.60
100.94
87.55
83.07
74.77
71.39
67.03
63.30
59.09
58.95
65.24
75.39
85.81
95.13
95.89
90.19
85.23
80.78
77.87
84.47
87.79
95.09
121.76
122.19
108.52
96.94
86.12
78.49
73.94
72.74
66.51
60.74
57.27
55.35
65.05
77.60
81.54
99.72
100.43
92.00
88.07
78.48
78.83
84.19
90.70
97.79
122.34
115.38
106.00
96.15
86.33
79.92
75.76
74.27
66.17
57.59
52.16
52.39
58.71
72.89
95.68
107.71
107.16
95.43
89.36
84.01
81.53
92.87
102.39
113.85
140.05
128.17
115.84
104.49
95.26
87.22
82.44
79.84
74.24
67.99
63.36
63.75
71.79
85.89
102.53
112.96
110.54
100.41
95.98
86.56
86.10
93.71
98.83
118.91
132.45
124.48
113.29
101.02
92.63
87.72
81.70
77.97
69.24
65.88
61.73
61.42
67.17
77.72
90.27
97.40
96.03
91.26
89.35
84.01
82.76
85.64
89.46
101.62
123.30
120.51
108.81
99.29
89.97
84.84
80.08
81.18
74.88
70.45
66.82
66.54
72.59
82.92
98.88
108.14
108.74
101.55
100.36
92.45
90.57
94.12
99.87
109.14
127.13
122.79
109.77
98.56
89.48
87.82
82.43
80.50
75.06
70.94
66.45
66.72
74.55
85.15
109.09
125.60
122.76
111.51
107.85
97.20
94.65
98.39
103.50
115.01
132.68
128.48
117.23
105.70
95.95
88.74
82.58
80.52
74.01
70.18
67.27
67.18
69.77
78.45
100.46
107.84
103.35
95.46
91.37
84.62
83.95
86.02
92.03
104.54
123.47
118.70
111.23
99.81
94.14
87.86
81.91
80.66
76.25
73.55
71.13
70.75
73.55
80.25
92.02
106.46
103.14
93.51
91.44
84.79
84.72
87.68
97.95
102.01
125.57
121.84
132.04
104.34
95.45
86.69
82.16
76.83
72.28
68.94
66.30
64.88
66.35
72.34
78.16
81.18
81.22
78.68
78.10
76.16
73.91
74.34
78.91
84.47
103.32
103.31
103.59
97.80
90.62
84.85
78.13
74.27
70.34
66.70
65.38
64.96
68.44
83.05
99.61
106.47
101.46
94.61
89.77
83.87
83.17
87.04
91.79
100.24
118.85
116.93
108.61
96.00
88.87
87.31
79.90
76.18
71.39
67.36
63.34
62.36
66.13
76.23
90.18
93.53
91.64
85.35
80.74
74.54
74.40
77.63
82.96
92.55
107.02
107.03
104.81
92.57
86.71
79.01
72.22
66.59
60.42
56.88
55.09
55.88
62.37
77.23
92.53
104.83
97.45
91.76
88.59
82.26
82.88
87.29
92.99
101.50
118.20
108.88
103.59
96.07
88.57
82.88
75.78
72.68
67.55
65.35
63.62
62.81
67.06
78.99
96.15
110.91
108.52
100.55
96.59
85.39
85.27
90.78
98.28
108.21
131.05
124.85
116.28
97.27
89.14
82.20
76.83
76.33
70.37
66.51
64.44
64.77
71.02
80.73
100.69
116.88
116.99
106.78
97.29
89.71
89.94
94.98
107.80
123.22
136.29
134.72
129.10
109.62
103.08
88.12
79.70
77.70
69.85
66.76
62.55
61.08
66.08
80.85
91.76
102.71
101.69
95.34
92.75
85.54
85.89
90.61
96.65
107.03
125.92
115.57
107.62
99.91
91.81
86.00
79.10
71.80
66.38
63.01
59.96
58.47
63.54
77.92
93.78
102.45
97.12
92.88
89.62
85.31
83.06
89.96
94.42
102.39
122.66
112.72
107.39
100.21
91.01
85.74
78.45
74.11
65.45
61.52
58.97
57.75
64.58
83.54
94.25
108.84
104.18
97.51
91.66
81.98
81.55
87.17
90.99
100.64
117.06
109.18
104.56
95.69
89.64
83.88
80.27
71.73
65.02
61.59
59.57
58.97
63.71
78.64
88.77
93.00
91.46
87.69
84.30
77.61
77.55
82.94
87.62
94.74
115.16
109.05
105.18
97.97
89.91
84.06
78.41
72.34
66.94
63.27
60.80
60.74
67.89
81.43
93.22
99.01
95.45
90.41
88.51
83.00
82.69
87.11
93.61
104.53
118.11
108.68
104.52
98.74
92.66
86.22
80.79
72.74
67.05
65.41
61.95
62.81
67.61
78.98
92.39
101.71
97.34
91.94
88.12
80.29
79.05
86.08
90.27
98.07
111.22
102.55
100.58
94.68
86.75
84.95
77.85
76.10
69.96
67.73
65.02
66.29
70.33
79.93
88.53
99.04
100.07
92.03
88.76
83.17
81.54
86.08
91.83
101.77
113.79
106.09
101.90
97.67
90.55
85.16
77.78
75.96
68.28
63.70
61.18
60.59
64.43
78.06
89.61
95.09
97.83
91.05
86.59
81.82
79.03
85.15
90.71
96.76
107.60
103.04
101.72
98.57
92.08
85.69
79.26
74.17
67.98
65.77
65.49
64.63
67.49
80.00
99.20
108.64
104.09
92.95
88.50
83.45
83.25
89.42
94.89
102.88
110.55
108.69
108.91
101.46
93.54
85.55
76.89
69.40
63.77
60.16
57.37
55.28
62.81
72.66
86.95
92.04
88.63
82.03
79.58
73.82
72.52
78.23
82.22
89.07
99.56
97.70
95.41
89.11
83.16
78.15
73.31
70.41
63.33
58.89
56.78
54.21
61.01
70.53
81.49
84.94
85.00
80.03
76.35
71.68
70.25
74.29
77.94
85.50
97.09
93.74
91.33
84.08
78.04
75.30
70.66
69.39
62.79
53.96
50.28
49.57
51.13
55.73
62.19
60.95
66.07
67.71
68.60
65.15
54.54
53.67
63.95
74.24
81.75
81.94
80.42
78.49
74.36
71.49
66.84
63.55
51.22
45.71
42.19
41.06
44.54
48.04
54.34
56.73
61.17
64.90
64.91
63.28
59.77
59.95
64.73
71.65
84.58
82.86
83.64
81.07
76.38
71.73
65.65
66.47
55.93
48.14
43.16
44.07
53.98
67.35
75.83
85.17
85.60
82.25
77.66
73.27
71.00
77.14
83.76
92.62
110.03
104.20
98.93
89.86
82.92
74.70
68.64
62.03
54.50
45.05
42.14
41.82
47.32
60.59
70.91
77.00
78.04
74.04
71.59
68.67
67.89
71.38
76.15
82.98
95.09
92.67
90.83
85.38
82.07
75.12
69.56
61.51
50.64
45.02
40.28
39.90
46.15
57.56
71.22
78.28
77.54
74.26
70.25
67.29
65.50
68.18
74.66
83.13
98.01
92.83
91.83
87.07
81.92
76.21
68.18
64.72
54.71
51.48
47.86
46.92
52.26
65.45
75.57
83.37
81.78
77.58
74.60
70.96
69.94
71.76
77.33
84.56
99.31
98.28
94.10
88.27
82.51
75.89
70.78
65.59
58.72
51.92
48.50
48.26
51.42
63.64
73.96
80.90
81.85
78.03
74.86
70.65
67.49
70.01
76.59
83.11
95.95
97.69
94.52
85.29
77.75
73.83
68.68