103.14
99.17
88.87
77.48
67.82
70.93
75.71
84.72
74.56
73.21
74.05
74.61
78.88
73.36
74.62
89.16
99.99
112.57
118.18
120.70
114.86
110.50
102.59
94.12
88.59
75.68
66.66
64.45
64.01
73.34
93.42
105.29
116.28
115.52
112.99
108.28
101.82
99.32
105.30
110.20
117.30
134.83
134.72
128.50
117.64
107.16
101.19
95.50
89.73
77.72
60.84
58.72
56.49
68.83
88.58
100.30
106.17
106.61
101.82
99.54
93.88
91.15
94.91
101.25
108.66
123.20
123.19
118.69
110.28
103.46
98.05
92.13
89.42
82.81
72.07
64.54
61.14
71.26
90.69
104.89
111.65
113.56
109.78
106.21
97.32
93.47
95.23
101.71
108.49
122.59
123.16
119.77
114.23
105.92
98.92
89.17
77.74
58.36
52.63
47.92
45.69
54.55
68.85
86.97
96.16
106.00
101.73
94.87
87.45
82.29
85.50
95.03
105.28
120.17
121.00
118.85
111.57
103.16
96.81
87.00
87.97
77.06
67.94
62.50
61.73
67.28
81.09
93.76
94.62
95.60
96.04
92.30
88.36
77.34
82.61
94.73
104.68
120.02
125.05
126.22
120.00
114.95
110.00
97.85
95.00
83.55
76.44
74.53
73.96
85.39
101.78
115.76
125.89
124.48
117.55
112.71
99.67
99.69
106.41
113.92
123.05
138.08
136.45
131.92
119.21
110.42
104.44
96.02
86.33
78.39
73.29
67.78
69.78
78.83
97.99
109.71
119.13
118.97
112.41
109.48
101.36
101.53
105.44
109.15
115.86
133.19
134.53
131.36
120.81
110.84
104.32
94.67
88.94
82.32
77.12
72.83
72.89
80.48
96.38
112.02
126.25
122.84
115.80
110.22
100.50
99.69
102.02
109.40
116.71
135.83
133.79
127.58
119.21
106.63
99.98
91.78
88.30
81.39
72.10
67.36
67.86
75.51
88.69
106.97
117.39
120.45
113.94
106.48
98.58
95.04
99.89
106.89
117.72
146.14
137.87
129.79
121.65
112.77
100.15
91.03
88.19
79.59
73.70
67.85
67.29
75.79
96.19
116.76
122.23
121.36
108.57
102.92
97.90
94.23
98.00
103.79
112.11
129.40
130.24
125.69
119.50
109.57
101.79
91.46
88.83
80.90
73.85
66.15
68.04
72.70
96.84
112.85
122.73
125.05
116.79
109.80
101.13
99.38
105.47
111.52
119.54
137.74
138.28
131.92
123.02
114.91
108.14
97.59
90.01
79.82
70.65
66.01
66.43
74.86
95.69
110.18
120.63
123.29
117.80
113.97
103.11
102.06
105.95
110.88
117.17
130.76
129.77
123.88
118.46
109.89
103.95
94.45
88.28
79.48
74.59
69.07
68.83
77.43
96.81
110.85
123.59
120.71
113.41
108.36
100.72
99.63
102.71
107.26
111.72
128.62
132.94
123.10
115.93
106.46
104.96
95.51
85.58
79.19
73.91
70.78
71.43
79.67
90.79
105.60
115.56
118.63
111.77
108.31
102.03
99.59
103.08
106.14
109.25
129.64
129.28
121.78
113.88
107.15
102.52
95.26
86.37
80.61
77.08
73.53
73.20
79.64
93.32
114.51
129.99
129.84
120.89
116.62
106.39
103.53
110.66
114.16
117.89
136.38
136.32
128.01
115.96
106.20
103.04
96.07
90.10
82.58
77.77
71.05
70.79
79.74
95.49
115.71
130.30
131.41
121.16
116.61
107.13
102.15
105.42
110.44
117.45
143.76
151.69
138.74
123.45
113.31
105.07
99.14
94.27
82.01
77.10
72.37
72.69
78.49
96.00
121.89
129.20
129.48
120.28
111.09
104.32
101.18
101.78
112.90
115.48
140.98
149.23
138.66
121.24
114.41
110.13
102.88
94.50
85.82
77.59
71.89
70.04
77.70
96.21
106.10
122.30
128.55
127.24
121.19
109.27
105.28
107.45
111.32
122.82
133.14
146.63
137.69
125.29
120.27
114.41
101.15
95.43
84.15
78.29
72.48
71.58
82.74
100.30
113.52
134.77
128.06
121.45
114.40
107.85
104.52
108.17
114.36
118.14
138.57
152.18
138.69
121.34
112.78
110.09
102.66
93.53
80.83
74.98
71.32
71.61
77.13
95.15
112.80
128.02
129.16
120.06
112.46
101.28
96.13
100.36
106.90
111.31
131.71
136.88
128.30
111.39
104.08
100.11
91.40
90.79
83.41
76.47
73.74
72.92
81.04
91.54
108.52
117.27
117.11
109.84
106.55
99.75
95.76
98.58
103.60
108.90
122.47
126.98
124.56
117.29
108.41
105.66
95.64
88.03
84.66
78.08
74.90
73.68
81.91
100.45
121.83
133.92
134.12
129.75
122.21
111.26
106.70
108.62
115.82
120.62
137.68
146.46
135.19
122.91
111.41
107.29
99.72
93.34
87.02
81.18
76.28
73.60
81.57
97.72
125.84
141.44
133.66
126.31
119.59
109.02
102.70
105.61
113.60
117.76
136.82
147.46
138.16
125.21
110.35
105.99
98.79
96.11
88.19
81.65
78.43
76.16
81.96
99.67
119.42
137.30
133.05
118.81
110.11
104.51
97.88
100.78
107.15
114.54
127.92
147.99
138.05
124.03
110.73
105.26
98.70
90.96
80.65
75.36
70.45
68.01
73.47
90.91
111.72
126.06
125.59
112.64
109.24
98.79
90.88
95.35
106.19
117.63
132.50
137.00
133.85
123.87
111.18
106.65
100.16
86.33
76.60
68.90
66.02
65.23
71.44
88.81
109.78
121.22
116.70
110.12
107.51
99.45
96.62
100.01
104.74
110.48
124.00
130.86
126.82
119.18
108.94
103.45
96.35
81.34
76.16
71.12
69.10
68.08
75.54
91.60
106.91
115.75
113.04
107.21
104.35
97.92
94.34
97.58
100.81
105.44
119.29
124.32
121.01
113.11
105.43
99.89
93.03
85.55
78.81
73.69
70.09
69.68
78.20
92.80
106.13
114.73
116.11
108.62
105.41
99.03
94.38
99.15
100.98
105.55
121.64
128.15
122.47
114.96
106.58
100.42
91.68
81.30
77.00
70.86
69.49
69.26
75.37
91.65
110.02
124.13
121.93
111.34
105.75
98.15
94.57
99.41
103.79
109.72
130.32
138.02
125.99
116.01
104.45
97.84
91.34
81.69
70.27
66.48
63.62
60.14
67.55
86.83
103.10
117.09
114.08
105.47
102.68
95.26
91.05
95.43
101.00
107.83
122.95
134.31
124.92
114.57
100.56
93.16
85.74
74.76
68.22
62.57
61.68
60.10
66.34
81.32
100.00
112.49
117.74
109.64
106.86
93.96
90.85
94.50
99.42
109.10
114.95
126.45
124.73
110.77
102.88
95.16
84.33
74.12
67.63
61.35
57.45
57.35
61.32
76.16
94.34
108.40
108.97
104.05
100.27
89.90
84.53
90.60
94.76
99.20
109.56
119.55
118.58
108.76
102.05
95.79
86.87
70.82
65.69
62.33
59.75
60.18
67.58
84.50
100.61
118.64
114.74
110.79
107.07
96.55
91.69
95.12
99.05
101.42
112.72
126.59
121.83
110.17
104.18
96.96
86.70
76.90
69.98
65.24
61.85
62.60
69.56
88.95
102.89
113.97
111.01
104.12
100.64
91.99
89.18
93.98
96.53
100.92
111.11
125.17
116.68
107.05
98.51
94.31
85.30
80.41
73.06
68.35
64.90
64.56
71.12
88.20
100.78
108.53
107.41
104.00
101.14
93.03
87.99
90.51
94.26
98.44
108.38
119.87
114.10
105.24
99.45
92.71
84.35
74.75
69.38
62.13
57.09
57.46
68.02
87.56
108.48
119.34
118.56
110.90
108.16
93.49
91.06
97.72
100.27
104.56
114.71
125.86
119.05
110.90
101.37
95.36
85.97
84.75
74.63
68.88
64.22
63.29
71.47
86.90
103.41
112.85
113.46
108.10
104.66
93.80
90.61
93.85
100.83
105.57
112.93
128.42
124.12
112.34
102.29
96.28
86.64
82.73
73.83
64.32
60.68
59.65
65.71
81.80
97.14
102.98
104.75
98.74
92.36
85.29
78.95
80.86
87.15
91.87
106.99
121.61
119.98
108.92
97.26
91.29
84.93
75.30
67.75
61.88
56.37
53.15
59.85
72.75
91.44
97.81
99.01
95.43
90.91
83.11
77.90
78.14
82.27
90.95
109.18
128.68
123.53
113.49
102.60
94.93
85.29
78.89
70.84
65.85
60.82
60.82
68.12
85.65
97.61
109.97
109.96
105.87
102.55
95.23
90.53
95.22
97.51
103.76
114.22
129.25
121.88
114.45
105.18
98.45
89.70
82.86
73.97
68.28
65.02
64.89
71.20
89.91
100.26
111.63
110.39
104.17
99.34
92.02
88.59
92.57
95.24
100.98
109.46
124.16
117.88
108.36
99.74
92.66
85.13
82.67
74.46
69.44
67.52
67.00
73.68
89.33
100.19
109.38
108.86
102.46
97.21
89.68
87.45
90.27
95.62
101.22
110.20
126.59
121.45
110.27
100.94
96.36
87.58
78.76
71.02
67.48
63.85
64.23
71.12
89.10
100.30
115.06
108.32
100.60
94.14
87.91
85.88
90.26
94.92
100.18
109.60
123.33
116.84
107.34
98.63
92.11
86.41
81.96
73.78
65.58
61.95
61.71
68.96
80.31
91.57
100.61
99.98
93.42
90.02
82.77
79.32
86.09
90.21
96.44
108.38
125.83
123.57
112.21
100.86
94.47
86.88
82.68
74.48
68.94
66.87
65.88
69.45
85.39
95.48
100.47
100.32
95.75
91.25
85.19
82.06
85.22
91.02
97.37
107.41
125.15
119.88
108.25
99.04
92.44
86.57
79.80
73.72
65.81
62.11
62.17
66.15
80.30
89.54
95.03
93.07
88.34
82.52
77.14
74.13
75.81
81.95
89.43
103.07
123.62
123.66
111.26
100.52
95.17
86.11
76.33
70.04
64.87
58.64
57.61
66.83
80.99
91.48
99.08
97.14
91.70
87.55
80.89
76.48
81.99
85.93
94.32
104.45
120.84
120.06
110.14
98.30
92.95
84.76
81.39
73.36
69.24
65.02
65.33
72.54
89.64
100.45
110.21
104.70
98.66
92.52
84.51
83.43
87.29
92.98
99.88
108.55
126.05
121.87
110.23
100.08
94.44
88.98
83.55
78.58
73.25
68.45
67.97
75.91
88.04
95.87
103.16
100.00
94.85
89.26
81.28
77.88
84.66
91.23
97.63
106.98
123.16
121.21
109.52
100.00
96.02
90.25
83.60
78.80
73.04
69.24
68.79
78.41
92.26
105.29
115.45
108.08
98.83
94.10
86.20
84.31
88.83
93.70
102.37
116.29
150.78
138.67
116.42
113.62
100.52
88.17
82.17
76.61
71.42
68.10
66.09
72.19
84.47
91.26
99.85
95.51
90.79
87.16
80.49
77.31
77.20
84.82
91.01
99.20
117.98
116.62
102.52
94.00
88.49
82.34
79.47
71.47
65.17
61.84
61.54
66.42
78.96
85.68
90.43
94.28
90.09
83.50
76.81
73.79
75.77
82.73
88.89
99.45
113.35
114.93
102.95
93.86
89.26
83.56
77.16
70.53
66.36
61.65
61.26
68.23
78.54
84.81
90.61
87.77
84.50
80.82
74.97
71.23
71.72
75.03
83.24
93.24
109.70
114.48
101.86
95.00
88.98
80.50
71.47
66.26
61.13
57.98
57.79
64.60
81.05
89.72
101.59
100.26
93.97
92.55
88.70
85.05
86.63
90.09
95.56
104.20
117.93
118.75
108.17
100.64
93.77
87.39
81.90
73.93
69.63
66.87
65.77
72.83
88.06
97.34
108.44
102.64
94.97
91.96
84.68
83.63
87.44
90.96
96.03
105.76
126.47
122.60
107.81
100.06
93.48
87.93
83.23
76.42
74.24
70.56
69.59
75.41
89.33
96.21
106.55
103.08
97.42
94.81
88.52
87.56
90.18
95.07
98.73
106.50
133.97
129.19
108.04
99.70
94.67
89.12
81.45
76.39
71.55
68.99
68.55
74.72
91.50
97.28
109.20
102.91
97.92
94.69
87.34
86.23
87.49
91.36
97.94
105.70
128.17
123.79
105.09
99.26
92.52
85.30
77.92
71.68
66.70
62.96
63.71
66.53
80.61
87.88
93.41
93.72
90.60
87.54
79.68
76.65
79.69
83.07
89.77
97.31
115.60
118.19
100.53
93.01
88.15
78.57
76.11
70.48
66.23
62.78
63.69
67.53
85.15
93.68
98.75
98.64
92.92
89.31
81.03
78.48
82.28
85.99
92.75
100.11
117.77
119.97
101.68
93.68
89.00
81.07
75.88
69.35
62.13
57.83
57.56
66.72
78.32
82.90
86.28
89.51
86.48
81.97
77.56
75.15
75.59
78.81
84.97
91.86
112.51
117.52
100.70
93.57
84.17
77.66
73.98
64.75
60.90
57.68
57.83
63.62
75.04
82.32
88.19
88.83
84.77
81.91
74.67
70.79
71.06
77.27
85.85
94.87
114.65
134.43
112.55
100.98
95.62
87.56
76.81
67.39
63.49
60.26
59.32
65.47
80.05
90.43
95.00
94.38
85.53
81.99
75.31
72.56
78.92
83.44
91.66
101.76
120.73
125.54
112.31
100.52
94.76
87.28
77.01
71.62
67.11
64.54
62.20
67.73
81.39
92.60
102.44
97.36
90.23
85.84
78.72
77.65
82.48
86.41
90.93
96.93
122.44
122.04
104.41
92.81
88.77
82.52
79.81
72.44
68.23
65.16
68.01
73.51
86.57
90.78
98.69
100.00
94.10
88.57
81.89
78.55
81.97
85.34
90.94
94.10
118.86
121.24
100.60
93.44
85.53
76.65
72.60
63.31
60.51
57.27
57.56
64.12
76.93
88.45
98.04
101.23
91.59
86.70
80.72
77.66
82.28
86.85
93.53
97.07
115.73
118.02
103.94
97.64
90.55
79.37
71.36
63.98
60.88
56.08
56.01
63.84
79.95
91.46
98.25
98.86
90.88
84.37
73.49
73.19
80.21
85.97
92.04
99.82
120.44
127.60
107.82
101.30
91.66
83.46
76.83
69.39
62.98
57.77
56.59
63.75
77.27
84.21
86.45
87.30
79.52
76.77
66.92
64.12
68.18
74.48
84.32
93.14
112.34
121.65
103.51
93.38
87.12
76.75
71.24
61.31
54.82
50.91
50.16
56.33
65.79
73.59
79.63
77.43
72.00
67.24
59.42
56.62
59.08
66.18
74.52
89.70
106.85
125.07
106.02
95.47
90.20
79.67
68.39
61.36
58.97
58.97
59.68
65.53
80.47
85.02
92.39
83.87
77.90
71.61
64.60
63.84
68.88
73.70
83.11
95.72
134.44
149.72
121.48
106.45
92.09
79.53
69.45
62.54
58.43
57.17
57.53
62.28
78.52
90.03
96.53
91.36
82.82
77.74
67.98
65.59
74.94
78.74
90.44
99.17
122.22
136.39
110.04
102.43
91.00
81.71
75.31
66.35
62.40
58.75
59.79
68.30
82.37
93.38
98.91
93.73
89.32
80.52
71.88
69.81
73.99
83.68
93.99
99.21
117.21
123.41
104.97
96.15
88.13
81.69
76.37
67.76
65.29
60.62
59.59
68.64
82.15
93.06
102.56
95.47
88.81
85.47
76.25
74.75
81.76
86.40
95.33
102.56
119.69
132.50
110.19
100.00
92.33
84.18
80.99
70.93
68.80
66.35
66.98
76.93
86.85
95.42
102.35
96.57
90.78
84.34
75.89
74.53
79.30
86.81
92.61
101.25
121.30
138.43
109.19
97.54
91.25
86.77
82.21
76.63
69.84
68.36
67.19
72.86
79.25
86.11
90.61
90.00
83.88
77.20
68.22
64.50
68.52
74.13
83.34
93.46
113.98
127.35
107.64
96.42
89.40
80.43
76.28
69.64
64.77
60.34
59.95
65.60
68.83
77.74
82.23
83.82
74.36
71.85
62.06
56.80
62.90
70.19
77.63
89.16
111.86
131.14
111.92
98.65
91.29
79.30
76.70
68.61
61.91
59.80
60.28
69.28
80.83
85.46
91.76
84.75
79.16
75.77
69.71
65.92
72.60
79.31
84.15
94.35
113.59
133.80
110.16
98.03
88.52
78.69
75.21
66.55
63.04
60.45
60.77
66.53
80.07
91.45
103.57
96.14
89.67
82.46
70.18
68.52
75.04
82.77
87.65
96.20
110.63
122.65
102.28
94.10
85.71
79.14
69.47
63.59
60.32
56.21
55.54
64.60
75.88
86.18
93.83
88.45
81.68
76.55
65.53
64.62
72.56
80.55
87.87
97.98
112.60
125.83
104.69
96.00
90.61
80.43
74.66
66.38
60.98
58.39
59.75
70.52
86.29
92.32
101.96
101.93
98.65
87.97
76.62
78.17
82.58
89.02
99.54
104.45
126.11
143.34
110.06
96.79
91.54
82.08
78.67
69.29
63.44
59.84
60.09
68.24
81.27
90.60
95.74
91.39
86.73
78.90
69.92
67.65
76.99
80.79
87.22
92.58
105.45
128.24
102.20
94.18
89.08
80.34
76.04
68.71
63.62
59.35
57.07
66.11
76.75
83.83
87.68
86.42
81.66
78.05
70.41
68.59
72.30
77.70
81.06
91.34
108.41
131.67
105.01
93.42
90.85
85.11
82.48
74.81
68.83
64.94
65.23
70.70
74.67
80.94
86.59
87.03
77.83
72.24
69.05
66.60
69.17
73.51
76.66
84.72
105.88
138.27
123.38
97.51
86.43
79.32
79.65
67.85
62.01
59.48
59.36
66.66
76.30
84.41
94.23
87.89
82.88
80.76
74.51
71.21
78.02
83.16
85.26
91.18
107.57
141.50
122.15
99.09
90.41
80.84
78.57
69.42
64.73
60.73
61.65
70.79
82.20
93.90
105.08
102.36
98.29
93.45
82.74
81.72
86.05
91.46
94.33
97.24
108.80
133.51
105.72
96.17
91.22
83.85
79.09
70.30
66.79
63.83
64.18
70.96
80.08
91.92
95.86
95.76
91.03
85.64
76.10
75.16
81.93
85.47
89.31
93.53
107.20
143.60
113.47
96.40
88.48
84.04
80.79
76.85
69.98
66.55
66.93
74.57
84.53
95.75
98.70
98.25
88.48
83.09
71.79
68.63
74.58
79.54
87.13
95.04
105.92
130.67
105.18
93.28
87.89
83.11
76.87
70.66
66.80
63.08
62.08
69.88
76.65
87.82
93.42
92.82
87.07
77.12
69.03
66.93
72.22
79.10
87.96
97.29
113.76
131.91
104.38
91.67
86.15
80.53
75.82
63.97
57.77
59.42
64.35
72.07
75.41
89.45
86.46
83.00
70.43
65.03
58.79
57.69
61.75
72.58
79.19
92.73
107.19
120.15
100.42
89.32
81.58
76.72
70.99
63.67
56.76
56.83
60.15
74.62
80.38
84.64
83.44
76.74
68.26
64.35
55.82
56.51
61.08
66.79
76.52
91.61
119.98
135.60
114.07
97.53
83.28
73.94
68.17
63.82
59.16
63.55
73.77
86.37
105.83
111.00
97.77
85.01
79.13
68.54
56.35
60.52
68.54
74.68
84.51
96.49
125.06
119.64
99.72
89.97
76.44
74.24
63.90
58.31
56.10
57.16
65.50
77.05
86.79
96.79
92.32
82.53
74.21
65.62
55.71
56.26
59.50
67.02
75.37
84.92
101.26
108.90
96.05
87.96
82.07
81.49
69.38
65.10
61.90
63.74
70.48
82.79
97.75
108.06
114.37
102.57
90.92
79.07
68.94
74.32
77.79
83.25
85.19
92.64
107.29
117.76
97.97
89.93
84.44
77.85
69.31
64.83
61.42
61.26
68.38
81.18
95.59
108.44
104.88
94.13
86.20
71.37
61.98
66.38
70.22
79.49
82.15
90.13
102.94
113.83
99.51
92.21
85.15
83.14
74.03
68.62
65.50
66.79
69.80
86.03
97.20
116.38
108.94
99.00
91.12
81.54
74.29
78.64
83.89
86.28
87.81
90.90
101.87
111.61
96.58
88.49
79.71
75.20
66.42
62.44
59.73
60.94
65.51
76.01
88.26
103.68
100.17
90.08
84.49
71.86
60.43
56.86
62.11
63.98
71.03
83.31
100.35
112.06
97.17
91.35
82.83
77.30
69.56
60.18
56.12
56.74
60.54
69.90
71.53
77.33
74.83
63.54
56.97
50.66
45.94
44.43
46.95
49.72
57.68
78.99
99.38
112.98
96.16
88.77
80.60
81.57
69.76
63.60
61.74
62.58
64.60
76.75
85.48
95.72
89.25
77.39
66.11
55.95
50.85
49.39
52.65
59.43
70.82
80.66
96.67
112.99
99.41
90.10
82.36
74.13
65.31
62.22
57.79
59.50
67.26
82.08
99.92
112.88
108.31
91.27
84.12
69.42
64.38
68.50
71.49
77.85
83.38
93.28
105.20
115.20
97.21
89.74
82.06
75.37
65.95
60.31
56.34
57.56
64.72
76.54
90.56
104.47
103.14
89.06
80.18
66.71
58.58
61.35
69.33
76.36
78.88
87.80
99.59
113.64
95.15
88.17
80.20
74.15
67.57
62.42
58.41
58.93
65.33
78.10
91.19
99.44
96.86
81.37
75.02
64.39
60.05
62.10
69.11
72.97
79.24
87.92
99.96
118.49
98.99
91.02
83.38
72.33
64.48
60.14
56.92
58.72
62.27
74.89
92.16
104.72
102.93
93.59
83.35
68.99
60.89
64.86
72.64
78.25
81.54
87.92
99.96
112.12
96.24
88.06
78.60
75.71
66.43
61.52
58.30
59.20
63.79
76.00
89.08
100.03
94.10
84.34
77.45
63.82
57.73
58.05
64.20
70.28
79.30
86.83
101.11
120.08
101.25
92.53
87.24
86.45
77.08
71.23
68.59
69.42
71.96
77.77
89.97
102.09
96.88
84.89
74.68
65.99
58.92
57.50
60.86
68.44
73.13
87.80
109.47
139.38
114.87
94.13
85.11
80.13
71.30
65.69
63.50
64.37
67.96
78.57
86.01
93.06
80.51
71.69
64.07
56.16
49.18
51.01
55.63
59.05
64.78
80.50
100.96
122.25
104.03
88.50
82.52
77.66
69.18
60.74
60.02
60.52
69.39
75.72
89.80
99.52
94.40
84.16
78.13
68.59
59.86
65.60
71.87
78.58
81.38
89.47
103.89
129.74
107.56
91.56
81.62
75.91
65.01
60.08
57.42
57.19
62.92
78.87
88.01
96.87
93.00
80.27
74.58
64.04
60.74
62.51
66.16
74.02
79.27
86.06
96.96
124.45
99.13
89.51
80.43
71.16
64.07
58.02
55.97
54.59
59.83
72.54
81.59
89.33
83.95
75.02
69.47
58.94
53.23
55.48
56.66
64.90
72.21
80.71
93.22
125.60
103.93
91.35
79.37
70.95
63.24
54.95
51.48
50.49
57.71
75.69
86.63
95.31
91.28
82.34
74.26
64.85
60.33
61.08
68.01
76.72
79.98
85.49
100.06
125.38
96.12
86.88
78.34
81.39
69.93
62.50
57.73
58.41
64.48
76.60
81.99
95.12
91.65
85.01
75.32
67.60
57.48
60.78
61.88
69.26
73.12
83.65
103.44
133.83
106.31
95.92
82.65
80.10
71.38
65.96
61.48
61.34
67.07
74.01
82.91
88.86
87.23
79.71
75.34
63.88
49.55
49.24
53.51
62.52
71.90
82.60
97.85
139.21
110.79
91.68
83.37
87.70
68.44
61.55
56.04
56.02
60.57
62.77
68.03
73.06
73.23
70.11
63.65
54.12
42.79
44.14
46.69
50.25
61.40
74.37
95.84
128.46
106.59
96.72
83.74
78.30
69.88
65.71
63.03
63.55
73.93
91.91
100.21
113.36
104.79
94.75
87.58
76.99
72.21
78.64
83.04
89.07
90.88
95.97
105.26
135.47
104.54
91.79
81.65
81.71
66.02
60.51
58.22
56.37
63.94
76.06
86.55
107.82
103.41
94.93
90.41
74.48
66.58
69.51
71.30
74.67
75.21
85.72
96.34
132.50
99.39
85.34
77.60
77.16
65.65
59.65
55.93
57.28
67.36
84.52
89.40
101.25
92.81
81.75
76.38
66.04
64.20
69.49
72.52
79.62
79.74
89.12
100.54
134.99
106.77
92.35
85.86
98.49
86.39
78.80
73.11
71.33
74.92
69.71
77.17
75.06
69.23
64.93
60.57
51.71
42.43
41.33
48.43
53.91
62.85
77.91
93.02
123.17
111.70
91.26
86.57
92.76
77.93
72.88
67.99
71.04
79.66
85.80
98.15
105.00
100.16
92.93
86.03
78.00
71.01
72.09
80.16
82.53
83.63
90.55
109.00
131.18
117.27
89.19
84.22
84.11
74.33
66.94
63.41
64.37
69.20
75.58
85.26
92.53
93.37
89.92
87.57
78.49
70.78
72.74
76.64
73.09
73.14
84.61
97.85
120.48
105.15
90.88
81.22
74.62
58.00
54.14
52.22
52.80
60.45
69.12
82.26
106.56
101.41
84.91
81.19
68.03
64.51
68.82
71.99
85.36
79.60
92.80
102.06
133.76
108.58
92.41
84.93
81.71
71.26
60.11
57.51
56.99
68.39
77.05
95.21
115.12
108.66
97.80
94.58
78.02
72.02
77.27
84.22
91.08
90.17
92.56
111.05
144.40
112.94
94.61
84.78
86.20
74.53
66.26
61.99
63.26
74.03
81.03
89.37
108.22
104.79
94.21
89.22
72.23
68.25
69.71
73.77
81.25
87.37
92.31
103.80
137.20
108.36
96.69
88.36
95.74
83.55
79.05
74.98
71.58
68.04
61.30
56.03
56.60
55.84
49.20
43.22
36.84
25.76
26.01
28.48
36.63
59.50
75.38
89.95
114.43
100.32
92.89
85.19
85.28
74.07
70.69
68.30
67.39
70.30
83.04
95.19
112.00
106.12
101.39
93.28
80.20
76.81
80.07
85.49
91.36
91.84
95.40
102.02
127.55
108.66
96.99
90.49
93.47
82.49
74.71
72.70
73.14
82.31
85.14
94.56
100.89
98.70
87.47
82.40
75.69
69.44
71.59
76.85
84.05
88.24
96.33
109.63
133.41
113.97
99.37
92.60
91.57
79.83
76.87
74.65
74.11
77.27
79.52
86.91
96.53
91.04
83.08
74.32
61.27
56.26
56.84
59.08
65.55
76.34
90.94
104.49
132.42
113.16
99.02
89.36
82.64
72.16
64.58
61.03
60.63
66.63
71.98
78.86
87.93
79.94
70.67
68.72
59.38
56.64
60.34
65.39
73.13
81.58
91.33
103.65
131.68
115.57
97.78
88.13
81.50
68.87
63.85
62.23
62.54
68.04
79.96
96.73
112.09
109.25
99.04
95.66
77.84
76.90
84.31
92.18
97.95
93.62
95.89
100.71
126.83
108.30
94.34
82.28
79.54
73.41
68.07
62.91
62.44
68.40
73.51
83.90
98.53
93.38
82.95
76.93
63.96
57.86
65.24
71.72
81.49
86.55
90.23
98.55
125.41
108.50
93.33
85.05
73.07
64.39
58.80
58.70
60.38
66.02
75.06
90.36
103.40
98.10
86.60
79.68
61.38
57.71
67.67
78.02
84.81
87.72
93.66
101.72
132.99
115.35
101.11
84.99
71.58
63.95
57.87
55.99
56.39
63.26
72.73
87.82
103.79
90.15
80.87
70.80
56.81
53.46
58.38
66.53
78.68
82.46
88.74
96.78
120.58
108.96
95.82
84.66
82.98
72.59
66.17
62.41
63.39
69.60
74.65
85.41
97.95
90.49
74.58
69.89
59.88
56.79
60.49
64.00
70.58
78.92
89.03
103.17
131.26
122.53
95.34
87.22
85.54
78.48
74.17
70.72
69.98
69.83
67.94
74.44
88.37
82.91
67.20
64.36
56.36
51.91
54.12
60.24
60.78
66.96
83.10
92.15
114.51
105.52
91.54
81.41
76.72
65.22
59.60
55.22
56.96
60.84
69.13
74.53
89.82
77.27
70.20
64.40
54.95
54.17
56.29
63.49
68.67
77.20
85.37
95.49
132.43
116.96
95.45
84.66
80.27
74.03
66.21
63.00
65.11
71.66
78.18
90.21
110.67
98.86
85.65
76.44
68.68
66.92
68.94
76.13
81.73
82.65
89.15
100.91
127.74
112.24
94.16
81.18
69.81
60.88
54.25
51.46
53.45
58.74
65.14
78.96
93.53
83.43
72.05
64.86
56.27
56.56
60.27
68.31
75.32
79.09
83.13
93.47
121.30
109.95
89.26
78.30
73.03
62.01
56.30
55.55
57.26
61.79
74.88
86.99
101.83
90.97
80.45
74.87
65.13
67.11
71.89
78.64
81.46
83.27
86.02
92.71
108.46
101.68
88.13
77.12
70.93
61.24
57.42
55.67
54.69
56.49
65.55
85.04
104.72
100.75
100.51
92.55
75.60
73.02
76.67
81.01
86.40
83.48
85.83
94.77
114.34
106.49
96.15
83.34
76.89
65.12
59.25
56.27
55.88
59.63
68.77
84.19
91.28
90.53
81.29
75.83
64.46
58.27
58.50
61.81
70.70
72.59
84.80
99.34
119.21
115.33
96.49
88.11
89.71
80.72
73.98
71.36
72.27
73.08
73.72
80.15
89.19
85.20
70.95
66.20
58.78
51.29
55.09
59.69
64.56
73.82
88.31
100.43
130.69
122.00
96.59
86.31
86.75
77.69
72.39
67.38
67.50
66.45
67.34
75.80
88.27
79.51
70.01
66.54
57.69
56.51
60.83
63.61
65.60
67.58
74.85
94.68
116.27
113.41
90.66
82.31
77.74
65.85
60.15
61.19
62.13
70.44
76.34
88.40
104.74
93.71
85.20
69.26
60.54
57.63
61.28
74.88
77.82
81.01
89.29
104.26
114.08
109.00
90.71
78.36
71.20
62.42
57.07
56.44
56.44
59.17
65.52
77.86
90.25
82.32
74.83
66.80
60.55
55.30
57.54
64.67
71.29
73.40
80.50
90.32
110.70
107.28
84.97
76.71
73.15
60.87
55.88
54.98
58.08
60.02
72.44
84.52
98.82
89.48
82.34
76.42
68.56
63.98
70.15
78.82
82.02
83.41
85.76
91.31
107.31
106.87
84.96
73.93
69.63
61.87
54.81
53.51
52.83
55.65
64.78
81.05
95.08
89.57
84.56
82.33
75.46
71.21
73.93
74.25
77.81
78.45
82.49
86.36
100.41
97.32
85.98
78.70
71.53
65.09
60.86
58.10
59.20
62.69
70.10
81.28
87.89
83.88
74.50
64.69
59.31
53.88
53.64
61.86
67.77
75.63
86.76
93.68
106.77
106.17
93.00
85.49
82.82
73.27
65.64
63.94
63.73
61.70
65.69
78.56
87.41
80.19
73.35
67.80
59.51
54.26
54.56
58.22
64.91
70.26
82.26
89.97
109.23
108.10
93.57
85.23
83.54
71.01
64.14
60.26
59.91
62.41
65.93
74.36
89.40
76.90
68.70
63.54
58.94
56.44
60.71
63.72
67.12
70.80
79.57
99.42
118.04
113.40
95.11
84.12
76.43
68.29
58.38
56.05
58.31
66.17
75.92
87.10
106.19
95.11
81.53
76.29
70.71
62.85
66.86
72.11
75.04
78.93
88.43
95.60
110.35
107.57
90.38
79.87
72.88
60.56
55.94
54.22
52.99
55.80
65.89
75.60
90.79
87.45
78.90
75.02
67.73
64.55
68.79
72.17
79.74
81.80
86.81
96.36
108.76
103.58
94.40
80.19
77.44
67.30
62.57
61.92
62.98
64.07
73.19
86.00
104.06
101.40
83.55
81.56
74.93
69.26
74.78
80.15
79.67
78.22
85.11
90.50
98.98
100.07
89.55
79.59
73.45
68.30
64.07
61.53
62.42
62.66
73.87
85.78
98.38
103.09
90.09
83.15
73.95
70.74
77.08
82.59
84.98
83.11
89.35
95.47
116.18
112.41
91.87
83.63
74.21
66.46
59.65
57.07
57.68
59.83
68.23
80.45
90.00
91.21
80.94
75.30
70.13
62.90
64.74
68.51
71.00
74.38
87.29
97.70
121.43
122.67
99.82
91.26
88.99
81.93
73.14
70.34
69.31
67.84
72.11
80.55
88.34
87.17
82.79
72.44
68.06
60.82
64.29
67.34
73.39
78.81
87.86
103.25
132.18
132.23
107.48
88.11
86.55
78.99
72.76
69.73
69.14
64.40
59.42
63.91
64.60
58.82
55.23
51.45
43.75
37.68
36.82
40.43
50.29
62.21
76.15
93.00
114.19
124.19
113.68
88.53
87.21
80.63
73.11
72.25
74.47
77.36
83.57
92.91
105.07
98.69
89.75
85.82
75.96
71.92
76.59
83.65
87.42
84.08
88.38
94.45
104.66
113.91
96.83
82.98
78.97
70.11
66.96
64.51
64.78
67.06
71.53
82.48
94.22
93.22
85.85
84.18
74.30
68.95
74.34
79.58
84.85
83.32
88.56
99.59
110.85
116.69
96.69
89.56
87.02
72.30
67.76
64.08
67.04
67.76
74.69
87.43
99.28
96.58
86.66
85.22
79.30
76.67
82.88
84.58
87.13
86.58
90.57
100.76
121.57
126.31
99.63
89.74
81.91
70.43
67.15
65.43
66.60
66.79
74.28
89.66
97.18
95.97
89.23
84.97
71.62
67.43
73.69
82.25
85.59
86.18
91.50
99.60
110.97
113.17
94.99
85.51
82.49
72.59
66.94
63.11
65.23
65.00
70.97
84.93
90.58
86.38
74.98
67.83
60.99
55.60
59.85
67.98
73.42
79.87
88.06
100.04
109.06
114.85
98.44
89.07
90.10
81.46
75.38
72.24
69.88
68.99
71.36
80.13
89.76
82.48
73.27
65.25
56.07
52.21
53.96
58.69
66.87
76.26
86.41
101.33
113.45
118.41
101.82
87.98
89.79
80.51
73.49
67.31
67.15
66.78
70.63
80.15
85.46
82.33
78.31
71.50
64.84
61.03
64.58
68.87
75.48
83.17
95.26
102.48
117.54
121.82
102.54
89.08
84.59
74.54
69.75
65.49
67.06
71.62
77.83
88.88
103.69
94.97
86.93
83.69
74.03
70.49
73.74
78.82
83.70
84.72
92.91
97.81
100.10
102.63
93.83
83.63
79.57
70.85
65.26
61.17
59.85
61.28
68.98
79.04
93.44
88.82
83.18
77.96
67.74
63.71
64.93
75.17
81.70
81.02
85.98
90.59
97.21
99.30
88.66
83.19
76.47
65.82
59.63
56.42
54.83
56.82
68.21
78.48
99.45
96.88
87.75
85.46
74.81
72.05
77.11
86.11
86.56
85.50
95.03
102.41
108.64
111.44
93.97
81.34
73.78
67.05
60.63
57.49
57.43
56.20
67.20
78.36
99.05
96.55
90.35
82.47
73.79
71.46
76.80
82.65
89.02
85.58
95.92
102.85
113.00
113.51
94.24
85.18
81.32
69.34
62.89
59.74
61.02
62.27
73.24
84.47
96.88
93.15
90.11
87.35
77.65
71.67
74.46
78.28
83.31
86.60
90.73
98.13
108.10
110.20
95.17
85.21
86.84
79.58
74.29
69.19
69.82
67.85
72.28
85.16
98.66
94.22
84.16
77.49
67.95
62.43
64.36
67.59
74.85
80.78
91.12
101.22
113.45
119.26
100.78
87.86
98.32
84.79
77.87
73.67
74.59
71.01
74.11
81.66
102.08
101.46
88.68
78.36
69.00
63.12
66.12
70.52
74.70
79.85
91.96
98.82
109.95
119.44
102.69
91.51
93.74
84.68
78.77
76.40
77.01
78.63
82.84
92.57
107.92
102.62
96.12
92.11
80.37
79.40
84.73
89.59
92.80
92.45
94.59
99.88
109.67
114.39
97.33
90.68
86.05
77.12
65.43
62.58
60.39
61.84
69.74
77.67
82.71
85.60
81.62
77.06
68.43
64.47
66.82
71.81
78.75
79.96
86.63
96.26
101.73
103.29
93.66
84.89
83.68
75.44
70.64
64.09
63.82
68.47
75.97
82.92
100.18
99.85
93.62
90.86
78.80
76.53
81.55
86.95
91.34
85.80
92.33
102.11
107.60
113.67
98.85
87.77
86.90
79.09
75.24
72.75
72.03
72.34
78.44
86.69
102.35
106.36
97.53
89.66
81.70
80.05
84.25
91.08
98.48
99.61
103.50
108.87
109.16
109.98
94.58
83.36
81.06
74.56
69.05
63.73
65.42
66.59
73.72
82.43
94.02
95.34
86.01
80.24
72.09
67.57
67.56
73.14
84.88
89.15
93.11
101.11
104.25
107.70
94.87
84.85
93.88
85.24
80.76
77.62
78.45
76.33
80.39
87.96
96.69
96.15
91.68
89.24
74.02
65.47
68.75
74.24
88.94
91.52
95.58
109.25
110.38
116.18
99.34
89.10
88.05
81.13
75.87
72.22
70.14
67.49
70.99
73.99
85.14
83.50
77.52
75.63
68.42
68.29
70.55
73.72
80.98
79.40
90.43
98.25
104.03
110.18
96.09
86.27
80.38
73.93
65.64
64.21
64.89
62.16
68.66
82.44
95.06
95.14
89.87
86.30
80.50
78.54
81.90
85.11
93.42
92.79
96.49
102.60
103.57
106.33
95.81
85.88
74.78
67.43
62.13
60.31
62.15
63.04
71.51
80.90
91.80
94.95
90.03
87.78
81.36
75.82
77.83
79.50
85.03
85.31
88.62
93.71
95.93
97.50
91.20
83.48
83.39
77.29
68.20
65.37
65.50
67.03
74.72
83.03
95.06
99.41
92.13
90.73
83.55
80.53
81.79
84.80
93.40
95.03
92.95
98.01
100.86
106.04
95.58
85.43
81.70
75.70
70.88
66.84
65.62
66.03
73.54
85.20
98.05
101.22
94.01
88.78
81.29
78.46
82.06
87.48
91.88
91.65
92.43
99.44
104.70
105.77
98.62
88.40
82.87
78.20
71.25
68.05
69.43
71.59
75.94
84.35
92.29
93.16
89.36
85.01
78.10
72.33
71.47
77.24
80.80
82.56
86.55
90.94
95.26
96.52
90.98
84.08
86.61
78.56
75.05
72.12
70.78
69.11
73.50
82.32
85.75
85.26
79.83
73.15
67.08
59.34
57.00
61.69
67.65
72.32
79.76
90.72
94.37
95.39
90.79
85.41
87.43
78.21
71.60
68.02
68.05
68.74
66.86
72.10
80.34
79.10
73.19
69.90
63.13
59.52
64.20
68.40
77.38
78.86
90.98
98.56
105.14
110.63
101.17
89.70
93.67
88.04
83.66
82.22
82.00
82.51
83.05
88.51
104.31
101.33
92.87
88.72
80.62
79.86
83.12
86.75
93.38
93.09
96.55
105.01
110.22
111.92
103.68
91.45
93.64
88.87
83.25
81.80
80.31
80.18
80.65
84.70
94.93
93.24
87.51
84.78
80.21
78.11
80.57
82.22
88.60
90.91
96.12
106.15
107.99
110.85
102.38
93.78
86.21
79.25
75.31
73.46
71.88
73.26
75.58
83.02
90.33
90.26
87.45
86.60
78.26
76.79
80.75
81.88
87.78
88.33
90.29
95.39
97.65
99.19
95.69
87.92
87.99
81.41
76.77
73.73
72.02
73.68
78.15
87.66
98.75
101.38
97.49
93.79
87.67
85.74
85.70
89.01
93.68
96.51
100.51
101.34
106.50
110.74
99.59
93.14
87.72
83.04
79.84
77.08
76.68
77.67
79.27
85.21
94.16
96.05
91.02
89.40
82.03
75.33
77.58
81.57
89.12
91.50
92.16
99.03
104.82
107.50
97.30
92.05
90.16
83.22
78.71
78.05
79.91
79.86
82.96
88.30
98.20
100.32
90.51
88.15
76.86
68.95
73.18
83.49
89.70
96.75
99.37
106.58
114.68
120.88
104.71
97.40
97.14
90.04
84.79
82.45
82.00
79.97
77.81
87.12
102.89
98.66
92.61
93.09
84.50
79.62
82.77
96.19
102.16
104.25
107.57
114.14
117.80
129.95
110.95
97.52
97.02
87.71
83.56
79.52
80.41
80.43
86.81
97.02
111.21
109.39
104.31
102.75
94.18
92.96
97.39
99.59
103.32
102.82
108.21
111.77
112.34
114.07
102.44
93.47
97.46
91.45
84.70
82.03
82.60
82.79
85.28
92.56
109.26
107.66
99.85
96.26
85.02
82.60
92.01
97.09
105.07
106.47
110.34
117.28
116.65
116.94
106.31
96.68
93.75
87.80
81.85
79.48
80.16
80.79
83.20
90.20
100.72
100.82
97.01
93.69
85.08
84.71
89.17
96.92
99.64
100.92
104.78
109.69
112.56
114.11
105.94
96.62
88.71
81.62
76.89
73.75
74.92
76.24
79.32
87.90
100.93
102.06
97.61
94.17
86.70
84.97
93.08
94.82
101.08
99.79
106.46
113.41
116.72
116.85
107.70
96.68
93.94
89.80
81.94
78.81
78.11
80.79
84.85
99.83
117.63
114.24
111.79
106.84
97.83
96.26
100.53
105.30
124.53
115.57
118.47
123.69
122.06
124.61
109.09
97.92
97.13
92.05
85.55
82.56
81.48
83.13
81.83
91.31
105.20
103.64
99.92
96.43
88.50
84.94
88.94
93.21
100.00
100.11
103.88
110.21
115.86
116.74
102.72
93.01
103.10
88.95
83.95
81.22
81.42
82.79
84.92
93.30
105.29
105.85
98.45
91.30
82.00
78.71
83.43
85.93
91.20
99.21
104.70
113.63
115.57
125.27
112.24
96.73
102.33
91.17
84.63
79.27
80.01
79.95
86.07
94.56
103.92
104.43
98.39
95.31
86.64
85.21
90.50
92.75
96.15
98.66
101.21
105.68
106.15
108.49
104.37
96.10
95.34
88.85
81.91
79.33
76.72
77.30
78.77
85.21
94.15
92.54
88.59
86.71
79.49
76.78
79.71
82.94
87.36
89.04
95.51
104.61
106.67
108.09
99.45
93.10
94.08
87.21
81.57
75.99
76.23
77.59
82.91
89.30
99.25
97.88
93.22
92.35
83.43
83.37
88.23
92.94
100.72
101.69
103.03
109.13
110.73
111.29
105.30
98.51
92.44
91.60
85.95
83.80
83.43
84.13
85.96
93.74
102.25
100.53
96.17
93.68
84.46
84.48
90.31
92.60
97.71
100.10
102.55
110.87
110.87
111.78
106.20
97.57
93.09
87.82
82.09
81.47
81.29
82.54
83.39
90.52
98.75
98.91
93.56
91.19
81.65
81.86
87.08
89.74
95.68
98.51
101.48
109.41
108.71
111.39
101.97
95.02
93.69
84.67
81.89
80.25
80.42
80.62
84.24
92.01
101.04
101.23
99.62
96.83
86.02
83.21
87.59
92.29
101.34
104.65
107.68
114.74
118.21
123.77
107.91
100.21
104.40
93.69
85.80
82.51
80.35
84.51
89.47
97.85
117.64
112.69
103.05
99.24
87.17
88.48
91.48
92.74
101.38
107.20
111.58
122.74
121.01
123.84
112.90
101.78
103.63
98.34
92.41
87.00
87.56
90.85
96.40
108.49
117.04
116.63
109.06
107.24
97.77
93.73
103.32
107.07
112.13
113.53
116.55
120.60
121.33
123.64
108.55
105.92
112.33
107.26
104.10
98.65
97.24
97.11
101.67
117.01
123.84
122.74
117.76
115.06
107.93
107.11
111.89
115.18
119.26
121.18
126.25
129.64
133.51
137.94
124.23
119.33
109.04
98.70
92.20
87.30
85.64
89.47
91.61
95.75
112.90
115.65
105.23
106.64
94.57
96.11
102.03
106.05
109.84
110.64
114.97
122.60
116.90
125.69
110.21
100.80
94.02
87.45
84.91
82.25
81.77
82.63
87.97
92.62
100.08
99.23
96.44
96.27
88.23
87.61
89.61
91.19
96.70
96.05
100.65
106.56
107.55
113.59
102.09
96.56
95.16
89.56
84.56
83.36
82.67
83.39
84.88
88.89
98.54
97.15
92.60
89.99
85.11
80.67
87.39
88.03
91.27
92.53
98.41
104.75
105.99
108.19
100.30
93.91
95.17
86.20
82.66
81.76
80.51
82.02
84.20
89.19
99.19
99.95
97.07
93.60
81.19
78.88
82.35
91.21
96.51
99.45
100.57
107.60
107.23
110.33
102.13
95.59
102.53
90.83
86.46
84.41
84.01
86.29
80.66
89.08
98.36
99.89
92.05
89.89
83.84
82.29
86.23
90.24
97.06
99.58
102.54
108.82
112.02
117.67
106.24
97.63
98.08
90.38
86.70
84.89
84.79
87.03
91.28
98.63
111.95
119.31
116.13
111.34
94.93
95.49
97.43
98.46
106.29
107.83
106.75
112.48
111.94
114.23
103.13
95.75
96.03
89.73
83.58
76.93
76.88
80.98
85.20
90.91
98.29
101.80
96.06
92.37
84.72
83.24
85.28
88.15
93.34
95.85
100.52
104.54
106.37
109.80
100.80
93.62
93.18
87.06
82.62
79.28
77.67
77.69
85.22
92.90
111.11
114.28
109.40
107.20
91.43
90.58
97.55
98.30
104.88
106.44
109.51
115.18
113.91
117.60
103.46
94.13
90.13
84.58
79.42
76.62
74.75
79.61
84.28
88.72
96.91
99.57
94.75
93.64
83.21
83.51
91.00
93.93
102.71
107.39
111.30
118.41
120.77
121.13
102.68
94.25
95.82
88.27
84.75
82.02
80.72
83.22
81.97
88.21
99.73
106.37
104.70
101.56
87.79
84.38
87.39
96.93
100.93
105.99
111.62
117.92
125.60
124.48
114.65
104.00
107.15
90.03
82.29
80.49
80.27
81.74
84.58
98.03
110.45
115.15
113.49
112.28
106.15
100.61
108.95
112.23
116.30
121.59
128.24
137.72
142.82
144.25
126.93
116.28
107.00
92.52
85.86
83.17
83.14
86.64
89.34
107.24
112.48
110.96
112.56
105.61
96.42
94.02
101.87
105.56
110.12
115.22
123.01
129.38
135.15
135.51
123.92
110.98
96.44
90.37
86.28
84.34
84.87
86.03
86.67
91.13
97.94
98.47
96.00
93.43
88.15
86.88
89.09
91.40
94.07
96.52
103.90
115.35
122.01
118.55
101.28
95.88
94.48
87.79
83.61
81.57
82.13
85.90
85.28
88.73
94.43
94.40
91.61
88.43
83.55
80.73
82.51
83.26
89.81
93.60
100.35
108.51
111.72
114.35
100.03
95.28
92.59
86.95
82.42
78.50
77.52
82.07
80.99
86.02
93.41
92.67
89.54
86.74
81.19
80.36
83.18
86.07
91.69
96.49
103.09
115.36
123.60
121.33
104.59
96.70
95.70
88.96
83.89
81.47
81.41
85.98
85.57
89.50
94.83
95.38
92.20
90.74
86.41
85.01
85.46
87.35
93.48
99.46
103.78
111.95
116.96
116.79
104.20
98.31
94.96
91.49
84.35
80.18
77.97
81.63
82.78
87.32
90.65
92.25
88.19
84.46
78.38
75.35
76.59
79.75
87.68
97.64
108.82
117.23
124.29
127.03
109.73
99.09
106.76
97.33
91.42
84.06
83.65
84.79
84.82
87.02
91.27
90.30
87.56
85.68
82.63
80.10
79.29
80.22
85.66
88.75
96.03
105.64
112.72
115.49
101.32
95.05
91.69
85.44
82.11
80.74
79.45
80.88
81.49
83.95
87.49
81.36
77.42
71.77
66.21
61.57
62.61
67.25
75.33
85.87
93.51
100.96
113.51
116.30
102.63
95.11
93.96
85.02
81.34
79.01
79.27
82.92
83.45
86.49
91.46
89.82
86.42
81.85
73.61
69.86
75.57
77.74
83.86
86.87
94.51
102.41
115.80
113.93
102.30
94.76
90.06
82.81
79.70
77.72
75.25
80.23
79.50
80.25
83.15
81.20
79.11
75.30
69.02
67.16
69.14
73.34
79.69
83.17
89.55
99.97
110.78
109.48
95.44
88.69
84.26
80.62
76.02
73.91
73.43
75.97
76.96
80.59
83.13
81.14
79.44
76.79
72.58
70.63
71.41
74.77
79.39
82.80
88.16
98.85
105.36
103.96
93.72
87.38
90.15
84.44
80.30
77.38
76.21
78.30
75.74
77.50
76.95
71.54
66.13
59.38
57.47
51.07
48.77
54.80
59.09
75.12
83.42
93.85
103.80
106.58
95.60
89.19
90.24
84.25
80.27
77.14
77.03
81.59
80.75
83.91
86.85
85.79
82.34
78.61
72.89
67.28
72.47
78.83
82.46
85.30
95.10
108.75
132.19
124.52
100.46
92.82
91.82
82.18
77.35
74.00
74.50
76.85
76.71
83.55
87.31
83.85
79.26
70.68
67.45
59.94
60.70
71.75
81.07
86.08
91.67
102.78
122.47
110.86
96.89
90.97
91.42
80.99
77.42
74.10
74.39
76.69
78.64
85.77
89.78
87.23
84.03
75.80
72.27
69.61
71.33
78.86
84.88
88.11
93.63
102.26
117.01
111.99
98.77
92.73
86.99
80.91
77.33
74.76
74.64
77.27
80.05
85.53
90.89
89.74
85.28
83.15
79.49
77.80
79.14
80.04
83.57
87.25
93.00
100.27
108.77
105.36
95.27
88.04
82.06
75.74
70.98
68.83
68.11
72.20
73.81
77.04
81.42
80.63
80.12
77.44
73.61
71.14
71.18
73.21
78.35
81.03
87.59
97.28
106.44
103.97
92.47
85.62
84.08
78.28
74.14
70.51
69.42
75.12
78.39
80.63
84.83
82.94
80.61
75.46
72.11
69.29
69.69
75.12
79.99
83.96
90.40
99.80
118.00
104.18
93.43
87.74
86.40
79.55
74.32
72.17
73.50
76.47
80.58
81.93
87.88
86.19
83.25
79.94
75.28
74.12
73.99
77.46
81.49
84.96
91.23
102.75
116.76
106.98
94.72
88.52
85.17
78.16
72.03
70.41
71.10
76.74
80.56
83.83
86.51
84.34
81.29
78.37
73.98
68.11
68.18
73.12
79.49
84.71
92.96
103.95
119.21
107.01
93.60
89.36
90.17
83.08
79.58
77.67
77.62
80.84
83.17
86.52
89.15
87.93
83.33
75.06
72.89
64.95
65.63
69.74
76.85
85.27
93.35
101.82
116.07
104.38
95.55
91.58
84.22
78.60
75.14
73.56
73.18
75.65
82.78
86.33
92.83
91.30
83.53
79.80
75.61
73.47
73.45
77.72
81.51
86.38
96.58
103.89
119.57
105.09
94.87
88.86
85.54
82.18
78.58
74.51
75.94
78.80
85.99
88.64
98.73
99.09
96.15
92.51
85.74
82.06
85.10
87.32
90.26
93.33
98.16
105.16
126.95
105.80
94.56
90.96
84.15
79.21
74.07
71.57
72.69
75.73
80.90
84.31
91.86
90.82
87.69
82.99
76.70
73.97
74.68
78.69
84.15
87.51
93.58
99.52
119.56
104.17
93.64
90.02
87.10
83.22
77.27
76.30
75.35
80.91
88.74
91.49
109.40
109.72
103.55
102.53
94.48
92.86
111.16
104.41
104.55
100.72
104.95
111.90
133.31
110.25
96.66
92.40
90.13
85.16
80.21
78.87
78.91
82.15
87.09
92.09
99.24
97.89
94.30
91.66
86.69
84.69
85.91
91.47
96.99
98.27
103.74
115.92
136.34
112.36
96.78
91.85
98.49
85.92
82.53
79.67
79.57
82.85
89.64
92.09
97.32
100.20
94.27
93.32
83.41
82.07
85.92
92.55
96.40
99.55
109.26
122.63
149.33
123.97
99.66
92.48
102.00
88.29
83.77
82.52
82.75
84.68
90.29
94.13
101.31
99.19
94.92
89.26
82.26
79.34
80.55
87.64
94.44
95.56
102.24
111.32
136.65
108.20
97.11
92.78
87.80
84.35
80.41
77.94
77.44
82.88
91.00
94.45
108.84
106.44
96.98
94.84
84.29
79.95
85.46
93.88
98.69
99.86
104.63
111.47
134.58
107.97
96.97
91.94
87.97
85.13
80.93
79.43
79.87
81.76
93.25
96.18
112.82
105.07
100.25
97.93
89.30
87.28
88.97
94.13
95.93
97.33
102.84
112.96
127.21
104.55
92.86
87.82
85.27
82.41
79.28
76.71
75.90
79.15
85.56
88.46
100.38
100.24
96.00
90.17
83.04
77.88
78.84
83.65
92.32
95.96
102.54
111.09
122.10
104.38
93.99
89.58
85.81
81.94
79.77
77.83
77.75
80.65
87.57
93.04
104.05
101.27
95.55
91.94
85.80
84.69
86.29
90.63
97.42
96.91
101.83
111.09
125.03
103.48
94.32
89.01
89.12
82.95
80.84
79.37
78.71
81.62
90.82
97.43
117.50
114.71
104.52
101.34
91.72
88.92
89.46
95.88
98.83
100.86
104.54
118.40
139.29
104.95
95.19
88.55
87.55
80.11
77.61
75.89
76.72
78.26
87.15
90.36
98.59
97.35
93.76
89.56
80.00
77.11
80.81
88.55
97.17
95.38
98.61
116.12
120.89
102.63
95.47
88.35
91.81
85.32
80.92
78.96
79.43
84.94
90.96
97.34
112.36
112.50
105.08
90.64
83.14
81.00
97.78
99.51
105.46
110.03
113.38
122.01
134.41
109.87
96.61
90.27
88.22
81.95
79.15
78.79
78.66
82.27
92.51
96.22
107.17
104.09
97.62
91.36
78.82
76.50
82.31
86.02
100.60
100.17
102.07
109.91
120.57
104.47
93.83
89.98
87.29
82.03
78.94
77.85
78.20
81.29
90.20
94.55
103.18
100.78
96.00
92.51
84.19
81.47
85.29
89.03
96.45
96.23
98.52
109.78
116.90
98.45
91.47
85.20
84.82
80.17
77.56
76.15
76.44
79.28
84.55
88.99
100.22
99.35
95.82
94.84
83.75
80.90
88.19
94.38
99.05
94.43
96.01
106.57
113.61
96.65
88.77
84.34
80.03
76.24
69.68
67.99
70.10
76.28
87.38
93.27
105.95
107.38
105.50
106.83
88.17
83.97
90.20
94.73
100.79
97.33
97.54
109.25
116.34
98.44
91.12
85.60
81.80
74.38
68.16
68.87
68.98
75.82
88.11
92.19
102.10
102.04
97.74
92.64
85.24
83.45
84.13
91.02
94.85
94.45
99.49
114.42
121.16
100.47
91.68
86.02
85.76
80.54
76.72
75.76
75.39
80.82
88.11
92.63
100.64
97.46
90.31
86.49
81.31
77.80
81.28
85.03
86.99
93.57
100.83
116.47
123.67
102.13
93.04
86.97
87.72
81.99
77.25
76.07
74.77
79.60
90.97
96.65
101.36
97.50
91.57
84.97
74.67
70.13
71.69
80.08
85.79
92.17
100.78
114.38
120.95
103.33
94.33
89.01
89.37
82.80
79.52
79.14
79.19
82.58
91.37
97.40
108.95
103.94
96.59
94.07
86.27
83.65
86.38
90.73
93.31
95.98
100.35
112.82
119.61
102.30
95.69
90.67
87.42
80.18
76.73
75.17
74.40
80.01
88.18
95.90
110.09
101.49
94.93
90.08
79.93
78.27
82.83
85.73
91.98
95.55
100.17
116.92
120.89
99.67
92.52
86.71
81.84
76.34
73.64
73.20
73.28
74.84
84.26
93.27
105.29
93.95
90.71
82.52
71.62
69.68
73.19
77.80
87.61
92.86
101.31
124.21
126.97
102.22
95.68
87.36
83.27
75.79
71.23
69.99
70.50
76.37
86.22
92.93
103.56
98.83
92.71
89.85
81.96
78.74
80.86
85.25
92.62
94.72
98.59
116.87
113.81
99.13
92.50
85.85
79.72
74.59
70.93
68.88
69.50
73.58
82.88
93.05
101.50
97.15
91.98
84.80
78.95
77.04
79.83
86.02
91.21
92.90
99.07
118.65
115.10
97.51
90.76
84.53
82.68
77.56
74.93
73.76
73.69
76.81
85.62
92.74
102.25
97.36
92.05
88.95
79.49
74.32
74.95
79.93
87.31
90.39
96.11
117.78
115.41
97.85
91.87
85.27
84.25
76.84
73.27
71.52
71.76
75.72
90.11
96.27
104.42
99.96
93.88
88.66
75.24
72.13
71.37
78.55
87.08
90.97
102.05
124.73
122.25
102.53
94.41
89.50
84.78
79.28
74.05
71.53
71.90
75.67
90.77
97.71
110.70
106.42
93.49
90.48
78.05
73.35
78.97
84.50
93.57
102.62
108.21
126.97
121.54
101.58
93.94
88.34
86.69
80.37
77.58
74.79
74.67
80.66
90.70
99.26
111.91
105.47
96.50
89.30
81.73
79.37
82.73
85.61
95.47
97.77
103.67
133.40
121.49
100.37
93.07
88.42
86.08
80.82
77.03
75.24
75.18
79.50
86.93
95.07
106.84
101.41
94.65
89.72
81.28
77.30
80.91
88.02
96.10
96.36
100.85
127.72
116.26
97.76
91.93
86.02
83.12
79.10
75.93
74.28
73.88
78.67
89.05
97.07
108.54
103.37
96.31
92.13
84.71
81.35
86.56
89.12
95.78
96.36
101.93
132.11
114.85
99.31
94.78
88.10
84.61
80.32
74.40
71.92
71.77
78.32
88.82
94.98
105.37
102.91
95.14
89.03
81.10
79.20
82.40
87.00
93.61
94.43
100.46
129.85
113.91
96.57
93.72
87.14
84.89
80.37
78.55
74.36
74.09
76.78
86.06
93.05
101.60
98.50
90.89
85.25
75.59
71.04
72.72
78.22
86.02
90.73
96.53
125.57
112.17
97.04
93.40
86.86
88.57
80.63
78.11
74.99
73.77
79.35
92.05
99.73
101.74
98.97
94.24
90.00
79.35
73.13
78.85
80.72
91.11
95.25
102.12
138.69
120.92
103.17
95.46
90.39
91.20
83.11
81.55
79.61
79.49
83.95
101.73
108.87
127.30
123.74
103.39
95.34
85.74
84.33
89.06
93.19
104.10
108.39
128.36
148.05
143.10
111.76
104.77
98.60
85.38
77.51
73.45
72.12
72.52
79.18
90.46
98.52
115.98
112.48
98.36
92.08
82.79
79.46
84.52
90.91
100.01
104.60
105.70
123.06
112.39
100.88
94.02
87.59
86.70
78.44
75.62
73.88
72.89
78.61
90.50
99.75
112.16
113.02
108.92
100.81
84.14
79.67
86.32
92.51
101.81
105.01
111.20
137.14
117.15
102.16
96.03
88.86
90.68
83.55
79.81
78.92
78.20
85.44
100.09
107.04
121.18
116.48
107.30
102.05
92.07
88.78
94.74
100.96
105.86
107.15
111.31
155.55
118.72
103.94
98.49
92.41
85.72
80.66
77.13
75.42
74.37
80.96
99.50
104.43
118.62
114.26
103.45
96.72
87.32
83.05
88.41
93.01
100.57
99.89
110.01
145.82
115.62
101.14
94.60
90.59
90.86
85.44
79.30
76.56
76.19
80.27
96.03
104.04
116.07
109.93
101.24
96.80
88.07
77.67
81.84
88.15
95.59
99.02
109.61
155.08
119.04
102.41
95.16
91.33
94.05
86.80
82.49
79.24
80.17
83.06
92.84
102.29
107.40
108.06
97.54
92.21
84.35
80.03
80.39
87.76
96.03
102.09
109.84
150.16
121.23
103.14
96.44
89.66
87.14
81.28
77.58
72.97
73.83
80.18
95.90
107.37
117.64
118.01
110.20
104.60
97.02
93.96
98.87
103.08
107.33
107.33
112.76
141.90
119.89
104.34
97.81
91.41
89.35
84.19
78.23
74.20
75.79
80.00
93.09
110.58
119.77
120.80
109.94
104.03
91.92
86.78
91.35
94.79
102.32
106.89
117.81
144.44
122.00
107.97
102.15
95.10
89.77
83.10
76.69
74.75
73.52
80.35
94.90
110.55
122.29
124.60
106.73
103.71
93.95
90.44
92.41
94.98
100.35
105.09
113.92
154.28
130.47
110.19
101.99
96.07
89.27
84.05
78.37
73.09
76.60
83.35
98.41
112.99
117.82
117.30
110.27
104.81
95.28
91.57
95.96
101.51
107.57
111.14
117.29
149.34
117.04
108.15
97.87
93.99
88.93
81.32
75.47
70.63
72.93
81.56
99.09
111.93
124.27
116.30
106.31
102.14
93.58
89.63
90.71
96.58
101.33
108.29
122.22
153.59
120.92
111.90
101.44
95.68
93.20
83.45
77.57
72.59
72.30
80.23
94.70
107.32
113.51
113.46
108.24
104.15
94.34
88.85
90.79
93.41
101.10
104.60
118.58
148.07
122.78
109.95
104.83
97.93
92.43
84.68
81.15
75.89
76.21
81.34
99.78
111.30
113.19
110.07
102.47
98.59
90.12
86.86
87.43
90.76
96.69
105.00
117.51
146.42
129.13
109.33
100.18
95.14
92.74
85.40
80.48
76.79
77.14
85.07
100.62
115.53
125.82
120.47
109.15
101.19
92.13
87.42
91.21
94.90
104.24
108.00
119.99
152.11
122.28
107.28
102.00
94.61
89.44
83.98
77.38
73.38
74.51
79.85
97.95
109.26
118.19
115.37
108.57
104.40
92.43
90.61
93.42
94.75
97.29
102.45
110.57
143.58
113.97
101.53
97.29
88.81
80.83
75.73
68.70
64.64
63.32
70.45
86.43
95.83
103.85
103.22
98.95
91.79
83.37
81.73
81.92
86.69
92.32
95.72
108.09
134.30
110.13
100.82
94.04
84.31
79.00
72.51
68.10
64.87
64.42
71.95
89.13
102.51
112.26
107.07
100.77
93.87
84.36
82.38
83.72
89.59
95.06
98.27
108.24
132.15
112.62
100.77
94.41
87.31
82.85
72.32
68.77
66.42
65.05
73.36
91.44
108.53
119.62
115.01
104.41
101.00
89.46
87.11
90.42
93.70
97.56
105.14
114.88
144.86
119.60
108.16
97.48
90.78
89.29
82.36
78.67
76.26
74.63
81.54
97.91
111.30
122.71
116.15
108.96
104.72
92.62
87.84
87.29
92.11
99.16
104.02
123.49
167.61
131.19
107.39
99.75
93.49
92.00
82.17
78.52
75.00
73.43
79.28
92.97
113.68
119.54
115.35
105.60
99.37
89.24
84.24
82.05
85.29
97.47
105.07
127.71
159.62
132.18
117.44
104.40
96.29
90.37
80.90
76.79
72.85
72.27
80.41
100.61
117.52
128.17
124.96
110.47
101.82
94.01
87.02
88.56
95.38
108.16
115.65
135.25
163.62
134.42
114.12
104.55
98.96
90.74
79.64
75.02
72.50
72.44
79.63
103.16
122.27
136.85
129.91
119.11
113.69
101.88
97.96
100.90
104.50
111.14
109.52
127.30
156.86
126.21
111.29
101.89
96.79
88.39
83.16
76.77
73.16
73.44
79.10
93.58
103.84
115.64
110.98
101.24
96.10
88.33
83.29
86.05
90.49
94.78
99.86
115.80
137.87
116.34
103.77
96.53
91.15
84.90
74.57
69.16
66.22
67.62
76.77
92.11
109.51
117.46
111.37
103.27
97.14
88.92
85.19
88.46
93.07
98.61
100.45
115.22
137.78
114.18
103.79
99.58
90.71
84.19
77.52
71.48
69.70
69.80
77.36
92.31
116.17
123.41
114.68
106.70
102.40
95.05
93.35
97.70
101.19
104.79
109.20
125.40
146.87
124.30
110.84
102.47
93.07
89.09
80.73
70.81
68.09
67.17
77.09
97.06
108.82
121.70
117.40
108.33
103.54
92.43
90.12
92.85
97.67
102.73
111.79
130.81
148.12
123.80
115.62
104.27
95.58
91.39
80.66
71.79
68.45
68.70
68.98
84.16
105.45
109.35
106.47
102.15
93.66
85.67
81.42
83.75
87.33
95.76
108.37
125.29
142.99
129.99
117.05
104.64
97.74
94.23
80.97
73.79
71.46
70.92
71.57
80.62
97.27
109.09
106.11
97.91
88.69
83.68
79.48
78.04
83.70
98.12
112.75
118.86
130.97
131.62
110.75
102.91
95.84
84.90
70.68
64.40
59.21
57.89
59.49
70.37
99.87
107.84
115.80
109.85
100.74
95.63
88.61
89.25
96.77
104.76
115.24
125.36
137.94
138.47
113.64
102.56
94.98
95.68
79.90
73.31
68.73
65.72
65.87
74.64
92.53
98.38
103.15
99.63
93.36
91.48
84.80
85.07
90.43
100.26
113.18
120.55
140.52
139.99
117.53
108.75
98.93
91.80
83.72
74.90
68.69
66.11
66.98
78.34
94.34
101.53
106.70
104.34
97.92
94.69
89.00
89.39
95.76
105.03
121.06
124.30
145.11
144.22
111.55
102.43
94.08
86.92
83.58
74.91
67.98
64.24
64.06
74.36
91.12
101.69
106.08
103.99
96.14
92.30
86.61
87.36
93.21
101.74
112.99
114.65
129.21
131.80
111.18
99.91
96.54
88.72
92.97
87.05
82.02
80.92
78.26
80.50
81.71
80.66
80.82
79.79
77.11
74.81
74.34
69.77
77.07
87.04
101.00
118.08
128.11
126.24
114.66
104.29
97.13
90.14
88.79
81.93
77.04
76.09
77.08
81.58
94.13
99.91
104.05
97.68
92.56
90.93
88.06
85.49
94.51
102.68
117.18
137.04
141.67
139.40
119.84
107.54
100.96
91.53
86.28
79.50
71.37
69.67
69.34
74.16
94.22
102.22
103.07
96.85
92.06
90.88
88.56
87.73
93.36
108.77
121.32
137.46
137.94
128.43
119.53
106.19
97.30
88.41
88.68
79.34
71.07
72.86
76.22
83.67
100.25
104.82
109.76
105.87
103.31
97.98
92.80
94.18
101.81
108.17
123.33
145.85
141.15
126.42
110.50
99.42
92.19
85.30
78.24
70.97
66.15
63.39
63.21
67.46
85.66
92.63
98.10
97.34
95.21
92.83
88.49
87.66
92.02
101.57
119.15
149.93
149.74
125.71
108.63
97.48
90.38
82.39
77.54
70.28
63.40
59.99
60.63
70.29
86.36
96.05
100.09
98.24
96.15
93.36
88.52
88.78
97.66
105.72
117.04
148.47
143.17
128.20
110.93
99.05
95.06
86.54
78.17
74.38
66.97
63.58
64.74
75.60
92.14
106.70
116.86
111.91
104.71
103.14
96.65
96.86
105.54
112.09
126.24
162.41
154.18
134.69
125.64
109.31
97.99
91.88
83.72
74.17
68.07
63.63
66.29
74.74
93.06
104.76
111.14
110.57
104.26
100.19
94.99
94.59
95.76
101.84
116.55
163.71
161.59
138.53
116.99
103.94
99.64
92.22
87.34
73.53
66.76
62.36
61.37
68.36
86.85
104.21
119.03
115.59
106.23
105.49
94.27
94.26
102.63
112.81
125.68
148.33
153.94
150.39
126.27
105.96
95.40
87.89
83.60
75.63
70.66
65.84
66.50
77.05
95.61
117.25
126.42
120.92
114.72
110.93
103.37
102.36
114.18
128.28
138.11
180.47
168.47
153.70
128.99
111.25
100.18
93.76
86.48
74.07
69.21
64.93
67.02
79.23
98.25
108.13
116.96
112.04
102.77
100.03
94.15
93.55
98.66
110.57
121.06
171.29
149.04
135.69
117.64
108.22
98.09
91.25
87.60
75.97
70.77
63.05
67.09
75.63
95.14
103.45
110.98
108.46
100.11
94.74
89.77
89.43
96.18
104.21
114.72
154.18
143.43
133.96
113.55
104.71
95.25
87.47
84.30
78.05
69.11
64.44
66.01
76.31
95.38
112.53
118.26
115.75
112.81
107.24
97.33
98.27
108.26
116.26
122.85
156.95
163.48
139.61
120.33
108.72
99.45
93.81
85.94
79.83
75.09
68.29
69.80
78.22
102.46
129.47
134.70
135.80
119.49
116.37
107.97
107.23
116.03
120.18
131.72
167.47
170.01
149.22
125.04
110.43
102.03
96.24
90.23
82.75
72.77
68.88
68.67
75.35
97.39
114.39
123.78
123.25
112.95
110.58
102.32
101.42
104.13
109.79
121.31
158.81
181.82
146.97
126.07
110.26
99.45
89.27
87.88
80.77
72.55
66.80
67.51
74.75
95.07
109.78
116.75
110.24
107.39
103.56
99.76
97.24
104.56
119.68
129.51
154.29
165.19
149.31
128.72
113.99
101.34
93.65
87.92
81.43
73.46
67.93
70.35
73.26
91.54
111.87
120.95
116.50
108.60
107.44
100.84
99.41
106.86
113.02
122.67
141.99
145.58
131.81
120.68
108.47
99.96
89.98
84.96
77.99
70.74
65.56
65.71
77.24
94.75
117.05
124.03
119.02
114.18
110.87
103.64
105.13
110.49
116.72
121.39
145.29
145.00
132.43
118.14
111.19
101.25
89.47
88.22
79.38
73.26
70.33
68.30
75.62
94.62
111.54
120.37
119.32
116.57
113.14
100.23
98.80
108.12
115.48
121.09
152.05
150.63
137.45
119.16
109.32
99.88
90.83
87.69
76.98
69.97
67.47
66.39
74.07
91.53
107.66
121.84
115.11
106.73
103.68
93.96
96.04
106.29
115.06
123.02
150.49
141.30
124.80
114.87
105.19
96.44
88.06
83.72
75.48
69.37
68.09
66.80
77.28
91.92
103.41
114.58
111.08
106.82
103.66
96.50
94.53
100.72
104.94
113.21
143.36
141.81
127.31
110.53
100.33
94.27
86.67
80.69
74.71
66.75
63.15
62.68
70.00
87.36
99.68
110.47
105.30
97.98
95.75
91.87
88.57
96.02
104.52
117.80
144.73
147.88
134.53
119.35
106.68
94.88
88.84
88.04
75.67
70.43
68.08
67.15
72.19
87.08
107.90
119.83
117.12
105.60
103.60
92.58
93.60
106.69
117.39
131.89
151.12
152.08
141.03
121.39
107.59
98.51
89.94
85.53
79.67
76.24
73.11
72.38
75.94
89.94
106.53
123.91
121.14
112.59
111.80
101.04
99.22
107.84
115.95
124.79
149.52
150.16
137.04
123.11
107.37
100.23
90.90
83.14
75.08
70.77
67.68
67.80
74.94
94.49
110.96
122.99
117.67
109.82
106.12
98.76
97.20
103.45
110.13
118.61
145.76
147.16
129.94
114.19
103.30
101.05
90.44
81.37
75.31
71.02
67.81
67.71
73.13
86.49
101.46
112.63
111.74
107.20
103.30
93.16
89.38
97.58
104.01
113.12
144.16
145.68
130.78
115.00
103.14
98.71
90.99
86.57
77.05
72.86
70.80
72.41
80.01
95.90
108.78
119.55
118.00
108.77
104.57
97.90
97.15
102.55
113.48
131.96
157.92
149.89
130.98
119.84
107.33
101.16
95.78
88.36
82.58
79.01
76.78
76.99
82.32
101.72
121.73
129.87
129.91
118.30
118.92
108.50
106.19
119.28
129.97
140.28
166.20
161.67
141.13
128.81
111.71
106.01
95.41
91.10
85.53
80.78
75.40
75.22
83.24
96.21
109.50
121.39
122.36
115.09
108.76
103.08
99.36
107.79
112.03
121.34
155.38
155.91
138.47
123.70
109.89
100.16
94.35
92.82
84.87
77.51
73.08
70.63
83.01
99.03
104.04
127.25
128.15
117.40
112.39
100.14
100.59
107.43
115.73
124.79
156.11
147.24
135.26
122.69
110.16
101.98
96.67
94.77
84.44
73.48
66.55
66.85
74.91
93.01
122.09
137.45
136.75
121.77
114.03
107.20
104.04
118.51
130.66
145.28
178.71
163.56
147.81
133.34
121.55
111.30
105.19
101.89
94.73
86.76
80.85
81.34
91.60
109.60
130.83
144.14
141.06
128.13
122.48
110.45
109.87
119.58
126.11
151.74
169.01
158.85
144.57
128.91
118.20
111.93
104.25
99.50
88.35
84.07
78.77
78.37
85.71
99.17
115.19
124.29
122.54
116.45
114.01
107.20
105.60
109.28
114.16
129.67
157.34
153.77
138.84
126.70
114.81
108.26
102.19
103.59
95.55
89.89
85.26
84.91
92.63
105.82
126.18
137.99
138.76
129.58
128.06
117.98
115.57
120.11
127.44
139.27
162.23
156.68
140.07
125.77
114.17
112.06
105.18
102.72
95.78
90.53
84.79
85.14
95.13
108.66
139.21
160.27
156.65
142.29
137.63
124.03
120.78
125.55
132.07
146.76
169.31
163.95
149.59
134.88
122.43
113.24
105.38
102.75
94.44
89.55
85.84
85.72
89.03
100.10
128.19
137.60
131.88
121.81
116.59
107.98
107.12
109.76
117.44
133.40
157.55
151.47
141.94
127.37
120.12
112.11
104.52
102.92
97.29
93.85
90.76
90.28
93.86
102.41
117.42
135.85
131.62
119.33
116.68
108.20
108.11
111.89
124.99
130.17
160.23
155.47
168.50
133.15
121.80
110.62
104.84
98.04
92.24
87.97
84.61
82.79
84.67
92.31
99.74
103.59
103.64
100.39
99.66
97.19
94.32
94.87
100.69
107.78
131.84
131.83
132.19
124.80
115.64
108.27
99.69
94.77
89.75
85.12
83.42
82.89
87.33
105.98
127.11
135.86
129.47
120.73
114.56
107.03
106.12
111.06
117.13
127.91
151.66
149.20
138.59
122.49
113.40
111.41
101.96
97.21
91.09
85.95
80.83
79.58
84.39
97.28
115.08
119.35
116.94
108.91
103.02
95.12
94.93
99.06
105.86
118.10
136.57
136.57
133.74
118.13
110.64
100.82
92.15
84.97
77.10
72.58
70.29
71.30
79.59
98.55
118.07
133.77
124.35
117.09
113.05
104.97
105.76
111.39
118.65
129.52
150.83
138.93
132.19
122.59
113.02
105.76
96.70
92.74
86.20
83.39
81.18
80.14
85.57
100.80
122.70
141.53
138.47
128.31
123.25
108.96
108.81
115.83
125.41
138.08
167.22
159.32
148.38
124.12
113.75
104.89
98.03
97.40
89.80
84.87
82.23
82.65
90.63
103.02
128.49
149.14
149.29
136.25
124.14
114.47
114.77
121.20
137.55
157.24
173.92
171.91
164.74
139.87
131.53
112.44
101.70
99.14
89.13
85.18
79.81
77.94
84.32
103.17
117.08
131.06
129.76
121.66
118.36
109.15
109.60
115.62
123.33
136.58
160.68
147.47
137.32
127.49
117.15
109.74
100.94
91.63
84.70
80.41
76.52
74.61
81.08
99.43
119.66
130.73
123.93
118.52
114.35
108.87
105.99
114.80
120.48
130.66
156.52
143.83
137.03
127.87
116.14
109.41
100.11
94.57
83.52
78.51
75.25
73.69
82.40
106.60
120.27
138.88
132.94
124.43
116.96
104.62
104.06
111.23
116.11
128.42
149.37
139.32
133.42
122.11
114.39
107.03
102.43
91.53
82.97
78.59
76.02
75.25
81.30
100.35
113.28
118.68
116.71
111.90
107.57
99.04
98.96
105.83
111.81
120.89
146.95
139.15
134.22
125.02
114.73
107.27
100.06
92.30
85.42
80.73
77.58
77.51
86.64
103.91
118.95
126.34
121.79
115.37
112.94
105.91
105.52
111.16
119.45
133.39
150.71
138.69
133.38
126.00
118.24
110.02
103.09
92.82
85.56
83.47
79.06
80.15
86.27
100.78
117.90
129.78
124.21
117.33
112.44
102.45
100.87
109.85
115.19
125.15
141.93
130.86
128.34
120.81
110.70
108.40
99.34
97.10
89.27
86.43
82.97
84.59
89.74
102.00
112.96
126.38
127.69
117.44
113.26
106.12
104.05
109.85
117.17
129.86
145.20
135.38
130.03
124.63
115.55
108.67
99.25
96.92
87.13
81.29
78.07
77.31
82.22
99.61
114.35
121.34
124.84
116.18
110.50
104.40
100.84
108.65
115.75
123.47
137.31
131.48
129.80
125.78
117.50
109.34
101.14
94.64
86.75
83.92
83.57
82.47
86.12
102.09
126.58
138.64
132.82
118.60
112.93
106.49
106.23
114.11
121.09
131.28
141.07
138.69
138.98
129.47
119.36
109.17
98.11
88.56
81.37
76.76
73.21
70.54
80.14
92.71
110.95
117.44
113.10
104.67
101.55
94.20
92.54
99.83
104.92
113.66
127.04
124.67
121.74
113.70
106.12
99.72
93.54
89.85
80.82
75.15
72.46
69.18
77.85
90.00
103.98
108.39
108.47
102.12
97.43
91.46
89.65
94.80
99.46
109.10
123.90
119.62
116.54
107.29
99.58
96.09
90.17
88.54
80.12
68.86
64.16
63.25
65.25
71.11
79.36
77.78
84.30
86.40
87.54
83.13
69.60
68.49
81.61
94.73
104.31
104.55
102.62
100.15
94.89
91.22
85.29
81.09
65.36
58.32
53.83
52.40
56.83
61.30
69.34
72.38
78.06
82.82
82.83
80.75
76.27
76.50
82.59
91.43
107.93
105.73
106.73
103.45
97.46
91.53
83.77
84.82
71.38
61.43
55.08
56.23
68.88
85.94
96.76
108.68
109.24
104.95
99.10
93.49
90.60
98.43
106.88
118.18
140.40
132.97
126.24
114.67
105.80
95.32
87.59
79.16
69.54
57.49
53.77
53.37
60.38
77.32
90.49
98.26
99.59
94.47
91.35
87.62
86.63
91.08
97.18
105.89
121.33
118.25
115.91
108.95
104.73
95.86
88.77
78.49
64.62
57.44
51.40
50.92
58.89
73.45
90.88
99.89
98.95
94.76
89.64
85.87
83.58
87.00
95.27
106.07
125.07
118.46
117.18
111.11
104.54
97.24
87.00
82.58
69.81
65.69
61.07
59.87
66.68
83.51
96.43
106.38
104.35
99.00
95.19
90.54
89.25
91.56
98.67
107.91
126.72
125.40
120.07
112.64
105.29
96.84
90.31
83.69
74.93
66.26
61.88
61.59
65.61
81.21
94.37
103.23
104.45
99.57
95.52
90.16
86.12
89.33
97.73
106.06
122.44
124.66
120.61
108.83
99.21
94.22
87.64