/Wind power distribution of a TMY
0.191
0.150
0.115
0.087
0.062
0.041
0.023
0.000
0.000
0.000
0.000
0.000
0.000
0.000
0.041
0.027
0.000
0.000
0.000
0.000
0.000
0.000
0.000
0.000
0.000
0.000
0.000
0.000
0.000
0.000
0.000
0.000
0.000
0.000
0.000
0.000
0.000
0.000
0.027
0.000
0.000
0.000
0.000
0.000
0.000
0.000
0.016
0.041
0.030
0.019
0.000
0.000
0.000
0.000
0.000
0.000
0.000
0.000
0.000
0.000
0.000
0.000
0.000
0.000
0.000
0.000
0.000
0.000
0.000
0.000
0.000
0.000
0.000
0.000
0.000
0.000
0.000
0.000
0.000
0.000
0.000
0.000
0.000
0.000
0.000
0.016
0.046
0.066
0.089
0.117
0.127
0.139
0.152
0.149
0.146
0.143
0.181
0.224
0.273
0.304
0.333
0.368
0.536
0.733
0.917
0.896
0.873
0.848
0.967
0.925
1.000
0.929
0.539
0.236
0.380
0.575
0.802
0.649
0.505
0.383
0.350
0.322
0.295
0.259
0.228
0.199
0.075
0.000
0.000
0.055
0.295
0.795
0.904
0.972
0.955
0.979
0.952
0.893
0.791
0.680
0.575
0.437
0.322
0.230
0.247
0.263
0.282
0.251
0.222
0.196
0.228
0.263
0.304
0.293
0.282
0.271
0.203
0.147
0.101
0.113
0.126
0.138
0.108
0.083
0.061
0.079
0.099
0.122
0.120
0.120
0.119
0.097
0.076
0.058
0.029
0.000
0.000
0.000
0.000
0.000
0.000
0.000
0.000
0.000
0.000
0.000
0.000
0.000
0.000
0.000
0.000
0.016
0.000
0.000
0.000
0.000
0.000
0.000
0.000
0.000
0.000
0.000
0.000
0.000
0.000
0.000
0.000
0.000
0.000
0.000
0.000
0.000
0.000
0.000
0.000
0.000
0.000
0.000
0.000
0.016
0.032
0.048
0.015
0.000
0.000
0.000
0.038
0.092
0.073
0.056
0.041
0.056
0.073
0.092
0.082
0.072
0.063
0.092
0.129
0.175
0.118
0.074
0.041
0.021
0.000
0.000
0.000
0.000
0.000
0.023
0.057
0.101
0.109
0.117
0.126
0.120
0.117
0.113
0.078
0.050
0.025
0.024
0.024
0.022
0.027
0.030
0.035
0.015
0.000
0.000
0.000
0.000
0.000
0.000
0.000
0.000
0.000
0.000
0.000
0.000
0.000
0.000
0.000
0.000
0.074
0.093
0.117
0.142
0.115
0.092
0.073
0.115
0.170
0.237
0.253
0.269
0.284
0.333
0.391
0.451
0.345
0.259
0.186
0.170
0.156
0.142
0.106
0.075
0.051
0.049
0.047
0.046
0.046
0.045
0.045
0.032
0.019
0.000
0.000
0.000
0.000
0.000
0.000
0.022
0.053
0.092
0.146
0.115
0.089
0.067
0.052
0.040
0.027
0.039
0.051
0.065
0.045
0.027
0.000
0.000
0.000
0.000
0.000
0.000
0.000
0.000
0.000
0.000
0.000
0.000
0.000
0.000
0.000
0.000
0.000
0.000
0.000
0.000
0.000
0.027
0.031
0.034
0.038
0.051
0.067
0.084
0.046
0.000
0.000
0.000
0.000
0.000
0.000
0.000
0.000
0.015
0.067
0.146
0.115
0.089
0.067
0.088
0.114
0.143
0.133
0.123
0.113
0.113
0.112
0.112
0.115
0.120
0.126
0.288
0.542
0.863
0.812
0.757
0.701
0.517
0.363
0.239
0.288
0.341
0.401
0.383
0.368
0.350
0.363
0.373
0.383
0.310
0.249
0.196
0.319
0.486
0.691
0.750
0.808
0.863
0.825
0.781
0.740
0.601
0.474
0.365
0.350
0.338
0.324
0.322
0.319
0.315
0.245
0.186
0.136
0.224
0.338
0.486
0.578
0.680
0.781
0.628
0.483
0.363
0.477
0.611
0.757
0.601
0.460
0.341
0.360
0.378
0.396
0.404
0.409
0.415
0.440
0.469
0.495
0.539
0.585
0.635
0.968
1.000
1.000
1.000
1.000
1.000
1.000
1.000
0.977
0.825
0.555
0.331
0.391
0.457
0.530
0.719
0.901
0.977
0.967
0.947
0.914
0.886
0.847
0.806
1.000
1.000
1.000
1.000
1.000
1.000
1.000
1.000
1.000
1.000
1.000
0.806
0.947
0.979
0.943
0.873
0.785
0.691
0.673
0.652
0.635
0.575
0.517
0.463
0.492
0.523
0.555
0.595
0.632
0.673
0.666
0.663
0.656
0.474
0.324
0.210
0.135
0.080
0.040
0.038
0.035
0.033
0.049
0.066
0.085
0.060
0.038
0.019
0.000
0.000
0.000
0.000
0.072
0.243
0.282
0.324
0.373
0.259
0.171
0.105
0.088
0.073
0.060
0.065
0.071
0.078
0.051
0.027
0.000
0.000
0.000
0.000
0.000
0.019
0.058
0.278
0.726
0.827
1.000
1.000
1.000
1.000
0.814
0.973
0.859
1.000
1.000
1.000
1.000
1.000
0.901
0.945
0.740
0.878
0.970
0.944
0.932
0.918
0.905
1.000
1.000
1.000
1.000
1.000
0.891
0.978
0.943
0.848
0.698
0.552
0.423
0.581
0.764
0.925
0.832
0.726
0.615
0.492
0.386
0.295
0.370
0.457
0.555
0.555
0.555
0.555
0.585
0.615
0.649
0.431
0.267
0.147
0.412
0.835
1.000
0.881
0.495
0.217
0.213
0.210
0.206
0.213
0.221
0.226
0.232
0.236
0.239
0.186
0.139
0.100
0.155
0.226
0.313
0.297
0.284
0.271
0.315
0.363
0.415
0.448
0.483
0.520
0.499
0.474
0.454
0.360
0.280
0.212
0.249
0.290
0.333
0.520
0.747
0.947
0.962
0.972
0.978
0.848
0.628
0.431
0.445
0.463
0.477
0.530
0.585
0.642
0.480
0.345
0.237
0.247
0.259
0.271
0.269
0.269
0.267
0.391
0.545
0.726
0.565
0.423
0.306
0.273
0.243
0.215
0.193
0.173
0.153
0.201
0.255
0.319
0.315
0.310
0.306
0.358
0.412
0.474
0.743
0.968
1.000
1.000
1.000
1.000
1.000
1.000
1.000
1.000
1.000
1.000
1.000
0.921
0.973
0.958
0.934
0.904
0.863
0.818
0.774
0.917
0.979
0.834
1.000
1.000
1.000
1.000
1.000
1.000
1.000
1.000
1.000
1.000
0.979
0.969
0.945
0.912
0.873
0.828
0.778
0.729
0.680
0.632
0.585
0.536
0.492
0.451
0.412
0.373
0.206
0.243
0.282
0.324
0.968
1.000
1.000
1.000
1.000
1.000
1.000
1.000
1.000
1.000
1.000
1.000
1.000
0.952
0.306
0.251
0.203
0.159
0.135
0.112
0.091
0.108
0.127
0.147
0.114
0.086
0.061
0.022
0.000
0.000
0.000
0.000
0.000
0.000
0.000
0.030
0.060
0.095
0.142
0.215
0.308
0.423
0.386
0.348
0.315
0.271
0.230
0.193
0.343
0.552
0.805
0.740
0.677
0.611
0.652
0.694
0.736
0.743
0.754
0.764
0.694
0.628
0.565
0.360
0.210
0.106
0.091
0.077
0.064
0.122
0.203
0.308
0.282
0.257
0.232
0.186
0.146
0.112
0.066
0.032
0.000
0.019
0.038
0.057
0.045
0.033
0.022
0.000
0.000
0.000
0.000
0.000
0.000
0.000
0.000
0.000
0.038
0.086
0.156
0.133
0.113
0.095
0.074
0.055
0.038
0.069
0.109
0.159
0.138
0.118
0.100
0.135
0.175
0.222
0.308
0.415
0.542
0.684
0.828
0.943
0.845
0.719
0.591
0.469
0.363
0.273
0.217
0.170
0.128
0.097
0.069
0.047
0.034
0.021
0.000
0.000
0.000
0.000
0.000
0.000
0.000
0.000
0.053
0.108
0.219
0.380
0.601
0.460
0.341
0.243
0.205
0.168
0.138
0.143
0.149
0.153
0.114
0.082
0.055
0.057
0.058
0.060
0.064
0.069
0.074
0.184
0.360
0.615
0.215
0.032
0.000
0.000
0.000
0.000
0.000
0.029
0.119
0.152
0.189
0.232
0.232
0.232
0.232
0.188
0.150
0.117
0.150
0.191
0.237
0.409
0.642
0.893
0.845
0.791
0.736
0.639
0.549
0.466
0.472
0.474
0.477
0.226
0.080
0.000
0.000
0.000
0.000
0.000
0.016
0.077
0.140
0.226
0.341
0.502
0.694
0.887
0.845
0.798
0.750
0.530
0.350
0.215
0.226
0.237
0.247
0.139
0.066
0.015
0.000
0.000
0.000
0.000
0.000
0.029
0.029
0.030
0.030
0.152
0.391
0.774
0.977
1.000
1.000
1.000
1.000
1.000
0.853
0.825
0.431
0.588
0.767
0.925
0.890
0.851
0.805
0.750
0.691
0.635
0.673
0.712
0.750
0.791
0.832
0.869
0.873
0.876
0.881
0.581
0.331
0.162
0.103
0.060
0.025
0.051
0.083
0.123
0.107
0.092
0.080
0.091
0.105
0.118
0.139
0.161
0.186
0.113
0.061
0.022
0.000
0.000
0.000
0.000
0.000
0.000
0.000
0.000
0.000
0.079
0.203
0.404
0.404
0.404
0.404
0.426
0.451
0.474
0.747
0.970
1.000
1.000
1.000
1.000
1.000
0.921
0.969
0.795
0.562
0.368
0.315
0.265
0.222
0.168
0.123
0.087
0.029
0.000
0.000
0.000
0.000
0.000
0.000
0.000
0.000
0.000
0.022
0.037
0.083
0.150
0.243
0.176
0.120
0.078
0.047
0.022
0.000
0.000
0.000
0.000
0.000
0.000
0.016
0.021
0.025
0.030
0.051
0.077
0.108
0.153
0.208
0.273
0.301
0.331
0.363
0.265
0.186
0.123
0.105
0.087
0.071
0.073
0.075
0.077
0.062
0.050
0.038
0.043
0.049
0.055
0.067
0.081
0.097
0.158
0.237
0.338
0.350
0.365
0.378
0.304
0.237
0.181
0.152
0.127
0.103
0.107
0.110
0.114
0.072
0.040
0.000
0.000
0.000
0.000
0.000
0.017
0.027
0.061
0.108
0.170
0.171
0.171
0.173
0.145
0.119
0.097
0.083
0.070
0.058
0.067
0.076
0.087
0.062
0.041
0.022
0.000
0.000
0.000
0.015
0.065
0.138
0.149
0.161
0.173
0.213
0.259
0.313
0.179
0.089
0.030
0.052
0.077
0.108
0.060
0.024
0.000
0.000
0.000
0.000
0.000
0.000
0.000
0.000
0.000
0.000
0.027
0.088
0.186
0.215
0.249
0.284
0.247
0.212
0.179
0.149
0.122
0.099
0.178
0.286
0.431
0.517
0.611
0.712
0.611
0.520
0.434
0.363
0.299
0.243
0.232
0.221
0.210
0.149
0.100
0.063
0.019
0.000
0.000
0.000
0.022
0.069
0.115
0.178
0.257
0.196
0.146
0.105
0.038
0.000
0.000
0.000
0.000
0.000
0.000
0.000
0.000
0.000
0.000
0.043
0.017
0.000
0.000
0.000
0.000
0.000
0.000
0.000
0.022
0.030
0.038
0.045
0.035
0.025
0.015
0.000
0.000
0.000
0.000
0.000
0.000
0.000
0.016
0.067
0.024
0.000
0.000
0.000
0.000
0.000
0.035
0.067
0.108
0.114
0.120
0.127
0.115
0.106
0.095
0.087
0.080
0.073
0.044
0.020
0.000
0.000
0.022
0.035
0.056
0.083
0.114
0.079
0.050
0.025
0.025
0.024
0.024
0.021
0.016
0.000
0.000
0.000
0.000
0.000
0.000
0.000
0.000
0.000
0.000
0.034
0.065
0.103
0.087
0.073
0.060
0.052
0.045
0.038
0.000
0.000
0.000
0.000
0.000
0.000
0.000
0.000
0.000
0.000
0.000
0.000
0.000
0.000
0.000
0.029
0.112
0.257
0.193
0.139
0.095
0.090
0.086
0.081
0.061
0.045
0.030
0.000
0.000
0.000
0.000
0.000
0.000
0.000
0.000
0.000
0.041
0.070
0.109
0.113
0.118
0.122
0.085
0.055
0.032
0.022
0.000
0.000
0.000
0.019
0.027
0.000
0.000
0.000
0.000
0.000
0.000
0.000
0.000
0.000
0.000
0.000
0.000
0.073
0.196
0.401
0.236
0.000
0.000
0.000
0.000
0.000
0.019
0.032
0.046
0.000
0.000
0.000
0.000
0.000
0.000
0.000
0.000
0.000
0.000
0.000
0.000
0.073
0.196
0.401
0.236
0.000
0.000
0.000
0.000
0.000
0.019
0.032
0.046
0.060
0.076
0.094
0.114
0.138
0.164
0.191
0.222
0.887
0.670
0.457
0.290
0.380
0.486
0.611
0.691
0.774
0.851
0.838
0.828
0.815
0.760
0.705
0.649
0.514
0.399
0.299
0.239
0.188
0.143
0.058
0.000
0.000
0.000
0.000
0.000
0.000
0.000
0.021
0.017
0.000
0.000
0.000
0.019
0.022
0.095
0.221
0.415
0.558
0.722
0.881
0.805
0.722
0.639
0.687
0.736
0.788
0.608
0.445
0.313
0.193
0.106
0.048
0.183
0.434
0.812
0.542
0.322
0.170
0.322
0.536
0.802
0.701
0.605
0.511
0.642
0.778
0.904
0.972
0.955
0.783
1.000
1.000
1.000
1.000
1.000
1.000
1.000
0.963
0.956
0.828
0.663
0.505
0.437
0.375
0.319
0.297
0.278
0.259
0.284
0.313
0.341
0.278
0.222
0.175
0.132
0.097
0.067
0.050
0.033
0.017
0.041
0.066
0.097
0.133
0.176
0.226
0.159
0.106
0.065
0.038
0.000
0.000
0.000
0.000
0.000
0.000
0.000
0.000
0.000
0.000
0.000
0.000
0.000
0.000
0.000
0.033
0.057
0.097
0.150
0.217
0.110
0.042
0.000
0.000
0.000
0.000
0.000
0.015
0.024
0.000
0.000
0.000
0.000
0.000
0.041
0.052
0.064
0.077
0.109
0.150
0.198
0.259
0.333
0.420
0.358
0.304
0.253
0.407
0.605
0.828
0.964
0.921
1.000
1.000
1.000
1.000
1.000
1.000
1.000
1.000
1.000
1.000
0.865
0.932
0.673
0.618
0.565
0.517
0.391
0.286
0.203
0.176
0.150
0.128
0.127
0.126
0.123
0.176
0.239
0.315
0.585
0.901
0.853
0.979
0.912
0.767
0.552
0.370
0.232
0.224
0.217
0.210
0.173
0.140
0.112
0.103
0.097
0.089
0.054
0.024
0.000
0.032
0.070
0.123
0.140
0.158
0.176
0.106
0.055
0.016
0.000
0.000
0.000
0.000
0.000
0.016
0.024
0.033
0.041
0.051
0.061
0.073
0.051
0.030
0.000
0.038
0.067
0.103
0.092
0.081
0.071
0.073
0.075
0.077
0.037
0.000
0.000
0.000
0.000
0.000
0.000
0.000
0.015
0.034
0.053
0.075
0.055
0.036
0.019
0.034
0.051
0.069
0.063
0.057
0.051
0.060
0.071
0.082
0.058
0.037
0.017
0.000
0.000
0.000
0.000
0.000
0.000
0.017
0.035
0.054
0.060
0.066
0.073
0.127
0.201
0.297
0.445
0.632
0.832
0.778
0.719
0.663
0.434
0.259
0.138
0.146
0.153
0.162
0.126
0.094
0.069
0.140
0.243
0.383
0.489
0.611
0.743
0.805
0.863
0.915
0.934
0.952
0.965
0.812
0.605
0.423
0.363
0.308
0.259
0.293
0.329
0.368
0.358
0.345
0.333
0.368
0.401
0.437
0.545
0.663
0.788
0.863
0.929
0.970
0.965
0.961
0.954
0.863
0.743
0.618
0.363
0.186
0.075
0.071
0.067
0.063
0.076
0.091
0.108
0.106
0.103
0.101
0.055
0.021
0.000
0.000
0.040
0.070
0.052
0.037
0.022
0.035
0.049
0.064
0.123
0.205
0.315
0.210
0.129
0.071
0.049
0.030
0.000
0.000
0.000
0.000
0.000
0.000
0.000
0.000
0.000
0.000
0.000
0.000
0.000
0.000
0.000
0.000
0.000
0.000
0.000
0.000
0.000
0.000
0.000
0.000
0.000
0.000
0.000
0.000
0.000
0.021
0.044
0.016
0.000
0.000
0.000
0.060
0.132
0.142
0.153
0.164
0.084
0.030
0.000
0.000
0.000
0.000
0.000
0.000
0.000
0.000
0.000
0.000
0.000
0.000
0.000
0.000
0.000
0.000
0.000
0.000
0.000
0.000
0.000
0.021
0.036
0.052
0.070
0.030
0.000
0.000
0.000
0.000
0.000
0.000
0.000
0.000
0.000
0.019
0.035
0.076
0.132
0.206
0.239
0.275
0.315
0.236
0.168
0.114
0.088
0.065
0.046
0.046
0.046
0.046
0.041
0.036
0.032
0.041
0.051
0.063
0.050
0.038
0.025
0.035
0.044
0.054
0.066
0.080
0.095
0.073
0.055
0.038
0.035
0.033
0.030
0.000
0.000
0.000
0.000
0.000
0.000
0.000
0.000
0.000
0.000
0.000
0.000
0.000
0.000
0.000
0.030
0.069
0.122
0.153
0.191
0.232
0.199
0.168
0.142
0.133
0.124
0.117
0.117
0.117
0.117
0.078
0.047
0.022
0.029
0.036
0.044
0.140
0.306
0.558
0.533
0.505
0.477
0.502
0.526
0.552
0.489
0.434
0.383
0.234
0.127
0.057
0.083
0.115
0.153
0.257
0.393
0.568
0.591
0.611
0.635
0.726
0.818
0.901
0.932
0.956
0.973
0.925
1.000
1.000
0.978
0.694
0.341
0.350
0.363
0.373
0.358
0.343
0.329
0.288
0.253
0.219
0.213
0.206
0.199
0.226
0.257
0.288
0.466
0.694
0.917
0.881
0.841
0.795
0.628
0.474
0.345
0.645
0.956
1.000
1.000
0.799
0.870
0.938
0.691
0.437
0.239
0.108
0.032
0.112
0.249
0.463
0.460
0.460
0.457
0.684
0.912
0.947
0.938
0.760
0.558
0.705
0.848
0.956
0.860
0.733
0.601
0.680
0.764
0.841
0.698
0.558
0.431
0.615
0.815
0.967
1.000
1.000
1.000
1.000
1.000
1.000
1.000
1.000
1.000
1.000
1.000
1.000
1.000
1.000
1.000
1.000
0.834
0.974
0.977
0.954
0.915
0.962
0.979
0.950
0.896
0.806
1.000
1.000
0.783
0.827
0.808
0.391
0.136
0.085
0.047
0.015
0.018
0.020
0.022
0.000
0.000
0.000
0.000
0.000
0.000
0.000
0.047
0.097
0.099
0.100
0.101
0.085
0.070
0.057
0.032
0.000
0.000
0.000
0.000
0.000
0.040
0.077
0.127
0.201
0.297
0.420
0.460
0.502
0.545
0.536
0.523
0.511
0.434
0.363
0.299
0.271
0.245
0.219
0.161
0.113
0.074
0.022
0.000
0.000
0.000
0.015
0.061
0.059
0.056
0.054
0.059
0.064
0.069
0.102
0.145
0.196
0.224
0.255
0.288
0.191
0.117
0.063
0.000
0.000
0.000
0.000
0.000
0.000
0.000
0.000
0.000
0.000
0.000
0.000
0.000
0.015
0.018
0.022
0.025
0.000
0.000
0.068
0.205
0.226
0.251
0.275
0.103
0.000
0.000
0.000
0.000
0.000
0.000
0.000
0.000
0.000
0.000
0.000
0.000
0.000
0.000
0.000
0.000
0.000
0.032
0.068
0.117
0.142
0.168
0.199
0.128
0.075
0.037
0.036
0.035
0.035
0.031
0.027
0.024
0.000
0.000
0.000
0.000
0.000
0.000
0.059
0.145
0.280
0.434
0.635
0.851
0.771
0.687
0.605
0.355
0.181
0.073
0.095
0.122
0.152
0.179
0.210
0.243
0.245
0.247
0.247
0.105
0.024
0.000
0.034
0.142
0.341
0.267
0.203
0.150
0.299
0.520
0.802
0.568
0.370
0.222
0.140
0.080
0.037
0.089
0.168
0.280
0.273
0.267
0.261
0.409
0.601
0.818
0.893
0.951
0.978
0.925
1.000
1.000
1.000
1.000
1.000
1.000
1.000
0.963
0.805
0.477
0.239
0.165
0.107
0.063
0.071
0.080
0.089
0.108
0.129
0.153
0.162
0.170
0.179
0.167
0.153
0.142
0.188
0.243
0.306
0.247
0.198
0.153
0.171
0.189
0.210
0.158
0.113
0.078
0.058
0.040
0.024
0.019
0.015
0.000
0.019
0.025
0.032
0.016
0.000
0.000
0.000
0.000
0.000
0.000
0.000
0.019
0.000
0.000
0.000
0.000
0.000
0.000
0.000
0.000
0.000
0.000
0.000
0.000
0.000
0.000
0.000
0.024
0.087
0.186
0.237
0.297
0.365
0.210
0.103
0.037
0.047
0.057
0.069
0.038
0.000
0.000
0.000
0.000
0.000
0.000
0.000
0.000
0.000
0.000
0.000
0.000
0.000
0.000
0.165
0.505
0.965
0.591
0.261
0.080
0.044
0.000
0.000
0.000
0.000
0.000
0.000
0.000
0.000
0.000
0.000
0.000
0.058
0.131
0.243
0.247
0.253
0.259
0.241
0.226
0.210
0.168
0.131
0.100
0.079
0.060
0.045
0.046
0.047
0.049
0.047
0.045
0.043
0.034
0.026
0.017
0.000
0.000
0.000
0.054
0.115
0.206
0.284
0.375
0.486
0.243
0.094
0.000
0.000
0.000
0.000
0.000
0.000
0.000
0.000
0.000
0.000
0.000
0.000
0.000
0.000
0.000
0.054
0.131
0.253
0.426
0.530
0.642
0.764
0.677
0.595
0.517
0.329
0.193
0.097
0.076
0.059
0.043
0.000
0.000
0.000
0.000
0.000
0.000
0.000
0.000
0.017
0.021
0.024
0.027
0.038
0.051
0.065
0.036
0.000
0.000
0.018
0.054
0.100
0.114
0.131
0.147
0.131
0.114
0.100
0.110
0.120
0.132
0.162
0.196
0.236
0.243
0.251
0.259
0.181
0.119
0.071
0.047
0.026
0.000
0.000
0.000
0.000
0.000
0.024
0.033
0.038
0.041
0.046
0.024
0.000
0.000
0.000
0.000
0.000
0.098
0.301
0.656
0.835
0.964
0.925
0.971
0.873
0.719
0.558
0.415
0.297
0.360
0.431
0.511
0.615
0.726
0.832
0.866
0.896
0.922
0.954
0.975
0.977
0.978
0.978
0.979
0.701
0.358
0.142
0.189
0.245
0.308
0.251
0.199
0.156
0.149
0.142
0.136
0.135
0.133
0.132
0.188
0.255
0.333
0.194
0.097
0.035
0.000
0.000
0.000
0.000
0.000
0.000
0.000
0.000
0.000
0.000
0.019
0.078
0.140
0.226
0.338
0.434
0.542
0.666
0.601
0.539
0.477
0.201
0.054
0.000
0.000
0.000
0.000
0.000
0.072
0.170
0.135
0.106
0.080
0.000
0.000
0.000
0.000
0.000
0.051
0.031
0.000
0.000
0.000
0.000
0.000
0.027
0.062
0.108
0.205
0.343
0.530
0.618
0.712
0.805
0.565
0.363
0.212
0.199
0.188
0.176
0.168
0.161
0.153
0.101
0.060
0.030
0.000
0.000
0.000
0.000
0.000
0.000
0.057
0.133
0.251
0.251
0.251
0.251
0.136
0.061
0.000
0.000
0.000
0.000
0.000
0.041
0.084
0.069
0.055
0.044
0.113
0.224
0.383
0.466
0.558
0.656
0.391
0.205
0.085
0.117
0.155
0.199
0.170
0.142
0.118
0.037
0.000
0.000
0.000
0.000
0.000
0.000
0.027
0.046
0.046
0.047
0.047
0.128
0.261
0.457
0.415
0.375
0.338
0.336
0.333
0.331
0.463
0.618
0.791
0.774
0.754
0.736
0.977
1.000
1.000
1.000
1.000
1.000
1.000
1.000
1.000
1.000
1.000
0.959
0.757
0.396
0.164
0.106
0.063
0.030
0.027
0.024
0.022
0.241
0.764
1.000
1.000
1.000
0.870
0.925
0.959
0.976
0.952
0.905
0.827
0.939
0.978
0.965
0.399
0.075
0.000
0.000
0.000
0.027
0.000
0.000
0.000
0.000
0.000
0.000
0.000
0.000
0.022
0.028
0.035
0.041
0.021
0.000
0.000
0.000
0.000
0.000
0.061
0.129
0.230
0.164
0.112
0.070
0.070
0.069
0.069
0.000
0.000
0.000
0.000
0.000
0.029
0.000
0.000
0.000
0.053
0.212
0.517
0.508
0.502
0.495
0.611
0.736
0.860
0.448
0.176
0.038
0.127
0.282
0.520
0.282
0.128
0.038
0.030
0.022
0.000
0.000
0.000
0.000
0.000
0.000
0.000
0.000
0.016
0.057
0.071
0.087
0.105
0.315
0.677
0.977
0.943
0.832
0.694
0.691
0.687
0.680
0.618
0.558
0.499
0.511
0.523
0.533
0.628
0.729
0.828
0.920
0.975
0.957
0.978
0.945
0.881
0.869
0.854
0.841
0.591
0.373
0.215
0.196
0.179
0.164
0.196
0.234
0.273
0.228
0.189
0.153
0.257
0.393
0.568
0.715
0.857
0.961
0.978
0.929
1.000
1.000
1.000
1.000
0.976
0.542
0.188
0.138
0.095
0.063
0.102
0.153
0.217
0.149
0.095
0.055
0.024
0.000
0.000
0.000
0.000
0.000
0.018
0.109
0.280
0.213
0.159
0.113
0.102
0.019
0.017
0.000
0.000
0.000
0.000
0.000
0.000
0.000
0.000
0.000
0.000
0.000
0.000
0.000
0.000
0.029
0.055
0.087
0.128
0.123
0.117
0.112
0.056
0.015
0.000
0.000
0.000
0.000
0.000
0.000
0.000
0.000
0.000
0.000
0.000
0.000
0.000
0.000
0.000
0.000
0.031
0.081
0.153
0.181
0.210
0.243
0.150
0.082
0.035
0.000
0.000
0.000
0.000
0.000
0.000
0.000
0.000
0.000
0.000
0.000
0.000
0.000
0.000
0.000
0.000
0.029
0.057
0.060
0.064
0.067
0.051
0.038
0.024
0.044
0.067
0.095
0.080
0.066
0.054
0.048
0.044
0.038
0.039
0.040
0.041
0.079
0.129
0.198
0.237
0.282
0.331
0.259
0.199
0.147
0.087
0.044
0.000
0.000
0.016
0.022
0.000
0.000
0.000
0.000
0.000
0.000
0.000
0.000
0.000
0.000
0.000
0.000
0.066
0.145
0.265
0.290
0.317
0.345
0.183
0.079
0.000
0.000
0.000
0.000
0.000
0.000
0.032
0.029
0.026
0.024
0.000
0.000
0.000
0.000
0.000
0.000
0.017
0.027
0.035
0.046
0.056
0.067
0.067
0.066
0.065
0.015
0.000
0.000
0.000
0.000
0.000
0.000
0.000
0.000
0.000
0.000
0.000
0.000
0.000
0.029
0.067
0.122
0.196
0.282
0.388
0.517
0.355
0.232
0.138
0.120
0.105
0.089
0.090
0.090
0.091
0.032
0.000
0.000
0.000
0.000
0.000
0.025
0.045
0.067
0.088
0.113
0.142
0.105
0.074
0.049
0.066
0.086
0.108
0.099
0.089
0.081
0.127
0.186
0.259
0.234
0.210
0.188
0.275
0.383
0.517
0.526
0.539
0.552
0.536
0.523
0.508
0.539
0.568
0.601
0.480
0.375
0.288
0.282
0.273
0.267
0.193
0.131
0.084
0.081
0.079
0.077
0.070
0.063
0.057
0.092
0.136
0.193
0.183
0.173
0.164
0.150
0.136
0.123
0.047
0.000
0.000
0.000
0.025
0.074
0.084
0.093
0.105
0.097
0.089
0.082
0.098
0.114
0.132
0.167
0.205
0.247
0.232
0.217
0.203
0.153
0.112
0.078
0.020
0.000
0.000
0.000
0.000
0.000
0.000
0.022
0.055
0.064
0.073
0.084
0.081
0.077
0.074
0.140
0.234
0.358
0.343
0.326
0.313
0.290
0.269
0.247
0.113
0.034
0.000
0.000
0.048
0.097
0.090
0.083
0.077
0.072
0.068
0.064
0.076
0.090
0.105
0.123
0.142
0.164
0.147
0.132
0.118
0.095
0.076
0.060
0.018
0.000
0.000
0.000
0.000
0.000
0.000
0.000
0.000
0.000
0.000
0.000
0.000
0.000
0.000
0.000
0.000
0.000
0.017
0.100
0.251
0.267
0.284
0.304
0.161
0.069
0.000
0.000
0.000
0.000
0.000
0.000
0.000
0.000
0.000
0.000
0.000
0.000
0.017
0.241
0.785
1.000
0.925
0.925
0.694
0.649
0.601
0.555
0.754
0.932
0.957
0.961
0.854
0.712
0.698
0.687
0.677
0.611
0.549
0.489
0.571
0.659
0.750
0.715
0.680
0.649
0.324
0.127
0.024
0.085
0.183
0.329
0.210
0.123
0.061
0.071
0.081
0.092
0.084
0.075
0.067
0.053
0.039
0.027
0.035
0.045
0.055
0.114
0.203
0.322
0.306
0.288
0.273
0.555
0.907
1.000
0.778
0.326
0.085
0.215
0.423
0.719
0.747
0.771
0.795
0.959
0.909
1.000
1.000
1.000
1.000
1.000
1.000
1.000
1.000
0.978
0.791
0.838
0.884
0.922
0.778
0.615
0.466
0.365
0.282
0.210
0.149
0.100
0.063
0.056
0.051
0.045
0.000
0.000
0.000
0.000
0.000
0.000
0.039
0.149
0.348
0.440
0.545
0.663
0.460
0.299
0.179
0.110
0.060
0.022
0.027
0.030
0.035
0.034
0.033
0.032
0.000
0.000
0.000
0.018
0.062
0.123
0.183
0.255
0.345
0.418
0.499
0.588
0.431
0.304
0.203
0.131
0.077
0.038
0.043
0.048
0.054
0.027
0.000
0.000
0.000
0.016
0.037
0.073
0.122
0.186
0.247
0.319
0.404
0.399
0.393
0.391
0.396
0.404
0.412
0.348
0.290
0.239
0.386
0.575
0.795
0.740
0.680
0.625
0.635
0.649
0.663
0.694
0.726
0.757
0.343
0.107
0.000
0.000
0.032
0.051
0.042
0.033
0.024
0.080
0.165
0.290
0.598
0.949
1.000
1.000
1.000
1.000
0.814
0.965
0.965
0.979
0.961
0.905
1.000
1.000
1.000
1.000
1.000
1.000
1.000
1.000
0.943
0.860
0.757
0.649
0.701
0.754
0.805
0.832
0.857
0.881
0.961
0.971
0.853
1.000
1.000
1.000
1.000
1.000
1.000
1.000
1.000
1.000
0.965
0.736
0.368
0.280
0.206
0.146
0.212
0.295
0.393
0.310
0.241
0.181
0.117
0.068
0.032
0.044
0.055
0.067
0.135
0.230
0.358
0.304
0.253
0.210
0.122
0.060
0.016
0.000
0.000
0.000
0.000
0.000
0.000
0.000
0.000
0.000
0.000
0.000
0.000
0.000
0.000
0.016
0.051
0.093
0.152
0.136
0.123
0.109
0.047
0.000
0.000
0.000
0.000
0.000
0.000
0.000
0.000
0.000
0.000
0.000
0.000
0.000
0.000
0.000
0.000
0.027
0.034
0.041
0.047
0.044
0.041
0.038
0.024
0.000
0.000
0.000
0.000
0.000
0.000
0.000
0.000
0.000
0.000
0.000
0.000
0.028
0.051
0.024
0.000
0.000
0.000
0.021
0.045
0.067
0.095
0.128
0.078
0.041
0.000
0.022
0.035
0.048
0.021
0.000
0.000
0.000
0.000
0.000
0.000
0.000
0.000
0.000
0.000
0.000
0.069
0.188
0.383
0.489
0.611
0.743
0.526
0.348
0.215
0.126
0.063
0.019
0.028
0.038
0.047
0.042
0.038
0.032
0.030
0.029
0.027
0.075
0.147
0.251
0.221
0.193
0.167
0.178
0.191
0.205
0.131
0.075
0.035
0.000
0.000
0.000
0.000
0.000
0.000
0.000
0.000
0.000
0.000
0.000
0.000
0.024
0.064
0.118
0.150
0.188
0.230
0.188
0.152
0.119
0.035
0.000
0.000
0.000
0.000
0.000
0.019
0.036
0.055
0.075
0.100
0.129
0.164
0.203
0.247
0.295
0.350
0.363
0.259
0.178
0.114
0.162
0.221
0.290
0.259
0.230
0.203
0.120
0.062
0.021
0.000
0.000
0.000
0.000
0.000
0.000
0.000
0.000
0.000
0.000
0.000
0.032
0.000
0.000
0.000
0.000
0.000
0.000
0.038
0.119
0.259
0.159
0.086
0.037
0.055
0.078
0.105
0.138
0.176
0.219
0.341
0.495
0.687
0.380
0.176
0.058
0.021
0.000
0.000
0.000
0.044
0.105
0.106
0.108
0.109
0.062
0.026
0.000
0.000
0.000
0.000
0.000
0.000
0.000
0.000
0.000
0.000
0.000
0.000
0.000
0.039
0.079
0.132
0.114
0.098
0.082
0.074
0.066
0.058
0.079
0.102
0.131
0.095
0.067
0.044
0.050
0.056
0.063
0.057
0.051
0.046
0.052
0.059
0.065
0.063
0.061
0.060
0.064
0.068
0.073
0.044
0.020
0.000
0.000
0.000
0.000
0.000
0.000
0.000
0.000
0.000
0.000
0.000
0.000
0.000
0.000
0.000
0.000
0.038
0.103
0.206
0.280
0.368
0.472
0.269
0.133
0.049
0.024
0.000
0.000
0.000
0.000
0.032
0.000
0.000
0.000
0.000
0.000
0.000
0.000
0.000
0.027
0.066
0.119
0.191
0.201
0.212
0.222
0.082
0.000
0.000
0.000
0.000
0.000
0.000
0.000
0.000
0.000
0.000
0.000
0.000
0.000
0.000
0.000
0.000
0.029
0.066
0.117
0.186
0.181
0.176
0.170
0.088
0.033
0.000
0.000
0.000
0.000
0.000
0.000
0.000
0.000
0.000
0.000
0.000
0.000
0.000
0.000
0.030
0.073
0.112
0.161
0.222
0.196
0.173
0.152
0.082
0.034
0.000
0.000
0.000
0.000
0.000
0.000
0.000
0.000
0.000
0.000
0.000
0.000
0.000
0.000
0.045
0.119
0.161
0.210
0.267
0.275
0.284
0.295
0.199
0.126
0.071
0.057
0.044
0.032
0.039
0.047
0.055
0.051
0.045
0.040
0.024
0.000
0.000
0.053
0.139
0.275
0.348
0.431
0.523
0.542
0.562
0.581
0.429
0.304
0.205
0.153
0.110
0.075
0.076
0.077
0.078
0.060
0.043
0.027
0.034
0.041
0.047
0.059
0.072
0.087
0.280
0.628
0.977
0.959
0.927
0.884
0.649
0.429
0.261
0.196
0.142
0.099
0.068
0.044
0.022
0.022
0.022
0.022
0.035
0.047
0.061
0.092
0.132
0.179
0.333
0.552
0.818
0.881
0.932
0.967
0.454
0.118
0.000
0.000
0.000
0.019
0.000
0.000
0.000
0.000
0.000
0.035
0.167
0.426
0.825
0.472
0.221
0.075
0.050
0.028
0.000
0.051
0.112
0.199
0.247
0.304
0.365
0.113
0.000
0.000
0.000
0.000
0.000
0.000
0.000
0.000
0.000
0.000
0.000
0.000
0.065
0.153
0.215
0.288
0.375
0.517
0.680
0.851
0.415
0.143
0.015
0.000
0.000
0.000
0.000
0.000
0.029
0.024
0.019
0.000
0.021
0.027
0.035
0.070
0.118
0.181
0.230
0.284
0.348
0.232
0.143
0.080
0.038
0.000
0.000
0.000
0.000
0.000
0.000
0.000
0.000
0.000
0.000
0.000
0.000
0.000
0.000
0.000
0.017
0.027
0.071
0.135
0.224
0.155
0.100
0.060
0.019
0.000
0.000
0.000
0.000
0.000
0.000
0.000
0.000
0.000
0.000
0.000
0.000
0.000
0.000
0.000
0.000
0.038
0.051
0.065
0.081
0.112
0.147
0.191
0.131
0.084
0.048
0.024
0.000
0.000
0.000
0.000
0.000
0.000
0.000
0.000
0.000
0.000
0.000
0.000
0.019
0.084
0.113
0.147
0.188
0.237
0.295
0.363
0.236
0.142
0.074
0.042
0.015
0.000
0.029
0.074
0.140
0.165
0.194
0.224
0.282
0.350
0.426
0.565
0.722
0.876
0.818
0.757
0.694
0.920
0.942
1.000
0.896
0.967
0.818
0.615
0.431
0.284
0.517
0.818
0.971
0.891
1.000
1.000
1.000
1.000
1.000
1.000
1.000
1.000
1.000
1.000
1.000
1.000
1.000
1.000
1.000
1.000
0.814
0.935
0.978
0.965
0.938
0.901
0.854
0.887
0.917
0.941
0.959
1.000
1.000
0.932
0.845
0.517
0.243
0.084
0.000
0.094
0.284
0.615
0.329
0.143
0.041
0.030
0.020
0.000
0.021
0.032
0.044
0.076
0.118
0.170
0.265
0.386
0.539
0.306
0.149
0.054
0.087
0.131
0.186
0.245
0.313
0.393
0.224
0.109
0.038
0.028
0.018
0.000
0.023
0.039
0.055
0.043
0.031
0.019
0.000
0.000
0.000
0.000
0.000
0.000
0.000
0.058
0.162
0.186
0.210
0.237
0.123
0.051
0.000
0.000
0.000
0.000
0.000
0.000
0.022
0.000
0.000
0.000
0.000
0.000
0.000
0.000
0.000
0.043
0.075
0.118
0.173
0.319
0.526
0.788
0.486
0.259
0.114
0.041
0.000
0.000
0.000
0.000
0.000
0.000
0.000
0.000
0.000
0.000
0.000
0.000
0.000
0.017
0.078
0.173
0.319
0.451
0.611
0.788
0.474
0.247
0.103
0.056
0.020
0.000
0.000
0.000
0.000
0.000
0.000
0.000
0.000
0.000
0.000
0.052
0.110
0.196
0.237
0.284
0.338
0.222
0.135
0.071
0.047
0.026
0.000
0.000
0.000
0.000
0.000
0.000
0.038
0.035
0.033
0.032
0.016
0.000
0.000
0.000
0.015
0.030
0.032
0.032
0.033
0.076
0.135
0.217
0.107
0.039
0.000
0.000
0.000
0.000
0.000
0.000
0.000
0.000
0.000
0.000
0.000
0.000
0.000
0.019
0.032
0.046
0.042
0.039
0.035
0.024
0.000
0.000
0.000
0.000
0.000
0.000
0.000
0.000
0.000
0.000
0.000
0.000
0.000
0.000
0.000
0.000
0.000
0.000
0.021
0.029
0.056
0.091
0.136
0.103
0.076
0.054
0.045
0.019
0.015
0.000
0.000
0.000
0.000
0.000
0.000
0.000
0.000
0.000
0.000
0.000
0.000
0.000
0.000
0.000
0.000
0.000
0.055
0.070
0.089
0.109
0.129
0.150
0.175
0.156
0.138
0.122
0.115
0.109
0.103
0.094
0.087
0.080
0.062
0.047
0.032
0.018
0.000
0.000
0.000
0.037
0.063
0.058
0.053
0.048
0.046
0.043
0.041
0.040
0.039
0.038
0.051
0.065
0.081
0.128
0.191
0.267
0.234
0.203
0.175
0.114
0.068
0.033
0.044
0.055
0.067
0.099
0.139
0.188
0.208
0.230
0.253
0.247
0.239
0.232
0.230
0.226
0.224
0.199
0.176
0.156
0.126
0.099
0.077
0.041
0.000
0.000
0.000
0.000
0.000
0.019
0.041
0.065
0.085
0.107
0.132
0.117
0.102
0.089
0.102
0.115
0.131
0.143
0.158
0.173
0.173
0.173
0.173
0.106
0.058
0.022
0.024
0.026
0.029
0.061
0.103
0.159
0.173
0.186
0.199
0.183
0.165
0.150
0.145
0.139
0.135
0.199
0.280
0.378
0.299
0.232
0.175
0.085
0.027
0.000
0.000
0.015
0.033
0.042
0.051
0.061
0.102
0.155
0.222
0.245
0.269
0.295
0.226
0.168
0.119
0.103
0.089
0.075
0.045
0.019
0.000
0.000
0.000
0.000
0.032
0.082
0.156
0.138
0.120
0.105
0.099
0.094
0.089
0.081
0.074
0.067
0.086
0.108
0.135
0.158
0.184
0.212
0.198
0.184
0.170
0.089
0.035
0.000
0.000
0.000
0.000
0.000
0.000
0.000
0.000
0.000
0.000
0.000
0.000
0.000
0.042
0.076
0.119
0.199
0.306
0.443
0.457
0.474
0.489
0.378
0.282
0.205
0.063
0.000
0.000
0.000
0.000
0.049
0.087
0.136
0.199
0.232
0.265
0.304
0.480
0.708
0.925
0.974
0.965
0.859
0.979
0.890
0.729
0.585
0.454
0.345
0.315
0.286
0.259
0.217
0.181
0.147
0.152
0.158
0.162
0.206
0.257
0.315
0.412
0.523
0.652
0.715
0.774
0.832
0.726
0.618
0.517
0.345
0.215
0.122
0.046
0.000
0.000
0.000
0.000
0.000
0.000
0.000
0.000
0.000
0.000
0.000
0.000
0.000
0.000
0.021
0.047
0.078
0.098
0.120
0.146
0.123
0.103
0.085
0.035
0.000
0.000
0.000
0.000
0.000
0.000
0.022
0.035
0.038
0.040
0.041
0.051
0.060
0.070
0.085
0.101
0.119
0.119
0.118
0.117
0.087
0.063
0.043
0.016
0.000
0.000
0.000
0.000
0.000
0.000
0.000
0.000
0.000
0.000
0.000
0.000
0.000
0.016
0.039
0.065
0.095
0.090
0.086
0.081
0.055
0.032
0.000
0.000
0.000
0.000
0.000
0.000
0.000
0.019
0.035
0.052
0.061
0.070
0.081
0.112
0.149
0.193
0.253
0.322
0.404
0.409
0.415
0.420
0.329
0.251
0.186
0.077
0.000
0.000
0.000
0.000
0.041
0.058
0.078
0.101
0.101
0.100
0.100
0.127
0.156
0.191
0.188
0.186
0.184
0.152
0.124
0.100
0.070
0.045
0.024
0.032
0.041
0.049
0.133
0.269
0.472
0.549
0.632
0.719
0.622
0.530
0.445
0.423
0.404
0.383
0.423
0.469
0.517
0.565
0.618
0.673
0.715
0.760
0.805
0.750
0.694
0.639
0.904
0.921
1.000
1.000
1.000
1.000
1.000
1.000
1.000
1.000
1.000
1.000
1.000
1.000
1.000
1.000
1.000
1.000
0.955
0.915
0.701
0.477
0.304
0.175
0.173
0.170
0.168
0.203
0.239
0.282
0.386
0.511
0.656
0.757
0.851
0.932
0.938
0.943
0.949
0.934
0.917
0.896
0.726
0.549
0.396
0.293
0.208
0.140
0.110
0.085
0.063
0.067
0.072
0.077
0.105
0.136
0.175
0.215
0.263
0.315
0.363
0.415
0.472
0.434
0.399
0.365
0.261
0.178
0.113
0.056
0.000
0.000
0.000
0.000
0.000
0.000
0.000
0.000
0.030
0.049
0.070
0.095
0.126
0.159
0.158
0.155
0.152
0.179
0.210
0.243
0.199
0.162
0.128
0.058
0.000
0.000
0.000
0.000
0.000
0.000
0.000
0.000
0.000
0.029
0.061
0.098
0.143
0.199
0.241
0.286
0.338
0.324
0.310
0.297
0.241
0.194
0.152
0.088
0.044
0.000
0.000
0.000
0.000
0.000
0.000
0.024
0.057
0.099
0.156
0.181
0.210
0.239
0.273
0.310
0.350
0.333
0.319
0.304
0.241
0.189
0.143
0.106
0.075
0.049
0.024
0.000
0.000
0.000
0.041
0.078
0.135
0.213
0.313
0.341
0.373
0.404
0.415
0.423
0.434
0.375
0.324
0.275
0.228
0.186
0.147
0.124
0.103
0.085
0.087
0.089
0.091
0.176
0.297
0.463
0.670
0.884
0.976
0.929
0.806
1.000
1.000
0.859
0.929
0.967
0.979
0.971
0.909
0.812
0.701
0.489
0.322
0.196
0.071
0.000
0.000
0.000
0.000
0.000
0.046
0.112
0.215
0.317
0.448
0.605
0.588
0.571
0.555
0.608
0.663
0.719
0.715
0.712
0.705
0.558
0.431
0.322
0.147
0.046
0.000
0.000
0.000
0.000
0.000
0.000
0.000
0.000
0.033
0.057
0.055
0.052
0.051
0.051
0.051
0.052
0.030
0.000
0.000
0.000
0.000
0.000
0.000
0.000
0.000
0.000
0.000
0.000
0.000
0.000
0.000
0.000
0.000
0.022
0.062
0.119
0.198
0.168
0.143
0.119
0.075
0.041
0.000
0.000
0.000
0.000
0.000
0.000
0.000
0.000
0.000
0.024
0.020
0.016
0.000
0.030
0.048
0.069
0.101
0.140
0.188
0.181
0.175
0.168
0.114
0.072
0.040
0.000
0.000
0.000
0.000
0.000
0.032
0.041
0.051
0.061
0.046
0.032
0.017
0.041
0.069
0.103
0.158
0.226
0.308
0.284
0.261
0.239
0.153
0.088
0.043
0.000
0.000
0.000
0.000
0.000
0.019
0.052
0.092
0.147
0.136
0.127
0.117
0.127
0.138
0.150
0.188
0.232
0.282
0.263
0.245
0.226
0.146
0.085
0.041
0.000
0.000
0.000
0.000
0.000
0.000
0.000
0.000
0.000
0.000
0.000
0.024
0.041
0.060
0.081
0.107
0.136
0.170
0.210
0.253
0.301
0.355
0.418
0.179
0.097
0.041
0.000
0.000
0.000
0.000
0.000
0.000
0.000
0.022
0.047
0.075
0.115
0.167
0.230
0.255
0.282
0.308
0.308
0.306
0.304
0.237
0.181
0.135
0.064
0.015
0.000
0.000
0.000
0.000
0.000
0.000
0.000
0.027
0.043
0.060
0.097
0.142
0.199
0.206
0.215
0.222
0.203
0.184
0.167
0.127
0.093
0.067
0.000
0.000
0.000
0.000
0.000
0.000
0.019
0.032
0.046
0.059
0.073
0.089
0.129
0.179
0.239
0.317
0.407
0.511
0.492
0.472
0.454
0.345
0.253
0.179
0.086
0.027
0.000
0.000
0.000
0.000
0.000
0.000
0.041
0.067
0.101
0.143
0.206
0.284
0.378
0.448
0.523
0.605
0.565
0.526
0.489
0.378
0.282
0.205
0.099
0.034
0.000
0.000
0.000
0.000
0.038
0.087
0.159
0.201
0.247
0.299
0.365
0.437
0.520
0.598
0.677
0.757
0.708
0.656
0.605
0.454
0.331
0.230
0.113
0.041
0.000
0.000
0.000
0.000
0.000
0.000
0.027
0.055
0.092
0.140
0.179
0.224
0.275
0.373
0.489
0.625
0.611
0.598
0.588
0.434
0.308
0.206
0.086
0.015
0.000
0.000
0.000
0.000
0.000
0.000
0.032
0.037
0.041
0.046
0.067
0.093
0.126
0.129
0.133
0.138
0.127
0.118
0.108
0.067
0.035
0.000
0.000
0.000
0.000
0.000
0.000
0.043
0.054
0.066
0.080
0.072
0.066
0.060
0.059
0.058
0.057
0.067
0.077
0.088
0.065
0.045
0.027
0.000
0.000
0.000
0.000
0.020
0.071
0.088
0.106
0.127
0.196
0.286
0.396
0.396
0.393
0.393
0.365
0.338
0.313
0.386
0.472
0.565
0.588
0.615
0.639
0.611
0.581
0.555
0.565
0.575
0.581
0.530
0.480
0.434
0.542
0.659
0.781
0.832
0.878
0.917
0.932
0.943
0.952
0.978
0.959
0.876
0.978
0.938
0.828
0.747
0.659
0.578
0.418
0.288
0.188
0.105
0.047
0.000
0.000
0.000
0.000
0.000
0.026
0.041
0.079
0.128
0.193
0.168
0.147
0.127
0.108
0.091
0.075
0.029
0.000
0.000
0.000
0.000
0.000
0.038
0.103
0.206
0.219
0.230
0.243
0.217
0.194
0.173
0.145
0.120
0.099
0.070
0.046
0.025
0.000
0.000
0.000
0.000
0.000
0.024
0.050
0.081
0.119
0.164
0.217
0.280
0.249
0.222
0.198
0.161
0.128
0.100
0.089
0.080
0.070
0.087
0.106
0.127
0.091
0.061
0.038
0.023
0.000
0.000
0.000
0.015
0.027
0.065
0.115
0.186
0.183
0.178
0.175
0.147
0.122
0.100
0.106
0.112
0.118
0.171
0.237
0.315
0.322
0.329
0.333
0.265
0.205
0.153
0.081
0.032
0.000
0.000
0.000
0.000
0.000
0.000
0.000
0.027
0.042
0.060
0.060
0.060
0.061
0.088
0.119
0.158
0.097
0.051
0.016
0.031
0.046
0.063
0.143
0.265
0.437
0.701
0.951
0.806
0.905
0.961
0.979
0.977
0.971
0.963
0.859
1.000
1.000
1.000
1.000
1.000
1.000
0.905
0.978
0.943
0.848
0.726
0.568
0.431
0.315
0.310
0.308
0.304
0.338
0.375
0.415
0.542
0.687
0.832
0.812
0.788
0.764
0.848
0.917
0.967
0.901
0.802
0.691
0.575
0.469
0.375
0.247
0.150
0.081
0.055
0.033
0.000
0.021
0.030
0.038
0.071
0.114
0.170
0.222
0.282
0.350
0.466
0.598
0.743
0.712
0.680
0.649
0.520
0.407
0.313
0.201
0.118
0.060
0.030
0.000
0.000
0.000
0.000
0.021
0.055
0.098
0.156
0.221
0.301
0.396
0.457
0.523
0.598
0.595
0.591
0.588
0.508
0.434
0.368
0.253
0.164
0.097
0.029
0.000
0.000
0.000
0.000
0.000
0.025
0.078
0.158
0.226
0.310
0.412
0.401
0.391
0.383
0.370
0.358
0.345
0.299
0.259
0.222
0.129
0.066
0.021
0.000
0.000
0.000
0.022
0.053
0.092
0.113
0.135
0.159
0.215
0.282
0.363
0.399
0.440
0.483
0.469
0.454
0.437
0.350
0.275
0.212
0.133
0.075
0.033
0.000
0.000
0.000
0.000
0.000
0.000
0.000
0.041
0.071
0.126
0.199
0.295
0.331
0.370
0.412
0.375
0.341
0.308
0.210
0.133
0.077
0.047
0.023
0.000
0.029
0.060
0.101
0.135
0.175
0.219
0.201
0.184
0.168
0.179
0.193
0.205
0.213
0.221
0.230
0.222
0.215
0.206
0.165
0.129
0.099
0.066
0.039
0.015
0.027
0.040
0.052
0.067
0.082
0.100
0.108
0.117
0.126
0.156
0.193
0.232
0.217
0.203
0.188
0.159
0.133
0.109
0.080
0.055
0.035
0.000
0.000
0.000
0.000
0.000
0.000
0.000
0.000
0.022
0.032
0.041
0.051
0.097
0.159
0.239
0.315
0.404
0.508
0.486
0.463
0.443
0.326
0.232
0.156
0.095
0.052
0.017
0.024
0.030
0.037
0.000
0.000
0.000
0.000
0.000
0.000
0.000
0.000
0.000
0.029
0.051
0.077
0.110
0.152
0.203
0.171
0.143
0.118
0.060
0.016
0.000
0.000
0.000
0.017
0.000
0.000
0.000
0.000
0.000
0.000
0.000
0.000
0.032
0.060
0.095
0.140
0.155
0.171
0.188
0.136
0.093
0.060
0.015
0.000
0.000
0.000
0.000
0.000
0.000
0.000
0.000
0.000
0.000
0.040
0.070
0.108
0.158
0.162
0.167
0.170
0.161
0.152
0.143
0.095
0.059
0.030
0.000
0.000
0.000
0.000
0.032
0.071
0.090
0.110
0.135
0.115
0.098
0.082
0.083
0.083
0.084
0.084
0.085
0.085
0.099
0.113
0.128
0.115
0.103
0.092
0.035
0.000
0.000
0.000
0.000
0.000
0.000
0.000
0.000
0.021
0.035
0.049
0.081
0.123
0.175
0.217
0.265
0.319
0.315
0.313
0.308
0.237
0.176
0.127
0.062
0.016
0.000
0.000
0.000
0.000
0.000
0.176
0.156
0.139
0.122
0.107
0.093
0.080
0.068
0.057
0.047
0.038
0.029
0.020
0.000
0.000
0.000
0.000
0.028
0.123
0.297
0.451
0.642
0.851
0.581
0.353
0.191
0.132
0.087
0.051
0.027
0.000
0.000
0.000
0.000
0.000
0.000
0.000
0.000
0.000
0.000
0.000
0.000
0.099
0.275
0.336
0.407
0.483
0.228
0.080
0.000
0.000
0.018
0.029
0.021
0.000
0.000
0.000
0.000
0.000
0.000
0.016
0.024
0.062
0.115
0.188
0.175
0.161
0.147
0.076
0.027
0.000
0.000
0.000
0.000
0.000
0.000
0.000
0.000
0.000
0.016
0.015
0.015
0.000
0.028
0.042
0.057
0.122
0.217
0.348
0.353
0.360
0.365
0.259
0.176
0.112
0.077
0.049
0.025
0.022
0.017
0.000
0.000
0.000
0.000
0.000
0.000
0.000
0.000
0.000
0.000
0.035
0.070
0.117
0.267
0.502
0.812
0.863
0.912
0.949
0.670
0.391
0.198
0.128
0.077
0.038
0.000
0.000
0.000
0.000
0.060
0.146
0.193
0.247
0.308
0.245
0.189
0.142
0.152
0.164
0.175
0.158
0.142
0.127
0.041
0.000
0.000
0.000
0.000
0.041
0.051
0.060
0.069
0.052
0.038
0.024
0.016
0.000
0.000
0.000
0.000
0.000
0.015
0.065
0.138
0.186
0.241
0.306
0.243
0.189
0.143
0.173
0.206
0.243
0.164
0.102
0.057
0.052
0.048
0.044
0.038
0.032
0.027
0.000
0.000
0.000
0.000
0.066
0.170
0.259
0.373
0.511
0.345
0.219
0.126
0.135
0.146
0.158
0.105
0.063
0.032
0.037
0.042
0.048
0.035
0.022
0.000
0.000
0.000
0.000
0.042
0.075
0.117
0.102
0.089
0.077
0.045
0.017
0.000
0.000
0.000
0.000
0.000
0.000
0.000
0.000
0.000
0.000
0.000
0.000
0.000
0.000
0.000
0.000
0.035
0.103
0.215
0.210
0.205
0.199
0.135
0.086
0.048
0.032
0.016
0.000
0.000
0.000
0.000
0.000
0.000
0.000
0.000
0.000
0.000
0.000
0.000
0.037
0.088
0.164
0.271
0.360
0.469
0.591
0.370
0.208
0.100
0.068
0.042
0.019
0.038
0.057
0.080
0.060
0.041
0.025
0.021
0.016
0.000
0.000
0.000
0.000
0.000
0.000
0.000
0.030
0.064
0.108
0.037
0.000
0.000
0.000
0.034
0.101
0.060
0.029
0.000
0.000
0.000
0.000
0.000
0.000
0.000
0.000
0.000
0.000
0.045
0.101
0.186
0.201
0.215
0.232
0.159
0.102
0.060
0.041
0.023
0.000
0.016
0.028
0.040
0.032
0.024
0.017
0.000
0.000
0.000
0.000
0.000
0.000
0.075
0.194
0.391
0.437
0.486
0.542
0.265
0.099
0.000
0.019
0.027
0.035
0.022
0.000
0.000
0.000
0.000
0.000
0.000
0.000
0.000
0.000
0.000
0.000
0.000
0.027
0.069
0.033
0.000
0.000
0.000
0.018
0.043
0.029
0.015
0.000
0.024
0.047
0.073
0.081
0.089
0.099
0.092
0.087
0.081
0.140
0.221
0.324
0.273
0.228
0.188
0.132
0.088
0.054
0.015
0.000
0.000
0.000
0.000
0.000
0.022
0.043
0.067
0.067
0.067
0.067
0.046
0.027
0.000
0.033
0.059
0.091
0.110
0.132
0.156
0.093
0.048
0.000
0.000
0.000
0.000
0.000
0.000
0.000
0.000
0.000
0.000
0.000
0.000
0.000
0.000
0.000
0.000
0.000
0.000
0.000
0.067
0.236
0.545
0.691
0.838
0.952
0.712
0.451
0.257
0.201
0.155
0.114
0.146
0.183
0.224
0.203
0.183
0.164
0.106
0.062
0.029
0.027
0.026
0.024
0.156
0.426
0.851
0.968
1.000
1.000
0.979
0.495
0.127
0.109
0.092
0.078
0.132
0.203
0.295
0.336
0.380
0.431
0.715
0.968
1.000
1.000
1.000
1.000
1.000
1.000
1.000
1.000
1.000
1.000
1.000
1.000
0.876
0.947
0.977
0.973
0.941
0.887
0.825
0.645
0.480
0.341
0.407
0.480
0.558
0.698
0.838
0.949
0.979
0.925
1.000
0.976
0.909
0.736
0.542
0.380
0.253
0.179
0.120
0.075
0.063
0.052
0.041
0.041
0.040
0.038
0.019
0.000
0.000
0.000
0.000
0.000
0.000
0.000
0.048
0.095
0.162
0.251
0.132
0.055
0.000
0.015
0.029
0.043
0.000
0.000
0.000
0.000
0.000
0.000
0.000
0.000
0.000
0.000
0.000
0.000
0.000
0.038
0.106
0.168
0.249
0.350
0.247
0.165
0.101
0.048
0.000
0.000
0.000
0.027
0.060
0.034
0.000
0.000
0.000
0.000
0.000
0.000
0.000
0.024
0.051
0.082
0.122
0.145
0.170
0.198
0.119
0.062
0.022
0.000
0.000
0.000
0.000
0.000
0.000
0.000
0.000
0.000
0.000
0.000
0.000
0.047
0.140
0.297
0.243
0.196
0.156
0.152
0.149
0.146
0.087
0.044
0.000
0.000
0.000
0.000
0.000
0.030
0.055
0.043
0.032
0.022
0.059
0.107
0.175
0.135
0.102
0.074
0.076
0.078
0.080
0.074
0.068
0.063
0.024
0.000
0.000
0.000
0.000
0.000
0.000
0.000
0.000
0.000
0.000
0.000
0.000
0.000
0.045
0.075
0.113
0.162
0.168
0.175
0.181
0.107
0.055
0.000
0.051
0.097
0.159
0.138
0.118
0.100
0.156
0.228
0.319
0.304
0.290
0.275
0.437
0.645
0.869
0.915
0.951
0.973
0.881
0.736
0.588
0.625
0.663
0.701
0.549
0.415
0.304
0.341
0.383
0.426
0.393
0.363
0.331
0.284
0.241
0.203
0.176
0.153
0.132
0.149
0.167
0.186
0.196
0.206
0.217
0.249
0.286
0.324
0.255
0.196
0.146
0.128
0.112
0.097
0.092
0.087
0.082
0.092
0.103
0.114
0.090
0.068
0.051
0.068
0.089
0.113
0.094
0.079
0.064
0.065
0.067
0.067
0.040
0.000
0.000
0.035
0.070
0.117
0.179
0.257
0.355
0.472
0.611
0.760
0.901
0.978
0.905
1.000
1.000
0.979
1.000
1.000
1.000
1.000
1.000
1.000
1.000
1.000
1.000
1.000
1.000
1.000
1.000
1.000
1.000
1.000
1.000
1.000
1.000
1.000
1.000
1.000
1.000
0.909
0.841
1.000
1.000
0.952
0.951
0.805
0.750
0.694
0.639
0.622
0.605
0.588
0.486
0.399
0.322
0.253
0.194
0.143
0.159
0.176
0.196
0.140
0.095
0.060
0.047
0.034
0.022
0.035
0.051
0.067
0.083
0.101
0.122
0.127
0.132
0.138
0.150
0.165
0.179
0.228
0.284
0.348
0.308
0.269
0.236
0.178
0.131
0.092
0.057
0.029
0.000
0.025
0.051
0.080
0.083
0.087
0.091
0.077
0.065
0.054
0.040
0.027
0.000
0.036
0.060
0.089
0.102
0.117
0.132
0.115
0.100
0.087
0.050
0.019
0.000
0.000
0.030
0.051
0.064
0.079
0.095
0.098
0.099
0.101
0.118
0.135
0.153
0.189
0.228
0.273
0.273
0.273
0.273
0.237
0.205
0.175
0.127
0.088
0.057
0.051
0.044
0.038
0.039
0.039
0.040
0.036
0.032
0.029
0.043
0.059
0.077
0.108
0.147
0.193
0.153
0.119
0.091
0.060
0.036
0.000
0.000
0.000
0.000
0.000
0.000
0.000
0.000
0.000
0.000
0.000
0.000
0.000
0.000
0.000
0.000
0.000
0.018
0.044
0.041
0.040
0.038
0.018
0.000
0.000
0.000
0.000
0.000
0.000
0.000
0.000
0.000
0.000
0.000
0.000
0.000
0.000
0.000
0.000
0.000
0.000
0.000
0.022
0.000
0.000
0.000
0.000
0.000
0.000
0.040
0.071
0.112
0.114
0.118
0.122
0.098
0.077
0.060
0.053
0.047
0.041
0.061
0.084
0.112
0.115
0.120
0.126
0.099
0.075
0.055
0.054
0.051
0.049
0.079
0.117
0.164
0.194
0.228
0.265
0.251
0.237
0.224
0.206
0.191
0.175
0.178
0.181
0.184
0.308
0.474
0.687
0.736
0.781
0.828
0.947
0.970
0.783
1.000
1.000
1.000
1.000
1.000
1.000
1.000
1.000
1.000
1.000
1.000
1.000
1.000
1.000
1.000
1.000
1.000
1.000
1.000
1.000
1.000
1.000
1.000
1.000
1.000
1.000
1.000
1.000
1.000
1.000
0.876
0.974
0.959
0.854
0.712
0.568
0.378
0.234
0.128
0.115
0.102
0.091
0.070
0.052
0.037
0.039
0.041
0.044
0.109
0.210
0.355
0.155
0.044
0.000
0.000
0.059
0.122
0.234
0.391
0.605
0.635
0.663
0.691
0.909
0.957
1.000
0.914
0.965
0.828
0.705
0.578
0.466
0.263
0.127
0.044
0.094
0.168
0.267
0.448
0.687
0.925
0.979
0.881
1.000
1.000
1.000
1.000
0.952
0.943
0.778
0.726
0.677
0.625
0.632
0.635
0.642
0.622
0.601
0.581
0.628
0.673
0.719
0.778
0.832
0.884
0.828
0.767
0.705
0.747
0.788
0.828
0.740
0.649
0.558
0.409
0.288
0.193
0.150
0.113
0.082
0.170
0.297
0.474
0.632
0.802
0.943
0.957
1.000
1.000
1.000
1.000
1.000
1.000
1.000
1.000
1.000
1.000
1.000
1.000
1.000
1.000
1.000
1.000
1.000
1.000
1.000
1.000
1.000
1.000
1.000
1.000
1.000
1.000
1.000
1.000
1.000
1.000
1.000
1.000
1.000
1.000
1.000
1.000
1.000
1.000
1.000
1.000
1.000
1.000
1.000
1.000
1.000
1.000
1.000
1.000
1.000
1.000
0.783
0.976
0.925
0.832
0.719
0.605
0.625
0.642
0.663
0.571
0.486
0.412
0.322
0.245
0.181
0.147
0.118
0.092
0.035
0.000
0.000
0.000
0.000
0.019
0.066
0.133
0.230
0.293
0.363
0.445
0.598
0.767
0.917
0.971
0.970
0.876
1.000
1.000
1.000
1.000
1.000
1.000
1.000
1.000
0.783
1.000
1.000
1.000
1.000
1.000
1.000
1.000
1.000
1.000
1.000
1.000
1.000
1.000
1.000
1.000
1.000
1.000
1.000
1.000
1.000
1.000
1.000
0.932
0.615
0.785
0.932
0.971
1.000
1.000
1.000
1.000
1.000
1.000
1.000
1.000
1.000
1.000
1.000
1.000
1.000
1.000
1.000
1.000
1.000
1.000
1.000
1.000
1.000
1.000
1.000
1.000
1.000
1.000
1.000
1.000
1.000
1.000
1.000
1.000
1.000
1.000
1.000
1.000
1.000
1.000
1.000
1.000
1.000
1.000
1.000
1.000
1.000
1.000
1.000
0.979
0.945
0.863
0.757
0.818
0.873
0.922
0.947
0.967
0.977
0.847
1.000
1.000
1.000
1.000
1.000
1.000
1.000
1.000
1.000
1.000
1.000
1.000
1.000
1.000
1.000
1.000
1.000
1.000
1.000
1.000
1.000
1.000
1.000
1.000
1.000
1.000
1.000
1.000
1.000
1.000
1.000
1.000
1.000
1.000
1.000
1.000
0.834
0.944
0.970
0.979
0.973
0.977
0.950
0.881
0.905
0.921
0.935
0.970
0.979
0.967
0.943
0.912
0.873
0.835
0.798
0.757
0.652
0.549
0.454
0.418
0.380
0.348
0.378
0.409
0.443
0.514
0.595
0.677
0.764
0.848
0.917
0.884
0.845
0.802
0.845
0.884
0.917
0.873
0.822
0.767
0.591
0.434
0.306
0.295
0.282
0.271
0.282
0.293
0.304
0.322
0.343
0.365
0.282
0.210
0.152
0.129
0.110
0.092
0.075
0.059
0.045
0.047
0.051
0.054
0.056
0.060
0.063
0.055
0.047
0.040
0.055
0.074
0.095
0.131
0.173
0.222
0.261
0.306
0.355
0.360
0.365
0.373
0.341
0.310
0.282
0.267
0.253
0.239
0.245
0.249
0.253
0.306
0.363
0.426
0.511
0.601
0.701
0.825
0.929
0.979
0.973
0.962
0.947
0.978
0.963
0.881
1.000
1.000
1.000
1.000
1.000
0.896
0.959
0.979
0.967
0.918
1.000
1.000
1.000
1.000
1.000
1.000
1.000
1.000
1.000
1.000
1.000
1.000
1.000
1.000
1.000
0.821
0.950
0.961
0.848
0.691
0.578
0.474
0.383
0.319
0.075
0.088
0.102
0.118
0.133
0.152
0.171
0.193
0.213
0.237
0.263
0.290
0.317
0.348
0.380
0.415
0.799
1.000
1.000
1.000
0.870
0.952
0.743
0.961
0.814
1.000
1.000
1.000
0.905
0.977
0.893
0.750
0.608
0.480
0.368
0.520
0.701
0.881
0.869
0.860
0.851
0.687
0.526
0.391
0.286
0.203
0.136
0.153
0.173
0.193
0.176
0.162
0.147
0.150
0.153
0.156
0.168
0.181
0.196
0.186
0.178
0.170
0.275
0.412
0.588
0.542
0.499
0.457
0.243
0.105
0.025
0.000
0.000
0.000
0.000
0.000
0.024
0.046
0.070
0.100
0.075
0.054
0.035
0.027
0.019
0.000
0.000
0.000
0.000
0.000
0.000
0.024
0.053
0.088
0.135
0.113
0.094
0.078
0.038
0.000
0.000
0.000
0.000
0.000
0.000
0.000
0.000
0.000
0.000
0.000
0.030
0.059
0.093
0.170
0.273
0.412
0.370
0.331
0.295
0.237
0.188
0.146
0.128
0.113
0.099
0.126
0.158
0.193
0.205
0.217
0.230
0.191
0.156
0.126
0.158
0.196
0.237
0.251
0.267
0.282
0.234
0.189
0.152
0.158
0.162
0.168
0.251
0.355
0.483
0.622
0.774
0.912
0.712
0.505
0.333
0.203
0.109
0.047
0.024
0.000
0.000
0.018
0.057
0.109
0.081
0.057
0.037
0.041
0.046
0.051
0.000
0.000
0.000
0.000
0.000
0.000
0.000
0.020
0.029
0.035
0.041
0.048
0.019
0.000
0.000
0.000
0.000
0.000
0.020
0.112
0.282
0.226
0.176
0.135
0.128
0.122
0.117
0.100
0.085
0.071
0.054
0.038
0.022
0.042
0.064
0.089
0.123
0.162
0.210
0.106
0.039
0.000
0.000
0.026
0.046
0.051
0.057
0.063
0.051
0.040
0.030
0.047
0.066
0.088
0.060
0.037
0.015
0.000
0.000
0.000
0.000
0.000
0.000
0.000
0.000
0.000
0.000
0.026
0.082
0.035
0.000
0.000
0.000
0.000
0.000
0.000
0.000
0.017
0.000
0.000
0.000
0.000
0.000
0.000
0.000
0.000
0.000
0.000
0.043
0.126
0.127
0.128
0.131
0.112
0.094
0.080
0.091
0.103
0.117
0.120
0.126
0.131
0.159
0.193
0.230
0.275
0.329
0.386
0.611
0.863
0.971
0.967
0.904
0.812
0.750
0.687
0.625
0.581
0.542
0.505
0.625
0.757
0.881
0.890
0.901
0.912
0.917
0.925
0.932
0.848
0.743
0.639
0.729
0.815
0.896
0.956
0.979
0.944
0.976
0.912
0.802
0.539
0.326
0.176
0.149
0.124
0.101
0.080
0.061
0.045
0.045
0.046
0.046
0.061
0.080
0.100
0.164
0.247
0.355
0.290
0.236
0.186
0.181
0.176
0.173
0.158
0.143
0.131
0.129
0.129
0.128
0.117
0.105
0.093
0.062
0.036
0.000
0.017
0.022
0.027
0.089
0.191
0.341
0.409
0.486
0.568
0.605
0.642
0.680
0.670
0.656
0.642
0.558
0.480
0.407
0.313
0.234
0.168
0.105
0.057
0.022
0.026
0.030
0.035
0.117
0.257
0.472
0.407
0.348
0.297
0.304
0.308
0.315
0.253
0.198
0.152
0.215
0.295
0.391
0.517
0.663
0.815
0.677
0.545
0.426
0.466
0.505
0.545
0.533
0.520
0.508
0.418
0.336
0.267
0.286
0.306
0.324
0.263
0.210
0.164
0.149
0.135
0.122
0.119
0.117
0.114
0.097
0.080
0.065
0.067
0.067
0.069
0.055
0.042
0.030
0.000
0.000
0.000
0.000
0.000
0.000
0.000
0.000
0.000
0.000
0.000
0.000
0.000
0.000
0.000
0.000
0.000
0.000
0.000
0.000
0.000
0.000
0.000
0.000
0.000
0.000
0.021
0.037
0.055
0.074
0.073
0.071
0.070
0.069
0.067
0.067
0.067
0.067
0.067
0.074
0.082
0.091
0.032
0.000
0.000
0.024
0.147
0.396
0.150
0.027
0.000
0.000
0.000
0.000
0.000
0.000
0.000
0.000
0.000
0.032
0.075
0.133
0.215
0.251
0.293
0.338
0.288
0.245
0.205
0.259
0.319
0.391
0.401
0.412
0.423
0.333
0.259
0.196
0.150
0.112
0.080
0.057
0.038
0.019
0.029
0.038
0.048
0.032
0.017
0.000
0.000
0.019
0.027
0.018
0.000
0.000
0.000
0.000
0.000
0.000
0.000
0.000
0.000
0.000
0.000
0.000
0.000
0.000
0.000
0.016
0.037
0.041
0.046
0.051
0.051
0.052
0.054
0.061
0.070
0.080
0.072
0.066
0.060
0.047
0.036
0.025
0.000
0.000
0.000
0.000
0.000
0.000
0.000
0.000
0.000
0.000
0.000
0.000
0.000
0.000
0.000
0.000
0.000
0.000
0.000
0.000
0.000
0.000
0.030
0.065
0.049
0.035
0.021
0.022
0.022
0.024
0.018
0.000
0.000
0.022
0.036
0.051
0.050
0.047
0.046
0.040
0.033
0.027
0.035
0.044
0.052
0.035
0.019
0.000
0.000
0.000
0.000
0.000
0.000
0.000
0.000
0.000
0.000
0.000
0.000
0.025
0.018
0.000
0.000
0.000
0.000
0.000
0.000
0.000
0.000
0.000
0.000
0.000
0.000
0.000
0.032
0.027
0.022
0.017
0.021
0.024
0.029
0.020
0.000
0.000
0.000
0.000
0.000
0.000
0.000
0.000
0.000
0.000
0.000
0.020
0.031
0.041
0.049
0.057
0.065
0.046
0.029
0.000
0.015
0.019
0.024
0.024
0.024
0.024
0.018
0.000
0.000
0.070
0.176
0.348
0.353
0.358
0.363
0.373
0.383
0.393
0.463
0.542
0.625
0.708
0.791
0.869
0.962
0.963
0.783
1.000
1.000
1.000
1.000
1.000
1.000
1.000
1.000
1.000
1.000
1.000
1.000
1.000
1.000
1.000
1.000
1.000
1.000
1.000
1.000
1.000
1.000
1.000
1.000
1.000
1.000
1.000
1.000
0.918
0.964
0.876
1.000
1.000
1.000
1.000
1.000
1.000
1.000
0.973
0.887
0.684
0.578
0.480
0.396
0.319
0.255
0.198
0.150
0.109
0.076
0.050
0.027
0.000
0.000
0.000
0.000
0.000
0.110
0.495
0.968
0.917
0.733
0.533
0.454
0.386
0.322
0.251
0.191
0.140
0.126
0.113
0.100
0.103
0.107
0.112
0.085
0.062
0.043
0.084
0.140
0.215
0.429
0.733
0.977
0.854
0.656
0.472
0.396
0.329
0.271
0.188
0.122
0.073
0.062
0.053
0.044
0.050
0.055
0.061
0.056
0.051
0.047
0.113
0.213
0.355
0.338
0.324
0.308
0.230
0.165
0.113
0.067
0.032
0.000
0.000
0.000
0.000
0.000
0.000
0.022
0.000
0.000
0.000
0.000
0.000
0.000
0.000
0.000
0.000
0.000
0.074
0.181
0.171
0.162
0.153
0.120
0.092
0.069
0.044
0.023
0.000
0.000
0.000
0.000
0.023
0.032
0.041
0.032
0.022
0.000
0.031
0.049
0.069
0.184
0.373
0.649
0.451
0.295
0.179
0.173
0.167
0.159
0.158
0.156
0.153
0.186
0.221
0.259
0.243
0.226
0.212
0.212
0.210
0.210
0.315
0.448
0.611
0.615
0.615
0.618
0.694
0.771
0.841
0.684
0.530
0.396
0.306
0.228
0.164
0.156
0.147
0.140
0.124
0.109
0.095
0.085
0.075
0.065
0.067
0.070
0.073
0.044
0.020
0.000
0.000
0.000
0.000
0.000
0.053
0.123
0.127
0.131
0.135
0.136
0.139
0.142
0.139
0.136
0.135
0.123
0.112
0.101
0.114
0.128
0.143
0.091
0.052
0.021
0.022
0.023
0.024
0.022
0.019
0.015
0.068
0.149
0.267
0.219
0.176
0.138
0.139
0.140
0.142
0.135
0.128
0.122
0.053
0.000
0.000
0.000
0.041
0.095
0.093
0.092
0.091
0.037
0.000
0.000
0.027
0.136
0.345
0.399
0.460
0.523
0.736
0.929
0.950
0.827
1.000
1.000
1.000
1.000
1.000
1.000
1.000
1.000
1.000
1.000
1.000
1.000
1.000
0.853
0.950
0.979
0.959
0.863
0.736
0.601
0.591
0.578
0.568
0.508
0.451
0.396
0.448
0.502
0.558
0.705
0.851
0.959
0.857
0.722
0.581
0.542
0.502
0.463
0.301
0.181
0.095
0.107
0.120
0.135
0.149
0.165
0.181
0.176
0.171
0.167
0.084
0.030
0.000
0.000
0.000
0.000
0.000
0.039
0.078
0.017
0.000
0.000
0.000
0.061
0.193
0.086
0.021
0.000
0.000
0.000
0.000
0.000
0.000
0.000
0.000
0.000
0.000
0.000
0.000
0.000
0.000
0.000
0.000
0.031
0.060
0.097
0.064
0.037
0.000
0.000
0.000
0.000
0.019
0.026
0.032
0.033
0.033
0.033
0.000
0.000
0.000
0.000
0.000
0.051
0.064
0.080
0.097
0.129
0.168
0.212
0.173
0.138
0.108
0.059
0.022
0.000
0.000
0.000
0.000
0.000
0.000
0.000
0.020
0.038
0.058
0.030
0.000
0.000
0.000
0.000
0.000
0.000
0.051
0.138
0.188
0.247
0.315
0.301
0.288
0.275
0.338
0.407
0.486
0.578
0.680
0.781
0.959
0.891
1.000
1.000
1.000
0.909
0.857
0.520
0.261
0.255
0.249
0.243
0.226
0.208
0.193
0.179
0.168
0.156
0.112
0.075
0.047
0.076
0.113
0.158
0.201
0.251
0.308
0.319
0.329
0.338
0.267
0.206
0.156
0.145
0.135
0.126
0.127
0.128
0.131
0.139
0.147
0.156
0.135
0.114
0.097
0.099
0.101
0.103
0.067
0.039
0.000
0.016
0.019
0.022
0.018
0.000
0.000
0.000
0.000
0.000
0.000
0.000
0.000
0.015
0.038
0.064
0.068
0.073
0.078
0.072
0.066
0.060
0.055
0.048
0.043
0.015
0.000
0.000
0.000
0.000
0.000
0.000
0.000
0.022
0.000
0.000
0.000
0.016
0.040
0.065
0.042
0.022
0.000
0.000
0.000
0.000
0.000
0.000
0.000
0.000
0.000
0.000
0.000
0.000
0.015
0.000
0.000
0.000
0.000
0.000
0.038
0.038
0.038
0.038
0.030
0.021
0.000
0.000
0.000
0.000
0.000
0.000
0.000
0.000
0.000
0.000
0.000
0.000
0.000
0.000
0.000
0.000
0.000
0.024
0.065
0.085
0.107
0.132
0.114
0.099
0.084
0.076
0.069
0.063
0.022
0.000
0.000
0.000
0.000
0.000
0.000
0.000
0.041
0.055
0.073
0.092
0.056
0.027
0.000
0.024
0.050
0.080
0.055
0.035
0.015
0.022
0.027
0.033
0.000
0.000
0.000
0.000
0.000
0.000
0.000
0.000
0.000
0.000
0.035
0.063
0.046
0.030
0.015
0.000
0.000
0.000
0.000
0.000
0.000
0.000
0.016
0.037
0.000
0.000
0.000
0.000
0.000
0.000
0.000
0.000
0.000
0.000
0.000
0.000
0.000
0.000
0.000
0.000
0.000
0.000
0.000
0.000
0.000
0.000
0.000
0.000
0.000
0.000
0.000
0.000
0.000
0.000
0.000
0.000
0.000
0.000
0.000
0.000
0.000
0.000
0.000
0.000
0.000
0.000
0.000
0.022
0.048
0.049
0.050
0.051
0.038
0.027
0.016
0.000
0.000
0.000
0.000
0.000
0.000
0.038
0.073
0.118
0.075
0.042
0.000
0.031
0.049
0.069
0.127
0.206
0.313
0.290
0.269
0.247
0.226
0.205
0.186
0.140
0.101
0.070
0.023
0.000
0.000
0.000
0.067
0.175
0.196
0.221
0.245
0.308
0.380
0.463
0.605
0.760
0.904
0.901
0.901
0.901
0.970
1.000
1.000
1.000
1.000
1.000
1.000
1.000
1.000
1.000
1.000
1.000
1.000
1.000
1.000
0.821
0.965
0.967
0.920
0.851
0.774
0.549
0.363
0.222
0.322
0.448
0.601
0.286
0.101
0.000
0.063
0.150
0.288
0.391
0.514
0.656
0.959
1.000
1.000
1.000
1.000
1.000
1.000
1.000
1.000
1.000
1.000
1.000
1.000
1.000
1.000
1.000
1.000
1.000
1.000
1.000
0.909
0.967
0.832
0.642
0.598
0.558
0.517
0.618
0.729
0.838
0.854
0.869
0.884
0.698
0.511
0.355
0.440
0.536
0.642
0.508
0.391
0.295
0.237
0.188
0.146
0.253
0.747
0.656
0.568
0.489
0.415
0.348
0.288
0.237