0
0
0
0
0
0
0
1.53914E-05
6.4967E-05
0.000154351
0.000203539
0.000230365
0.000233025
0.000211436
0.000163576
5.12602E-05
1.3129E-05
0
0
0
0
0
0
0
0
0
0
0
0
0
0
1.57356E-05
6.62122E-05
0.00015695
0.000205521
0.000231382
0.000233871
0.00021112
0.00016279
5.11513E-05
1.31523E-05
0
0
0
0
0
0
0
0
0
0
0
0
0
0
1.56E-05
6.56772E-05
0.000155798
0.000204309
0.000231286
0.000234444
0.000212914
0.000164547
5.14746E-05
1.31717E-05
0
0
0
0
0
0
0
0
0
0
0
0
0
0
1.56466E-05
6.60572E-05
0.000156634
0.00020541
0.000232205
0.000235314
0.000212878
0.000164127
5.14482E-05
1.32074E-05
0
0
0
0
0
0
0
0
0
0
0
0
0
0
1.58331E-05
6.71457E-05
0.000159734
0.000209561
0.00023648
0.000238385
0.000216115
0.000166754
5.23178E-05
1.35293E-05
0
0
0
0
0
0
0
0
0
0
0
0
0
0
1.58514E-05
6.68664E-05
0.000158603
0.000208203
0.000235897
0.000239017
0.000217274
0.000168228
5.24338E-05
1.35925E-05
0
0
0
0
0
0
0
0
0
0
0
0
0
0
1.58995E-05
6.70122E-05
0.00015887
0.00020928
0.000237967
0.000240722
0.000217226
0.000167566
5.23497E-05
1.34368E-05
0
0
0
0
0
0
0
0
0
0
0
0
0
0
1.58716E-05
6.68664E-05
0.000158574
0.000207884
0.000235001
0.000238034
0.000215707
0.000166459
5.19891E-05
1.33478E-05
0
0
0
0
0
0
0
0
0
0
0
0
0
0
1.5783E-05
6.65377E-05
0.00015806
0.000207872
0.000235137
0.00023821
0.000214747
0.000165133
5.16211E-05
1.33401E-05
0
0
0
0
0
0
0
0
0
0
0
0
0
0
1.59244E-05
6.71982E-05
0.00015943
0.000208925
0.000235246
0.000238021
0.000215287
0.000167243
5.25294E-05
1.3511E-05
0
0
0
0
0
0
0
0
0
0
0
0
0
0
1.58918E-05
6.68786E-05
0.00015847
0.00020808
0.000235626
0.000238304
0.000216498
0.000167888
5.25815E-05
1.35849E-05
0
0
0
0
0
0
0
0
0
0
0
0
0
0
1.56931E-05
6.60736E-05
0.000156509
0.000206384
0.000233926
0.000237832
0.000215395
0.000166865
5.21609E-05
1.3387E-05
0
0
0
0
0
0
0
0
0
0
0
0
0
0
1.55241E-05
6.54478E-05
0.000154535
0.000202507
0.000229374
0.000233298
0.000212587
0.000163912
5.15918E-05
1.32854E-05
0
0
0
0
0
0
0
0
0
0
0
0
0
0
1.58927E-05
6.70122E-05
0.000158736
0.000207602
0.000234008
0.000236223
0.000213252
0.0001649
5.17118E-05
1.33532E-05
0
0
0
0
0
0
0
0
0
0
0
0
0
0
1.57646E-05
6.63181E-05
0.000157094
0.000205434
0.000232205
0.000235382
0.000212926
0.000164267
5.15684E-05
1.328E-05
0
0
0
0
0
0
0
0
0
0
0
0
0
0
1.55592E-05
6.54929E-05
0.00015549
0.000203788
0.00023009
0.000232341
0.000210998
0.000163267
5.11955E-05
1.32259E-05
0
0
0
0
0
0
0
0
0
0
0
0
0
0
1.57134E-05
6.62651E-05
0.000156759
0.000205681
0.000231739
0.000233489
0.000210986
0.000163099
5.13454E-05
1.3263E-05
0
0
0
0
0
0
0
0
0
0
0
0
0
0
1.57018E-05
6.60083E-05
0.000156471
0.000206286
0.000233025
0.000235246
0.00021318
0.000164649
5.16445E-05
1.3307E-05
0
0
0
0
0
0
0
0
0
0
0
0
0
0
1.57163E-05
6.63222E-05
0.000158031
0.000206815
0.000233762
0.000237346
0.000215215
0.000166569
5.22539E-05
1.35217E-05
0
0
0
0
0
0
0
0
0
0
0
0
0
0
1.59513E-05
6.7396E-05
0.000159601
0.000208999
0.000235558
0.000237021
0.000214566
0.000166449
5.20532E-05
1.34912E-05
0
0
0
0
0
0
0
0
0
0
0
0
0
0
1.59791E-05
6.7517E-05
0.000160993
0.000211521
0.000238668
0.000241123
0.000216761
0.000166699
5.24918E-05
1.35331E-05
0
0
0
0
0
0
0
0
0
0
0
0
0
0
1.59647E-05
6.71416E-05
0.000158898
0.000208583
0.000236128
0.000238654
0.000216593
0.000167234
5.24396E-05
1.35316E-05
0
0
0
0
0
0
0
0
0
0
0
0
0
0
1.55339E-05
6.5542E-05
0.000155904
0.00020557
0.000232109
0.000234906
0.000212986
0.000164752
5.13307E-05
1.33261E-05
0
0
0
0
0
0
0
0
0
0
0
0
0
0
1.54739E-05
6.51691E-05
0.000154953
0.00020429
0.000231022
0.000234726
0.000211887
0.000164105
5.15283E-05
1.33671E-05
0
0
0
0
0
0
0
0
0
0
0
0
0
0
1.5331E-05
6.46242E-05
0.000154087
0.000203734
0.000232368
0.000235726
0.000214028
0.000164503
5.1569E-05
1.33532E-05
0
0
0
0
0
0
0
0
0
0
0
0
0
0
1.52031E-05
6.39529E-05
0.000152306
0.000201663
0.000229349
0.00023228
0.000211253
0.000163437
5.12182E-05
1.32174E-05
0
0
0
0
0
0
0
0
0
0
0
0
0
0
1.52933E-05
6.46154E-05
0.000154211
0.000205108
0.000232353
0.000235132
0.000212016
0.000164254
5.14971E-05
1.33376E-05
0
0
0
0
0
0
0
0
0
0
0
0
0
0
1.57741E-05
6.6525E-05
0.00015836
0.000208521
0.000234595
0.000236463
0.000214849
0.000165603
5.2027E-05
1.34685E-05
0
0
0
0
0
0
0
0
0
0
0
0
0
0
1.53832E-05
6.49453E-05
0.000155118
0.000204263
0.000231125
0.000235422
0.000213655
0.000164979
5.18808E-05
1.34318E-05
0
0
0
0
0
0
0
0
0
0
0
0
0
0
1.56585E-05
6.61516E-05
0.000157352
0.000206976
0.000234581
0.000237444
0.000214721
0.000165989
5.2235E-05
1.35443E-05
0
0
0
0
0
0
0
0
0
0
0
0
0
0
1.59014E-05
6.69706E-05
0.000158848
0.000209681
0.000237646
0.0002409
0.000218686
0.000168741
5.30399E-05
1.3661E-05
0
0
0
0
0
0
0
0
0
0
0
0
0
0
4.34412E-05
0.000132637
0.000204084
0.00025742
0.000287382
0.00028924
0.000265151
0.000214083
0.000102011
2.46245E-05
0
0
0
0
0
0
0
0
0
0
0
0
0
0
4.36295E-05
0.000133211
0.000203449
0.000255228
0.000284765
0.000287834
0.000264759
0.000213454
0.00010224
2.4897E-05
0
0
0
0
0
0
0
0
0
0
0
0
0
0
4.38117E-05
0.00013392
0.000205028
0.000258488
0.000287695
0.0002909
0.000266589
0.000215287
0.00010266
2.49586E-05
0
0
0
0
0
0
0
0
0
0
0
0
0
0
4.32721E-05
0.000132052
0.000203021
0.000255164
0.000284397
0.000287086
0.000265041
0.000213932
0.00010254
2.48617E-05
0
0
0
0
0
0
0
0
0
0
0
0
0
0
4.35789E-05
0.000133005
0.00020376
0.000256078
0.000284747
0.000287278
0.000263912
0.000213051
0.000101638
2.46924E-05
0
0
0
0
0
0
0
0
0
0
0
0
0
0
4.34496E-05
0.000132731
0.000202723
0.000255645
0.000285551
0.000289846
0.000267198
0.000215437
0.000103061
2.47956E-05
0
0
0
0
0
0
0
0
0
0
0
0
0
0
4.31367E-05
0.000132018
0.000202554
0.000255517
0.000285307
0.000288459
0.000265135
0.000213542
0.000101873
2.47352E-05
0
0
0
0
0
0
0
0
0
0
0
0
0
0
4.25305E-05
0.000130663
0.000200559
0.000253831
0.000283503
0.000287452
0.000264524
0.000213592
0.000101577
2.47057E-05
0
0
0
0
0
0
0
0
0
0
0
0
0
0
4.25126E-05
0.000129953
0.000200062
0.000253138
0.000281534
0.000285464
0.000262085
0.000211851
0.000101897
2.4775E-05
0
0
0
0
0
0
0
0
0
0
0
0
0
0
4.21214E-05
0.000128743
0.000198304
0.000249906
0.00027699
0.000279958
0.00025736
0.00020833
9.95805E-05
2.41559E-05
0
0
0
0
0
0
0
0
0
0
0
0
0
0
4.23829E-05
0.00012973
0.000198825
0.00025017
0.000278014
0.000280474
0.000257285
0.00020741
9.90149E-05
2.39961E-05
0
0
0
0
0
0
0
0
0
0
0
0
0
0
4.21509E-05
0.000129043
0.000198648
0.000250451
0.00028053
0.000283725
0.000261298
0.000212372
0.000101318
2.43879E-05
0
0
0
0
0
0
0
0
0
0
0
0
0
0
4.15842E-05
0.00012747
0.000196066
0.000249837
0.000281101
0.000284043
0.000262009
0.000212232
0.000102071
2.46908E-05
0
0
0
0
0
0
0
0
0
0
0
0
0
0
4.16047E-05
0.000127359
0.000196045
0.000249747
0.000281184
0.000285659
0.000263911
0.000214112
0.000102284
2.46091E-05
0
0
0
0
0
0
0
0
0
0
0
0
0
0
4.18771E-05
0.000128134
0.000197994
0.000252125
0.000282685
0.000286774
0.000267024
0.000215932
0.000103339
2.50087E-05
0
0
0
0
0
0
0
0
0
0
0
0
0
0
4.34435E-05
0.000133283
0.000204013
0.000257398
0.000287242
0.000290255
0.000267258
0.00021534
0.000103463
2.50006E-05
0
0
0
0
0
0
0
0
0
0
0
0
0
0
4.31497E-05
0.000132295
0.000203748
0.000256604
0.000285673
0.000289681
0.00026668
0.00021611
0.000103941
2.53262E-05
0
0
0
0
0
0
0
0
0
0
0
0
0
0
4.33724E-05
0.000132661
0.000203911
0.000257486
0.000288257
0.000292406
0.000270273
0.000218398
0.00010476
2.534E-05
0
0
0
0
0
0
0
0
0
0
0
0
0
0
4.29823E-05
0.000131609
0.000202005
0.000254808
0.000283531
0.000286265
0.000262606
0.000212232
0.000101576
2.46861E-05
0
0
0
0
0
0
0
0
0
0
0
0
0
0
4.34547E-05
0.00013354
0.000205217
0.000258254
0.000287256
0.000289667
0.000266421
0.000214974
0.000103098
2.49705E-05
0
0
0
0
0
0
0
0
0
0
0
0
0
0
4.30248E-05
0.000131819
0.000202457
0.000255353
0.000284721
0.000288737
0.000266692
0.000215899
0.000103344
2.48941E-05
0
0
0
0
0
0
0
0
0
0
0
0
0
0
4.32812E-05
0.000132715
0.000204013
0.000257927
0.000287118
0.000290022
0.000267024
0.000216937
0.000104002
2.52356E-05
0
0
0
0
0
0
0
0
0
0
0
0
0
0
4.25093E-05
0.000130941
0.000202364
0.0002562
0.000287434
0.000290746
0.000266901
0.000215686
0.000103607
2.50929E-05
0
0
0
0
0
0
0
0
0
0
0
0
0
0
4.35878E-05
0.000134025
0.000206275
0.000261098
0.000292338
0.00029649
0.000272428
0.000221079
0.000106298
2.57942E-05
0
0
0
0
0
0
0
0
0
0
0
0
0
0
4.36654E-05
0.000134402
0.000207936
0.000262245
0.00029299
0.000296772
0.000274246
0.000222005
0.000105612
2.56866E-05
0
0
0
0
0
0
0
0
0
0
0
0
0
0
4.33124E-05
0.000132817
0.000205665
0.000260686
0.000289927
0.000293776
0.000270932
0.000217477
0.0001041
2.52276E-05
0
0
0
0
0
0
0
0
0
0
0
0
0
0
4.36078E-05
0.000134032
0.00020661
0.000260848
0.000292447
0.000296274
0.000272113
0.000219551
0.000105468
2.54749E-05
0
0
0
0
0
0
0
0
0
0
0
0
0
0
4.36986E-05
0.000134402
0.000206427
0.000260673
0.000290991
0.000294182
0.000271066
0.000219005
0.000105352
2.55342E-05
0
0
0
0
0
0
0
0
0
0
0
0
0
0
4.54102E-05
0.000139907
0.000215512
0.000274089
0.000309525
0.000314506
0.00029138
0.000234581
0.000114881
2.82005E-05
0
0
0
0
0
0
0
0
0
0
0
0
0
4.5465E-05
0.000115496
0.000197736
0.000268438
0.000321144
0.000350407
0.000355056
0.000333902
0.000287083
0.000215002
0.000100538
2.99558E-05
0
0
0
0
0
0
0
0
0
0
0
0
4.5465E-05
0.000115507
0.000197648
0.000268983
0.000321717
0.000351657
0.000357057
0.000338594
0.000292181
0.000218864
0.000101993
3.03215E-05
0
0
0
0
0
0
0
0
0
0
0
0
4.55152E-05
0.000115617
0.000198147
0.000269644
0.000321943
0.000350182
0.000355215
0.000334753
0.000286174
0.000214259
0.000100215
2.98793E-05
0
0
0
0
0
0
0
0
0
0
0
0
4.5695E-05
0.000116329
0.00019931
0.000270744
0.000321777
0.000350712
0.000354229
0.000331959
0.000283576
0.000212356
9.94758E-05
2.96721E-05
0
0
0
0
0
0
0
0
0
0
0
0
4.58653E-05
0.000116802
0.000200187
0.000271042
0.0003225
0.000349315
0.000352761
0.000330925
0.000282433
0.000210214
9.79011E-05
2.93798E-05
0
0
0
0
0
0
0
0
0
0
0
0
4.51428E-05
0.000115107
0.000197079
0.000268464
0.000319498
0.000347188
0.000349685
0.000328375
0.000281275
0.000209856
9.82334E-05
2.95668E-05
0
0
0
0
0
0
0
0
0
0
0
0
4.52961E-05
0.000115223
0.00019801
0.000268685
0.000320027
0.00034822
0.000352074
0.000331028
0.000284452
0.000212337
9.96249E-05
2.97785E-05
0
0
0
0
0
0
0
0
0
0
0
0
4.54012E-05
0.000115362
0.000198049
0.000269748
0.000323341
0.00035316
0.000358718
0.000337065
0.000286461
0.000214965
0.000100655
3.0163E-05
0
0
0
0
0
0
0
0
0
0
0
0
4.56427E-05
0.000116225
0.000199349
0.000270757
0.00032274
0.00035084
0.000354308
0.000333579
0.000286237
0.000215141
0.000100612
3.02004E-05
0
0
0
0
0
0
0
0
0
0
0
0
4.54149E-05
0.000116057
0.00019969
0.000270951
0.000322981
0.000351609
0.000357247
0.000336349
0.000288769
0.00021664
0.00010109
3.02869E-05
0
0
0
0
0
0
0
0
0
0
0
0
4.56131E-05
0.000116017
0.000200352
0.000272679
0.000326007
0.000356407
0.000360688
0.000339771
0.000291506
0.000218681
0.000102174
3.05124E-05
0
0
0
0
0
0
0
0
0
0
0
0
4.61122E-05
0.000117222
0.00020141
0.000274579
0.000328494
0.0003575
0.000362995
0.000342289
0.000293956
0.000219842
0.000102835
3.08143E-05
0
0
0
0
0
0
0
0
0
0
0
0
4.61303E-05
0.000117636
0.000201837
0.000274835
0.000327825
0.000358528
0.000363434
0.000342995
0.000294529
0.000221117
0.000103365
3.10122E-05
0
0
0
0
0
0
0
0
0
0
0
0
4.57642E-05
0.000116489
0.000200798
0.00027392
0.000326004
0.000356085
0.000361866
0.000342155
0.00029407
0.000221047
0.000103025
3.08923E-05
0
0
0
0
0
0
0
0
0
0
0
0
4.55048E-05
0.000116086
0.000199463
0.000273147
0.000325121
0.000354877
0.000359325
0.00033922
0.000291017
0.000217999
0.000102442
3.07536E-05
0
0
0
0
0
0
0
0
0
0
0
0
4.50294E-05
0.000114788
0.000199566
0.000273649
0.000326587
0.000356621
0.000362529
0.000343706
0.000295741
0.000221037
0.000103088
3.10304E-05
0
0
0
0
0
0
0
0
0
0
0
0
4.5854E-05
0.000116952
0.000201478
0.000275641
0.00032726
0.000356771
0.00036138
0.000342029
0.000293773
0.00022007
0.000102659
3.08498E-05
0
0
0
0
0
0
0
0
0
0
0
0
4.62184E-05
0.00011854
0.000203738
0.000277095
0.000328673
0.000357373
0.000361191
0.000338842
0.000289585
0.000216907
0.000101285
3.04581E-05
0
0
0
0
0
0
0
0
0
0
0
0
4.66126E-05
0.000118974
0.000205484
0.000279114
0.000332254
0.000360798
0.000362854
0.000340148
0.00029126
0.000217699
0.000101579
3.05666E-05
0
0
0
0
0
0
0
0
0
0
0
0
4.56609E-05
0.000116502
0.00020174
0.000276534
0.000327974
0.00035818
0.000362306
0.000340453
0.000292806
0.00021912
0.000102243
3.07407E-05
0
0
0
0
0
0
0
0
0
0
0
0
4.58563E-05
0.000117125
0.00020261
0.000276891
0.000330185
0.00036042
0.000363684
0.000341971
0.000293602
0.000219961
0.000102663
3.10109E-05
0
0
0
0
0
0
0
0
0
0
0
0
4.60557E-05
0.000117596
0.000203401
0.000277845
0.000329563
0.00035927
0.000364121
0.000343226
0.000295126
0.000221008
0.000103288
3.09481E-05
0
0
0
0
0
0
0
0
0
0
0
0
4.62591E-05
0.000118014
0.000203015
0.000276929
0.000328242
0.000356851
0.000361238
0.00033919
0.000289869
0.000216547
0.000101389
3.05455E-05
0
0
0
0
0
0
0
0
0
0
0
0
4.64124E-05
0.000118614
0.000204871
0.000278556
0.000329622
0.000357468
0.000360106
0.0003381
0.000287492
0.000214389
0.00010001
3.01844E-05
0
0
0
0
0
0
0
0
0
0
0
0
4.57564E-05
0.000117136
0.000202378
0.000274796
0.000326827
0.000355152
0.000359333
0.000338522
0.00028935
0.000215762
0.000101064
3.05362E-05
0
0
0
0
0
0
0
0
0
0
0
0
4.62252E-05
0.000118026
0.000202909
0.000275909
0.000327349
0.000355645
0.000358718
0.000336831
0.000288137
0.000216547
0.000101544
3.06722E-05
0
0
0
0
0
0
0
0
0
0
0
0
4.63944E-05
0.000118711
0.000204276
0.000277018
0.000329118
0.000357927
0.000360688
0.000339495
0.000290633
0.000217809
0.000101933
3.08734E-05
0
0
0
0
0
0
0
0
0
0
0
0
4.65024E-05
0.000118888
0.000205895
0.000281036
0.000333505
0.000362431
0.000367439
0.000345252
0.000293565
0.000219824
0.000102856
3.11206E-05
0
0
0
0
0
0
0
0
0
0
0
0
4.65541E-05
0.000119088
0.000206239
0.000281048
0.000334019
0.000363089
0.000368167
0.000345839
0.000296111
0.000222386
0.000103625
3.12702E-05
0
0
0
0
0
0
0
0
0
0
0
0
4.69957E-05
0.000120512
0.000208948
0.0002834
0.000337108
0.000365837
0.000368942
0.000346469
0.000296244
0.000221806
0.000103714
3.12793E-05
0
0
0
0
0
0
0
0
0
0
0
0
4.68167E-05
0.000120116
0.000208152
0.000284227
0.000339016
0.000369282
0.00037324
0.000348651
0.000298266
0.00022319
0.000104279
3.14491E-05
0
0
0
0
0
0
0
0
0
0
0
2.51057E-05
7.30515E-05
0.000155802
0.000241
0.000313895
0.000366541
0.000395589
0.000400109
0.000379025
0.000330774
0.000259203
0.000170293
5.52357E-05
2.16775E-05
0
0
0
0
0
0
0
0
0
0
2.53367E-05
7.38993E-05
0.000157305
0.000242297
0.000314214
0.000367763
0.000395858
0.000400808
0.000379645
0.000331268
0.000259776
0.000170603
5.54784E-05
2.18131E-05
0
0
0
0
0
0
0
0
0
0
2.52172E-05
7.35407E-05
0.000157466
0.000241891
0.000313478
0.000366159
0.000394917
0.000398907
0.000378031
0.000329475
0.000258137
0.000168976
5.50519E-05
2.17552E-05
0
0
0
0
0
0
0
0
0
0
2.53594E-05
7.38924E-05
0.000157685
0.00024268
0.000315019
0.000367589
0.000396009
0.000400492
0.000378528
0.000328629
0.000255699
0.00016796
5.47385E-05
2.16831E-05
0
0
0
0
0
0
0
0
0
0
2.54701E-05
7.41216E-05
0.000157583
0.00024144
0.000312112
0.000362998
0.000391371
0.00039372
0.000370942
0.000322198
0.000252381
0.000166411
5.45234E-05
2.16869E-05
0
0
0
0
0
0
0
0
0
0
2.54106E-05
7.42673E-05
0.000158399
0.000242943
0.00031639
0.000369094
0.000399091
0.000403928
0.000383624
0.000334209
0.000262205
0.000171656
5.57454E-05
2.19629E-05
0
0
0
0
0
0
0
0
0
0
2.55509E-05
7.44127E-05
0.000158479
0.000243643
0.00031592
0.000368983
0.000397402
0.000403199
0.000381962
0.000329984
0.000257067
0.000169878
5.54944E-05
2.19731E-05
0
0
0
0
0
0
0
0
0
0
2.53784E-05
7.38541E-05
0.000157641
0.000242373
0.00031427
0.000366493
0.000393872
0.000397016
0.000374147
0.000324321
0.000252786
0.000165651
5.4224E-05
2.14989E-05
0
0
0
0
0
0
0
0
0
0
2.48577E-05
7.29849E-05
0.000155861
0.000240207
0.000311498
0.000364884
0.000393687
0.000397871
0.000376662
0.000328535
0.00025651
0.000169129
5.50818E-05
2.17832E-05
0
0
0
0
0
0
0
0
0
0
2.50127E-05
7.3069E-05
0.000156741
0.000242154
0.000314089
0.000368255
0.000397469
0.000402652
0.000381299
0.000333213
0.000261376
0.000171477
5.57113E-05
2.20167E-05
0
0
0
0
0
0
0
0
0
0
2.54297E-05
7.41355E-05
0.000158392
0.000242198
0.000312851
0.000364214
0.000391489
0.000394412
0.000371651
0.000322335
0.000251421
0.000165086
5.38976E-05
2.14772E-05
0
0
0
0
0
0
0
0
0
0
2.54689E-05
7.43123E-05
0.000158188
0.000241968
0.000313102
0.000365617
0.000393332
0.000396295
0.000375508
0.000327809
0.000257046
0.000170009
5.52059E-05
2.18E-05
0
0
0
0
0
0
0
0
0
0
2.54082E-05
7.41633E-05
0.000158712
0.000243916
0.000315767
0.000369868
0.000399436
0.000403734
0.000380805
0.000333133
0.00026064
0.00017158
5.58638E-05
2.20482E-05
0
0
0
0
0
0
0
0
0
0
2.51992E-05
7.36627E-05
0.000158472
0.000244309
0.000317494
0.000371509
0.000400941
0.000405745
0.000383378
0.000334209
0.000261863
0.00017284
5.64097E-05
2.23144E-05
0
0
0
0
0
0
0
0
0
0
2.55912E-05
7.46375E-05
0.00015985
0.000245788
0.000317163
0.000371036
0.00039879
0.000402669
0.00038065
0.000330319
0.00025844
0.000169802
5.54075E-05
2.19759E-05
0
0
0
0
0
0
0
0
0
0
2.56303E-05
7.45027E-05
0.000159908
0.000246363
0.000318885
0.000372075
0.000399525
0.000402951
0.000380016
0.000330867
0.000258587
0.000169525
5.52426E-05
2.19295E-05
0
0
0
0
0
0
0
0
0
0
2.50973E-05
7.32824E-05
0.000157875
0.000244189
0.000317398
0.000372578
0.000401989
0.000407259
0.000385678
0.000336153
0.000264009
0.00017418
5.69737E-05
2.23154E-05
0
0
0
0
0
0
0
0
0
0
2.53856E-05
7.44058E-05
0.000160241
0.000246179
0.00031861
0.000371934
0.000400425
0.000403829
0.000381299
0.000332455
0.00026012
0.000171085
5.56725E-05
2.20186E-05
0
0
0
0
0
0
0
0
0
0
2.56907E-05
7.51131E-05
0.000160161
0.000245484
0.000316652
0.000370185
0.000398924
0.000403431
0.000381068
0.000331775
0.000259391
0.000169469
5.52953E-05
2.2E-05
0
0
0
0
0
0
0
0
0
0
2.55283E-05
7.4779E-05
0.000159126
0.000244112
0.000315421
0.000369236
0.000397251
0.000400325
0.000377456
0.000328132
0.000256194
0.000168475
5.50128E-05
2.19035E-05
0
0
0
0
0
0
0
0
0
0
2.55651E-05
7.47272E-05
0.000159097
0.000243981
0.00031538
0.000366938
0.000394529
0.000398356
0.000376615
0.000327647
0.000256162
0.00016865
5.53892E-05
2.19583E-05
0
0
0
0
0
0
0
0
0
0
2.5545E-05
7.47479E-05
0.000159648
0.000245419
0.000317549
0.000370074
0.000396966
0.000398289
0.000375773
0.000328549
0.000258095
0.000170714
5.60409E-05
2.22235E-05
0
0
0
0
0
0
0
0
0
0
2.56114E-05
7.51441E-05
0.000160954
0.000247413
0.000319558
0.000372735
0.000401041
0.000403845
0.000380218
0.000328952
0.000258356
0.000169663
5.54579E-05
2.20907E-05
0
0
0
0
0
0
0
0
0
0
2.55651E-05
7.48169E-05
0.000160861
0.000247359
0.000319063
0.000372547
0.000401806
0.000406041
0.000383916
0.000332947
0.000261459
0.000173262
5.66574E-05
2.23328E-05
0
0
0
0
0
0
0
0
0
0
2.55497E-05
7.47479E-05
0.000161177
0.000248395
0.000322648
0.000378031
0.000408556
0.000414312
0.000390925
0.000339373
0.000266119
0.000175107
5.70945E-05
2.26382E-05
0
0
0
0
0
0
0
0
0
0
2.59159E-05
7.60415E-05
0.000163475
0.000251805
0.000326487
0.000381716
0.000410112
0.000413614
0.000389668
0.000339294
0.000264902
0.000174451
5.67698E-05
2.25146E-05
0
0
0
0
0
0
0
0
0
0
2.61001E-05
7.63345E-05
0.00016254
0.000248481
0.000320928
0.000373473
0.000400458
0.000403017
0.000380434
0.000331215
0.000259443
0.000171244
5.61746E-05
2.24161E-05
0
0
0
0
0
0
0
0
0
0
2.61153E-05
7.63481E-05
0.000162547
0.000249246
0.000323057
0.000377269
0.000406025
0.000410634
0.000388803
0.000337523
0.000265311
0.00017487
5.71101E-05
2.25574E-05
0
0
0
0
0
0
0
0
0
0
2.63787E-05
7.73269E-05
0.000164951
0.000252519
0.000326096
0.000380109
0.000408819
0.00040931
0.000384637
0.000335585
0.000261936
0.000172778
5.63148E-05
2.24014E-05
0
0
0
0
0
0
0
0
0
0
2.62542E-05
7.67284E-05
0.000163389
0.000249954
0.000322784
0.000375367
0.000404093
0.000406815
0.000383055
0.000332255
0.000260213
0.000170941
5.5882E-05
2.21424E-05
0
0
0
0
0
0
0
0
0
1.71817E-05
4.19676E-05
0.000100227
0.000174463
0.000245594
0.000304339
0.000348257
0.000372811
0.000376282
0.000359101
0.00031851
0.000256932
0.000183927
9.86613E-05
4.3843E-05
1.25975E-05
0
0
0
0
0
0
0
0
1.73836E-05
4.24128E-05
0.000100736
0.000175161
0.000247378
0.000307163
0.000351196
0.000374888
0.000376866
0.000357765
0.000318336
0.000258655
0.000185365
9.94268E-05
4.38501E-05
1.2607E-05
0
0
0
0
0
0
0
0
1.7164E-05
4.20261E-05
0.000100076
0.000174691
0.0002472
0.000308146
0.000354117
0.000378672
0.000381182
0.000362958
0.000323104
0.000263986
0.000188208
0.000100591
4.45356E-05
1.27213E-05
0
0
0
0
0
0
0
0
1.71122E-05
4.15117E-05
9.87157E-05
0.000173703
0.00024634
0.000307572
0.000351696
0.000376701
0.000380752
0.000361704
0.000321973
0.000261603
0.000185459
9.88895E-05
4.4056E-05
1.26049E-05
0
0
0
0
0
0
0
0
1.69144E-05
4.13253E-05
9.84959E-05
0.000173719
0.000244983
0.000304481
0.000347911
0.000372404
0.000375248
0.000357314
0.000316953
0.00025748
0.000183715
9.77323E-05
4.33376E-05
1.24775E-05
0
0
0
0
0
0
0
0
1.71608E-05
4.19089E-05
9.99263E-05
0.000174559
0.000245521
0.000305418
0.000347842
0.000370975
0.000375841
0.000358536
0.00031845
0.000259072
0.000184625
9.91783E-05
4.3969E-05
1.26349E-05
0
0
0
0
0
0
0
0
1.72088E-05
4.19706E-05
9.98512E-05
0.000174391
0.000246298
0.000306974
0.000352289
0.00037603
0.000380624
0.00036167
0.00031845
0.000259051
0.000186488
9.99211E-05
4.41541E-05
1.26182E-05
0
0
0
0
0
0
0
0
1.71356E-05
4.19308E-05
0.000100259
0.000175382
0.000247427
0.000307905
0.000353702
0.000377703
0.000382078
0.000363522
0.000324669
0.000265003
0.000189029
0.000101169
4.4735E-05
1.27993E-05
0
0
0
0
0
0
0
0
1.72878E-05
4.22685E-05
0.000100885
0.000176301
0.00024907
0.000310106
0.000355987
0.000380915
0.00038484
0.000367621
0.0003256
0.000264423
0.000188636
0.000101244
4.50631E-05
1.29136E-05
0
0
0
0
0
0
0
0
1.74866E-05
4.26593E-05
0.00010131
0.000176655
0.000249767
0.000310551
0.000356326
0.000379772
0.00038297
0.000364777
0.000324611
0.000264631
0.000188972
0.000101437
4.51864E-05
1.29311E-05
0
0
0
0
0
0
0
0
1.74782E-05
4.26388E-05
0.000101446
0.000176384
0.000249653
0.000310741
0.000355549
0.000379207
0.000382764
0.000363959
0.000322883
0.000263001
0.000188301
0.00010087
4.47458E-05
1.27876E-05
0
0
0
0
0
0
0
0
1.71408E-05
4.18431E-05
9.98053E-05
0.000175999
0.000249372
0.000311285
0.000356792
0.000381241
0.000383854
0.00036461
0.000323901
0.000263728
0.000188287
0.000100425
4.48105E-05
1.28286E-05
0
0
0
0
0
0
0
0
1.71207E-05
4.17656E-05
9.95024E-05
0.000175365
0.000247901
0.000308809
0.000353563
0.000376507
0.000379728
0.00036162
0.00032074
0.000261242
0.000187212
0.000100498
4.43033E-05
1.26732E-05
0
0
0
0
0
0
0
0
1.71084E-05
4.16956E-05
9.91453E-05
0.000175077
0.000248027
0.000309509
0.00035379
0.000377941
0.00038127
0.000362763
0.000322244
0.000261703
0.000186694
0.000100184
4.4365E-05
1.2726E-05
0
0
0
0
0
0
0
0
1.71354E-05
4.18771E-05
0.00010005
0.000174426
0.00024654
0.000307265
0.000352296
0.000376118
0.000378374
0.000358736
0.000318969
0.000257196
0.000183934
9.90113E-05
4.38679E-05
1.26286E-05
0
0
0
0
0
0
0
0
1.72502E-05
4.22227E-05
0.00010047
0.000174014
0.000244976
0.000304101
0.00034664
0.000369903
0.000370752
0.00035137
0.000312314
0.000253644
0.000181255
9.74818E-05
4.3412E-05
1.24828E-05
0
0
0
0
0
0
0
0
1.70785E-05
4.18232E-05
9.96727E-05
0.000173749
0.000244909
0.000304509
0.000347964
0.000370528
0.000373319
0.000355125
0.000316279
0.000257791
0.000184908
9.95668E-05
4.45834E-05
1.27217E-05
0
0
0
0
0
0
0
0
1.70188E-05
4.15593E-05
9.94281E-05
0.000174663
0.00024683
0.000307838
0.000352334
0.000376362
0.000380139
0.000360844
0.00031972
0.000258987
0.00018401
9.826E-05
4.38359E-05
1.2704E-05
0
0
0
0
0
0
0
0
1.72575E-05
4.21276E-05
0.000100292
0.000174375
0.000246797
0.000307905
0.000352078
0.000375825
0.000378695
0.000361523
0.000321962
0.000262347
0.000186967
9.98017E-05
4.43812E-05
1.27564E-05
0
0
0
0
0
0
0
0
1.72186E-05
4.21434E-05
0.000100572
0.000176123
0.000249289
0.000311848
0.000356275
0.000380468
0.000380718
0.00036108
0.000320621
0.000260136
0.000185046
9.93562E-05
4.43459E-05
1.27905E-05
0
0
0
0
0
0
0
0
1.72948E-05
4.22544E-05
0.00010081
0.000176576
0.000249069
0.000309854
0.000353642
0.000376741
0.000379762
0.000360327
0.000320582
0.000259913
0.000186085
9.95007E-05
4.43589E-05
1.28021E-05
0
0
0
0
0
0
0
0
1.73037E-05
4.2383E-05
0.000101508
0.000177266
0.000250353
0.000312687
0.000358061
0.00038281
0.000386595
0.000368624
0.000326945
0.000265983
0.000189562
0.000101299
4.47867E-05
1.29795E-05
0
0
0
0
0
0
0
0
1.76526E-05
4.31118E-05
0.000102907
0.000179363
0.000252634
0.00031468
0.00035981
0.000384769
0.000386132
0.000365701
0.000325841
0.000265754
0.000189547
0.000101405
4.50296E-05
1.28957E-05
0
0
0
0
0
0
0
0
1.74361E-05
4.24975E-05
0.000101132
0.000176425
0.000249399
0.000311113
0.000356841
0.000380608
0.000383449
0.000362817
0.000320321
0.000261851
0.000188193
0.000101429
4.50443E-05
1.29191E-05
0
0
0
0
0
0
0
0
1.73167E-05
4.23593E-05
0.00010122
0.000177243
0.00025055
0.000313379
0.000358936
0.000383589
0.000387274
0.000369145
0.000326368
0.000266348
0.000190057
0.000102352
4.53225E-05
1.30061E-05
0
0
0
0
0
0
0
0
1.73846E-05
4.2602E-05
0.000101578
0.000177417
0.000250397
0.000311554
0.000356543
0.000380608
0.000382764
0.000363023
0.000322326
0.000263673
0.000188819
0.00010121
4.51781E-05
1.29969E-05
0
0
0
0
0
0
0
0
1.75534E-05
4.29711E-05
0.000102193
0.000177938
0.000251053
0.000312741
0.000356796
0.000381437
0.000382919
0.000364635
0.00032217
0.00026182
0.00018727
0.00010068
4.47036E-05
1.28913E-05
0
0
0
0
0
0
0
0
1.73797E-05
4.24857E-05
0.000101578
0.000177488
0.000250857
0.000313804
0.000359307
0.000383542
0.000386827
0.000366765
0.000326085
0.000264647
0.00018981
0.000101271
4.48899E-05
1.2999E-05
0
0
0
0
0
0
0
0
1.75037E-05
4.27338E-05
0.000101703
0.00017706
0.000250441
0.00031294
0.000358358
0.000381719
0.00038407
0.000363874
0.00032096
0.000262126
0.000187179
0.000100332
4.46167E-05
1.28454E-05
0
0
0
0
0
0
0
0
1.7264E-05
4.22287E-05
0.000100708
0.000175964
0.000248981
0.000310953
0.000356334
0.000381806
0.000382795
0.000363537
0.000322508
0.00026299
0.000188774
0.000101596
4.50956E-05
1.29393E-05
0
0
0
0
0
0
0
0
1.72697E-05
4.23079E-05
0.000101253
0.000177535
0.000250452
0.000312528
0.000356439
0.000379684
0.000382717
0.000363434
0.000323156
0.000261629
0.000187846
0.000100242
4.43441E-05
1.28218E-05
0
0
0
0
0
0
0
0
2.59155E-05
5.50691E-05
0.000117275
0.000198143
0.000276982
0.000344693
0.000392996
0.000420336
0.000423044
0.000403039
0.000358048
0.00029242
0.000212769
0.000126794
5.88267E-05
2.26243E-05
0
0
0
0
0
0
0
0
2.62555E-05
5.59798E-05
0.0001195
0.000201145
0.00027913
0.000345898
0.00039413
0.000420947
0.000423993
0.000402801
0.000359622
0.000293856
0.000213645
0.000127522
5.89549E-05
2.27294E-05
0
0
0
0
0
0
0
0
2.65064E-05
5.64147E-05
0.000119659
0.000201486
0.000280623
0.000347187
0.000396325
0.000423419
0.000426751
0.000406894
0.000361539
0.000294623
0.000214318
0.000127219
5.881E-05
2.26638E-05
0
0
0
0
0
0
0
0
2.65256E-05
5.64705E-05
0.000119988
0.000200619
0.000277379
0.000341539
0.000387483
0.00041564
0.000417541
0.000397178
0.000355377
0.000290133
0.000210191
0.000126455
5.89383E-05
2.26919E-05
0
0
0
0
0
0
0
0
2.63386E-05
5.59645E-05
0.00011852
0.000199397
0.000277511
0.000343892
0.000393547
0.000420404
0.000424128
0.000404053
0.000360868
0.000295342
0.000214625
0.000128541
5.95078E-05
2.28696E-05
0
0
0
0
0
0
0
0
2.6407E-05
5.60436E-05
0.000119362
0.000201722
0.000279764
0.000346478
0.000395261
0.000421456
0.000425559
0.000405223
0.000361176
0.000295091
0.000213612
0.000127638
5.91799E-05
2.27322E-05
0
0
0
0
0
0
0
0
2.65853E-05
5.67109E-05
0.000120754
0.000203229
0.000282845
0.000350428
0.000399518
0.000425441
0.000429677
0.000409388
0.000364972
0.000298306
0.000215972
0.000128861
5.95995E-05
2.29356E-05
0
0
0
0
0
0
0
0
2.67639E-05
5.67361E-05
0.000120802
0.000204389
0.000284369
0.000352817
0.000402642
0.00043021
0.000430676
0.0004087
0.000362668
0.000297809
0.000216038
0.000129379
5.97731E-05
2.29728E-05
0
0
0
0
0
0
0
0
2.68446E-05
5.71617E-05
0.000121475
0.000204839
0.000284405
0.000352375
0.000401831
0.000430094
0.000433858
0.000410747
0.000363558
0.000293397
0.000212234
0.000127638
5.89857E-05
2.28239E-05
0
0
0
0
0
0
0
0
2.67556E-05
5.67437E-05
0.000120205
0.000202794
0.000281362
0.000348212
0.000395826
0.000421761
0.000424044
0.000404939
0.000362223
0.000296015
0.000215749
0.000128751
5.9745E-05
2.30525E-05
0
0
0
0
0
0
0
0
2.66604E-05
5.66502E-05
0.000120337
0.000203368
0.000282703
0.000351102
0.000400413
0.000427522
0.000431623
0.000409467
0.000363669
0.000297899
0.000215287
0.000128195
5.90544E-05
2.26469E-05
0
0
0
0
0
0
0
0
2.65984E-05
5.6364E-05
0.000119819
0.000203159
0.000282928
0.000348559
0.000397242
0.000424768
0.000427706
0.000406941
0.000359538
0.000294874
0.000214948
0.000128536
5.96206E-05
2.28677E-05
0
0
0
0
0
0
0
0
2.65531E-05
5.63234E-05
0.000119691
0.000202429
0.000282122
0.000351331
0.000400971
0.000427957
0.000429694
0.000408809
0.000365691
0.000298261
0.000216663
0.000129429
5.97989E-05
2.30136E-05
0
0
0
0
0
0
0
0
2.66378E-05
5.67488E-05
0.000120717
0.000202742
0.000282596
0.000351446
0.000400189
0.000427489
0.000430443
0.000406422
0.000364349
0.000297695
0.000215279
0.000128861
6.00398E-05
2.31274E-05
0
0
0
0
0
0
0
0
2.69015E-05
5.70537E-05
0.000120754
0.000202829
0.000281623
0.000349408
0.000397322
0.000423942
0.00042655
0.000405744
0.000362292
0.000298498
0.000216194
0.000129791
6.02332E-05
2.30987E-05
0
0
0
0
0
0
0
0
2.69168E-05
5.71442E-05
0.000121159
0.000203784
0.000283484
0.000352546
0.000401831
0.000428241
0.000431274
0.000411308
0.000366767
0.000300379
0.000218594
0.000131064
6.07548E-05
2.33772E-05
0
0
0
0
0
0
0
0
2.6892E-05
5.72044E-05
0.000121632
0.000205485
0.000285464
0.000354909
0.000404401
0.000432535
0.000434156
0.000412956
0.000368663
0.000302416
0.000220145
0.000131985
6.09047E-05
2.34757E-05
0
0
0
0
0
0
0
0
2.7016E-05
5.75625E-05
0.000122244
0.000206215
0.000286895
0.000356679
0.000408041
0.000436247
0.000439555
0.00041872
0.000373118
0.000304882
0.000220371
0.000131955
6.13203E-05
2.35757E-05
0
0
0
0
0
0
0
0
2.73155E-05
5.80976E-05
0.000123362
0.000207696
0.000288914
0.000358962
0.000409529
0.000437478
0.000441768
0.000420614
0.000374024
0.00030538
0.000221869
0.000132913
6.12654E-05
2.36255E-05
0
0
0
0
0
0
0
0
2.72359E-05
5.79213E-05
0.000123009
0.000207328
0.000288157
0.000357611
0.000407397
0.00043633
0.000439424
0.000416356
0.000368718
0.000301802
0.000218455
0.000131594
6.09462E-05
2.34593E-05
0
0
0
0
0
0
0
0
2.71091E-05
5.75275E-05
0.000122348
0.000206961
0.000288506
0.000358681
0.000408198
0.00043656
0.000440109
0.000419485
0.000373443
0.000305148
0.000221129
0.000132267
6.13249E-05
2.35902E-05
0
0
0
0
0
0
0
0
2.69759E-05
5.73849E-05
0.000121998
0.0002057
0.000286813
0.000357949
0.00040942
0.000436855
0.000439734
0.000418138
0.000373131
0.000305545
0.000221057
0.000131648
6.08195E-05
2.33168E-05
0
0
0
0
0
0
0
0
2.71913E-05
5.76848E-05
0.000122593
0.000206275
0.000286837
0.000354881
0.00040334
0.000431922
0.000434667
0.00041291
0.000366188
0.000300525
0.000217213
0.000129588
6.0382E-05
2.31606E-05
0
0
0
0
0
0
0
0
2.68541E-05
5.70663E-05
0.000120928
0.000202672
0.000281694
0.000349466
0.00039851
0.000425475
0.000428943
0.000407287
0.000363252
0.000298329
0.000216795
0.000129632
6.01284E-05
2.30923E-05
0
0
0
0
0
0
0
0
2.68896E-05
5.70914E-05
0.000121033
0.000204424
0.000284216
0.000352103
0.000401194
0.000426516
0.000431009
0.000410466
0.000366464
0.000298521
0.000215419
0.000129821
5.98879E-05
2.30544E-05
0
0
0
0
0
0
0
0
2.67556E-05
5.66679E-05
0.000120094
0.000203662
0.000284617
0.000353744
0.000403197
0.000430543
0.000433528
0.000413065
0.000367152
0.000300345
0.000217426
0.000129836
5.98996E-05
2.31144E-05
0
0
0
0
0
0
0
0
2.67295E-05
5.67336E-05
0.000120517
0.000203775
0.000283744
0.000353302
0.000402562
0.000430626
0.000433974
0.000412257
0.000366794
0.000298012
0.000214293
0.000128636
5.96957E-05
2.30182E-05
0
0
0
0
0
0
0
0
2.70514E-05
5.7425E-05
0.000121359
0.000203446
0.000282039
0.000350241
0.00039923
0.000425189
0.00042936
0.000409764
0.000365069
0.00029966
0.000217508
0.000129959
6.03425E-05
2.33863E-05
0
0
0
0
0
0
0
0
2.71632E-05
5.7777E-05
0.000122499
0.000206026
0.000286427
0.000354355
0.000401497
0.000425962
0.00042901
0.000408292
0.000363794
0.000297922
0.000215774
0.000129329
5.99136E-05
2.30821E-05
0
0
0
0
0
0
0
0
2.67033E-05
5.67336E-05
0.000120337
0.000203732
0.000284004
0.000354284
0.000404892
0.000433892
0.000437593
0.000416618
0.000371788
0.000305004
0.000221508
0.00013253
6.14963E-05
2.35766E-05
0
0
0
0
0
0
0
0
2.27148E-05
4.44893E-05
0.000118327
0.000228126
0.000338662
0.000435636
0.000506148
0.000546777
0.000552217
0.000520342
0.000455185
0.000359715
0.000245404
0.000123311
3.40498E-05
1.99674E-05
0
0
0
0
0
0
0
0
2.27879E-05
4.46282E-05
0.000118767
0.000228337
0.000337159
0.000431988
0.000503823
0.000541138
0.000546546
0.000514181
0.000447848
0.000351995
0.000240533
0.000120979
3.32987E-05
1.95361E-05
0
0
0
0
0
0
0
0
2.2576E-05
4.41151E-05
0.000117539
0.000227044
0.000337368
0.000433458
0.000505215
0.000546295
0.000550263
0.000517299
0.000450453
0.000357062
0.000243518
0.000121905
3.36214E-05
1.98034E-05
0
0
0
0
0
0
0
0
2.26445E-05
4.43422E-05
0.000118235
0.000229414
0.000339454
0.000436384
0.000508838
0.000548303
0.000553274
0.000520709
0.000452791
0.000358107
0.000242506
0.000121477
3.35594E-05
1.97232E-05
0
0
0
0
0
0
0
0
2.28036E-05
4.46244E-05
0.000118448
0.000228107
0.000338926
0.00043487
0.000506009
0.000544595
0.000548742
0.00052011
0.00045445
0.000358424
0.000244166
0.00012307
3.394E-05
1.99057E-05
0
0
0
0
0
0
0
0
2.2907E-05
4.47014E-05
0.000118595
0.000229033
0.000338746
0.000433859
0.000503285
0.000540884
0.000547321
0.000516405
0.000449254
0.000354351
0.000240579
0.000121602
3.35736E-05
1.97107E-05
0
0
0
0
0
0
0
0
2.28214E-05
4.45626E-05
0.000118807
0.000229347
0.000340091
0.000435793
0.000506742
0.000544658
0.000550159
0.000515664
0.00044856
0.000355257
0.000241198
0.000121071
3.34222E-05
1.95314E-05
0
0
0
0
0
0
0
0
2.27177E-05
4.44255E-05
0.0001179
0.000227571
0.000336182
0.000432303
0.000502447
0.000538936
0.000544469
0.000513731
0.000447763
0.00035387
0.000239087
0.000120414
3.3197E-05
1.95762E-05
0
0
0
0
0
0
0
0
2.26147E-05
4.42511E-05
0.000117595
0.000226929
0.000336056
0.000429934
0.000499926
0.000538193
0.000543059
0.000512282
0.00044671
0.000353108
0.00023982
0.000120762
3.34196E-05
1.96099E-05
0
0
0
0
0
0
0
0
2.26256E-05
4.4319E-05
0.000117651
0.000226083
0.000335006
0.000429565
0.000499726
0.000539911
0.00054533
0.000513007
0.000448052
0.000352451
0.000238821
0.000119986
3.33221E-05
1.95636E-05
0
0
0
0
0
0
0
0
2.26018E-05
4.4255E-05
0.00011788
0.000228614
0.000338746
0.000435097
0.000507257
0.000546316
0.000551739
0.000520052
0.000455068
0.000358701
0.000244301
0.000122295
3.35387E-05
1.96436E-05
0
0
0
0
0
0
0
0
2.25083E-05
4.39711E-05
0.000116952
0.000227734
0.000338899
0.000435323
0.000507633
0.000547488
0.000552424
0.000522502
0.000455105
0.000356453
0.000242012
0.000121648
3.36706E-05
1.97573E-05
0
0
0
0
0
0
0
0
2.28728E-05
4.48057E-05
0.000118961
0.00022841
0.00033717
0.000432275
0.000503449
0.000543028
0.000547958
0.00051592
0.00044915
0.000353893
0.000240053
0.000120962
3.35041E-05
1.97012E-05
0
0
0
0
0
0
0
0
2.29137E-05
4.47893E-05
0.000118784
0.000228464
0.000338647
0.00043317
0.000504016
0.000544025
0.000547285
0.000516473
0.000450303
0.000357395
0.000242656
0.00012136
3.35642E-05
1.97315E-05
0
0
0
0
0
0
0
0
2.27055E-05
4.44258E-05
0.000117953
0.000228591
0.000339002
0.000434146
0.000507212
0.000547522
0.000554377
0.000523144
0.000456416
0.000361422
0.000246087
0.000123293
3.39139E-05
1.99307E-05
0
0
0
0
0
0
0
0
2.27027E-05
4.43047E-05
0.000117789
0.000228491
0.000340813
0.000437555
0.000509421
0.000550388
0.000554181
0.000522707
0.000456227
0.000360876
0.000246796
0.000123748
3.42073E-05
1.99709E-05
0
0
0
0
0
0
0
0
2.29184E-05
4.48075E-05
0.000119238
0.000230492
0.000341924
0.000439095
0.00051123
0.000550388
0.000554788
0.000523727
0.000457865
0.000361273
0.000245977
0.000123443
3.39163E-05
1.99065E-05
0
0
0
0
0
0
0
0
2.28065E-05
4.45667E-05
0.000118352
0.000229935
0.000341794
0.000437719
0.000509346
0.000547721
0.000552514
0.000522579
0.00045659
0.000360229
0.000244815
0.000122914
3.39127E-05
1.99131E-05
0
0
0
0
0
0
0
0
2.27383E-05
4.44899E-05
0.000118391
0.000229241
0.000340852
0.00043785
0.000510167
0.000551098
0.000557637
0.000526503
0.000460358
0.000364372
0.000248225
0.000124709
3.44243E-05
2.00867E-05
0
0
0
0
0
0
0
0
2.29305E-05
4.48493E-05
0.0001192
0.000230609
0.000342459
0.00043885
0.000510671
0.000549678
0.000555179
0.000523708
0.000458289
0.000361062
0.000245833
0.000123602
3.42434E-05
2.01556E-05
0
0
0
0
0
0
0
0
2.30159E-05
4.4942E-05
0.000119152
0.000228528
0.000337263
0.000429447
0.000498177
0.000537331
0.000543307
0.000512011
0.000448461
0.000355207
0.000240935
0.000120817
3.32938E-05
1.96465E-05
0
0
0
0
0
0
0
0
2.26032E-05
4.42514E-05
0.000117654
0.00022783
0.0003387
0.000435384
0.00050858
0.000548215
0.000551924
0.000520112
0.000454282
0.000357971
0.000244169
0.000122126
3.36192E-05
1.97677E-05
0
0
0
0
0
0
0
0
2.27308E-05
4.43341E-05
0.000117654
0.000228383
0.000340289
0.000436635
0.000509944
0.000551353
0.000556097
0.000525071
0.000455453
0.000358371
0.000243768
0.000122187
3.36632E-05
1.97625E-05
0
0
0
0
0
0
0
0
2.28E-05
4.44771E-05
0.000118194
0.000228952
0.000339476
0.000434757
0.00050618
0.00054522
0.00054669
0.000516031
0.000449215
0.000352879
0.000241065
0.000121325
3.3514E-05
1.97012E-05
0
0
0
0
0
0
0
0
2.25966E-05
4.40839E-05
0.000116997
0.000227368
0.000338173
0.000434526
0.000507925
0.000547938
0.00055373
0.000522998
0.0004555
0.000360068
0.000245909
0.000122979
3.39103E-05
1.99109E-05
0
0
0
0
0
0
0
0
2.28812E-05
4.47273E-05
0.000118592
0.000229106
0.000340106
0.000435301
0.00050695
0.000545677
0.000550211
0.000519709
0.000454012
0.000358184
0.000242887
0.000121508
3.36351E-05
1.97765E-05
0
0
0
0
0
0
0
0
2.29983E-05
4.49112E-05
0.00011919
0.000231003
0.000342433
0.000438784
0.000511714
0.000550743
0.000556214
0.000523727
0.000457157
0.000361756
0.000246222
0.000124099
3.41965E-05
2.01237E-05
0
0
0
0
0
0
0
0
2.29864E-05
4.49185E-05
0.000119443
0.000230686
0.000342011
0.00043848
0.000512517
0.000552528
0.000557236
0.000525535
0.000458213
0.000359623
0.000244957
0.000122984
3.39886E-05
2.00452E-05
0
0
0
0
0
0
0
0
2.30199E-05
4.49569E-05
0.000119327
0.000230354
0.000340852
0.000435706
0.000503803
0.000539953
0.000538745
0.000508266
0.000444376
0.000353255
0.000240323
0.00012027
3.32427E-05
1.94771E-05
0
0
0
0
0
0
0
0
2.26435E-05
4.43015E-05
0.000117422
0.000226833
0.000337591
0.000432776
0.000505076
0.000543185
0.000549347
0.00051656
0.00045445
0.000359439
0.000243932
0.000122249
3.37245E-05
1.97645E-05
0
0
0
0
0
0
0
0
2.27128E-05
4.44042E-05
0.000117707
0.000228165
0.000339551
0.000434766
0.000506683
0.000547321
0.000552652
0.000520999
0.000454734
0.000358305
0.000243743
0.000122272
3.37939E-05
1.9836E-05
0
0
0
0
0
0
0
0
0
2.82531E-05
9.24875E-05
0.000204261
0.000318944
0.000419099
0.000494716
0.000536414
0.000542661
0.000509704
0.000440369
0.000337106
0.000216067
7.67709E-05
2.55087E-05
0
0
0
0
0
0
0
0
0
0
2.83163E-05
9.29412E-05
0.000205289
0.000320902
0.000421269
0.000497645
0.000536698
0.0005422
0.000509147
0.000439973
0.000339259
0.00021896
7.75958E-05
2.57943E-05
0
0
0
0
0
0
0
0
0
0
2.85376E-05
9.34597E-05
0.000205717
0.00032103
0.000420359
0.000495268
0.000535684
0.000539768
0.0005037
0.000434371
0.000335828
0.000217083
7.6899E-05
2.5455E-05
0
0
0
0
0
0
0
0
0
0
2.82167E-05
9.24362E-05
0.000204261
0.000319705
0.000419464
0.000495135
0.000537649
0.000544981
0.000513232
0.000442487
0.000340622
0.000219704
7.76804E-05
2.57374E-05
0
0
0
0
0
0
0
0
0
0
2.82592E-05
9.25508E-05
0.000204286
0.000319576
0.000419862
0.000494658
0.000534445
0.000541176
0.000510574
0.000439449
0.00033871
0.000218826
7.7217E-05
2.55947E-05
0
0
0
0
0
0
0
0
0
0
2.81485E-05
9.22541E-05
0.000204666
0.000319847
0.000420525
0.00049774
0.000540573
0.000547092
0.000511388
0.000440575
0.000339247
0.000217451
7.6534E-05
2.53117E-05
0
0
0
0
0
0
0
0
0
0
2.8275E-05
9.24757E-05
0.000204227
0.000319511
0.000419199
0.000494773
0.000536029
0.000541337
0.000509055
0.000437604
0.00033816
0.000217984
7.72057E-05
2.54704E-05
0
0
0
0
0
0
0
0
0
0
2.83902E-05
9.28467E-05
0.000204717
0.000319137
0.000420078
0.000493646
0.000535157
0.000540634
0.000506487
0.000436965
0.00033447
0.000215472
7.56401E-05
2.50977E-05
0
0
0
0
0
0
0
0
0
0
2.82471E-05
9.25152E-05
0.000203306
0.000316819
0.000416885
0.00049129
0.000532204
0.000533224
0.00049882
0.0004263
0.000327561
0.00021174
7.45402E-05
2.48125E-05
0
0
0
0
0
0
0
0
0
0
2.78622E-05
9.09039E-05
0.000200519
0.000312073
0.00041273
0.000486683
0.000528231
0.000532939
0.00050003
0.000430661
0.0003317
0.000215488
7.58854E-05
2.49281E-05
0
0
0
0
0
0
0
0
0
0
2.80142E-05
9.16586E-05
0.000201366
0.000315465
0.000415097
0.000491348
0.00053247
0.00053684
0.000503681
0.000432794
0.000333789
0.000215769
7.65025E-05
2.52721E-05
0
0
0
0
0
0
0
0
0
0
2.83053E-05
9.25745E-05
0.000202661
0.000316091
0.000414628
0.000488056
0.000528189
0.000532306
0.000499652
0.000430467
0.000331451
0.000213897
7.53824E-05
2.49574E-05
0
0
0
0
0
0
0
0
0
0
2.80704E-05
9.19091E-05
0.00020146
0.000314865
0.000413033
0.000486605
0.000526831
0.000529832
0.000494868
0.000427932
0.000329524
0.000213086
7.5278E-05
2.48948E-05
0
0
0
0
0
0
0
0
0
0
2.8035E-05
9.16785E-05
0.00020087
0.000313269
0.000410707
0.000482369
0.000521075
0.000525718
0.000492537
0.000425318
0.000328632
0.000212459
7.48938E-05
2.47436E-05
0
0
0
0
0
0
0
0
0
0
2.80068E-05
9.1766E-05
0.000201434
0.000312704
0.00040954
0.00048149
0.000519283
0.000524147
0.000492939
0.000426317
0.000330038
0.000213321
7.52925E-05
2.48341E-05
0
0
0
0
0
0
0
0
0
0
2.80215E-05
9.19011E-05
0.000201545
0.00031429
0.000411365
0.00048519
0.000524726
0.000524581
0.000493073
0.000427003
0.00032975
0.000212377
7.52112E-05
2.48468E-05
0
0
0
0
0
0
0
0
0
0
2.76256E-05
9.03941E-05
0.00020003
0.000314041
0.000411972
0.000486644
0.000528498
0.000533917
0.00050263
0.000433455
0.00033447
0.000215737
7.6348E-05
2.51385E-05
0
0
0
0
0
0
0
0
0
0
2.80236E-05
9.19383E-05
0.000202416
0.000316776
0.000416766
0.00049132
0.000532471
0.000537992
0.000505621
0.000437511
0.000338791
0.00021861
7.70943E-05
2.53653E-05
0
0
0
0
0
0
0
0
0
0
2.82673E-05
9.23552E-05
0.000202786
0.000317489
0.000416655
0.000491211
0.000530864
0.000535824
0.000502443
0.000433139
0.000334097
0.00021495
7.50959E-05
2.48499E-05
0
0
0
0
0
0
0
0
0
0
2.80248E-05
9.16294E-05
0.000201326
0.000314863
0.000414294
0.000489061
0.000528884
0.000531949
0.000500301
0.00043138
0.000332533
0.000215217
7.62102E-05
2.51483E-05
0
0
0
0
0
0
0
0
0
0
2.77935E-05
9.07701E-05
0.000200491
0.000314801
0.000413721
0.000489535
0.000531
0.000534246
0.000502514
0.000434403
0.00033508
0.000216313
7.63352E-05
2.51832E-05
0
0
0
0
0
0
0
0
0
0
2.79993E-05
9.15238E-05
0.000201213
0.000314331
0.000413164
0.000488001
0.000529688
0.000533031
0.00050073
0.000433931
0.00033494
0.000216586
7.6487E-05
2.50719E-05
0
0
0
0
0
0
0
0
0
0
2.8273E-05
9.23364E-05
0.0002019
0.000314739
0.000411393
0.00048374
0.000523628
0.000527715
0.000494783
0.000425335
0.000326543
0.000211237
7.48585E-05
2.47931E-05
0
0
0
0
0
0
0
0
0
0
2.77644E-05
9.07435E-05
0.000199825
0.000313959
0.000411409
0.00048692
0.000528806
0.000534054
0.000499675
0.000434281
0.000334272
0.0002154
7.58996E-05
2.51318E-05
0
0
0
0
0
0
0
0
0
0
2.80723E-05
9.17199E-05
0.000200483
0.000313785
0.000410144
0.000483666
0.000523785
0.000528027
0.000495126
0.000426405
0.000328884
0.00021263
7.51428E-05
2.49306E-05
0
0
0
0
0
0
0
0
0
0
2.81924E-05
9.19647E-05
0.000200044
0.000311545
0.000407799
0.000481005
0.000519195
0.000522252
0.000490884
0.00042247
0.000324451
0.000211276
7.46759E-05
2.47559E-05
0
0
0
0
0
0
0
0
0
0
2.79448E-05
9.1263E-05
0.000200166
0.000312729
0.000410817
0.00048291
0.00052502
0.000529894
0.000498097
0.000429046
0.000331163
0.000213916
7.52061E-05
2.47092E-05
0
0
0
0
0
0
0
0
0
0
2.76323E-05
9.03134E-05
0.000198306
0.000311907
0.000409567
0.000483334
0.000524412
0.000530166
0.000498438
0.0004292
0.000329491
0.000212862
7.49718E-05
2.47484E-05
0
0
0
0
0
0
0
0
0
0
2.76464E-05
9.00041E-05
0.000198184
0.000312082
0.000410801
0.000483648
0.000525
0.00052937
0.00049736
0.000429446
0.000330441
0.000213501
7.52612E-05
2.48145E-05
0
0
0
0
0
0
0
0
0
0
2.79866E-05
9.13538E-05
0.000200459
0.000312866
0.000409984
0.000483832
0.000524569
0.000528611
0.000492211
0.000422985
0.00032707
0.000211501
7.45677E-05
2.46597E-05
0
0
0
0
0
0
0
0
0
0
2.7968E-05
9.12062E-05
0.000198691
0.000309142
0.000405362
0.000477324
0.000516004
0.000519749
0.000486242
0.000419635
0.00032462
0.000209569
7.38545E-05
2.44239E-05
0
0
0
0
0
0
0
0
0
0
0
4.76701E-05
0.00013609
0.000231328
0.000313642
0.000374319
0.000407034
0.000410027
0.000381765
0.00032357
0.000242424
0.000132393
3.49088E-05
9.70964E-06
0
0
0
0
0
0
0
0
0
0
0
4.72833E-05
0.000135847
0.000231056
0.000315564
0.000377985
0.000412256
0.000416512
0.000388703
0.000330832
0.000245723
0.000133138
3.51778E-05
9.76751E-06
0
0
0
0
0
0
0
0
0
0
0
4.7508E-05
0.000136355
0.000232125
0.000315514
0.000376455
0.000410027
0.000414953
0.000387708
0.000330127
0.000246346
0.000133859
3.53123E-05
9.80951E-06
0
0
0
0
0
0
0
0
0
0
0
4.80346E-05
0.00013741
0.000233152
0.00031641
0.000376703
0.000409605
0.000413001
0.000384912
0.000328279
0.000244715
0.000133211
3.50875E-05
9.75857E-06
0
0
0
0
0
0
0
0
0
0
0
4.81873E-05
0.000137707
0.000233655
0.000317501
0.000378639
0.000412582
0.000415355
0.000388745
0.000330055
0.000245777
0.000133883
3.52823E-05
9.79057E-06
0
0
0
0
0
0
0
0
0
0
0
4.78795E-05
0.000136822
0.000232536
0.000316497
0.00037813
0.000413529
0.000418096
0.000391461
0.000332643
0.000248074
0.000134543
3.53423E-05
9.78351E-06
0
0
0
0
0
0
0
0
0
0
0
4.81312E-05
0.000137722
0.000234216
0.000318435
0.000380748
0.000415908
0.000419864
0.000391372
0.000332783
0.000247858
0.000134482
3.53708E-05
9.80338E-06
0
0
0
0
0
0
0
0
0
0
0
4.78164E-05
0.000137019
0.000233027
0.000317102
0.00037807
0.000411343
0.000415061
0.000386914
0.000329673
0.00024591
0.000133606
3.51408E-05
9.72396E-06
0
0
0
0
0
0
0
0
0
0
0
4.74683E-05
0.000136224
0.000232919
0.000316893
0.000378484
0.000413377
0.000417582
0.000388805
0.000330191
0.000246117
0.000133575
3.51145E-05
9.71172E-06
0
0
0
0
0
0
0
0
0
0
0
4.7354E-05
0.000135568
0.00023117
0.000315226
0.000376193
0.000405819
0.000408175
0.000381358
0.000327007
0.000242924
0.000132118
3.48342E-05
9.6674E-06
0
0
0
0
0
0
0
0
0
0
0
4.69351E-05
0.000134706
0.000230227
0.000313434
0.000374355
0.000409415
0.000411639
0.000383789
0.000326191
0.000242087
0.000131582
3.46976E-05
9.57504E-06
0
0
0
0
0
0
0
0
0
0
0
4.67493E-05
0.000133756
0.000227601
0.00031001
0.000370125
0.00040191
0.000405419
0.000377901
0.000319256
0.000238594
0.000128386
3.39289E-05
9.38161E-06
0
0
0
0
0
0
0
0
0
0
0
4.63653E-05
0.000132807
0.000226245
0.000309063
0.000368952
0.000402245
0.000405069
0.000377532
0.000320464
0.000239086
0.000129694
3.41135E-05
9.42459E-06
0
0
0
0
0
0
0
0
0
0
0
4.56818E-05
0.000131523
0.00022573
0.000307497
0.000367603
0.000402162
0.000407114
0.00038055
0.000323384
0.000241208
0.000130657
3.43171E-05
9.43997E-06
0
0
0
0
0
0
0
0
0
0
0
4.67185E-05
0.000133768
0.000228613
0.000310689
0.00037025
0.000403785
0.000407247
0.00038003
0.000321784
0.000240087
0.000129974
3.42395E-05
9.49563E-06
0
0
0
0
0
0
0
0
0
0
0
4.71906E-05
0.000134946
0.000229879
0.000311394
0.000371077
0.000404669
0.000409464
0.000380336
0.000323216
0.00024072
0.000130431
3.43016E-05
9.4908E-06
0
0
0
0
0
0
0
0
0
0
0
4.72543E-05
0.00013464
0.000228802
0.000310423
0.000370828
0.000403501
0.000406134
0.000377855
0.000320295
0.00023815
0.000129033
3.39744E-05
9.38729E-06
0
0
0
0
0
0
0
0
0
0
0
4.66658E-05
0.000133672
0.000227551
0.000308943
0.000369062
0.00040258
0.000405602
0.000377317
0.000320516
0.000238276
0.000128805
3.3926E-05
9.41042E-06
0
0
0
0
0
0
0
0
0
0
0
4.68113E-05
0.000133732
0.000228143
0.000309877
0.000369015
0.000401205
0.000404202
0.000376532
0.000319607
0.000237986
0.000129044
3.39047E-05
9.35558E-06
0
0
0
0
0
0
0
0
0
0
0
4.6085E-05
0.000131792
0.000225569
0.000308073
0.00036743
0.00040018
0.000403902
0.000378008
0.000321539
0.000239885
0.000130184
3.42296E-05
9.3808E-06
0
0
0
0
0
0
0
0
0
0
0
4.64083E-05
0.000132382
0.000226386
0.000308301
0.000368999
0.000402312
0.000406982
0.000380214
0.000322198
0.000239452
0.000130142
3.41971E-05
9.41325E-06
0
0
0
0
0
0
0
0
0
0
0
4.63954E-05
0.000132631
0.000226778
0.000308996
0.000368889
0.000403801
0.000408241
0.000380656
0.000323834
0.000241543
0.000131003
3.44171E-05
9.42743E-06
0
0
0
0
0
0
0
0
0
0
0
4.60244E-05
0.000131572
0.000225932
0.00030806
0.000368435
0.000402765
0.000408307
0.000381769
0.000324822
0.000242487
0.000131154
3.43256E-05
9.41812E-06
0
0
0
0
0
0
0
0
0
0
0
4.65243E-05
0.000132704
0.000226174
0.000307725
0.000366864
0.000400247
0.000404986
0.000377455
0.000320567
0.000238208
0.000129483
3.40227E-05
9.3812E-06
0
0
0
0
0
0
0
0
0
0
0
4.69437E-05
0.000133864
0.000226989
0.000307792
0.000367509
0.000399978
0.000404236
0.000377824
0.000320801
0.000238179
0.000128864
3.39232E-05
9.37063E-06
0
0
0
0
0
0
0
0
0
0
0
4.64212E-05
0.000132437
0.000225155
0.000306086
0.000366219
0.0004006
0.000403818
0.000377563
0.000320204
0.000238566
0.000129129
3.39872E-05
9.44199E-06
0
0
0
0
0
0
0
0
0
0
0
4.6982E-05
0.000133919
0.000228403
0.000309784
0.000369875
0.000404269
0.000408158
0.000380046
0.000321849
0.000239096
0.000129415
3.39602E-05
9.40718E-06
0
0
0
0
0
0
0
0
0
0
0
4.65329E-05
0.000132813
0.000226587
0.000306799
0.000366282
0.000401407
0.000405486
0.000377332
0.0003215
0.000239924
0.000130163
3.40866E-05
9.37389E-06
0
0
0
0
0
0
0
0
0
0
0
4.70097E-05
0.000133792
0.00022725
0.000307658
0.000366313
0.000398055
0.000400365
0.000373673
0.00031629
0.000235751
0.000128279
3.37505E-05
9.34051E-06
0
0
0
0
0
0
0
0
0
0
0
4.7063E-05
0.000134021
0.000226476
0.000307081
0.000366455
0.000399439
0.000402329
0.000375036
0.000318539
0.0002358
0.000128013
3.38048E-05
9.35599E-06
0
0
0
0
0
0
0
0
0
0
0
1.83882E-05
7.78523E-05
0.000173485
0.000250642
0.000306988
0.0003372
0.000339943
0.00031409
0.000258765
0.000179661
3.90831E-05
1.42138E-05
0
0
0
0
0
0
0
0
0
0
0
0
1.82301E-05
7.74132E-05
0.000172986
0.000251158
0.000307728
0.000339059
0.000343375
0.000316987
0.000262337
0.000182279
3.94045E-05
1.41915E-05
0
0
0
0
0
0
0
0
0
0
0
0
1.8399E-05
7.75633E-05
0.000172724
0.000249335
0.000304588
0.000335304
0.000337372
0.000311602
0.000257619
0.000178576
3.87496E-05
1.40794E-05
0
0
0
0
0
0
0
0
0
0
0
0
1.82351E-05
7.71755E-05
0.000172108
0.000248397
0.000304481
0.000334381
0.000336483
0.000309703
0.000254795
0.000176987
3.84935E-05
1.39777E-05
0
0
0
0
0
0
0
0
0
0
0
0
1.80008E-05
7.62121E-05
0.000170481
0.000246981
0.000302707
0.000333312
0.000336999
0.000311132
0.00025734
0.000178891
3.88287E-05
1.41059E-05
0
0
0
0
0
0
0
0
0
0
0
0
1.81445E-05
7.68881E-05
0.000171953
0.000249026
0.000305398
0.000336612
0.00033963
0.000314064
0.000258797
0.000180473
3.90192E-05
1.4129E-05
0
0
0
0
0
0
0
0
0
0
0
0
1.82887E-05
7.75145E-05
0.000172647
0.000249599
0.000306327
0.000336023
0.000338016
0.000312072
0.000257716
0.000179235
3.89043E-05
1.41393E-05
0
0
0
0
0
0
0
0
0
0
0
0
1.82243E-05
7.69267E-05
0.000171915
0.000248607
0.000304561
0.000334756
0.000336066
0.000311302
0.000257737
0.000178696
3.89372E-05
1.41108E-05
0
0
0
0
0
0
0
0
0
0
0
0
1.83031E-05
7.73678E-05
0.000172239
0.000248751
0.000304348
0.000335491
0.000337458
0.00031249
0.000258144
0.000179444
3.90602E-05
1.4126E-05
0
0
0
0
0
0
0
0
0
0
0
0
1.8318E-05
7.7504E-05
0.00017257
0.000248872
0.000304707
0.000336454
0.000339031
0.000312529
0.000257447
0.000178478
3.88089E-05
1.40456E-05
0
0
0
0
0
0
0
0
0
0
0
0
1.78445E-05
7.55567E-05
0.000168655
0.000244499
0.000300415
0.000330614
0.000332023
0.000306724
0.000253319
0.000176443
3.83691E-05
1.38239E-05
0
0
0
0
0
0
0
0
0
0
0
0
1.76508E-05
7.46469E-05
0.000166452
0.000241863
0.000297542
0.000328805
0.000331457
0.000307689
0.000254762
0.000177221
3.85233E-05
1.38573E-05
0
0
0
0
0
0
0
0
0
0
0
0
1.79009E-05
7.57733E-05
0.000169031
0.000244834
0.00029919
0.000327605
0.000329812
0.000305292
0.000252349
0.000175502
3.81677E-05
1.37974E-05
0
0
0
0
0
0
0
0
0
0
0
0
1.77025E-05
7.49582E-05
0.000167737
0.000243481
0.000298502
0.000329214
0.000331471
0.00030679
0.000252404
0.000175699
3.82143E-05
1.3819E-05
0
0
0
0
0
0
0
0
0
0
0
0
1.77753E-05
7.51616E-05
0.000167493
0.000242302
0.000296946
0.000326578
0.000329958
0.000304215
0.000251628
0.000174908
3.80641E-05
1.37E-05
0
0
0
0
0
0
0
0
0
0
0
0
1.75725E-05
7.42342E-05
0.000166279
0.00024292
0.00029985
0.000330483
0.000333399
0.000308256
0.000254556
0.000176617
3.81543E-05
1.3705E-05
0
0
0
0
0
0
0
0
0
0
0
0
1.75827E-05
7.44066E-05
0.000166231
0.000242763
0.00029838
0.000330148
0.000334252
0.000309611
0.000255843
0.000177742
3.84106E-05
1.37478E-05
0
0
0
0
0
0
0
0
0
0
0
0
1.75478E-05
7.41946E-05
0.000165922
0.000242504
0.000298812
0.000329944
0.000334656
0.000309572
0.000256059
0.000178027
3.84686E-05
1.37745E-05
0
0
0
0
0
0
0
0
0
0
0
0
1.75257E-05
7.41406E-05
0.00016616
0.000242729
0.000298853
0.000329929
0.000333732
0.000308493
0.000255465
0.000177221
3.84272E-05
1.37273E-05
0
0
0
0
0
0
0
0
0
0
0
0
1.75069E-05
7.41227E-05
0.000166192
0.000242088
0.000297664
0.000327708
0.000331123
0.000306247
0.000252981
0.00017592
3.82034E-05
1.37286E-05
0
0
0
0
0
0
0
0
0
0
0
0
1.77575E-05
7.4876E-05
0.000167659
0.000244275
0.000300187
0.000331021
0.000334136
0.000310438
0.000256275
0.00017826
3.84719E-05
1.38208E-05
0
0
0
0
0
0
0
0
0
0
0
0
1.7826E-05
7.53006E-05
0.000167714
0.000243537
0.000299231
0.000329185
0.00033227
0.000306154
0.000252491
0.000175471
3.79621E-05
1.37068E-05
0
0
0
0
0
0
0
0
0
0
0
0
1.78696E-05
7.59009E-05
0.000169445
0.000245748
0.000301167
0.000331259
0.000333668
0.000306737
0.000252654
0.000175273
3.80692E-05
1.37961E-05
0
0
0
0
0
0
0
0
0
0
0
0
1.7804E-05
7.50225E-05
0.000167265
0.000244007
0.000300536
0.000331588
0.000334756
0.000309677
0.000256037
0.000177952
3.84189E-05
1.37745E-05
0
0
0
0
0
0
0
0
0
0
0
0
1.75785E-05
7.43312E-05
0.000165677
0.000241762
0.000297596
0.000328498
0.000332632
0.000308229
0.000255778
0.00017814
3.93101E-05
1.40328E-05
0
0
0
0
0
0
0
0
0
0
0
0
1.78453E-05
7.54643E-05
0.000168114
0.000245191
0.000300791
0.000329199
0.00033166
0.000307491
0.000254448
0.000176927
3.83308E-05
1.37168E-05
0
0
0
0
0
0
0
0
0
0
0
0
1.78908E-05
7.55319E-05
0.000167564
0.000242381
0.000297339
0.000327282
0.000329652
0.000304601
0.000251727
0.000175251
3.80775E-05
1.37385E-05
0
0
0
0
0
0
0
0
0
0
0
0
1.76728E-05
7.44605E-05
0.000165748
0.000239207
0.000292598
0.000322372
0.00032493
0.000300079
0.000247247
0.00017183
3.7325E-05
1.34238E-05
0
0
0
0
0
0
0
0
0
0
0
0
1.74154E-05
7.34729E-05
0.000163583
0.000237331
0.000292598
0.000322298
0.000325283
0.000301583
0.000248651
0.000172963
3.74199E-05
1.33872E-05
0
0
0
0
0
0
0
0
0
0
0
0
1.7203E-05
7.25825E-05
0.000161568
0.00023456
0.000288496
0.000318246
0.000321793
0.000299608
0.000247889
0.000171984
3.70683E-05
1.32674E-05
0
0
0
0
0
0
0
0
0
0
0
0
1.73253E-05
7.32228E-05
0.000163191
0.000236394
0.000290965
0.000320306
0.000323911
0.000299783
0.000247347
0.000171714
3.71416E-05
1.33916E-05
0
0
0
0
0
0
0
0
0
0
0
0
0
1.75094E-05
8.98428E-05
0.000171852
0.000224078
0.000252318
0.000254637
0.000229481
0.00017841
5.88276E-05
1.50564E-05
0
0
0
0
0
0
0
0
0
0
0
0
0
0
1.76244E-05
9.00069E-05
0.000172007
0.000223807
0.000252284
0.000255391
0.00023042
0.000179595
5.93323E-05
1.5129E-05
0
0
0
0
0
0
0
0
0
0
0
0
0
0
1.75376E-05
8.95097E-05
0.000170825
0.000222827
0.000251107
0.000252687
0.000228785
0.000178133
5.86473E-05
1.50612E-05
0
0
0
0
0
0
0
0
0
0
0
0
0
0
1.75291E-05
8.95919E-05
0.000171144
0.000221677
0.000248591
0.000249637
0.000225054
0.00017482
5.76815E-05
1.48468E-05
0
0
0
0
0
0
0
0
0
0
0
0
0
0
1.76006E-05
8.96851E-05
0.000171176
0.00022299
0.000250575
0.000252192
0.000231204
0.000179327
5.85662E-05
1.49112E-05
0
0
0
0
0
0
0
0
0
0
0
0
0
0
1.74265E-05
8.91062E-05
0.000170842
0.000222629
0.000250564
0.000254225
0.000227985
0.000177387
5.8104E-05
1.4851E-05
0
0
0
0
0
0
0
0
0
0
0
0
0
0
1.71788E-05
8.7665E-05
0.000168767
0.000221939
0.000250645
0.000254236
0.000229338
0.000178846
5.89189E-05
1.50109E-05
0
0
0
0
0
0
0
0
0
0
0
0
0
0
1.73982E-05
8.89497E-05
0.000172446
0.000224431
0.00025317
0.000254797
0.000230451
0.000178228
5.8595E-05
1.49911E-05
0
0
0
0
0
0
0
0
0
0
0
0
0
0
1.75546E-05
8.9566E-05
0.000172113
0.00022413
0.000253571
0.000254454
0.000227708
0.000177609
5.86552E-05
1.49809E-05
0
0
0
0
0
0
0
0
0
0
0
0
0
0
1.73957E-05
8.90497E-05
0.000169597
0.000219985
0.000246736
0.000247846
0.000223432
0.000173417
5.7286E-05
1.47009E-05
0
0
0
0
0
0
0
0
0
0
0
0
0
0
1.75077E-05
8.92408E-05
0.000169958
0.000220322
0.000247402
0.000248556
0.000224691
0.000175021
5.77185E-05
1.48317E-05
0
0
0
0
0
0
0
0
0
0
0
0
0
0
1.73897E-05
8.87495E-05
0.000171437
0.000222556
0.000250726
0.000255756
0.000229113
0.000177895
5.86996E-05
1.50917E-05
0
0
0
0
0
0
0
0
0
0
0
0
0
0
1.72952E-05
8.8841E-05
0.000170662
0.000223318
0.000253789
0.000255117
0.000230176
0.000178798
5.88041E-05
1.50252E-05
0
0
0
0
0
0
0
0
0
0
0
0
0
0
1.73922E-05
8.87059E-05
0.000169679
0.000224255
0.00025195
0.00025458
0.000229021
0.000175679
5.78481E-05
1.47306E-05
0
0
0
0
0
0
0
0
0
0
0
0
0
0
1.7228E-05
8.77834E-05
0.000167454
0.000218063
0.000244707
0.000246537
0.000222827
0.000172859
5.68485E-05
1.45393E-05
0
0
0
0
0
0
0
0
0
0
0
0
0
0
1.69506E-05
8.65497E-05
0.000165444
0.000216363
0.000243847
0.000247122
0.000223672
0.000173401
5.71236E-05
1.44954E-05
0
0
0
0
0
0
0
0
0
0
0
0
0
0
1.71364E-05
8.73925E-05
0.000166451
0.000216831
0.000243375
0.000245588
0.000221299
0.00017169
5.64947E-05
1.44248E-05
0
0
0
0
0
0
0
0
0
0
0
0
0
0
1.69558E-05
8.65276E-05
0.000165244
0.00021504
0.000242252
0.000244
0.000220185
0.000171176
5.6371E-05
1.44031E-05
0
0
0
0
0
0
0
0
0
0
0
0
0
0
1.69331E-05
8.65497E-05
0.000165761
0.000216171
0.000243328
0.000246127
0.00022266
0.000172575
5.67495E-05
1.44402E-05
0
0
0
0
0
0
0
0
0
0
0
0
0
0
1.68598E-05
8.60043E-05
0.000164575
0.000215574
0.000242749
0.000245881
0.000222577
0.000172381
5.6645E-05
1.44143E-05
0
0
0
0
0
0
0
0
0
0
0
0
0
0
1.68851E-05
8.61686E-05
0.000164056
0.000213325
0.000239864
0.000242501
0.000219617
0.000170302
5.59773E-05
1.42491E-05
0
0
0
0
0
0
0
0
0
0
0
0
0
0
1.67433E-05
8.54925E-05
0.000163385
0.000212819
0.000239853
0.000241814
0.000217978
0.000168363
5.55464E-05
1.4194E-05
0
0
0
0
0
0
0
0
0
0
0
0
0
0
1.68318E-05
8.5822E-05
0.000163997
0.000213701
0.000240888
0.000243611
0.000220333
0.000170629
5.61798E-05
1.42837E-05
0
0
0
0
0
0
0
0
0
0
0
0
0
0
1.68204E-05
8.59421E-05
0.000164466
0.000214194
0.00024179
0.000243918
0.000220743
0.000171547
5.62335E-05
1.43174E-05
0
0
0
0
0
0
0
0
0
0
0
0
0
0
1.69108E-05
8.62319E-05
0.000165038
0.000214536
0.00024163
0.000243592
0.00021979
0.000170534
5.58779E-05
1.42474E-05
0
0
0
0
0
0
0
0
0
0
0
0
0
0
1.67765E-05
8.55748E-05
0.000163689
0.000213469
0.000240234
0.000241833
0.000217244
0.000168645
5.53817E-05
1.42032E-05
0
0
0
0
0
0
0
0
0
0
0
0
0
0
1.67408E-05
8.54312E-05
0.000163427
0.00021246
0.000239263
0.000240742
0.000217706
0.000168957
5.55955E-05
1.41657E-05
0
0
0
0
0
0
0
0
0
0
0
0
0
0
1.67125E-05
8.52325E-05
0.00016243
0.000211387
0.000237563
0.000239059
0.00021568
0.000167558
5.51544E-05
1.41113E-05
0
0
0
0
0
0
0
0
0
0
0
0
0
0
1.67333E-05
8.53213E-05
0.000162733
0.000212154
0.000238505
0.000240606
0.000216982
0.00016877
5.54745E-05
1.41834E-05
0
0
0
0
0
0
0
0
0
0
0
0
0
0
1.67325E-05
8.53594E-05
0.000163124
0.00021246
0.000238867
0.000240742
0.000217062
0.000168442
5.5343E-05
1.40958E-05
0
0
0
0
0
0
0
0
0
0
0
0
0
0
0
3.93898E-05
0.000135188
0.000182624
0.000207917
0.000209375
0.000186868
0.000140426
2.32392E-05
1.03519E-05
0
0
0
0
0
0
0
0
0
0
0
0
0
0
0
3.9268E-05
0.000134961
0.000182278
0.000207927
0.000210264
0.000188485
0.000141103
2.33306E-05
1.04017E-05
0
0
0
0
0
0
0
0
0
0
0
0
0
0
0
3.92188E-05
0.000134587
0.000182597
0.000208275
0.000209968
0.000187782
0.000140693
2.33426E-05
1.03593E-05
0
0
0
0
0
0
0
0
0
0
0
0
0
0
0
3.90928E-05
0.000134459
0.000181355
0.000206922
0.000208652
0.000186571
0.000139361
2.31225E-05
1.03349E-05
0
0
0
0
0
0
0
0
0
0
0
0
0
0
0
3.90928E-05
0.000134767
0.000182703
0.000208334
0.000210195
0.000187268
0.000140315
2.32675E-05
1.03603E-05
0
0
0
0
0
0
0
0
0
0
0
0
0
0
0
3.89882E-05
0.000135055
0.000184556
0.000209533
0.000211436
0.000188416
0.000141298
2.34153E-05
1.04752E-05
0
0
0
0
0
0
0
0
0
0
0
0
0
0
0
3.88103E-05
0.000133607
0.000180857
0.000206324
0.000208493
0.000185933
0.000139112
2.30075E-05
1.02753E-05
0
0
0
0
0
0
0
0
0
0
0
0
0
0
0
3.85803E-05
0.000132779
0.000180893
0.000207629
0.000209771
0.00018719
0.000140159
2.32773E-05
1.03474E-05
0
0
0
0
0
0
0
0
0
0
0
0
0
0
0
3.82698E-05
0.000131487
0.000178022
0.0002043
0.000207042
0.000185346
0.00013885
2.29856E-05
1.01953E-05
0
0
0
0
0
0
0
0
0
0
0
0
0
0
0
3.83874E-05
0.00013209
0.000179537
0.000206653
0.000209147
0.000186868
0.000140348
2.32599E-05
1.03018E-05
0
0
0
0
0
0
0
0
0
0
0
0
0
0
0
3.81379E-05
0.000131066
0.000178336
0.000204792
0.000207659
0.00018581
0.000139256
2.30568E-05
1.02205E-05
0
0
0
0
0
0
0
0
0
0
0
0
0
0
0
3.79337E-05
0.000130365
0.000177689
0.000203919
0.000206623
0.000184564
0.000138317
2.28603E-05
1.01893E-05
0
0
0
0
0
0
0
0
0
0
0
0
0
0
0
3.80419E-05
0.000131297
0.000177824
0.000203425
0.000205794
0.000184116
0.000138087
2.28779E-05
1.01752E-05
0
0
0
0
0
0
0
0
0
0
0
0
0
0
0
3.85843E-05
0.000132502
0.000179036
0.000204762
0.000206573
0.000184564
0.000138337
2.29977E-05
1.02733E-05
0
0
0
0
0
0
0
0
0
0
0
0
0
0
0
3.88262E-05
0.000133217
0.00017985
0.000205414
0.000207002
0.000185556
0.000138863
2.30853E-05
1.02793E-05
0
0
0
0
0
0
0
0
0
0
0
0
0
0
0
3.87172E-05
0.000132887
0.000179859
0.000205514
0.000207689
0.000185407
0.000138429
2.29527E-05
1.02517E-05
0
0
0
0
0
0
0
0
0
0
0
0
0
0
0
3.87192E-05
0.000132813
0.000179966
0.000205484
0.00020737
0.000185091
0.000138646
2.29021E-05
1.02054E-05
0
0
0
0
0
0
0
0
0
0
0
0
0
0
0
3.8086E-05
0.000131317
0.000177662
0.000202982
0.000206034
0.00018481
0.000138304
2.29483E-05
1.0227E-05
0
0
0
0
0
0
0
0
0
0
0
0
0
0
0
3.78675E-05
0.000130419
0.000176897
0.000202689
0.000205724
0.000183887
0.000137724
2.27578E-05
1.01741E-05
0
0
0
0
0
0
0
0
0
0
0
0
0
0
0
3.79478E-05
0.000130406
0.000176752
0.000202184
0.000204883
0.000183551
0.000137968
2.28306E-05
1.01651E-05
0
0
0
0
0
0
0
0
0
0
0
0
0
0
0
3.87687E-05
0.000133217
0.000180376
0.000205904
0.000208404
0.000186396
0.000139983
2.31585E-05
1.02542E-05
0
0
0
0
0
0
0
0
0
0
0
0
0
0
0
3.8743E-05
0.000133264
0.000180456
0.000206214
0.000208285
0.00018595
0.000139106
2.29669E-05
1.02693E-05
0
0
0
0
0
0
0
0
0
0
0
0
0
0
0
3.90356E-05
0.000134091
0.000181693
0.000207868
0.000210846
0.00018852
0.000140882
2.32458E-05
1.03549E-05
0
0
0
0
0
0
0
0
0
0
0
0
0
0
0
3.91637E-05
0.000134479
0.000181684
0.00020754
0.000210017
0.000187495
0.000140257
2.33198E-05
1.03743E-05
0
0
0
0
0
0
0
0
0
0
0
0
0
0
0
3.9778E-05
0.000135848
0.000183225
0.000208315
0.000209533
0.000186676
0.000139937
2.32174E-05
1.03613E-05
0
0
0
0
0
0
0
0
0
0
0
0
0
0
0
3.91558E-05
0.000134158
0.000180902
0.000205964
0.000206473
0.00018401
0.0001381
2.28724E-05
1.02416E-05
0
0
0
0
0
0
0
0
0
0
0
0
0
0
0
3.81739E-05
0.000131059
0.000176788
0.000201284
0.000203365
0.000182199
0.000136214
2.25341E-05
1.00445E-05
0
0
0
0
0
0
0
0
0
0
0
0
0
0
0
3.79578E-05
0.000130814
0.000177446
0.000203294
0.000206663
0.000184758
0.000139132
2.3059E-05
1.03384E-05
0
0
0
0
0
0
0
0
0
0
0
0
0
0
0
3.83077E-05
0.000131304
0.000177302
0.000203053
0.000205123
0.000183666
0.000137678
2.28328E-05
1.01448E-05
0
0
0
0
0
0
0
0
0
0
0
0
0
0
0
3.77651E-05
0.000129853
0.00017621
0.000201172
0.00020423
0.00018265
0.000136685
2.26849E-05
1.0078E-05
0
0
0
0
0
0
0
0
0
0
0
0
0
0
0
3.73539E-05
0.000128805
0.000174743
0.000200228
0.000202609
0.000181888
0.000136194
2.25929E-05
1.00302E-05
0
0
0
0
0
0
0
