757.5909021433523 71.04122739967633 91.06492948162193 1491.7632387964504 828.5062989446812 
87.15396468939751 793.2349567751521 1455.6232999312333 845.2822225551863 750.513378349285 
10.591511731727564 76.14138545447324 1428.5119766128228 1010.3190564001521 220.54752459726623 
104.39638515243864 950.2229480263487 1268.7803682398667 1456.5330404984393 188.6941012447646 
106.19505237623584 951.0830102255061 1356.3376313525193 745.1057720723443 1481.4387045676 
109.26481184822822 124.50783399696319 866.0989336045286 1477.4859531943484 1285.3015210364408 
163.78993908895455 111.74231739839756 1441.016230777315 1424.482762175952 1320.7372127696478 
94.01737694875622 943.1655225207941 1257.180660338736 33.90375073284241 1200.7371876229356 
122.00917942300816 673.4802646407288 499.61368931950915 1482.5687155563303 1452.57385599104 
964.3119851353932 896.4949199579814 784.0033225704772 98.95931337890485 1493.7324984538682 
835.7402736831376 905.0235422115284 1409.2943741208426 1427.264126163555 685.4962245405886 
974.1777245844195 856.59549772461 1449.9980884967947 78.80723024052327 1495.4401609112654 
933.8062312644506 993.7175116462639 52.396152396550875 1249.6251527076217 247.19691987317648 
11.869196026413565 906.3680745537433 1321.7221571881141 1420.9766753782314 1321.9690997193547 
117.48468563643367 990.6576627881212 1368.4775312618983 916.2252551709981 149.24747631130288 
973.8970071826018 986.7974896083118 1242.1069538987674 310.68404177789085 889.2197511523827 
82.58321663961121 975.3293177293095 1199.3239738782531 1497.5838823149068 584.0657454325067 
851.1456756515993 80.42680836727922 200.4746035291699 1370.069172116195 1435.7928207291623 
980.1241889821899 115.29278057612314 94.82447274578625 357.82483042183253 932.48738587571 
975.8509018186542 24.971185457769995 1005.2456687305632 1429.8718658142527 108.66905025840276 
946.849774513959 990.777656282441 1415.86263868397 896.1171229426698 1240.7021796796446 
993.7690351151296 64.39306422751034 1214.9776004390333 417.3695618207572 971.0433110943626 
904.0907176746099 86.74462827862183 1128.4424937682488 896.3928902951826 1468.8195325988459 
911.2972234859134 2.517419910463836 693.0788507354639 828.3378519982873 1212.8181531318994 
532.5841564409075 121.31141473220728 1478.4431168911856 1112.8329437332668 1496.9469015708178 
965.9153760706461 38.856398061274945 1133.397807676906 1263.5343064747246 1103.3792964402335 
976.9723545747959 378.1332215461369 27.094989267982704 1430.2917087466105 1310.3890820470078 
977.9342276080107 949.93616240511 757.2778859290108 1462.8828181377162 1.4536257297752542 
465.10540589715526 871.1015473139638 45.12221426981699 1476.5771311056594 1414.3704064774697 
477.0207171940147 971.5438708889394 1337.1096695989972 1420.2363405087867 1485.5976910152594 
990.2591902205149 230.36696238127982 1321.100543486802 182.44112251327599 487.0151087868128 
972.9342386383925 986.4060045734927 1442.1505239570747 1213.9002482215235 56.08282956907823 
940.4084015241993 946.3949461930417 588.3299743869442 1422.3954682380972 1331.4955833982497 
717.5300353048244 136.7500327195308 1476.7614962340035 319.7939033277424 1459.8736368547309 
807.0726456195696 672.9057878189126 1449.3622353649341 1450.7977100543724 5.356480458940216 
962.398933887993 21.367004027347814 1060.5815596213806 1464.7178308694588 494.26776315500894 
991.7631625667607 977.5636155437337 398.3227185982206 1489.6159236183867 686.0357983725422 
982.7830978749203 907.8914958960381 186.24864325796608 488.7315719532877 1325.6764220635484 
999.7990420034919 975.6300782085999 1469.7997542429487 779.6579838464291 362.87555606334735 
943.3094392616299 998.7369062881985 27.256982388640605 1478.5391230066803 1422.7615047284785 
963.6715270000666 850.6523935929972 67.28009982087119 889.0552173535987 992.2865904674127 
918.9271005469656 699.6465297306133 1286.2085761573371 1451.6282691028916 1486.7483997641807 
954.7083154950816 416.38185909043364 1415.1232400168876 98.54346013053117 999.8892471774425 
391.5532271609373 963.373186297478 315.23182127932085 1479.2497445917156 810.5651625816456 
830.0250939613036 883.7498639564436 1437.2136696687091 497.45475579022906 140.21408489176395 
144.6971773209358 973.70943594877 1448.5755494750392 10.939045757395792 867.0230843386132 
991.5423938837197 973.4340116805047 1048.8910917241512 162.68027455431354 233.6765856566822 
444.95843290428274 1.7436956694979466 1441.950311144693 834.7292406670044 55.978961662124846 
122.05990826868086 906.5362220414289 32.22876778594952 612.9179000466352 92.5914155542204 
123.58249277883903 500.93732582428004 1360.1364467619985 1481.248714900776 33.85887647384622 
964.2148083640596 572.7777386913797 607.3180516288071 49.05666943572196 0.43670229842257546 
776.0272515244685 554.5672777163269 226.48352981689652 1368.1567669057683 2.9034148125758885 
867.6581502446264 944.9518530955429 502.5747571841898 48.85758985525024 737.0426808898088 
862.8703823031169 16.847405905847545 1323.889078223865 712.8935074926983 112.06714951883451 
20.348333983672305 348.4190275811105 1364.9026157935698 718.416411843944 1329.9700651343737 
302.6489838631363 29.635059934066344 32.96840733447121 291.3927759483876 1295.941561430405 
975.625512909522 163.74107914801084 771.4498089762894 860.575915875988 63.51272499067417 
407.78996493213356 45.694426114684546 404.59231725093747 1451.0406737137628 91.17980493464995 
44.209536328905116 978.163892540002 71.04335132466022 47.81962575744358 228.61615921754253 
99.29191521584035 980.4033881796921 483.206227381793 87.58611521572767 1152.1188973086244 
198.48691872168502 940.0204059159815 633.3248362958848 904.8294439280496 82.69069445862759 
329.82257446976257 984.8485573997915 11.840210100300453 459.4403813110882 860.8701565042653 
902.80798115965 512.1733110358707 23.311362973856774 95.61090234404102 1207.9830695637959 
20.574311935944944 796.3717096475975 6.633469507681622 181.4083831968707 1156.7982560494804 
315.42341775153517 1.136650297664854 804.4759200159702 16.226932609867852 884.1567641740615 
14.332137915587296 217.5233684711928 662.870884989946 610.7455047494584 29.769840642801082 
596.6769646879495 300.50443054461664 1484.1144658993683 2.044236990620396 55.344920704750834 
967.0903280146957 56.26188696008572 89.17314993751097 784.6894941443464 281.012780898006 
702.571418962753 33.25654296241343 1094.7396966403126 93.31010407049651 15.493788982588242 
66.77319956442274 59.508591191086424 150.7985423894861 58.97508037775745 27.518101286470863 
922.2143923112155 199.5720732887436 12.250523566580739 287.2447464536134 124.16864182355263 
126.76543776826087 209.55102557109862 126.7837903644114 811.7663181395855 1432.781389298915 
30.113151883458755 222.69157360700743 49.715758950552356 29.265593865689 598.0032714179491 
859.518920593661 3.003098000363913 304.8328322203725 43.78805755818455 197.43805680086257 
79.92895147296109 547.836914079584 77.8321137961987 1425.214211369369 1474.2222111983806 
11.826649911622633 518.6129627637131 38.98157243747147 1238.7918983863913 598.6701480147932 
46.37242693426025 64.72214394026533 33.6879196621071 1167.4539927661142 81.84076556580216 
129.02937474021047 237.07399633390554 1062.857822110691 43.70123037940338 1430.945799398614 
455.8683091462831 970.3724924707349 313.4517359753654 65.49449041993944 47.56865510009495 
142.5176887996198 996.2798350182961 730.8070394697061 633.2296707146614 1490.4968756361177 
27.53445240637431 147.04792254399356 83.84192582062799 1482.8642852387661 1228.6171426517653 
6.639416175850066 137.2392007478137 573.2303165831717 226.8972484168027 1306.384503961564 
80.58178680052808 580.774536203752 271.4370143033861 103.15926953355337 1465.7445229589734 
668.7665212939164 119.78535248766629 70.65047889316567 47.5160042075255 1405.3536920023644 
773.2392384495793 921.1711387378746 168.91418052587525 722.0065850595722 77.46610826171796 
520.2104048016305 337.39963488398325 13.121123448108897 14.607043309839085 5.332514456616533 
97.72336542905 121.24776578125342 1448.2068442038096 135.4148724899633 170.48799596961166 
61.696478835145285 299.57108627185437 207.71094731625078 1467.765219494672 18.689065192371235 
28.264795188136848 50.328211717806546 553.9655642979673 1405.5128473071466 638.8454395229003 
130.65245114568458 259.1468973599925 1373.4117835120076 62.555269285612944 1225.7686200004346 
53.46548139291929 3.3087249645477046 26.214158189527716 871.328396619031 434.79646373230906 
69.93212394109638 98.8720490395253 1261.9859735414987 1418.1884393061591 818.4800090973916 
46.41078280357691 267.1540590268332 764.061667902842 33.819928101831486 3.4441825170517526 
17.971972878450426 35.72517633309447 789.3029444227927 882.7988847522234 890.5197905031821 
9.160385111292136 815.5233997557306 1048.343323142824 179.02524616130094 267.5372608329203 
112.35094357557152 525.4691578123316 1483.1623600361856 416.23774800514377 79.54224016249334 
904.9528863288125 544.2866383953482 8.197037424244048 1472.546288541929 405.9825205511654 
937.6359700647382 948.1854369694953 50.42137464515345 261.2644436419257 716.6642923317804 
947.3124398750903 397.89651282992486 484.1764312731876 378.27993421030595 1461.9834578426146 
255.18964785904961 993.7975511786966 460.8459471470783 1459.2619121977784 240.65095432883342 
