207.53675918283454 493.3728343058322 6.418340094878905 800.7363674636119 1479.0769057646971 
52.79979497388453 202.30385645683538 121.93940604031556 1340.2688946191859 1456.5406817017697 
974.5491825488195 120.28114639616305 6.777206826288462 1391.5889798381472 1266.1008244101977 
788.6427461427336 139.9758398242257 1464.7552459066278 42.31213401485756 961.0293730922219 
166.2115904014977 9.258044570066627 365.79141909772227 301.01986187959534 1182.3482198555764 
66.07708172142601 573.3865073851028 1370.7209122049942 1444.4537095299397 1481.308451732669 
937.1159728812376 83.3610462391613 803.1638869515392 1487.5654694526136 1467.0320887282253 
47.07929550143509 195.72814311536231 414.8642172541871 1335.0114881390155 523.6047365647022 
634.004960323008 13.112522348226907 270.62557790329436 1307.1730991742886 1464.4728182076424 
120.40502957480726 154.69481046730348 1025.7126065136597 1439.7667396051704 301.3671360239976 
58.09468187488408 830.4292839247549 475.56679819070166 1458.013859979867 1463.765343163136 
967.2929835130991 897.6682453742001 1492.4033959340297 1449.6455621087111 1459.1818764864968 
220.49978580349304 932.3320890892675 11.879896940368395 518.352069250741 1298.9776318086695 
589.572068200828 928.2423871505181 201.63746362944462 1478.365497139484 148.5656310033362 
6.386945091322205 999.305356369867 981.3601167267493 1444.714755400257 1409.0076019981802 
2.831272073109181 676.3607736172667 398.4676610922218 18.25156774220188 1385.7510198753355 
182.6959923537017 967.6452392452824 1344.3595039062022 357.1976884940991 4.489235009620396 
703.5576608548839 903.7107136239833 1434.715716710523 1472.9320146184193 0.6190958640487909 
31.08769761595842 757.6723721721775 1464.0011566446365 1445.3368499278502 573.6034790883007 
79.75850247904148 963.7051839860742 88.05746252292789 1252.066718053861 1414.1352347066747 
163.01386357824333 536.5478477062579 1495.7602065970932 17.79763673101953 494.7590476325578 
21.706377674769573 812.216808769797 1457.3962712022685 361.4467734092008 618.6898045629117 
807.8431769768606 1.3129870677731637 36.89574201100187 571.2042695686108 1449.9163358516148 
134.31959097025356 20.445655234680782 1030.1284828051473 1416.745973172884 1480.6806859526055 
995.2676933127093 245.9466857096864 139.1775393812576 1436.1705219173055 223.63156034510385 
950.1380369884729 976.6742665790622 878.07700461185 1462.4230252349178 763.2938650248032 
957.7484350312873 909.8789366482113 31.36284050388205 1485.0377032834492 972.4207796838201 
985.477215163371 993.9620555566506 753.6916320008123 767.3404917406704 1482.3971678875334 
814.7699462515146 974.2349655346616 1480.9691194848447 1481.874194111932 735.4153998173012 
399.7674579582931 533.2741808979451 48.936313582147065 62.27093607886003 748.251474563964 
886.332588052089 13.295008217411585 5.435785507631408 728.4816748573581 949.4630592776624 
989.7840622951852 6.8516788120577266 1436.0769609642819 1249.0899492869416 1153.0636995062002 
475.2944501229284 34.57177354598695 410.5153619547057 433.8114060766129 142.09372346913662 
948.5576983629405 33.88435964647729 1212.4304760881955 53.54657453517147 324.30543489488326 
921.485171521617 117.91615066428109 976.4451340980445 1443.0209915101811 293.73686871788755 
837.9175673463782 979.0156756071336 1487.4274566065174 79.37078457960118 848.741345104723 
673.3506124886223 988.5644017353374 1228.770817472828 14.461196052601434 148.6507732582392 
985.8615091550068 879.6409523528017 831.7749705629064 1494.4297748089518 1456.8220095044053 
867.7557231014588 227.61665840474666 67.71686233859464 77.18570034037909 936.9997456897697 
930.9428215967095 139.08791356393957 517.0021283556241 1252.6960225059934 57.426270105895796 
998.1208569486881 29.84246164032001 1440.381168182515 781.3558616509755 120.9667046301658 
925.3833920416115 114.75780055862828 427.7917910861654 92.07244363097556 557.6545272687539 
807.064475094203 0.7431764530683171 1453.222545184074 1412.245027287025 616.8933737633478 
946.1765714748817 993.9704114549913 108.24728272666856 693.8597102431862 1464.2801876463348 
892.272493837257 592.2757820831393 33.9533666351316 1472.4105336178156 5.225411056282936 
998.0706697445173 548.409596115901 1486.984167887335 242.97459366481394 1291.2291838213428 
823.0137211199581 977.73861403394 373.26661872110293 47.76075134003016 767.8601682482889 
968.6322696709032 919.9640618054253 941.4061427769536 98.68048138734098 50.481505506623336 
16.36478401431485 308.73735816895555 1455.263533939177 446.9944725488822 230.46316978591958 
24.725871658058285 983.0409130983184 1439.7893511155846 891.1265040163411 1009.1123568301883 
56.50889409245674 90.02417575116739 109.98398454871439 799.999297292873 930.9766952516966 
982.5367894322216 927.2440173345648 32.780836600996736 1014.5712964205024 609.851553706175 
605.3031904324612 63.4870986418995 1435.596765787236 32.13297614618882 80.38770910991127 
45.92839967693696 226.07235527540993 1002.1948211628364 706.8870586205824 1428.6246421459346 
358.75776930925406 4.226952585721255 1447.132479288705 1451.787823414005 1425.7975976421665 
86.54490906989054 274.33859886007616 1473.8543623812725 21.50879549441276 1339.168286737056 
14.00303901650335 938.8524230196699 1466.2226944922902 878.3177880335801 180.09106221215114 
224.6252239986364 959.8000318750206 114.93738974633006 1445.8610792849383 988.8671072460672 
437.74039789209127 227.46205693131174 1288.492300500525 22.605621085051432 1455.0407451162007 
29.068326329935612 991.2767349104294 891.9358089055116 1157.148088848364 636.5283404892112 
988.9864439618159 995.749225986718 1476.977464692242 574.7336640600221 401.59770954466603 
520.1467592518209 936.6938443818613 44.08120852006853 1491.8718820617146 1422.3096630374152 
48.96431999721496 958.1803317599769 1160.332064141996 594.0739389305069 1411.893171118338 
133.62327919084316 992.2907616965326 1424.0526772782023 116.34401741957645 1401.840558687255 
40.05400482929999 963.2438309157249 413.12273003661255 223.05262180389556 173.6189710208627 
21.835550441924866 993.9115143085698 545.1260601522504 38.76381170296522 914.2760332650041 
982.2469417411421 994.8118847936067 409.19764171351744 1383.915555320248 49.01166857986811 
102.13395367132327 434.7100981549099 135.05402629913965 112.71290652775396 1497.842300021299 
75.93244929043452 989.1557702589247 238.60901014436163 1354.1771586582008 458.8988408130759 
66.69949148336562 808.0177131622736 1178.2170223288474 1493.4821959579635 118.03182561740394 
141.64586634587218 982.4064224225306 572.0977884530341 1225.2916374690158 73.77138374042241 
28.12468967323989 995.6341684616373 1379.134228189 1302.046489155539 1404.072135091704 
876.0683884437375 961.8238243629417 47.36235031950636 232.42946191581638 1400.5972430080385 
995.3071753232035 994.4872755655613 547.2738537943824 55.61229808198248 1492.04781687009 
256.1081843716956 131.39737595293244 1438.594682848379 999.6958895132886 183.53145949719357 
395.6543013909593 541.4391266930204 69.19463073560644 605.3401042770906 47.7065161054806 
954.6145695499531 922.0089378272814 995.2043131290272 1416.7236587051154 58.89376760469367 
740.4704565572328 295.34130950817314 491.9912815533943 61.418854857485215 210.01234412936503 
64.27941832262178 982.7065284783097 336.9848946035212 757.9218865989844 156.19598292871433 
950.812631546307 992.682450140157 209.90592793949432 248.81886381822787 140.7970427402449 
974.9294695184336 946.6915445212194 1492.1329973078982 62.333091463770806 1451.460422155626 
727.9596861633996 26.814193611531813 1493.2788826571777 789.778841070042 1471.1037649603516 
166.53025245420338 63.624545707612214 129.32060737544217 1303.0056621015362 697.1968800478792 
986.0071217664291 33.9949722717795 682.3651155252684 402.0314225634801 1024.4113503613628 
995.5146391872505 0.26247770864962217 466.0196145004741 1402.993263697397 886.8858840234072 
85.66419197925069 133.26189800646148 1467.8923770807833 1444.776921256696 842.7491849555971 
180.97090262903134 94.24923901509584 848.4461610446923 1116.1302930086124 114.49057285178033 
986.1207135422928 422.54747810700377 1440.3052800112914 514.9841817812273 84.9554760660594 
970.0103871382694 984.1711390386564 1489.354264449134 810.3602682137748 1457.420131058047 
504.96684995754845 920.9655836560922 1493.0746048207934 704.6914843331247 1499.7845816735119 
979.1981234234848 991.6933828768474 255.370962262949 1474.9386429259914 1461.900436680242 
981.362075189268 986.3769017130511 120.03885757079561 557.8587106841321 611.7516574759394 
946.89362510891 71.28642601753232 1022.72497313744 638.7460523264033 1496.85693026875 
250.7084930593842 24.69696133913213 1493.9904362903012 903.94284289216 1180.0588949535108 
767.2396217321293 19.325885357958562 200.35496444357264 901.5724431862476 97.39219136967876 
859.8203644946735 54.34824166208062 744.4542877688207 37.47844482597251 1433.1339809079143 
671.7329748215215 290.85017536159023 1468.1954114710045 1495.088216967058 1499.3438706536492 
901.2113799457792 87.47241626540318 1426.0556372429153 1305.7616374252748 142.1221076430802 
999.1655128475278 870.2598168667291 607.1011974843146 701.1656900332888 18.221197732532612 
830.2222758883471 963.7875520117495 1324.6643859715807 840.2400872797286 19.519972599881143 
