221.4042168721957 589.1444336006886 346.45736282998536 4.746624709383973 1409.8117121745852 
962.7065901928764 37.89811479712357 33.02116059501725 1289.1909623713884 890.7756731550247 
969.1245460923559 37.9311852950911 1363.0384742323754 1485.17820154105 345.4634545663533 
155.07905157262704 109.36477092163011 578.3456599511875 559.2777622958758 1412.3854926574002 
239.11862215088098 494.96405991118843 1438.9362553482322 27.603305844131565 1473.2392207925739 
122.97738790428672 248.28910310666842 1412.0104610377286 1308.585340789599 38.334692865011235 
874.0347163943401 924.274047294707 1486.2288388712777 749.2762397992327 14.284812025335992 
58.8230213300226 4.502119999169718 1343.5007289236896 1366.9848705179324 1419.0205338423198 
312.7571631003878 917.0344692353287 346.2701347947012 25.4568226787803 1293.1232712222522 
30.08261511324772 995.0631094502587 921.3914853574091 1021.7033063308319 752.5639355145913 
29.095886896260193 899.9616484276582 213.57995217431608 1402.1741340336935 447.8621985006149 
55.02068922022896 656.8882062260243 1446.8985796566449 1454.3182591946183 83.32749370841275 
32.633514215480666 346.64552651195925 765.8395022452615 73.19615926551826 949.3576166809183 
55.05083070264117 962.2362325644256 1258.7511988392928 61.774639761634056 1346.9908309995922 
11.120437189994004 943.1541088004554 1373.6312542784558 541.1911820894258 1483.3589441691586 
226.40566113602955 399.0862180883584 1456.6735873983616 192.66125910265697 59.85404135485467 
406.42367145518136 24.26805129967913 703.1360158244639 270.467223722194 516.8526497006851 
862.4398274420722 81.54165467359431 821.2235241292668 95.20904886935216 1449.429276178081 
237.15801973609837 143.38103730331466 220.74889066615938 827.3231084842906 1480.0597867637734 
918.1082397453463 103.88042660750763 747.4610303222516 1420.1119019120206 1457.7266101186399 
110.30253432555524 178.80453183586218 344.9338915266789 1465.8943425140105 1339.3487353749483 
586.6204801699864 57.34213335150852 34.82706093734077 1472.6870331960868 1418.7583314855667 
500.82714377317404 73.4326655863076 1469.2366219366252 1400.5970612057 336.274218251475 
803.8421437714214 899.9451635986296 594.3455474224714 160.45762759955778 62.284519304092456 
941.2311591576289 650.335433469295 78.81143965769127 67.57602129889534 1481.1076741224497 
921.4550428606284 837.5754946380051 813.2323888691016 8.803471663406947 168.3239617262786 
942.0101777349878 946.1996446065245 23.211572812985025 1343.699869359825 1429.3616182135574 
231.60206242881745 876.9876845450823 1183.3408289317754 628.0291956501102 10.411057322318118 
824.1649079057253 9.613761212037053 134.65347531038512 959.0702042873008 1491.1033360106005 
959.7784648454924 322.99031101005096 1434.1928780180792 1181.8409644700469 7.02777893874168 
999.5518014059028 73.82658459880453 881.81985746713 1494.7205235809274 370.58493149240377 
993.9410251763283 131.82810428527435 1490.61268025134 1442.0270044617903 1407.0606291546396 
615.0370852721297 108.08756999682926 1480.1472010263458 19.842250610426603 60.27478162644695 
985.2768270082486 918.1842550379168 829.4210638045201 1492.6955684821307 1479.6858835284904 
872.4706779443886 996.5037620729499 703.8259771524782 48.35779731723072 947.4005377497319 
974.6282791998268 942.9783593791794 1478.8194694635883 562.2247449655523 539.3730070638615 
880.0348921546242 964.0305110636203 1402.081272851412 35.178637786778935 676.7381482870702 
706.1427421539299 981.8022410468742 54.57646687791096 301.0341975319298 335.23804186507317 
983.1667348756221 971.5768814537066 449.2740576272709 155.49760150786963 1459.3032468959316 
913.6606420065092 118.81612992529311 346.2859369275766 248.65866270373593 1454.7258562296588 
844.9819577415396 0.5870891035953951 59.701715904741384 805.6258693381935 1140.7317134424995 
979.2027912329207 87.82551476729117 1442.923080421813 542.686818324002 594.7364462712956 
879.4694133675389 502.9731226626604 8.549337084513386 1449.0144939980598 70.86638105974203 
890.6378711613705 126.51175363378529 1434.4424546112098 28.995427618222436 999.9564642696652 
984.8467123466282 974.2521478041756 1464.9404398094377 839.5114272914058 1072.6433741855526 
846.896496477307 896.4397825810787 11.593885736313037 585.8721653911286 870.0132908217611 
977.4895560860956 748.087135844372 1475.2825781399565 39.594952495899115 1381.410866208088 
904.901834959475 323.70612761019134 613.6685045138762 1491.5151185596992 65.13707279045417 
47.01076644647584 166.539332721386 1481.9661293408792 771.0635612420289 1477.6135117461672 
546.7581158749997 360.95844262155254 118.0829318840096 797.5747870527554 129.2194484335512 
1.5534068540149493 844.2588256978848 140.0175987656152 295.04513355498796 717.6683546322466 
343.60699733429414 26.777200807821643 714.453754409621 1436.7298504743162 915.9197976353825 
989.8227946241836 34.600182414617265 417.54561429353714 1496.7052560835164 1126.5726172213324 
32.426909251391024 142.52191268717286 1458.3110456036359 644.5917520189415 777.0534643567294 
50.95459270317271 27.269495987468638 892.365201087438 669.5879413455685 1087.8022145965647 
85.76232406903183 381.4568196517872 375.4716412302458 1248.7435885065254 37.86876276293283 
35.38454355055387 812.3110661291958 9.679559129321335 1014.0071913752412 1360.2582848695336 
8.34872531037767 472.1672812116739 1201.493339174247 1487.3359978873318 782.6003563144247 
10.03174446376931 913.7037003732671 1459.7390211374511 705.8419746003835 256.01345624412755 
994.249181381627 976.8527534510418 383.26784631549305 985.4210080303524 42.21198470279652 
64.4246254773726 853.1664994550669 881.7132158640343 1402.0892191709106 16.956207318960136 
13.611761200286177 935.0784010308661 613.0067091776907 615.5807181295542 1395.8158717800259 
17.57255997793927 776.6332513511468 400.2245439558839 1369.8370330617176 1461.0954830522046 
6.601482520747326 906.8898540228473 725.5935487497718 676.8401882188116 306.11159730783817 
52.38710117938338 980.6117105431817 1.2808320717222488 1424.261088149416 1219.9956287430477 
4.473764720041351 970.5152672255598 1353.5722447567532 214.36272523975063 697.967472889159 
956.1296615513576 995.0829484247274 546.0859363974888 1413.6480549889757 136.09677607370224 
12.171129746077147 766.5256323250765 1468.5512246030694 1300.977683259443 1487.2585796473963 
55.937308664191775 858.3980470651802 878.0420747679235 129.720260151086 391.780016592266 
529.9383777905372 995.335661373185 1444.3790464485885 637.3708304299762 1476.8250801988547 
983.9002874003711 664.0693343988646 39.65876267190704 22.032537602439284 940.4787590329736 
171.61947372436302 110.02236817936475 469.54712551661095 1167.4431028498466 266.8031780275877 
432.6802252587499 6.174324413029231 1429.7072458516168 321.48746376133124 1363.286691432102 
838.8215663333839 9.532043889699304 894.5026592407713 559.9456057828735 158.09369217734587 
414.99426086774747 969.6581547729153 177.3812928162094 1343.9863108824557 98.5275726142546 
875.7979557873039 810.2946766224375 995.6291047629628 5.5363778510400525 1499.4398209059564 
997.9954898620416 387.12403203515873 774.7909906696117 65.96781540140184 704.451224339746 
964.9642482662127 957.1566366914952 1498.5888287622154 1439.459264558775 527.5415602067577 
988.5431065333136 169.21210613663746 742.8484800497988 762.2754904850667 1403.1822982770352 
842.9744357583778 993.8156725285153 1487.5240243516885 1412.736930664185 47.00612206497262 
653.6982837725828 986.1734098864929 23.453910479217356 672.2904337986672 1474.4007458178296 
87.91680905266277 989.5550230907006 1456.9120823829708 1492.331464755993 1285.445904849399 
145.9171775350574 990.4480809923292 1367.967786598452 1498.96330589376 440.2852114554935 
56.50555384517848 986.0525982769846 926.2746147316124 1495.5939936187558 1288.3770441413724 
871.5787370703824 195.68891719609496 100.81166404472613 37.08191187888033 241.85118996186773 
974.6452872666447 692.8693355810161 1486.139054573105 1435.6462188365017 1494.8226211404924 
667.7343106672257 999.4897424557012 1429.1995659297381 1494.7147852222317 1464.655805317298 
997.6047802101617 988.8214170897741 1066.9150175706045 1489.5558771047306 647.1933257792009 
943.9209904560572 984.3701379118662 17.08410738596117 453.4061214665488 160.97062822440856 
973.6625357388941 995.2908854446229 412.9316721523608 1096.6091643480431 1498.6642205335506 
759.3037359288453 84.94241696834881 139.56415492136114 364.3535472154559 134.8940088999101 
946.130802913747 48.994899487049935 522.966693911102 813.1205704035267 103.65385238483988 
960.7683558873397 923.7768891324185 99.30496944693006 1462.1447240288185 991.2329388448426 
991.2030843981007 998.8729122906622 1417.3411892413233 354.3685985911776 1428.739765372447 
840.2163842759437 11.1319857739004 1448.0082909888727 774.8803531266148 1441.2099824819609 
991.2506947752847 58.41661495984063 1453.2690226643913 1383.2271427782973 784.2050483423345 
851.7745869783049 814.9535782234072 1453.3828398837875 144.75987565048584 67.24729671007267 
977.7906381957442 950.0116351365517 1484.2437496403377 1058.7240455433343 1456.2464608481391 
946.9467473411046 929.1129858536445 17.492930959530085 1431.6617706155744 404.93292477804016 
549.2399183611295 932.0899622805307 56.661937312211144 1415.9739939717658 1484.497838344383 
