444.87242972037143 54.15072149910516 1016.9651245317673 30.091816294702422 771.8888625055592 
960.7659834956149 65.20677884100523 143.8390774923285 934.5718425744186 1401.7055576624264 
751.6544168606129 23.957726237361587 1447.9379017713954 1486.60402725618 477.40987002 
324.0919090418487 27.066506970872428 15.69012691522137 1314.3614649234005 1026.4805708836434 
165.79485801543925 468.1353339961157 633.9874507344373 43.21971519314294 1200.6018946590139 
39.62992016538891 48.28610212934891 886.2786339129575 1389.5560629190427 52.97709907762205 
6.8240673307040645 21.572703105025127 1156.2351954674975 915.8033202180064 341.20265422644536 
461.35346837576446 177.05899687689674 1359.9459017189838 78.64671969675649 1468.6620381546431 
54.19167967093708 960.3634332582909 435.54362483161464 366.00094022944063 31.15079060668985 
1.6171214842732873 939.4643868096339 1068.6395026821633 1471.9594002985812 644.1567021249184 
1.0105708428783666 69.35730294141983 1378.6427618199182 881.1902787924316 1305.78576056111 
545.0032948926053 967.8807281031895 1498.3140137441785 25.74572322438967 1088.583848796519 
255.76343892049292 928.6600257396163 17.875420795946784 1280.19141208955 112.38961231629241 
1.0683234355819415 517.0611141875487 1435.156802232047 1470.583996460207 1299.4965257960496 
184.2172342499887 517.7178069030914 121.30787735216403 369.59431106652994 1491.0283263104213 
444.2811431605366 992.0335746776582 43.598263661559834 73.89016195104603 496.21488141257925 
47.4984840383712 895.6242510956348 1388.200958069707 509.9655249426959 673.772291557403 
87.42633788177925 71.88600627581943 1013.3649874417491 228.4053158322094 1428.3020238649372 
794.6499645215746 24.78741569501331 496.8010403219602 440.2682463184375 1479.0407938518147 
893.8075495438981 24.742844291564815 1140.4408367934 1007.6232686875434 0.798520410830228 
164.12521122907117 574.0616794376735 1492.9395761172702 1443.8826234184687 469.865758139089 
150.21205342838593 101.01785362322207 88.46761143733217 1099.5466228201237 1370.0918699090873 
812.4645654768176 354.6171481521469 118.65136814737414 1005.720510055567 104.45940258251841 
958.6938060654917 980.310535147528 935.5557026504559 1497.0388656862851 1437.0387269026876 
975.8052779913514 986.4547314198009 671.3733310125021 604.6177782981121 777.3056735395406 
318.3288082407913 942.8972301526904 782.6600854903654 105.90614630789597 49.72467575036954 
964.2027544742223 998.1093826893731 1368.9897787822636 1429.2188087387367 43.65908324286188 
584.4297035869655 149.76536391694506 270.97772908467255 199.24670024279357 58.87939008261378 
960.065669426593 947.3275525726615 60.746450467243086 1072.053193367448 305.0359499109019 
274.30991385610764 171.4926406043762 184.2629886662839 1348.191911320518 484.0548275303646 
806.5228757244972 65.40630574105045 1026.2375679892923 1482.9366456315147 1478.9249783524042 
981.0990097166248 19.920133246459248 1397.839350074376 1454.7104429512865 1334.3050240486689 
881.7133541499322 11.10293637509574 1489.080587153626 1030.556185054573 876.2314860853054 
959.5195092070272 703.6096517581847 14.161519235009967 451.7873578386666 287.2077445057014 
926.7379815189827 516.4635474668028 1460.4767443756969 649.6580567717197 2.61648301513967 
828.8244886427941 19.930319044285593 908.6865159439733 1497.7109018593064 317.601579680639 
678.9697108104668 970.0665798858216 1483.4075626256424 739.3204120973361 8.885135531035814 
932.7469309222714 909.7987197978872 2.3579816517970698 1437.804134511163 900.4290895753385 
982.0556725995218 17.640809888796237 1101.8068561852633 165.41846101847102 399.5407066966734 
952.5997717184373 1.1556843367610536 123.68453383688299 1379.4507204571273 1011.655694640581 
991.1023499146943 15.208147830952367 1390.853715726933 867.8183162710752 238.29521788961455 
982.7397825504687 230.1347911671969 1097.1021542421527 1.0826162097717362 1420.6688097435306 
997.9546605365872 938.3079799929179 624.8720750753104 1477.7914633809473 1032.1176964409185 
934.6468987124667 718.8744869119776 433.2982319418864 1466.3485991957755 1.6433953849396277 
809.9539901508805 165.45031292783673 115.08356520237946 723.5260617480814 673.8701512801924 
3.467405779858268 94.81356915500993 708.0575633599159 729.746875907639 84.9856540637805 
155.68681751608636 769.3071248133236 342.2920420315141 1481.5544245373428 318.33036956590365 
14.495834324317114 5.134289308823536 785.2557394735899 1121.0235291522145 1173.688829779149 
210.81687473640187 96.37016847915092 1177.1024286108818 384.90378306610694 125.00129633999475 
377.92448819703674 73.09802243684582 1448.0680194866757 1477.768454502067 972.3659141109915 
47.28949843018514 513.7961072124317 9.054054699486002 1005.9269213495462 32.756329851487855 
35.65042849413813 841.7006837699589 175.63552982819368 822.8491150270448 1450.6421858336105 
51.064049316169914 173.62784108005133 825.0667751846155 1448.6433893134151 1475.858442379914 
191.48565444226983 944.1428476429866 41.67524993318772 1065.848202961307 513.3571042788819 
305.0132152881967 998.9692357727289 1395.387754478857 1439.7639141056914 50.4831793405538 
20.464265353176913 923.4306488826512 1168.1994214675249 843.6397589987503 114.11290904360317 
14.9087605182745 983.556470822817 877.1946904445673 1311.6665921538404 1356.651135490826 
521.499156193398 386.5889422223338 1425.433665706997 53.55315048797094 122.89330388891484 
89.96919839457263 735.2586042029068 1483.9575220513802 735.3751346659546 1465.6486415376116 
161.58189553014125 958.2092010935911 1484.2406632293144 102.01352450743705 1458.6289919062726 
717.3818580096349 48.541791840784434 400.1981104283804 1447.2123047146742 203.8930671794294 
89.05783805307755 986.1941035920494 771.82127144322 405.60013106493506 1421.4422479429425 
0.3418088099540473 895.8870048491991 1300.3893065260352 49.26217408001099 1360.1023458877899 
22.25845702917728 973.1440620201868 655.5119570064828 1484.0204654349434 978.0267504007921 
78.46348749901178 975.9249755615352 1490.1654875836562 1455.9674995836126 1089.3424131583076 
774.0330703508201 76.42635203378589 20.495914249448187 309.315002300349 1122.3621284738897 
63.76630985548415 549.4437021301707 88.30190209047505 1477.4970928177777 1107.7852770326954 
78.05844352615246 942.7552872827245 334.89233927696125 1368.0531306266973 1495.8905014752663 
949.7703117518639 38.08216053602287 1363.7959689337097 593.7960061728548 1416.9881236628 
172.58998357002284 15.462119584242707 1382.63235941393 1299.1628068264074 1465.3181118939067 
13.553459677664978 788.9251878585347 256.3158139395561 257.28377288696254 445.8539616594099 
772.8918453712664 869.0055912777857 81.31752604462045 1486.667459889434 33.0709074264533 
968.3595949242267 963.3926509302386 1493.6266776802584 1478.223657380068 1470.6015148123302 
874.2435905918552 995.3365379577795 27.227474737594516 715.2668727271393 1419.9873899096094 
115.94212869250109 978.6414797208973 1491.7161053474686 1100.438176132958 1482.052568394413 
928.5225402275324 18.25501505372662 542.3032029744608 1200.8791982237774 1468.4638917178527 
272.47684054302147 992.043734846849 468.14163562005405 4.557186176317174 1352.995967291756 
994.34057062399 992.5142129272239 956.5427425095604 1409.0945507659333 480.10797343110664 
977.0089599631477 380.8282130015903 1471.7728039227493 1439.4838417779242 1424.1596799640122 
979.0506214534079 573.2987961482221 103.82196998424409 29.283778957174988 1062.3181105540834 
907.8251281572984 998.0759436004864 1476.9378822909393 905.697575168165 753.1730318993837 
907.7404615882325 791.6579183022862 151.46664918265617 1486.0017806985074 1433.1484507971115 
995.7329371999388 380.7846685035995 1326.434180037502 1440.8076413546933 52.77197163369413 
226.52533581026938 495.4446031818795 1283.692132247838 1418.292947180518 6.897104325580994 
258.102620906943 930.886571319055 1192.3523886647365 36.20689681821771 473.4394577963606 
969.7157592699118 903.957883374448 1480.8093424124527 812.9421073280035 1468.29102519496 
738.607699369073 130.5486380730938 201.18246491682117 25.419951680165365 1475.2937918536743 
779.3175742698163 367.35942887154744 692.1899944923724 10.380612640413123 3.8385127525897844 
540.3858583909383 855.0306165786476 133.165414295278 149.53713809642898 1456.9543471577333 
300.6687033462742 144.14828896056744 1423.8480806788161 22.569205421482998 1030.4639100485376 
998.3103840300681 819.7008937088632 718.1227430820337 36.55613517585499 525.173023887505 
999.8336894903332 865.3200762453987 1426.3323466959532 1498.350256386467 813.3482968359236 
990.5359599103723 327.2292343283434 1480.077827121144 285.56166559200506 862.5205855983322 
843.8391406571062 956.8995012730504 10.79597004680133 1229.897248437631 1495.4233639347844 
964.0997069477281 970.8396383718227 545.7420667965706 830.1443213796503 75.17648846514003 
901.9528151502933 854.6638436986008 1496.6797957808144 47.25203288088908 4.894718303947609 
874.2394266905173 947.1617977477457 1473.722606413082 16.073526646015747 504.095770289688 
979.6231686930643 989.0062804314804 1390.886698567839 50.21415762762588 1483.2652125020534 
990.3006764110943 977.55811633542 635.4140191208471 1017.6188353407034 1457.0336472017812 
853.420405443546 985.1211760081201 573.4527919100857 174.31328286127751 1498.0846852229652 
