21.70060015504216 138.29106899258846 66.92476544167752 375.783855491675 1320.102237359747 
752.152535538703 149.38587120080405 24.034883224186732 1047.398721812629 13.564980982154474 
60.80218115021463 22.256308698484716 801.031292509343 1278.7534768179933 611.5003102421086 
181.004010168355 73.45645789319055 983.156282437622 1367.5001034926759 110.27621623427564 
117.65373489174058 101.18541194864439 683.4425971916994 1060.734902591387 1462.7603479758336 
573.240251455584 68.9240521786293 664.8274070917122 719.6377277965121 48.08657390243648 
928.2288388259062 29.66290379682201 1440.0613824229013 1485.8514372324344 788.1482712039876 
128.33607798628245 980.3485467399685 1301.5244323940822 1468.4769115616978 1480.0127391674466 
251.36976426143144 112.9457012716839 1469.8465501662984 126.06887645955773 1072.817783846323 
981.6401891322769 46.8133631416382 1429.0403706771456 1248.9488498555809 1441.0133011365212 
998.3764991215709 257.2596520628855 117.60989024756663 1181.8609820822737 1485.8936556294016 
236.1989941432111 987.9904464480352 124.89169452324772 1294.5565626116868 398.54987524509016 
306.90013884069236 132.78842380822897 1078.2328788498912 86.27804025142876 1467.734906735403 
93.15519271413386 229.76090883605386 1229.5692122575074 655.226710448399 102.38129417510183 
38.66963975185289 951.8194108078663 933.1478806789238 649.1751078089081 1485.9940177995595 
156.5291627797364 971.9356363430094 1487.5344159750307 1480.7449364949805 1147.1284366102195 
265.03495119946484 998.7106419008187 9.123636926361034 1374.8773779274102 1464.7575448350963 
475.91811737339276 877.5408609815235 88.87175019364219 1294.3223070718523 4.038591521396906 
4.410521338500062 461.3940362845102 660.8284064992539 236.89624493423855 618.4422715380688 
27.099337829993743 883.985651505415 1470.0938110507689 656.2776686341283 699.362393834311 
561.5422864932693 269.0845621335213 93.3846419062273 24.41773984709328 1485.4781460139368 
667.474658780228 70.26520813064441 505.17046500445963 92.78411576967638 520.8034729217335 
117.8316889845226 148.49812982718225 801.7463542177245 1495.7578659070864 1219.9902237228368 
957.7840104797856 911.4002604529956 679.3043568024029 1493.7872205494182 852.4905903906179 
76.50164480237576 221.59327996861148 596.9647308077218 1025.8394583145587 25.471176376315018 
90.9173680632511 263.6907228348997 1406.344859102053 843.2103293341917 1497.9093855997967 
978.0609053509505 892.5766054843249 30.60688796085964 1490.4822050693078 606.0659440434499 
916.4022400619804 975.1080469214442 741.2717336428317 1467.4693995273376 1496.4947644247666 
511.49954877566466 984.0847299269162 87.18841587555987 131.43481301779966 1432.9029613745138 
932.8509094324212 80.00907667733392 1362.7608353017597 1103.1606159966555 19.010483285887613 
728.6039326379804 968.9426003850745 45.60744209715734 520.4841402322389 1406.6961308800435 
993.0655563943118 990.3408105090108 1289.225617527062 781.2167255701643 70.30907913407664 
995.1006916549952 877.1720185486394 30.15694768141952 1075.2380755663237 927.4765226372217 
879.0731606414961 995.3479829078163 868.629773754812 1429.228101078521 54.247630975589544 
836.4750589891333 66.84032283635055 659.2785371810745 1493.2447012796274 1446.8437394975615 
990.1644860713421 233.90264493821226 1433.437921605461 199.7677101546502 318.0842600920103 
842.5697770763595 65.72526126078981 752.2928084737553 1459.5200589433186 65.33775247142981 
952.2441692463419 319.39845920486056 1227.2922738940397 499.3427107486844 23.863492842993107 
961.7526613557849 46.305748316762816 1220.3761132568632 1498.390141578792 284.1232313615908 
843.5894552387564 890.4298094399721 216.63199837256258 569.1752485857955 129.74752510005771 
688.1447725358322 772.9064265393504 1467.5409449834588 63.89836364218837 105.1456110768903 
982.7888953579727 962.2936971450214 1449.9436809757112 1498.2688456045232 1313.4698471872555 
948.9105130200039 963.8861682809296 70.08124804593591 270.82779897354794 760.2183694965992 
967.7534600639016 935.6895146132744 1461.578349080028 1160.2638990974363 105.06479509907679 
19.962000634474176 161.320063365331 918.3438438719716 108.85851867882835 1126.0586044371862 
5.288648545620167 461.3733298267314 1470.6038717086162 1490.0951046875855 996.1796272312118 
475.19243829026215 31.534068595426955 1357.8210882055416 1466.3151092864966 1351.3604634525234 
155.2706662004003 101.93981868949932 1413.8466076211512 1227.8618402995758 454.64379185198925 
40.29901790350776 81.28820258061442 1478.5869880637242 1406.0925577566386 1342.7954736907518 
963.7469999946762 34.9085728384092 755.8554581446098 30.51584032427923 1236.2984866590468 
231.76559764988247 218.9227582323322 1483.3660291768826 399.6141593203953 379.18906900896104 
779.2856598053035 545.190315853567 1484.8648980484754 1435.406373405901 6.437677348089754 
2.0597385322527195 604.621484118677 515.168376284082 1223.2358553917556 177.4347638596739 
420.3215488003057 614.3659757095096 374.1252732494658 9.094100846465004 267.3159516268711 
210.1654804932629 78.8241017411188 163.27877798248554 1377.3390094381284 1279.0014365761483 
61.2238314550666 946.5408958283674 45.51389269812473 1399.1112518723205 1069.3033816479704 
37.64800385214184 992.1851884155637 514.9379628216805 1460.3282950357388 1169.643455553658 
14.318224766664445 843.7330255343161 1436.255473242986 1002.5809894873404 86.10848119306903 
18.229243371648884 927.0335168718103 351.0150143549167 340.65995052325917 1249.743601628157 
307.4035888644857 967.5668906911558 694.8791590645965 1488.339049528257 1479.4890258523978 
39.25624159532426 989.8839190001961 1438.8731145179772 952.0971990732975 1478.588641819117 
110.53208182123728 754.2981454866307 1316.3450347594005 54.21716298997609 1491.7679747993213 
449.86587037010094 963.2798181967632 1460.0232643844495 26.37402351946999 1306.1319787619193 
349.7392563286886 938.5999719696476 663.0768846443218 928.7566246289368 29.884574005035468 
99.22407808731381 767.6610958890428 1373.1549519948933 1458.6490985101707 148.76941550140222 
85.19760891159878 972.0940312242789 1416.2281220192174 188.04013561427735 980.4333426441051 
4.360026718805643 986.4688941203349 980.3602147868256 1043.2675952110217 796.6250206821209 
159.11121408210707 963.7945177592072 41.94676898202621 993.4436142182556 1370.7405594650236 
167.99371542897154 538.9055866054247 3.1093091559219466 1478.0886515978232 1412.9602924300727 
272.20204988645185 487.5698951764829 123.42112068632227 587.755184080964 550.4271308937232 
66.8596441382716 817.5207813480154 758.1601321038469 43.90167004862522 1315.4640484257386 
985.8523208559932 993.9393855253255 848.4152717285003 10.299082136025872 255.71669318240637 
89.61172756311505 882.2142490504701 1203.066999915043 27.159132118550367 441.9209088359971 
972.8053132199192 986.6313811471025 987.0000019425842 4.758366765217126 1007.2037996967105 
166.25133829679905 842.0626463620226 1370.3498693605081 303.20117450311733 68.85586437326991 
814.898306507854 33.874116095442105 1439.428983140113 657.1067456004614 1393.9926830718375 
980.3314074456206 989.3034813944874 1487.1461656839747 231.4495796112785 1435.840758279995 
975.358457811644 62.758917954631954 372.2941867448953 1227.5585280255675 782.2221549678559 
996.904992472943 150.50987886612532 748.4058591859084 480.2411001275855 1471.4834115824588 
990.7464252913651 15.16661716714529 1412.5469829023305 514.0604393034472 614.4583063687605 
962.0808913558411 559.8122350543156 44.88117415857978 297.98243196764827 295.17574721915 
511.6407750465372 981.2373739409677 1496.0449698840446 1485.8062568593384 550.1550064164326 
997.7593527243325 983.7368810953046 916.8786336938526 843.5747042798397 1498.760680775105 
922.097925475668 935.98401535504 972.8334646907592 91.62698121247963 1468.2383865151423 
881.3017097191567 948.7944795802221 330.8045237831794 1383.9735745611188 24.407556729667157 
992.1922692340605 964.2619935569857 1238.187124356272 1495.5916493450939 862.1550536245925 
937.1896442725861 47.08784260898258 80.3207352271651 464.52403909239763 105.5059629402188 
527.0561604772544 39.56179782482838 239.73556744966223 1458.831374876955 270.017113066488 
954.7482733486996 2.219104026845886 1310.9419031554621 10.951687819042489 1218.862533628017 
924.0305099720989 159.03035227050654 53.522622831729535 1495.6825511282782 317.6978022318772 
572.7879375200271 93.58470830768229 46.187246710077126 713.8005533330289 1305.9524210644054 
699.7432756884706 161.15541303865177 26.330892314961552 1441.9105795123146 1479.9366973294277 
974.8634546352173 139.96800414451073 99.8648626827067 396.5999375921314 1324.6260516853458 
925.4699119221262 756.5037422211159 1474.5633256912913 14.455494143636615 769.7148088590307 
996.6098193396331 970.4034755660597 1489.3276315359578 555.0249092625223 698.865163106529 
930.4166493492304 726.666275755141 259.3296649024091 50.242338383684086 1438.0753163611002 
998.2457339521683 586.6231650541687 1498.1142896128972 1376.1852744895484 1465.4683773157437 
926.186265995651 993.0278337850091 1485.7560212690616 630.8958676938978 1451.0912040101232 
997.1094326234914 878.3185960284062 41.76107010473046 1477.7659012583426 1433.6738363447885 
851.3948361337613 628.7528962423096 677.0238990502612 39.987107389948704 117.74244393294047 
