33.720894626895756 866.1798079757488 1368.3049898912448 456.93513911177297 437.66812105411435 
23.349376534929966 898.0569265539968 296.79349680739153 1449.096046421404 1496.37465927404 
92.33302774403197 960.9036106405971 1422.115815967324 775.4025299991605 1080.1951877480212 
130.95017723840007 938.7931241427652 979.3143471484586 1477.4092887570237 1482.5188939737177 
65.78005559111688 56.88398773732928 1371.9716029191084 696.1821967536492 1258.3439191606694 
47.15822385332569 180.46897777943926 723.1664135038028 1343.637487729908 1470.8128361570266 
722.8852739600162 944.12623875792 1481.0030593099048 1267.8792785832043 89.96638607418545 
943.3607580230126 859.1433327452226 3.1087348041479723 1392.7824916845982 1199.7902866483978 
174.97358076991998 992.1330697928336 1378.5827600682703 1324.5843687220192 556.1164408251591 
50.23366796954709 497.5321959910978 1372.4572629812624 35.331781372617385 125.84736314510053 
137.9137031695028 968.1617725569114 840.7195969142206 1399.874144642452 835.8842780334207 
21.397975632202137 968.1196121126836 1169.4492456639086 786.3262342303872 1488.2326894742926 
296.1461615008039 950.7904664110049 8.791224647594797 1392.3614739301192 1395.6443048788328 
981.0884357907696 201.99305291660914 1070.40631672703 53.043131502551354 1340.953049234328 
47.057521345378774 807.3561272588313 1494.986156706835 1418.7650528765205 1316.0427074783258 
291.79687155129454 770.1002619685639 1285.937988044353 59.03502626963628 1432.7659667259977 
909.8788644686766 116.06947529634992 159.75253266740634 570.821403090072 1432.249737726333 
953.6485344419806 932.7787589481895 955.8051764003054 124.9646991583947 1484.4452530953574 
816.4728122567774 23.694485847485574 1454.0326462410178 825.7812461155954 666.3844809265099 
997.2244852353268 575.2129263682476 1494.0002375442712 40.3192171958342 429.6615450756571 
883.8167911536767 290.0723823574718 1106.3683528890467 1466.9940640436805 106.81165313079622 
313.490596010064 137.6768657883637 1397.9819828478253 1459.9493511802798 1251.2807398274008 
997.9625344159103 49.16829711427685 1282.7631432061482 1411.2421367556192 1287.9188264784225 
997.8932539789618 930.3024614825426 145.73934121518016 1347.5869126309904 751.5791520735073 
970.1669479321955 51.814877054892094 27.022679716751487 837.5717605981617 1057.8653425001783 
350.58911108305364 936.229786807332 1346.0327659780016 718.5095766488818 17.278255570848998 
998.4440701414705 877.0534491183165 182.14661936050973 667.8698504373109 292.9502390124537 
999.3033270399806 839.8214724630283 1488.7166617616926 353.56907182795044 1236.314860622205 
481.302062326017 290.50163850910775 1499.5628217580281 724.6311532087752 1497.5548997882217 
897.099189929266 889.3928866802574 1425.7530232505446 132.93847610223398 232.07156931593875 
871.0474708973904 89.76281070551917 1471.403734307275 27.516954069126744 1200.8347220516725 
934.9569674747651 13.23893216245331 682.0403307564465 1471.3139416473336 918.4926349978441 
996.1978159052468 592.2398317607482 792.258392516931 1491.0016331669958 791.3978693626011 
948.5605806523929 41.02562363928786 1150.0718270496122 1111.5121511300588 1499.1242372316524 
739.6246090214371 231.21613464259192 11.849098411703507 1397.7853365841481 1344.9277179398996 
903.7213797570193 823.9566290430815 78.53218778919552 927.00651822972 1483.0161668009184 
874.8430484709999 865.0722953531938 1481.537108906015 753.8058038949453 122.18040203827974 
662.9499471655728 968.480505815377 1430.5110854241375 1493.142658710477 1060.0922803132382 
659.2604473018379 963.4857858497996 1418.0410716201902 720.8390001364482 1491.6244536447944 
922.8607774430111 963.8364873844059 725.668186218257 751.1478737235507 1360.556157400383 
959.0997035324493 989.4513562290215 1433.1666818197837 1038.555404248537 690.1555463425987 
945.3480313200176 920.0674506966395 1190.233448659253 51.079831088311764 785.374853036398 
943.5377962568695 577.9340234601872 1498.8082705830352 1488.8372129718387 976.9466754926964 
975.6777761544806 903.9043094555686 1363.212641156857 1495.3256959693454 1490.250733986421 
765.5554785256437 666.0251449253908 1375.157649948699 1496.706841636377 38.472186283782406 
996.3096964272374 970.0687019465068 497.57667074038204 1332.2932235563692 1484.1013279236827 
38.07160755077843 54.90772919018594 884.0831771795293 318.64463161786887 1353.824401366074 
972.9869629284183 105.83392074554133 670.5764299659841 462.7274335034063 1453.3726896712617 
201.73017505920077 955.8621087492503 950.7432506966163 1.0747033712131815 455.18503678329415 
26.514534532415148 959.7490951382268 57.330071791990235 219.97947019705643 939.7026812958443 
904.6939757406483 600.3952180514273 216.1951820086904 115.17665733729604 99.31115043887145 
914.4741264290124 0.6183997502618999 471.8246798521458 484.64315835195015 48.78752785523849 
316.45342940028587 50.75793085922176 68.16734391994805 203.61161117210636 1423.6661517142134 
916.1365131385742 87.17068084509071 495.04017348499207 21.084872552933177 1351.8848302648034 
56.61209725236127 201.07072335485432 1139.8599491906928 35.84897875433618 845.7357738345055 
31.99885132821767 386.2205144887296 1410.410977427906 142.76147324006777 1442.3244672143624 
839.2232871905622 39.37755638428886 121.09893106027158 87.23595785623944 29.623607829956487 
942.4953990123088 257.74247996139945 744.0354807000311 1.4790281210353973 48.452933929967635 
921.5353721172077 76.18647585653405 1458.2310336180158 236.37598150200262 297.5382426135236 
2.216698616414603 60.164432896358974 490.5753939389494 54.9393016804367 123.81181720673351 
88.22364292671936 215.2027845195127 904.7736172950624 1499.22941129948 119.00088577599193 
502.7910953612617 876.6096866241593 1343.7785636731355 109.57714742959574 7.479822296599381 
62.069320508462035 5.057623338107553 983.6436708706511 351.8960543027826 19.67909358597919 
82.97229575170361 920.0959239860715 444.2625871466137 3.938357183919494 860.8034874054697 
817.3492137371098 755.5715633264447 4.6118563521767015 81.394225262715 548.503577278419 
273.8657012563026 976.8816990450655 53.76715828985867 653.5585920323765 634.0659930552504 
136.57201763355553 3.1338443426446316 124.6174283685601 10.256077176394818 696.5460595945763 
44.924530231906786 62.57896233405691 67.40991460392925 940.793768982573 78.08331582010908 
76.92372892885669 16.733447833814473 24.691547253308354 1346.005735398961 384.42951478257424 
263.59193246306336 65.58614014720465 1483.8744335008378 770.1038976282679 147.94468620019953 
811.4828642203055 87.7473587807307 24.12800063049675 1100.679704786221 167.3470320550944 
48.56084880978062 43.563972436115876 23.069650926671514 1264.570839061495 1051.4819029299993 
328.54658456008957 88.88039042990037 1439.9626459145627 6.744165797337609 139.9224327903404 
806.6265264187989 14.855361927104905 163.9300331459486 21.83500471886046 548.9738789665406 
12.329350687520613 889.9057607286096 18.626839926901283 852.8961418331872 1374.5777048190462 
163.7011618937758 824.5133277817207 186.1277476486003 1411.7672737853013 55.579941410635215 
120.40310477075155 915.9286428517911 80.19630474388639 153.6826768441899 66.07813137606134 
6.073422235376547 707.9766036782215 453.33658460755595 442.244396491776 6.748315232374347 
423.6807171456746 1.784704574044338 703.479377320796 1460.2034827081727 115.85901743255955 
72.33050514202833 875.2679211104281 46.10920412083741 1378.1728435614834 684.3377143037275 
83.88207292334383 102.69176468169205 13.177423790831089 34.10201500138316 226.30139843245422 
19.613421849715596 216.2993642847493 1359.0538747487078 1486.7946073025048 887.8113340810481 
14.844228097610547 70.62987534087017 1442.6488595718063 133.0884415118614 340.3859722208642 
41.418623571688904 654.9268414900448 88.23031240989026 299.6669026609397 1478.9441100344548 
81.6029336754962 12.121368520691567 90.65952371392416 79.42174588477363 1241.0322951832702 
48.83805848287959 283.9046177535157 19.50540837026482 1420.8934670825647 121.53334958630928 
21.352164641666228 13.537693389315208 681.0933764308708 805.4376075748422 1021.0981729243307 
28.370196748200737 262.71326756882627 1392.0591828335762 1188.5782513253196 310.95612217344143 
148.417635608319 161.7032632423242 42.09676126845841 1477.2165216995131 1366.8415842892198 
314.6325915996939 979.4487216470354 652.6341567500184 29.453812331428797 1322.9672417000322 
731.6351167185558 38.9160072689233 1499.241971440323 61.02839688663192 722.577609162346 
959.1932957764093 16.273724420469705 473.5395325393226 929.1684592602787 242.66008249791165 
851.109678387729 792.5054902212632 45.446655618282094 1250.1905281622273 6.758231645021873 
67.53138386644008 941.5284455023227 837.2029629318819 1253.7875221351694 246.25967025130575 
890.0731218633272 135.10982789464475 1393.7247344611321 1237.8870786422515 278.69106921722897 
814.9319780339815 31.20943040952284 657.9560230988651 1427.2366848842767 1454.9023413770033 
859.8859634060501 844.2742756466168 711.7560785503348 997.2564980429913 22.529242604742706 
957.137130003708 741.522394111256 371.4302253011037 1427.9460083963168 72.23490555582512 
157.12001427967658 45.98838292078078 495.1352091102648 1485.311913141423 877.7058221106329 
876.3112032738127 781.8068692588164 163.44108526928437 51.96815465215471 1344.5879014712214 
