535.4564743608032 108.91002165625841 760.5419183963352 8.883273198878161 1468.325903477035 
73.33867186991738 2.6505867112174286 1131.1790724485882 785.095872446566 187.98047299043446 
83.88310610497007 183.82110304976717 1379.3479587116933 1452.1619270121096 398.00677252137734 
415.94965220982647 18.690564194684846 745.2851736936393 1202.816598813791 161.01274224881965 
980.6868664440158 391.557597224282 226.45833229911804 1398.2521465908428 75.82228300448324 
180.24770857172513 945.2753353910506 852.7392828023492 775.417644082639 0.33161121780234115 
84.4920234229144 787.6041771453503 387.96226765690704 1436.0117061193143 1484.968559294523 
90.68962656084966 981.242685615841 889.5474794475762 956.7857958583173 1482.940642704205 
992.7504537438653 970.0114580893191 213.87040627517905 1474.5390948939644 494.0999659050211 
96.67189789038666 955.184621583255 680.4469144805684 37.250780905984605 734.2688183770082 
133.1888605939604 298.66785555728535 277.64544356276394 1481.4639823909677 891.5651635801902 
11.319566146495763 963.8617667123349 1439.3284549833415 807.3151722528746 390.9326562756465 
24.569248638280584 989.0176889593172 1209.3394581703533 1486.5773983033166 1087.8347940729018 
54.04343092990715 958.4144800548828 1358.083030790967 502.45202886348966 741.8565562012574 
912.21327685098 994.9860911662273 918.6550711919089 295.4595707524525 161.69113512529253 
581.9056793766503 28.555494803624626 473.8201221372508 1424.6860404348188 1419.7199784631105 
971.2702663539663 76.12985232467406 544.9170173660516 414.4092326376934 1379.4640725014565 
985.6312316342185 36.6053986253807 1120.4797148924881 952.1827241103529 743.4559019349836 
988.2152066873668 934.3550976532579 1406.118099164793 1067.819850848643 17.15185426699056 
641.7369499721458 983.5178295119968 1483.4648688812613 810.6466266774487 114.63141913180347 
825.7375226761743 997.0354654054859 46.22173111725725 663.8861975098171 142.73014222081693 
487.68749149249 970.6113969103031 1496.2002890702486 1453.8111795514503 1476.2985963758915 
762.9730100510948 998.3064728322033 855.2714814725412 3.8717263007137515 1492.7856199758264 
205.37060552763484 963.4239836051835 1477.944319685482 1461.0682230942648 183.51108147480554 
199.2843600083155 177.76680303504799 232.50105753551819 1052.4224184649825 281.6882368874973 
885.8803589803637 77.90717589547813 165.61501211462632 965.9397438511711 1477.4556658880147 
740.6297048770788 910.6775902748249 1371.5014841146165 83.92869720585722 45.3976458035259 
993.0360587483834 140.88465988433396 872.8433676573064 18.694289292376155 688.8667025304115 
870.9273316809057 146.67439517294667 1457.5509104035577 698.3886652195014 1425.7693377570658 
964.1881800848786 299.18198918036643 915.9282993175731 46.27821317270958 88.91167711825837 
847.6001048239409 986.1015807357852 1484.570915520679 75.27466404802347 505.77311596483037 
628.8550499750806 992.7445097294345 42.05636683109887 1411.4594835489338 1475.4709038277508 
965.8728433476068 991.3488932492173 917.2592728750539 1482.3581704515334 1495.5462664418787 
139.79672165083397 939.7790459973337 98.13272249679012 1475.8699027953842 903.2852578518637 
196.79386930434893 784.8565254977215 1318.0347817904592 37.971016386356524 277.21106539585855 
988.0731734928906 999.8281298444807 1457.6055236071006 961.3022278500407 1461.8292006928718 
688.3399850933735 86.19263203416571 149.44651554840476 315.9415246585305 355.9526316850942 
986.1804978597766 142.77652757707605 31.550327461445317 1452.0980115741406 1285.6106948065183 
975.1950437649537 970.3646475766 13.758903586180482 837.2102164958609 1464.6045857243457 
824.6415102937785 83.20293603697438 1495.6101299847303 1453.7243707493133 830.3070755757984 
786.4072975999585 163.41576704736335 127.05177603508999 102.25294808995622 1495.2427380432293 
718.8137344042475 899.8366275719271 357.2116666050007 1497.936003740583 29.750887228397303 
967.453268720154 838.7401773274665 1475.976043492482 1481.982288585629 898.237764339264 
984.5579242520255 997.6315645931998 55.67884916301119 386.3928713173081 618.993081017878 
927.2043297086778 985.1340185015144 294.98801375748815 183.1506752318624 130.7495859362691 
988.2053097921773 965.3389278212271 1248.1990391356267 53.51677629354445 926.7392559651847 
719.056184260868 24.154020478742382 114.83122631644311 131.27744193485768 1125.8493036863867 
115.43670605915912 966.9445702272717 48.10981464713371 1422.7266470856573 241.50099510996006 
77.85869457921623 63.924437930377835 1362.0439682676833 231.43242575093015 798.3113928565393 
252.3268103563793 63.78980790765931 70.6364397905913 1228.203175935192 982.6852525346281 
14.337378665060797 954.0645483503531 1039.3839110493093 1452.6663211751227 412.3010981987424 
268.7650189134686 86.92033508000718 1097.6442130877783 221.15146028494908 205.60402633957517 
899.2725243673166 950.4643592272208 548.4241033552217 20.149370292477652 1491.0579732325104 
40.404756385521544 486.50644538602205 642.1741705887347 113.82237059604839 1400.9926713067525 
7.416346067288027 88.84615060769885 1294.6017653364902 960.903588604367 1325.3774496347542 
246.0079385447993 387.9606654691776 1459.9297583382242 840.4437675351861 47.867701080554546 
41.94955123181665 33.7118211174543 1465.6290267362522 1392.4814618769153 1100.9555706528106 
15.53724741459417 619.8333600039805 1474.1684090405777 1398.890556619371 1435.8154207103632 
18.158232588884825 705.0315449660706 125.63123955358284 743.616476401831 866.9219446382078 
76.02574444890753 747.185722414546 1448.9343674093868 199.2808908025468 1415.7502338868478 
36.38133235473418 216.03279171582503 1435.0909259330947 213.976538129297 1395.6682972107703 
279.7989756373962 959.6971654525202 42.40801102092478 43.182105593907174 1427.9665613469674 
995.6908545523478 996.2584418778652 871.5494803383896 810.696017089336 1479.844586547236 
56.99255035333528 766.1577294146382 715.1818908471597 1168.0565738796274 3.0769276425990366 
995.0490218934831 980.738713278797 480.29169121924815 1399.8349170139682 1425.0911721009963 
122.37452267760096 987.8412792439801 706.9834042980032 1454.4124442661541 1497.3468913944837 
285.04298428980223 968.1771140963443 97.57769407060401 628.4907453750278 1458.9982836852419 
1.0224040288594471 948.7268286367816 1452.372268280757 790.0906853853625 1319.9525552450311 
882.0004224142366 762.3242171609439 87.8799204688725 164.16931891136988 1483.925520399542 
993.4868772293554 146.94661865050395 130.37071676914164 616.859830163136 926.1881887096226 
502.2172955621539 190.04803553784632 22.43833783760074 1275.7313922850585 1434.9690070628894 
962.0725165336705 11.34646635428227 1480.5558216164407 647.5665900959303 330.9698999119499 
298.54712457430855 71.3925217094683 512.1043358519862 574.2938279330405 1477.7899274184779 
652.5166734414962 89.90614393821772 1430.6074472970727 74.93985261990838 135.38027705830007 
358.87426983404384 577.1993560122329 565.1406505884952 4.869196740093507 150.27017594491454 
207.17576964102915 175.6268995788822 1073.8748993977233 1378.283002963697 1490.4560465996017 
987.5067609235723 732.719888039623 1499.0397844548802 1488.829030085587 151.83071647358958 
917.618924857579 914.3803270748024 129.7773638002524 1141.0426482673765 13.420049493572062 
963.3870206867385 592.0791521128365 1465.909608522608 1420.5256298465877 1489.6474000902356 
27.745496185025058 520.5725948728376 773.9667230416934 20.023002221576935 763.4866025984168 
88.68553735456885 720.8841591567545 62.172549153798165 52.899409211411786 1493.2915176868266 
127.62454350234457 505.0033397488386 154.36272563711356 619.1044978718919 349.1758607705587 
990.8318889142196 41.411200768977196 1371.0753258859688 212.16220267086806 1458.593477921272 
622.8702457794486 158.65194932079373 1407.2040355987813 1394.3635169606885 38.01938510057023 
951.7122850571088 20.124452715445827 875.5056031897697 1454.7019529353186 1032.543055074662 
983.8313509664042 981.9325669126055 1481.0975566775385 1035.7524664054727 679.1173861546006 
984.8348157603491 997.8289044784585 374.32786034273727 15.908093077053598 610.7951219842421 
916.4997284638196 609.6417742955757 895.5876011586917 1449.4112082483175 1.243663494762015 
937.0777650834086 932.9785006870359 35.61047405848744 1442.9086941838655 1207.296228713997 
992.1604274074095 971.2466753733811 98.86722359966127 800.6534125623363 748.3211863943661 
997.4382789502993 934.3869838594087 920.5567878400316 1455.7871839012848 353.31342833796145 
407.9248679436109 975.1899421373929 1498.21316955074 41.89572099584904 1375.953399928858 
889.4148216351329 0.8555160622838454 153.94648618400436 1386.909384550917 471.6489380041536 
978.4544101568414 182.53561092809744 1474.716679297489 128.7093919454127 648.051316418431 
951.6140242528816 56.90681613166082 757.2064267734653 1095.564302957194 1487.552271346462 
954.2837492314147 62.83200772136788 1318.7108445063466 1355.966700296956 160.17482032950753 
982.7349886919988 345.1235006414107 446.38808338098085 961.7140656609832 21.285105558682517 
937.4502228633647 54.01668480451182 1417.4140841574795 1491.2404316503441 1489.3800715701122 
587.3905510858949 108.34084767258089 1439.4680116487818 125.2552478586137 1326.1550072861876 
884.8663832527542 951.9006495235269 1486.4250632931592 138.57089096667212 1498.1450475394035 
