-0.488 4194.0 
-0.469 4076.0 
-0.497 4262.0 
-0.401 3779.0 
-0.357 3639.0 
-0.299 3529.0 
-0.068 3286.0 
-0.484 4180.0 
0.309 3040.0 
0.49 2930.0 
-0.215 3409.0 
-0.442 3932.0 
-0.554 5230.0 
-0.545 4937.0 
-0.395 3759.0 
-0.538 4773.0 
-0.313 3544.0 
0.199 3114.0 
-0.525 4568.0 
-0.55 5085.0 
0.339 3018.0 
-0.04 3259.0 
-0.548 5006.0 
-0.52 4500.0 
-0.42 3837.0 
-0.53 4642.0 
-0.543 4874.0 
-0.552 5154.0 
-0.374 3686.0 
-0.461 4019.0 
0.15 3140.0 
-0.509 4391.0 
-0.367 3669.0 
-0.507 4355.0 
0.226 3092.0 
-0.379 3701.0 
-0.386 3732.0 
0.122 3158.0 
-0.291 3515.0 
-0.564 5817.0 
-0.563 5774.0 
-0.528 4602.0 
0.413 2975.0 
-0.455 3986.0 
-0.001 3238.0 
-0.466 4051.0 
-0.56 5540.0 
-0.346 3611.0 
-0.524 4551.0 
-0.49 4209.0 
0.268 3066.0 
-0.129 3333.0 
-0.514 4430.0 
-0.265 3470.0 
-0.558 5444.0 
-0.547 4981.0 
-0.516 4482.0 
-0.425 3856.0 
0.446 2953.0 
-0.414 3818.0 
-0.429 3873.0 
-0.478 4128.0 
-0.533 4673.0 
-0.54 4808.0 
-0.549 5044.0 
-0.537 4741.0 
-0.108 3309.0 
-0.154 3355.0 
-0.173 3377.0 
-0.283 3493.0 
0.6 2855.0 
-0.551 5122.0 
-0.326 3568.0 
-0.544 4901.0 
-0.475 4101.0 
-0.492 4228.0 
-0.559 5496.0 
-0.336 3589.0 
-0.408 3797.0 
-0.5 4296.0 
-0.561 5609.0 
0.518 2909.0 
-0.434 3894.0 
-0.523 4533.0 
-0.541 4838.0 
-0.557 5402.0 
0.543 2892.0 
-0.448 3960.0 
-0.556 5323.0 
0.043 3202.0 
-0.482 4153.0 
-0.503 4319.0 
-0.553 5201.0 
-0.535 4707.0 
0.38 2997.0 
-0.562 5660.0 
0.078 3181.0 
-0.436 3912.0 
-0.24 3438.0 
-0.565 5861.0 
