-0.351 3635.0 
-0.551 5112.0 
-0.498 4274.0 
-0.556 5308.0 
-0.529 4614.0 
-0.373 3681.0 
-0.212 3407.0 
-0.415 3827.0 
-0.241 3458.0 
0.257 3073.0 
0.207 3109.0 
0.224 3088.0 
-0.406 3808.0 
-0.292 3516.0 
-0.437 3902.0 
-0.535 4719.0 
-0.553 5182.0 
-0.539 4790.0 
-0.492 4242.0 
-0.566 6026.0 
-0.515 4442.0 
-0.09 3296.0 
-0.468 4071.0 
0.62 2837.0 
-0.53 4637.0 
-0.557 5380.0 
-0.533 4675.0 
-0.273 3484.0 
-0.532 4659.0 
-0.177 3371.0 
0.053 3193.0 
-0.554 5219.0 
-0.051 3267.0 
-0.139 3336.0 
-0.016 3238.0 
0.037 3216.0 
-0.488 4191.0 
-0.366 3662.0 
-0.481 4139.0 
-0.523 4548.0 
-0.401 3778.0 
-0.509 4372.0 
-0.517 4463.0 
-0.548 5019.0 
0.341 3022.0 
-0.385 3725.0 
-0.455 3989.0 
0.377 2993.0 
-0.54 4819.0 
-0.502 4310.0 
-0.477 4112.0 
-0.562 5690.0 
-0.474 4094.0 
-0.448 3963.0 
-0.422 3849.0 
-0.234 3434.0 
-0.461 4017.0 
-0.55 5070.0 
-0.563 5722.0 
-0.519 4486.0 
-0.428 3875.0 
-0.381 3704.0 
0.462 2938.0 
-0.491 4215.0 
-0.526 4580.0 
-0.543 4874.0 
-0.393 3749.0 
-0.344 3606.0 
-0.443 3930.0 
-0.561 5662.0 
-0.321 3559.0 
-0.544 4899.0 
-0.521 4516.0 
-0.312 3541.0 
0.302 3049.0 
0.19 3124.0 
-0.538 4759.0 
0.566 2876.0 
-0.56 5519.0 
-0.559 5454.0 
-0.163 3355.0 
0.103 3170.0 
-0.484 4162.0 
0.135 3149.0 
-0.332 3587.0 
-0.542 4853.0 
-0.121 3316.0 
-0.513 4415.0 
-0.564 5793.0 
-0.552 5152.0 
-0.546 4951.0 
-0.555 5277.0 
-0.547 4994.0 
-0.545 4930.0 
-0.549 5051.0 
0.514 2904.0 
-0.506 4342.0 
-0.466 4043.0 
0.417 2968.0 
-0.565 5962.0 
