-0.525 4566.0 
-0.552 5171.0 
-0.489 4204.0 
-0.481 4150.0 
-0.526 4587.0 
-0.561 5586.0 
0.545 2893.0 
-0.06 3276.0 
-0.547 4996.0 
-0.397 3764.0 
-0.539 4801.0 
-0.555 5275.0 
0.603 2849.0 
0.46 2947.0 
-0.52 4502.0 
-0.558 5465.0 
-0.452 3973.0 
-0.35 3620.0 
-0.286 3524.0 
-0.458 4019.0 
-0.523 4533.0 
0.214 3097.0 
-0.507 4358.0 
-0.534 4705.0 
-0.536 4730.0 
-0.222 3415.0 
-0.456 3991.0 
-0.445 3945.0 
-0.322 3557.0 
-0.372 3678.0 
-0.566 6051.0 
-0.033 3250.0 
-0.541 4839.0 
-0.553 5200.0 
-0.511 4396.0 
-0.007 3232.0 
-0.476 4105.0 
-0.431 3879.0 
-0.485 4181.0 
-0.124 3324.0 
-0.55 5087.0 
0.072 3182.0 
0.15 3138.0 
-0.492 4230.0 
-0.257 3459.0 
-0.514 4430.0 
-0.53 4629.0 
-0.154 3347.0 
-0.565 5851.0 
-0.531 4651.0 
-0.528 4610.0 
-0.173 3372.0 
-0.403 3787.0 
-0.472 4083.0 
-0.423 3851.0 
-0.496 4257.0 
-0.563 5755.0 
-0.342 3600.0 
-0.465 4044.0 
-0.543 4868.0 
-0.44 3913.0 
-0.545 4955.0 
-0.519 4483.0 
-0.328 3581.0 
-0.501 4298.0 
0.352 3009.0 
0.434 2968.0 
-0.36 3647.0 
-0.38 3707.0 
-0.56 5515.0 
0.287 3049.0 
-0.414 3819.0 
-0.556 5346.0 
-0.544 4890.0 
0.182 3118.0 
-0.533 4676.0 
-0.557 5386.0 
-0.395 3746.0 
0.041 3203.0 
0.331 3027.0 
0.248 3073.0 
-0.554 5235.0 
-0.564 5806.0 
-0.206 3397.0 
-0.538 4768.0 
-0.479 4124.0 
-0.504 4325.0 
-0.094 3301.0 
-0.567 6140.0 
0.127 3160.0 
-0.243 3440.0 
-0.469 4062.0 
-0.562 5631.0 
-0.549 5045.0 
-0.516 4461.0 
-0.551 5125.0 
0.575 2870.0 
0.501 2921.0 
-0.275 3486.0 
0.38 2991.0 
