0.231 3089.0 
-0.19 3410.0 
-0.183 3379.0 
-0.55 5090.0 
-0.545 4930.0 
-0.057 3277.0 
-0.339 3598.0 
-0.522 4524.0 
-0.533 4675.0 
-0.491 4231.0 
-0.54 4798.0 
-0.402 3780.0 
-0.527 4599.0 
-0.369 3685.0 
-0.381 3709.0 
0.439 2954.0 
-0.535 4705.0 
-0.391 3758.0 
-0.462 4031.0 
-0.531 4648.0 
-0.442 3920.0 
0.024 3213.0 
-0.331 3578.0 
0.409 2975.0 
-0.552 5141.0 
-0.488 4205.0 
-0.52 4506.0 
0.483 2929.0 
-0.536 4722.0 
-0.148 3344.0 
-0.497 4267.0 
-0.501 4315.0 
-0.482 4148.0 
-0.518 4479.0 
-0.565 5933.0 
-0.452 3980.0 
0.113 3166.0 
-0.075 3300.0 
-0.559 5509.0 
-0.363 3659.0 
-0.272 3486.0 
-0.467 4053.0 
-0.456 4006.0 
-0.414 3821.0 
-0.42 3848.0 
0.167 3123.0 
0.067 3191.0 
-0.514 4437.0 
-0.354 3633.0 
-0.046 3257.0 
-0.474 4119.0 
-0.563 5706.0 
-0.558 5466.0 
-0.499 4293.0 
-0.56 5555.0 
-0.561 5592.0 
-0.546 4954.0 
-0.428 3869.0 
-0.505 4337.0 
-0.538 4762.0 
-0.511 4398.0 
0.131 3145.0 
-0.446 3958.0 
-0.548 5004.0 
0.343 3017.0 
0.621 2837.0 
0.369 2997.0 
-0.257 3461.0 
-0.484 4180.0 
-0.434 3892.0 
-0.117 3325.0 
-0.3 3518.0 
-0.549 5043.0 
-0.526 4577.0 
0.258 3066.0 
-0.555 5269.0 
0.293 3047.0 
-0.562 5651.0 
-0.537 4741.0 
-0.473 4087.0 
0.534 2892.0 
0.582 2862.0 
-0.556 5319.0 
-0.566 6052.0 
-0.02 3236.0 
-0.408 3798.0 
-0.553 5184.0 
-0.508 4363.0 
-0.318 3549.0 
-0.541 4827.0 
-0.542 4875.0 
-0.547 4983.0 
-0.524 4553.0 
-0.242 3440.0 
-0.564 5779.0 
-0.389 3741.0 
-0.53 4628.0 
-0.554 5239.0 
-0.557 5369.0 
-0.544 4907.0 
