-0.442 3924.0 
-0.519 4495.0 
-0.556 5322.0 
-0.531 4675.0 
-0.356 3638.0 
-0.49 4210.0 
-0.332 3585.0 
0.402 2993.0 
-0.455 4012.0 
-0.346 3610.0 
-0.553 5187.0 
0.184 3112.0 
-0.008 3237.0 
-0.551 5110.0 
-0.53 4658.0 
-0.495 4260.0 
-0.529 4612.0 
-0.306 3533.0 
-0.27 3489.0 
0.29 3045.0 
-0.47 4079.0 
0.104 3163.0 
-0.501 4315.0 
-0.239 3434.0 
-0.566 5988.0 
-0.041 3258.0 
-0.38 3701.0 
-0.517 4480.0 
-0.161 3351.0 
-0.503 4342.0 
-0.453 3978.0 
-0.507 4369.0 
-0.281 3506.0 
-0.324 3561.0 
0.331 3021.0 
0.417 2969.0 
-0.373 3682.0 
0.138 3144.0 
0.613 2844.0 
-0.067 3275.0 
0.087 3183.0 
-0.427 3872.0 
-0.471 4106.0 
-0.549 5082.0 
-0.486 4183.0 
-0.401 3779.0 
-0.18 3377.0 
-0.093 3300.0 
-0.522 4522.0 
-0.562 5654.0 
-0.206 3404.0 
-0.464 4045.0 
-0.538 4763.0 
-0.388 3736.0 
-0.559 5474.0 
-0.366 3662.0 
-0.543 4876.0 
0.031 3212.0 
-0.483 4160.0 
-0.563 5731.0 
0.562 2894.0 
-0.545 4929.0 
-0.396 3762.0 
-0.544 4900.0 
-0.561 5581.0 
-0.536 4726.0 
-0.558 5443.0 
0.461 2945.0 
-0.497 4290.0 
-0.554 5224.0 
-0.557 5375.0 
-0.476 4124.0 
-0.564 5783.0 
0.501 2917.0 
0.244 3075.0 
-0.567 6074.0 
-0.494 4238.0 
-0.524 4552.0 
-0.546 4959.0 
-0.416 3827.0 
-0.423 3852.0 
0.574 2872.0 
-0.514 4431.0 
-0.432 3892.0 
-0.446 3944.0 
-0.547 4983.0 
-0.129 3321.0 
-0.51 4397.0 
-0.541 4842.0 
-0.516 4463.0 
-0.41 3801.0 
-0.266 3473.0 
-0.526 4577.0 
-0.548 5030.0 
-0.54 4811.0 
-0.534 4696.0 
-0.555 5280.0 
-0.552 5156.0 
-0.565 5945.0 
-0.481 4143.0 
