0.596 2860.0 
-0.509 4385.0 
-0.317 3550.0 
-0.446 3949.0 
-0.522 4530.0 
-0.124 3317.0 
-0.285 3518.0 
-0.202 3393.0 
-0.467 4054.0 
-0.42 3848.0 
-0.539 4788.0 
-0.147 3337.0 
-0.258 3467.0 
-0.461 4022.0 
-0.395 3748.0 
-0.308 3536.0 
0.085 3175.0 
-0.472 4087.0 
0.184 3123.0 
0.027 3212.0 
-0.516 4447.0 
0.159 3142.0 
-0.337 3590.0 
-0.488 4205.0 
0.403 2977.0 
-0.417 3825.0 
-0.555 5257.0 
-0.56 5528.0 
-0.089 3297.0 
-0.441 3917.0 
-0.479 4130.0 
-0.533 4678.0 
-0.452 3971.0 
-0.54 4817.0 
-0.517 4474.0 
-0.554 5223.0 
-0.544 4895.0 
-0.553 5205.0 
0.501 2933.0 
-0.243 3444.0 
0.52 2909.0 
0.055 3196.0 
-0.225 3419.0 
0.233 3094.0 
-0.482 4152.0 
-0.52 4498.0 
-0.374 3690.0 
-0.029 3253.0 
-0.53 4632.0 
-0.562 5654.0 
-0.549 5038.0 
-0.557 5363.0 
-0.41 3802.0 
-0.358 3660.0 
-0.352 3636.0 
-0.495 4264.0 
-0.493 4238.0 
-0.282 3494.0 
-0.386 3723.0 
-0.178 3365.0 
-0.427 3874.0 
-0.433 3896.0 
-0.075 3280.0 
0.351 3014.0 
-0.545 4917.0 
0.55 2884.0 
-0.347 3614.0 
-0.559 5487.0 
-0.564 5772.0 
0.261 3070.0 
-0.546 4949.0 
-0.558 5410.0 
-0.485 4179.0 
-0.552 5144.0 
-0.499 4293.0 
-0.507 4357.0 
-0.525 4565.0 
-0.475 4105.0 
-0.561 5579.0 
-0.402 3772.0 
0.377 2994.0 
-0.537 4753.0 
-0.527 4592.0 
-0.551 5102.0 
-0.536 4721.0 
-0.512 4407.0 
-0.542 4847.0 
-0.548 5004.0 
-0.514 4427.0 
-0.543 4874.0 
0.435 2957.0 
-0.556 5320.0 
0.308 3039.0 
-0.505 4336.0 
-0.55 5073.0 
-0.547 4974.0 
-0.502 4314.0 
-0.464 4037.0 
-0.456 3995.0 
-0.563 5704.0 
