-0.561 5625.0 
-0.354 3630.0 
-0.547 5003.0 
-0.477 4124.0 
-0.557 5397.0 
-0.56 5532.0 
-0.435 3909.0 
-0.538 4770.0 
-0.548 5027.0 
-0.442 3925.0 
-0.535 4713.0 
-0.551 5122.0 
-0.563 5721.0 
-0.517 4470.0 
-0.464 4052.0 
-0.164 3360.0 
-0.174 3384.0 
0.129 3155.0 
0.192 3112.0 
-0.471 4079.0 
-0.396 3769.0 
-0.53 4631.0 
-0.558 5436.0 
-0.562 5690.0 
-0.246 3448.0 
-0.285 3496.0 
-0.403 3794.0 
-0.382 3718.0 
0.149 3140.0 
-0.062 3278.0 
-0.256 3470.0 
-0.54 4799.0 
-0.518 4507.0 
-0.481 4143.0 
-0.565 5856.0 
-0.555 5284.0 
-0.3 3519.0 
-0.475 4104.0 
-0.365 3658.0 
-0.42 3837.0 
-0.513 4450.0 
0.503 2913.0 
0.264 3073.0 
-0.391 3746.0 
-0.532 4659.0 
0.554 2883.0 
-0.463 4033.0 
0.005 3229.0 
-0.498 4282.0 
0.426 2966.0 
-0.506 4345.0 
-0.428 3870.0 
-0.522 4529.0 
-0.491 4220.0 
-0.552 5164.0 
0.316 3029.0 
-0.525 4568.0 
-0.332 3582.0 
-0.556 5341.0 
-0.23 3426.0 
-0.526 4602.0 
-0.446 3942.0 
0.071 3186.0 
-0.377 3693.0 
-0.533 4683.0 
-0.484 4162.0 
-0.207 3401.0 
-0.511 4417.0 
-0.554 5251.0 
-0.495 4249.0 
-0.55 5064.0 
0.04 3206.0 
0.391 2988.0 
-0.501 4315.0 
0.36 3009.0 
-0.043 3255.0 
-0.132 3329.0 
-0.508 4386.0 
0.232 3091.0 
-0.097 3300.0 
-0.559 5512.0 
-0.544 4908.0 
-0.304 3537.0 
-0.452 3969.0 
-0.546 4955.0 
-0.566 5972.0 
-0.324 3561.0 
-0.457 3996.0 
-0.487 4196.0 
-0.342 3608.0 
-0.414 3817.0 
-0.564 5780.0 
0.456 2945.0 
-0.542 4859.0 
-0.434 3890.0 
-0.537 4750.0 
-0.545 4927.0 
0.606 2850.0 
-0.553 5218.0 
0.289 3050.0 
