-0.522 4526.0 
-0.5 4289.0 
0.024 3217.0 
-0.539 4784.0 
-0.441 3924.0 
-0.475 4098.0 
-0.322 3559.0 
-0.396 3765.0 
-0.523 4557.0 
-0.551 5113.0 
-0.184 3376.0 
0.518 2908.0 
-0.544 4913.0 
-0.479 4134.0 
-0.558 5410.0 
-0.496 4264.0 
-0.051 3275.0 
-0.461 4031.0 
-0.414 3820.0 
-0.283 3497.0 
-0.433 3890.0 
-0.313 3543.0 
0.235 3087.0 
-0.071 3297.0 
-0.543 4887.0 
-0.163 3353.0 
0.27 3062.0 
-0.368 3671.0 
0.389 2990.0 
0.086 3175.0 
0.062 3198.0 
-0.488 4193.0 
-0.42 3844.0 
-0.53 4627.0 
-0.526 4596.0 
-0.458 4008.0 
-0.211 3403.0 
-0.565 6019.0 
0.471 2936.0 
-0.561 5572.0 
0.538 2891.0 
-0.424 3869.0 
-0.564 5812.0 
-0.55 5076.0 
-0.406 3790.0 
-0.533 4671.0 
-0.386 3730.0 
-0.485 4168.0 
0.338 3018.0 
-0.01 3234.0 
-0.38 3714.0 
-0.374 3698.0 
-0.519 4499.0 
-0.502 4316.0 
-0.452 3979.0 
-0.017 3251.0 
-0.223 3435.0 
-0.535 4713.0 
-0.298 3517.0 
-0.36 3651.0 
-0.557 5355.0 
-0.518 4475.0 
-0.51 4384.0 
-0.351 3624.0 
-0.134 3329.0 
-0.567 6126.0 
-0.393 3749.0 
-0.549 5044.0 
-0.467 4054.0 
-0.541 4823.0 
-0.547 4972.0 
-0.538 4762.0 
-0.512 4409.0 
-0.542 4852.0 
-0.491 4213.0 
-0.552 5146.0 
-0.471 4076.0 
-0.566 6054.0 
0.183 3117.0 
0.131 3150.0 
-0.508 4362.0 
-0.505 4337.0 
-0.555 5258.0 
-0.546 4946.0 
-0.515 4443.0 
-0.563 5743.0 
-0.559 5497.0 
-0.553 5204.0 
-0.494 4237.0 
-0.562 5652.0 
0.576 2870.0 
-0.339 3596.0 
-0.446 3950.0 
-0.33 3576.0 
-0.261 3464.0 
0.605 2849.0 
-0.556 5327.0 
0.432 2965.0 
0.302 3041.0 
-0.548 5006.0 
