-0.522 4528.0 
-0.375 3689.0 
-0.513 4426.0 
-0.549 5051.0 
-0.396 3758.0 
-0.528 4619.0 
-0.479 4132.0 
-0.251 3459.0 
-0.3 3523.0 
-0.506 4347.0 
0.297 3046.0 
-0.542 4864.0 
-0.47 4083.0 
-0.498 4274.0 
-0.401 3774.0 
-0.501 4311.0 
-0.229 3425.0 
-0.194 3391.0 
-0.551 5129.0 
-0.435 3900.0 
-0.426 3874.0 
-0.356 3642.0 
0.452 2951.0 
-0.511 4406.0 
-0.519 4511.0 
-0.345 3614.0 
-0.468 4063.0 
-0.092 3291.0 
0.416 2969.0 
-0.553 5202.0 
-0.558 5444.0 
-0.566 5971.0 
0.251 3068.0 
0.59 2859.0 
-0.391 3742.0 
-0.54 4809.0 
-0.536 4745.0 
0.384 2993.0 
-0.492 4222.0 
0.523 2900.0 
-0.475 4098.0 
0.204 3100.0 
-0.366 3665.0 
-0.552 5147.0 
-0.01 3233.0 
-0.557 5357.0 
0.168 3125.0 
-0.459 4009.0 
-0.385 3717.0 
-0.565 5861.0 
-0.563 5726.0 
-0.554 5220.0 
-0.535 4718.0 
-0.559 5482.0 
-0.564 5793.0 
-0.41 3798.0 
-0.167 3364.0 
-0.532 4666.0 
-0.518 4481.0 
-0.495 4253.0 
-0.488 4195.0 
0.493 2921.0 
-0.546 4952.0 
-0.525 4569.0 
-0.142 3342.0 
-0.523 4542.0 
0.103 3176.0 
-0.527 4595.0 
-0.121 3314.0 
-0.327 3570.0 
-0.556 5332.0 
0.136 3145.0 
0.035 3203.0 
-0.53 4644.0 
-0.463 4031.0 
-0.561 5586.0 
-0.534 4696.0 
-0.337 3593.0 
-0.545 4921.0 
-0.419 3832.0 
-0.538 4771.0 
-0.55 5096.0 
0.556 2881.0 
-0.516 4456.0 
-0.548 5021.0 
-0.045 3255.0 
-0.316 3547.0 
-0.456 3988.0 
-0.484 4164.0 
0.334 3020.0 
-0.449 3964.0 
0.622 2838.0 
-0.544 4898.0 
-0.56 5530.0 
-0.562 5682.0 
-0.509 4382.0 
-0.446 3942.0 
-0.555 5262.0 
-0.541 4830.0 
-0.279 3489.0 
