-0.397 3754.0 
-0.524 4557.0 
-0.061 3282.0 
-0.466 4051.0 
-0.502 4307.0 
-0.091 3300.0 
-0.507 4356.0 
-0.521 4527.0 
-0.564 5799.0 
-0.278 3499.0 
0.257 3068.0 
-0.526 4587.0 
-0.459 4024.0 
-0.43 3875.0 
-0.473 4087.0 
-0.548 5029.0 
-0.411 3811.0 
-0.332 3579.0 
0.125 3150.0 
0.171 3132.0 
0.603 2852.0 
-0.552 5157.0 
-0.528 4652.0 
-0.561 5596.0 
-0.518 4496.0 
-0.559 5490.0 
-0.302 3526.0 
-0.562 5723.0 
-0.54 4806.0 
0.35 3013.0 
-0.489 4198.0 
-0.485 4174.0 
-0.51 4381.0 
-0.554 5224.0 
0.425 2963.0 
-0.549 5084.0 
-0.491 4215.0 
-0.26 3474.0 
-0.419 3835.0 
-0.193 3383.0 
0.009 3238.0 
-0.358 3639.0 
-0.387 3735.0 
-0.441 3932.0 
-0.05 3261.0 
-0.456 3997.0 
0.318 3032.0 
-0.452 3977.0 
0.19 3113.0 
-0.383 3710.0 
-0.56 5578.0 
-0.545 4933.0 
-0.469 4069.0 
0.525 2901.0 
-0.37 3687.0 
-0.437 3903.0 
-0.551 5124.0 
-0.541 4846.0 
0.288 3052.0 
0.056 3194.0 
-0.516 4450.0 
-0.55 5102.0 
-0.405 3783.0 
0.558 2879.0 
-0.34 3596.0 
0.115 3170.0 
-0.248 3458.0 
-0.533 4676.0 
-0.555 5328.0 
-0.479 4132.0 
-0.544 4916.0 
-0.547 4996.0 
-0.367 3665.0 
-0.513 4421.0 
-0.565 5865.0 
-0.546 4977.0 
-0.543 4886.0 
-0.482 4155.0 
-0.212 3408.0 
0.02 3217.0 
-0.222 3429.0 
-0.539 4781.0 
-0.476 4108.0 
-0.316 3557.0 
-0.535 4713.0 
0.232 3088.0 
-0.349 3618.0 
-0.498 4278.0 
0.462 2940.0 
-0.505 4339.0 
-0.495 4246.0 
-0.558 5423.0 
-0.14 3333.0 
-0.157 3356.0 
0.49 2922.0 
-0.449 3956.0 
-0.557 5373.0 
-0.553 5204.0 
0.39 2987.0 
-0.537 4751.0 
