-0.372 3683.0 
-0.086 3294.0 
-0.45 3958.0 
-0.359 3652.0 
-0.394 3761.0 
-0.196 3388.0 
-0.387 3738.0 
-0.476 4141.0 
-0.01 3237.0 
-0.461 4019.0 
-0.439 3914.0 
-0.496 4260.0 
-0.543 4874.0 
-0.514 4444.0 
-0.352 3628.0 
-0.545 4917.0 
-0.512 4416.0 
-0.553 5200.0 
-0.268 3482.0 
0.365 3002.0 
-0.541 4842.0 
-0.559 5487.0 
-0.508 4365.0 
-0.225 3424.0 
-0.492 4223.0 
-0.502 4313.0 
0.053 3195.0 
0.332 3028.0 
-0.556 5346.0 
-0.03 3256.0 
-0.482 4158.0 
0.451 2947.0 
0.433 2967.0 
-0.475 4124.0 
0.554 2882.0 
-0.382 3711.0 
-0.327 3570.0 
-0.207 3405.0 
-0.411 3817.0 
0.487 2927.0 
-0.294 3513.0 
-0.403 3789.0 
-0.423 3847.0 
-0.554 5232.0 
0.214 3114.0 
0.116 3156.0 
0.084 3177.0 
-0.485 4185.0 
-0.536 4721.0 
-0.149 3350.0 
-0.312 3542.0 
-0.561 5616.0 
-0.552 5148.0 
-0.534 4704.0 
-0.474 4095.0 
-0.557 5392.0 
-0.504 4339.0 
-0.433 3883.0 
-0.558 5453.0 
-0.337 3594.0 
-0.244 3447.0 
-0.137 3332.0 
0.238 3084.0 
-0.549 5044.0 
-0.524 4546.0 
-0.06 3274.0 
0.021 3219.0 
-0.533 4685.0 
-0.158 3367.0 
-0.5 4289.0 
0.514 2905.0 
-0.444 3932.0 
0.153 3137.0 
-0.464 4046.0 
0.603 2861.0 
-0.565 5960.0 
0.395 2985.0 
-0.469 4063.0 
-0.563 5727.0 
-0.456 3992.0 
-0.519 4495.0 
-0.539 4807.0 
-0.529 4619.0 
-0.532 4660.0 
-0.547 4984.0 
-0.562 5681.0 
-0.538 4760.0 
-0.548 5026.0 
-0.531 4640.0 
-0.518 4473.0 
-0.51 4395.0 
-0.56 5538.0 
-0.114 3313.0 
-0.527 4594.0 
-0.526 4575.0 
-0.55 5073.0 
-0.566 6124.0 
0.297 3053.0 
-0.522 4522.0 
-0.564 5807.0 
