63.587831317754116 0.06294860672706337 1075.084668626051 573.5951272981331 358.9774118338636 
0.6687276270361079 45.89155680570387 173.09835165873324 311.8903433999096 51.49091781135384 
16.878490620408424 0.36106511562835086 680.5241531701229 398.00537078767223 137.2952415008975 
78.50568525812749 0.11929204440239097 1489.9772239558135 1079.9662132820404 782.7139254588415 
1.3989281221384966 31.72948917791468 1.1591463570282512 205.00992569683444 8.743385185069549 
36.83535177957452 0.48672249986703 1474.4975773448725 652.224782440139 322.2842708934074 
68.63873049629798 0.4180655327988233 1474.178464200164 700.7453119590056 310.68288744836224 
2.265922232216305 46.35271009123692 64.56626272285885 327.33539738507335 7.868113711094971 
31.785806855341754 0.23844283810912775 1368.9772933276058 530.7608561504402 317.463891174926 
76.31337042786352 0.5200763921122362 1481.965761790117 1480.8802704871362 735.5165162750799 
0.32992964080714415 1.3325701254569502 699.695016025324 359.02350819642555 167.339635953579 
2.265922232216305 45.908910826152464 28.15613885433106 131.64626074728233 6.16850117796124 
4.022943646107144 0.7137092894942914 923.488453728671 405.101399115916 169.2438966313903 
2.488682298539326 47.691341164921084 180.12477553155392 64.15757916319234 17.539963408847825 
70.80897283439108 0.2997010973333243 1491.8893044205126 534.0049765635229 342.6559786250791 
0.5883139392187031 46.98036542026155 79.59693757831045 253.42983046801814 5.913719020365267 
25.36170176762831 5.132853403988314 801.096847187205 394.43890745814235 157.6481329743077 
6.34568902609705 47.07588186697313 372.73804509680554 314.97996728460384 71.30287050786953 
2.096881561633971 46.35271009123692 2.7442522625104253 100.56287114205372 6.279389180152682 
79.22944127617522 0.49725450077489003 1490.35759513528 886.0017158018481 372.5939885101225 
36.326837813431034 0.09132169988347173 1474.1771004124937 680.2141152679196 336.5340499958614 
6.284070998013085 47.07588186697313 372.73804509680554 398.0953845185748 71.30287050786953 
31.86317456117761 0.22790620773675882 1469.8677314215254 844.276722322784 364.93479849234717 
2.265922232216305 45.908910826152464 28.15613885433106 218.75917223803862 31.84113271380411 
53.0625493637716 0.4800911420258732 1156.4787962519215 509.1405217585186 318.9051075434234 
17.511403603655072 0.03914668293019098 1215.2211091612512 575.3109037309727 316.4416715104511 
17.839177168999015 47.96005071992315 714.7140627134992 323.3906534365416 174.43157672168223 
1.016056975247539 47.99082045714877 724.4011026471758 359.02350819642555 167.339635953579 
15.18722303056898 46.20083037619402 337.9357711886577 398.0953845185748 35.11960869300539 
36.21741582498405 0.2557244725600494 1427.076576779966 457.5158911024625 330.23562554759854 
1.3194361001065669 48.02210613703196 68.28479452618211 25.157978022733772 35.55155078361889 
36.223533381044355 0.12328861918967216 1490.3604788887512 512.4850178607409 317.5562600968314 
82.48043886431904 0.23829410529519346 1490.1261324178306 839.1255791610712 331.22647575784345 
36.223628003897915 0.06453322335471232 1320.7107202691336 512.4850178607409 317.5562600968314 
2.2347438032500193 45.69254379057496 2.903939233808142 284.2176554163387 3.0281708947183006 
53.0625493637716 0.09249657301614232 1037.9939339751222 509.1405217585186 318.9051075434234 
20.681172211137973 0.03914668293019098 723.6888456802908 348.4669155995579 211.57868612305836 
67.00610068435424 0.11929204440239097 1489.9772239558135 1046.0334178080382 782.7139254588415 
68.7826918713203 0.4180655327988233 1474.183899553111 707.1925729006604 357.71299793486617 
7.2738684076953035 47.862704392059776 162.53786740012356 409.9323646360906 4.3585548553071884 
2.083872323497574 46.06938482674519 2.903939233808142 403.03072819538954 3.0281708947183006 
2.065861936174574 45.86759231327424 3.5193903618794025 343.42489543777833 20.683930209651866 
51.31283803671997 0.22891246953820632 1489.6784229728187 584.9524977310235 362.88196969434273 
0.8063823436696391 45.89557186127646 566.0820555660787 348.86363869653576 0.5794116799617353 
83.0 0.11929204440239097 1488.4949696163226 1165.0081191859163 782.7139254588415 
21.997464713938058 0.07989354141817692 999.9546644820435 405.9770441595386 141.05527934446016 
82.49180415528579 0.24191539441347593 1490.027533433677 1031.1341637735484 528.1949153624314 
2.265922232216305 46.35271009123692 35.17230296573348 100.56287114205372 6.279389180152682 
29.862757452240068 0.7088772764958657 1075.084668626051 573.5951272981331 317.46794974899785 
79.24778850409568 0.24312495480234664 1481.349674622181 886.4106428403035 805.4237769255541 
0.17151100354488225 45.89155680570387 172.5135189046863 313.1508835017339 5.346434706110448 
35.91608752966519 0.2686349575922792 1490.1058043776957 732.1295435818481 521.3186984371 
17.511403603655072 0.03914668293019098 747.79815385828 339.83573936405486 104.72523868300001 
16.878490620408424 0.3716337372924403 1056.1031611751207 437.3445643571536 141.41774219942727 
2.187774144813498 34.08977492578018 700.5095476329695 385.9095043219729 36.94529063321917 
0.9893080033445107 47.031258319145806 173.7249517198352 377.3193416344871 4.3585548553071884 
17.511403603655072 0.7137092894942914 923.488453728671 405.101399115916 174.74616061958085 
9.737435802949348 45.73857486256447 340.9573946834947 320.2585652293254 53.31329190188054 
25.256042590629505 1.1773202243543324 801.096847187205 439.9215003993134 134.52038192491466 
0.544984598609448 45.908910826152464 117.62677546986983 154.4976665193867 6.396055517759845 
0.6687276270361079 45.89155680570387 237.37852432375743 313.1508835017339 5.346434706110448 
20.931519485232585 35.35553637579879 650.4094933806323 371.13930718116035 29.507965549237205 
2.265922232216305 45.908910826152464 28.15613885433106 154.4976665193867 6.16850117796124 
20.694041914937937 0.08849143965771405 1059.8670375429579 430.05412532700836 211.33018106849522 
31.785806855341754 0.23844283810912775 1368.9772933276058 573.5951272981331 317.463891174926 
22.277041724853323 1.1773202243543324 801.096847187205 368.70812974536494 134.52038192491466 
58.46427021766898 0.04446558981697421 961.8487035703128 445.6770195576575 319.1377640181514 
54.9596995244133 0.06638443431584132 1474.17524282741 1461.2263771173689 1250.012414951812 
20.694041914937937 0.08849143965771405 1061.1133087887924 430.05412532700836 330.23562554759854 
20.26782972744175 47.4818459355198 609.8947849944843 335.2154123808974 29.90288963846752 
7.734556835258484 35.063111634090895 650.4094933806323 371.13930718116035 29.507965549237205 
2.7397548928917335 0.5231113907824748 826.5192993728774 438.61458396368505 203.23532200113812 
1.3194361001065669 48.02210613703196 60.571222296328244 25.157978022733772 5.407970632532545 
7.734556835258484 47.96005071992315 716.3398646125231 385.9095043219729 140.95959316345267 
6.284070998013085 47.07588186697313 591.4257876047791 398.0953845185748 13.009162521546505 
2.488682298539326 47.71223134583119 1.6208541775183969 268.3285433981678 4.865688979993921 
30.664344709607068 0.4889759714795412 1451.4253817656877 584.1310682556955 342.6559786250791 
21.72422513231546 0.359298656371401 670.8532563662428 439.5526537789011 303.98718232339974 
20.66888819312451 0.08849143965771405 1192.5666701187315 457.5158911024625 330.23562554759854 
35.91608752966519 0.2686349575922792 1490.1058043776957 700.6702623570447 521.3186984371 
0.5898043043628882 82.48228541817585 352.3646044271561 382.0827664994179 10.236357147971377 
1.4034577625076299 47.4818459355198 609.8947849944843 335.2154123808974 29.90288963846752 
0.050800607835455036 48.35489853705364 40.58977270242397 24.504955341631614 0.062035212769324666 
3.883143438692848 0.05468504799716678 1278.6024477378694 399.78827419818106 201.403814716076 
52.48389914479236 0.05468504799716678 999.9546644820435 405.9770441595386 141.05527934446016 
82.0 0.06941222784444374 1488.031217252374 1203.813997074145 799.6020022625676 
82.34223651712304 0.2512131116724618 1481.4469508617603 886.4106428403035 595.9771377816808 
34.80549056602807 0.4889759714795412 1491.8893044205126 534.0049765635229 342.6559786250791 
17.511403603655072 0.03914668293019098 923.488453728671 428.9834043900529 174.74616061958085 
81.45063797664594 0.49725450077489003 1490.35759513528 860.4936436579077 368.33532428629775 
2.3232566788633475 45.89155680570387 358.2999126495747 309.22646199680395 5.611305137391144 
0.5883139392187031 47.058452854289285 75.91515361982295 277.8835044579111 5.913719020365267 
53.744476491353126 0.48672249986703 1489.7459257682685 1185.2830975517359 374.0606652764427 
16.878490620408424 0.36106511562835086 680.5241531701229 437.3445643571536 136.9564674526464 
76.31337042786352 0.4791876462025901 1481.965761790117 1351.0003091114884 562.799662197295 
52.59496382423667 0.08812259062197536 1037.9939339751222 514.5582472209809 142.0236197946076 
1.4733397343799353 46.70478354503244 2.03063506046945 7.5861150680647365 4.764659532183254 
82.0 0.4791876462025901 1481.965761790117 1464.2745651298846 480.4599431870466 
83.0 0.23829410529519346 1481.4105044170408 848.9871518448961 601.0277638421626 
0.04085614341268906 47.2418618731368 3.3686002646454547 31.09601834746381 1.9085806484750458 
