0.10167002432758245 44.00633060121285 17.650177407504643 33.14020671494722 16.47467294595063 
50.928366378054434 0.434232937712702 1491.332990169601 613.0426867108666 620.3198137371768 
0.11342116615280545 0.3015977717620899 714.8699026236104 348.2862778098547 5.3490043245077885 
27.71041673113109 1.1410865692328511 983.3066204378807 448.4538461304378 202.61399642586167 
50.59047108137417 0.1687692596391955 709.7803870025374 374.1593162180662 240.30009830085424 
51.15955583432573 0.43480717873698005 1447.079923771193 613.0426867108666 624.889073799373 
27.862998045382543 0.2354009766593087 988.4119695662866 448.4538461304378 138.41415770664386 
1.7277274905692224 70.94966559703263 7.808721709562115 184.62314630189942 40.57915028575147 
2.976762428150129 32.93325250217019 684.6170824419903 338.00689239597574 12.698690411000484 
0.25224620806450015 44.63386905945731 29.520894656364987 347.16013791043844 75.97328465870166 
39.011815423942195 0.279062254084367 709.8441577545831 349.0923868002923 230.48231049438303 
13.828992701028767 51.816797877500505 24.444910842402123 38.66491142185859 5.511463047889848 
50.91931149600392 0.4336723425706309 870.101121565733 453.8397773021511 227.89576316407275 
12.221051298062708 0.07910220305423721 678.1547619942514 350.05152970911644 116.72196757435779 
3.240019709334778 48.19096384637105 435.9380633288055 348.3760479402747 20.813347391690797 
50.76409343358131 0.47329981855094594 1499.6280266291956 537.254549331462 233.20802834279507 
34.78500764921627 0.4354176039179941 1257.2614894408482 464.6599243503136 247.76564455548146 
68.06664517768537 0.019414907517374458 1493.747836710003 1389.942163417313 1107.9931076163 
27.71041673113109 0.057211835207232636 1454.1876335366646 455.35626115788665 213.14606885062747 
50.20364242489832 0.4378973430070654 750.2386804374177 467.8017008385909 189.25547727077043 
51.86620565291397 0.47486062358043846 829.4909401625093 449.2584297923718 252.08136785228993 
34.060094821519336 0.4594085878770714 1499.5371279414323 539.7563227829238 230.88661590935115 
62.1526513207303 0.34840649227441367 1494.124936979681 1115.5571015235728 585.5974296504356 
12.22839355176233 0.25292256786040923 703.8233629243915 361.7828992244659 111.82967157577924 
83.0 0.344801955984382 1491.332990169601 1194.4838450074606 581.086631598407 
3.502096337432377 62.36172093525926 7.808721709562115 104.84429359982178 0.5909936034401682 
12.436132356142796 10.59324717731741 678.2476133550306 361.2835945687763 18.58071524601113 
42.96970161740584 0.20491124410175693 1478.3756169297903 448.4538461304378 235.9316794236297 
3.658199474390518 45.74896829279413 6.474430226206383 336.5221077644104 0.5909936034401682 
75.14790857042041 0.04922160122239483 1496.3880063599497 783.7624392389118 460.48208267055645 
71.25761238410429 0.4484368149612023 1490.548640693868 1293.1484314353138 644.6789685038892 
48.26233712747613 0.23001551521564476 983.3066204378807 470.6965502848791 217.80514764299113 
54.1830651172982 0.028687987382942662 1490.233559114617 783.6863447533347 386.5292989452371 
27.862998045382543 0.23223742314589058 988.4119695662866 448.4538461304378 255.60709300180454 
50.76571609570777 0.4629415372083078 1491.332990169601 613.0426867108666 235.40552030657508 
3.3073070290551883 48.200451713033026 452.50864019209666 268.82205418278244 80.43378073362774 
1.720654551338738 59.01091448016903 66.72816644532483 92.3481748621347 0.7005487772112056 
0.0568787882370998 0.022465611121786022 1499.5371279414323 508.6403889551043 253.2834978240966 
0.10594491692782619 44.59489345494499 24.444910842402123 59.869923894296775 4.144484755092667 
2.3650913583077093 40.6979380438249 558.0768516955999 343.55639741954576 80.55745128410189 
2.989173266587149 49.216695972923084 53.693993530999904 330.97125832097606 1.0286338512969628 
4.727883346482436 47.62450038851602 311.36711784581837 335.76241326755076 0.10896147810924761 
55.51607081286555 0.33864984804673076 1493.747836710003 1462.7536589216763 1107.9931076163 
50.20364242489832 0.4378973430070654 762.662105237298 405.01243993825966 192.9375753598895 
0.12093346632905166 64.88320938206917 69.54724161558873 215.22262376965608 3.86813698891083 
7.057932239092104 42.16237312881528 512.2636207069044 318.58503889474724 77.10921468412357 
51.6344840467367 0.07019243567265702 1476.8833004758048 698.3433793663669 252.88763000879413 
54.082929947199716 0.4354176039179941 1499.4876031159895 563.201665198902 249.69493196720464 
2.39229000011811 44.06929456358976 209.00881709086752 85.83688482600147 16.02903961697325 
0.15940833878064087 1.1981080721462511 551.2214002252313 331.0853127651289 4.6831312157943294 
17.3954136023687 0.246836446132221 838.5817116503888 435.61190362529817 252.08136785228993 
50.302139544107405 0.3544127528400304 1491.3329059288478 1287.242100225087 588.3246937170994 
27.71041673113109 0.057211835207232636 1133.8321828428527 470.6965502848791 217.80514764299113 
0.05427707810639715 55.16922734914732 101.36414623580112 382.8841724104812 1.97844708032763 
0.9516161774888143 0.3015977717620899 709.8441577545831 349.0923868002923 233.75895454191667 
26.260574874119953 0.06765168251420689 1257.2614894408482 460.0919567275132 148.2118149303947 
0.16008101945586262 44.5079482217034 141.83413117033223 385.6361188849965 0.6454762516406062 
3.2855779736935258 60.355716919816096 687.296091751786 387.7670641098359 0.5909936034401682 
43.23041967656046 0.460544652645386 1310.2693726477623 451.39778612502585 230.33544440627352 
53.425917423011974 0.07089931158289572 709.8441577545831 349.0923868002923 246.60714431308952 
42.99774069765112 0.4343872147614492 1359.2423958225095 451.39778612502585 230.33544440627352 
22.212635101624432 0.4354176039179941 1053.0907724086724 453.6059613937155 285.9013986166014 
3.3073070290551883 48.200451713033026 452.50864019209666 266.7072148902457 155.07790418351178 
13.058594764512709 44.11098303883896 581.5416985173334 376.39067167529174 135.67947089080994 
60.962932109980144 0.43957403968736525 1487.6733704252742 637.3833077182229 254.69649093899113 
30.81675026639521 0.4378973430070654 762.662105237298 405.01243993825966 192.9375753598895 
50.58969003142981 0.23159547291570862 1479.3447279548502 1439.6222906449066 594.5945056027745 
27.68740348173563 0.4391175695172107 1123.1607120643896 450.16305883905386 215.58684077067645 
1.705305560616463 45.673847695206156 309.67565257373525 359.03692031537315 3.336137029705813 
62.1526513207303 0.344801955984382 1449.8487823069872 1115.5571015235728 588.3305462859358 
50.3454140496196 0.35444999472543387 1491.3281992755794 824.3304881039982 548.232344840452 
54.1830651172982 0.046609503367557065 1496.3880063599497 783.6863447533347 461.6238789953103 
42.96970161740584 0.4608595523400654 1359.214685262632 448.4538461304378 319.4963975270579 
0.07718362397080317 43.26447505127203 66.50111571479005 284.3587169395807 0.4605570360325315 
81.97669429308557 0.43248815132537977 1490.3113685806468 996.6794194782815 586.8824258260292 
0.048448494093965344 63.61616302430184 14.198085396983117 179.44663289521276 3.1326628705214326 
0.4436484747703493 60.31408433058524 66.50111571479005 258.1094237828929 0.4605570360325315 
2.491203889877418 44.11098303883896 212.3107528368138 331.0853127651289 77.51578921605632 
71.25761238410429 0.4484368149612023 1490.548640693868 940.8128843382021 644.6789685038892 
2.976762428150129 32.93325250217019 354.8359640225427 338.00689239597574 12.698690411000484 
12.331412425730377 0.15829887081891075 743.1667747680632 372.48002305556963 136.42684494948338 
54.1830651172982 0.046609503367557065 1490.6483559499566 768.5494014935022 326.3285653312518 
0.12483490265815078 44.45378714830818 68.42427281046729 381.45064030659427 0.36217031534684274 
2.39229000011811 44.10405139731136 90.28445557261516 91.42673959843081 16.02903961697325 
27.71041673113109 0.4609387799023495 1262.7874784537441 448.8357567889679 215.66891635670572 
71.22940364082115 0.4268281576064711 1491.1622212679201 832.12330618878 548.232344840452 
0.10156535674955924 45.65135494492598 356.1109338423596 38.66491142185859 0.21254528876236378 
51.71276665187526 0.054230461819225084 1499.5371279414323 484.0536163741417 253.2834978240966 
1.768927822939263 45.70321187968353 498.8686725979279 329.1796975448492 18.83228908407267 
1.7607746145853507 45.65135494492598 291.65357515095945 331.3213952140368 7.012170023228709 
71.58595469607458 0.4268281576064711 1496.7914995181322 905.2863314654408 638.3635116216742 
52.12171591846117 0.42863909685724405 1491.435288588675 907.9410496758821 568.4089752970012 
0.04649574705405429 63.32409246795515 7.808721709562115 17.561301496328127 0.5909936034401682 
17.3954136023687 0.27008078904171934 772.3959605382913 448.8314768032099 231.8477850349877 
83.0 0.344801955984382 1491.332990169601 1141.7490824899112 588.3246937170994 
27.652550560904054 0.24134001470115124 841.9164931582961 448.43311909179556 232.2017483660194 
3.3073070290551883 48.200451713033026 435.9380633288055 377.289523012541 155.07790418351178 
82.0 0.0288769702035526 1490.188012422742 1412.4449749234257 666.4845023381712 
71.58595469607458 0.4268281576064711 1496.7914995181322 831.6475065055108 638.3635116216742 
21.063914082910326 0.4354176039179941 1257.2614894408482 451.20152513724423 144.4193234143197 
