0.624 2833.0 
0.624 2833.0 
-0.565 5849.0 
0.168 3120.0 
0.116 3156.0 
-0.352 3640.0 
-0.493 4265.0 
-0.535 4720.0 
-0.552 5146.0 
-0.559 5467.0 
-0.395 3776.0 
-0.506 4365.0 
-0.512 4461.0 
-0.41 3817.0 
-0.523 4545.0 
-0.465 4066.0 
-0.531 4642.0 
-0.332 3579.0 
0.413 2970.0 
-0.373 3683.0 
-0.38 3721.0 
0.351 3011.0 
-0.46 4027.0 
0.022 3213.0 
-0.553 5244.0 
-0.479 4140.0 
-0.561 5612.0 
-0.562 5668.0 
-0.433 3906.0 
0.264 3060.0 
-0.28 3490.0 
-0.542 4891.0 
0.194 3104.0 
-0.029 3245.0 
-0.538 4817.0 
-0.088 3293.0 
-0.526 4587.0 
0.466 2940.0 
-0.564 5812.0 
0.316 3034.0 
-0.422 3871.0 
-0.306 3529.0 
0.333 3019.0 
-0.555 5274.0 
-0.046 3259.0 
-0.21 3411.0 
0.384 2991.0 
0.492 2918.0 
-0.449 3962.0 
0.519 2900.0 
-0.557 5367.0 
0.587 2859.0 
-0.556 5348.0 
-0.235 3430.0 
0.273 3055.0 
-0.252 3458.0 
0.232 3080.0 
0.088 3176.0 
-0.323 3560.0 
0.102 3161.0 
0.432 2960.0 
-0.187 3381.0 
-0.204 3399.0 
0.006 3227.0 
-0.069 3282.0 
-0.541 4828.0 
-0.449 3962.0 
-0.142 3346.0 
0.049 3198.0 
-0.062 3271.0 
0.381 2995.0 
-0.55 5069.0 
0.068 3184.0 
-0.159 3378.0 
0.554 2887.0 
-0.546 4943.0 
0.615 2839.0 
-0.56 5541.0 
-0.489 4206.0 
-0.563 5739.0 
-0.122 3327.0 
-0.563 5739.0 
-0.56 5541.0 
0.227 3091.0 
-0.008 3231.0 
0.294 3042.0 
-0.238 3436.0 
-0.548 5010.0 
0.506 2912.0 
0.571 2869.0 
-0.106 3306.0 
-0.549 5061.0 
0.296 3040.0 
0.049 3198.0 
-0.428 3885.0 
0.459 2950.0 
-0.121 3325.0 
-0.26 3473.0 
0.564 2876.0 
-0.312 3538.0 
