0.621 2836.0 
-0.566 5942.0 
0.621 2836.0 
0.558 2879.0 
-0.561 5577.0 
0.494 2915.0 
-0.039 3251.0 
-0.324 3562.0 
-0.007 3230.0 
0.375 2994.0 
-0.541 4828.0 
-0.559 5456.0 
0.462 2938.0 
-0.505 4367.0 
-0.474 4124.0 
-0.381 3718.0 
0.319 3028.0 
-0.419 3833.0 
-0.364 3656.0 
-0.221 3419.0 
0.593 2854.0 
-0.489 4231.0 
-0.405 3787.0 
-0.563 5696.0 
0.282 3052.0 
-0.562 5656.0 
-0.484 4199.0 
0.218 3090.0 
0.015 3220.0 
0.426 2962.0 
0.302 3044.0 
-0.532 4700.0 
-0.518 4513.0 
-0.063 3271.0 
-0.545 5005.0 
-0.46 4053.0 
-0.55 5096.0 
0.446 2953.0 
0.26 3062.0 
0.159 3143.0 
0.525 2900.0 
-0.497 4319.0 
-0.337 3622.0 
-0.198 3399.0 
0.17 3120.0 
0.03 3205.0 
-0.529 4653.0 
-0.522 4578.0 
-0.558 5419.0 
-0.467 4091.0 
0.4 2984.0 
-0.303 3524.0 
-0.358 3641.0 
-0.544 4919.0 
0.135 3145.0 
-0.172 3360.0 
-0.121 3316.0 
0.344 3009.0 
-0.551 5174.0 
-0.28 3488.0 
-0.565 5845.0 
-0.141 3358.0 
-0.543 4906.0 
0.208 3097.0 
-0.554 5265.0 
-0.555 5280.0 
0.522 2901.0 
-0.27 3475.0 
0.408 2975.0 
-0.513 4453.0 
-0.19 3388.0 
-0.391 3778.0 
-0.389 3741.0 
-0.564 5779.0 
-0.294 3512.0 
-0.536 4755.0 
-0.074 3278.0 
0.098 3164.0 
-0.455 4004.0 
-0.553 5188.0 
-0.556 5356.0 
0.245 3072.0 
0.344 3009.0 
-0.132 3345.0 
0.081 3173.0 
0.612 2843.0 
-0.176 3368.0 
-0.448 3953.0 
-0.549 5061.0 
-0.256 3456.0 
-0.514 4480.0 
-0.235 3454.0 
-0.233 3444.0 
0.19 3114.0 
-0.565 5845.0 
-0.564 5779.0 
-0.423 3880.0 
-0.536 4755.0 
0.122 3150.0 
-0.548 5027.0 
