-0.565 5844.0 
0.622 2834.0 
-0.565 5844.0 
0.622 2834.0 
-0.493 4233.0 
-0.547 4989.0 
-0.504 4336.0 
-0.469 4098.0 
-0.042 3261.0 
-0.277 3485.0 
-0.542 4860.0 
0.526 2897.0 
0.396 2978.0 
-0.115 3323.0 
-0.391 3750.0 
-0.55 5098.0 
-0.543 4938.0 
0.356 3005.0 
0.546 2885.0 
-0.304 3525.0 
0.175 3117.0 
-0.159 3352.0 
-0.429 3888.0 
-0.408 3796.0 
-0.213 3413.0 
-0.524 4603.0 
-0.562 5641.0 
-0.564 5794.0 
-0.555 5269.0 
0.075 3180.0 
-0.534 4728.0 
-0.553 5186.0 
-0.026 3244.0 
0.426 2969.0 
-0.341 3612.0 
0.092 3167.0 
-0.353 3632.0 
-0.556 5360.0 
-0.559 5480.0 
0.445 2947.0 
-0.44 3926.0 
-0.56 5538.0 
-0.485 4187.0 
0.257 3083.0 
-0.561 5585.0 
0.331 3019.0 
-0.2 3390.0 
-0.515 4484.0 
-0.249 3457.0 
-0.558 5427.0 
-0.507 4373.0 
0.224 3085.0 
0.15 3134.0 
0.497 2913.0 
-0.265 3470.0 
0.114 3158.0 
-0.462 4033.0 
0.29 3049.0 
-0.366 3668.0 
-0.539 4795.0 
-0.075 3279.0 
0.57 2869.0 
-0.179 3370.0 
-0.446 3955.0 
-0.521 4526.0 
0.308 3032.0 
-0.397 3760.0 
0.199 3101.0 
-0.554 5237.0 
-0.485 4187.0 
-0.234 3440.0 
-0.14 3331.0 
-0.096 3296.0 
-0.532 4665.0 
-0.464 4074.0 
-0.563 5715.0 
-0.371 3682.0 
0.611 2848.0 
0.156 3131.0 
-0.538 4775.0 
-0.42 3839.0 
-0.51 4423.0 
0.123 3148.0 
0.028 3208.0 
0.052 3193.0 
-0.563 5715.0 
-0.327 3577.0 
-0.006 3229.0 
-0.319 3552.0 
-0.513 4437.0 
-0.186 3375.0 
-0.557 5382.0 
-0.456 3997.0 
0.043 3199.0 
-0.551 5121.0 
-0.453 3984.0 
0.575 2864.0 
0.001 3225.0 
0.483 2927.0 
-0.42 3839.0 
