3.2718595893289166E-4
2.6721621667871303E-4
3.7552744328945827E-4
4.122258552045037E-4
3.217997537398586E-4
3.1560298797964396E-4
3.061703081042182E-4
3.0003855876941244E-4
3.6279731199795654E-4
3.5793318352841946E-4
4.015946160351113E-4
3.0995751157068677E-4
4.833381289899078E-4
3.186043773252448E-4
3.5443014435903496E-4
3.722098841343836E-4
3.9858391075307635E-4
4.014299790779986E-4
3.453926408323333E-4
3.1631266972305264E-4
3.632199252204407E-4
3.0307772455235134E-4
4.313022582740293E-4
3.000033896003675E-4
5.022516877446576E-4
2.9401012492849895E-4
3.434936835760383E-4
3.080667593673611E-4
3.382613971209041E-4
3.903383913986722E-4
