0.4309083094473392
0.3298013574970399
0.3503460559671281
0.4162580976672203
0.41028816891583636
0.3689913023217606
0.364910382250933
0.32235048318504833
0.393084724214896
0.4022539452013817
0.4137378238445275
0.33425478954342325
0.4710789606117868
0.4688282953317533
0.3634193597279376
0.4092046443506197
0.38739304170179917
0.40759628144874294
0.4884154814295734
0.3688540235946272
0.3531117026235954
0.37679798462445535
0.37727436876327586
0.4312254233489141
0.4601811440359089
0.3980163322507337
0.3642973652653533
0.3884219245344248
0.3844847370465113
0.37653114894679496
