0.9996226822011831 0.0011745732115424393 
3.983454421515566E-9 1.0021181412982803 
0.2604400939684256 0.49160727960180667 
0.5925351200025162 0.2320793029423538 
0.5126006103124997 0.28514581328931066 
0.5425573122169802 0.2655742488635752 
0.32601632532411284 0.43181111898878943 
0.6974262430480348 0.16841239639841074 
0.5645559458382818 0.2503526131620829 
0.16582399677696658 0.5950366623702861 
0.24613922765701915 0.5057884103814723 
0.6095253055522463 0.22134723640478937 
0.5311089590456075 0.27297231392809185 
0.8098056604470645 0.10233118092379545 
0.20666080009372534 0.5475906839405403 
0.9469482704844628 0.02862006848575068 
0.23471099614138918 0.5169244171936185 
0.930003578506378 0.03636433912569834 
0.5741286620828412 0.2436364638743605 
0.7852935373109514 0.11505579297914503 
0.29239766685784485 0.46255972310387444 
0.4974993869271743 0.2968340250988013 
0.27971955214901056 0.4727533156882929 
0.12697896295735145 0.6458313672600409 
0.9174599604186131 0.045622491277594907 
0.7088990764019865 0.15951775688086697 
0.0956475757638639 0.6929311685006158 
0.8487304377043703 0.08024597575437381 
0.8818766567055442 0.06258967393763419 
0.15248435073812883 0.6119836351656411 
0.8307919931711538 0.09074605045130782 
0.3624139736139229 0.40018609186012954 
0.011559506226761052 0.8951037806744483 
0.3814358483944416 0.3838622159852233 
0.1940080748827178 0.5621023695818764 
0.336324925680578 0.4221966996506411 
0.017371154626191182 0.8717465502723899 
0.22407641586691962 0.5305011650245306 
0.7484444763280771 0.1367850750706931 
0.07219310642716757 0.733475352241429 
0.6753684155919297 0.17993252556603095 
0.37372807310403644 0.393807016661145 
0.07495413276096055 0.7277273061352676 
0.08475377253698463 0.7108567456758557 
0.13505351173112506 0.6342961014130696 
0.2168978696159526 0.5365792853320299 
0.43336159572512045 0.3440567927309972 
0.8705814945279066 0.06853952479588057 
0.9625763756442197 0.021962583095149604 
0.6559958504925625 0.1918774465418821 
0.11917381064494337 0.6618531413930354 
0.8172046628120464 0.09782797391213195 
0.7229800696012585 0.15086986171509004 
0.6391547870759757 0.20502757047135867 
0.4513906325576846 0.3311251290943004 
0.4616325012875676 0.3236789023207573 
0.6740100444747561 0.1804800892798604 
0.44233157665370876 0.3363502523432461 
0.02449575285199329 0.8456500666074607 
0.00428134138288222 0.9379475379784039 
0.7366836810074479 0.1441637924771058 
0.1419716124939805 0.6260934064803667 
0.0069158618442158315 0.9197647094737746 
0.3504856540586923 0.41043272908078565 
0.175812346359199 0.5835375842931719 
0.11322717566389845 0.6658683180793065 
0.4772721465230165 0.31094324438730503 
0.013388050781222738 0.8864037393550359 
0.08802392801597247 0.7058116954787831 
0.3061872091531382 0.4486463843069423 
0.6234113312880022 0.2133660273552761 
0.4693566325296451 0.31723037502030177 
0.4226867280316223 0.3511344367596711 
6.079477559823195E-4 0.9903183279149338 
0.03017741750844294 0.8290746395653704 
0.39619769247411263 0.3719340943979424 
0.0015110993653639736 0.9651302757715274 
0.8982982531280128 0.054239394117386194 
0.3936677149205213 0.37410038530030854 
0.4096078137369733 0.3628342216830305 
0.0579240872698063 0.7621038555493075 
0.7594811324511386 0.12993329880080204 
7.450689292314717E-4 0.975295251233431 
0.34679242050720155 0.41422616252060696 
0.045953038135198465 0.7880976419847626 
0.9021536208192336 0.05164728372637613 
0.6465452892501992 0.19724513562710677 
0.021841457911373596 0.8566615641848035 
0.10363273861751558 0.679840244336968 
0.9918598146447828 0.005212957118899005 
0.14800583130074713 0.6174562093602969 
0.6265231821960142 0.2096139015493477 
0.06339656013798095 0.7519522999091127 
0.10493975931974649 0.6772241347164508 
0.7721105323364772 0.12344408580192995 
0.03129646825199722 0.8249317679482333 
0.28374525195258515 0.4713427079275018 
0.036491539237912984 0.8121195157610244 
0.7794725722686049 0.11819134980064845 
0.1881873326229423 0.5685557982782558 
