0.4091739356517792 2.451231002807617 
1.4113577604293823 0.8295157551765442 
0.39293336868286133 2.546081066131592 
0.3858763873577118 2.657015800476074 
1.398100733757019 0.93018639087677 
1.398100733757019 0.93018639087677 
0.06894338876008987 3.934126377105713 
0.057404860854148865 3.966620445251465 
0.3980712294578552 2.5348775386810303 
0.8113738298416138 1.9953479766845703 
0.057404860854148865 3.966620445251465 
1.9775227308273315 0.43001240491867065 
0.8142518401145935 1.894587516784668 
0.37566447257995605 2.883563995361328 
1.4113577604293823 0.8295157551765442 
0.05100488290190697 4.003383159637451 
0.06965459883213043 3.8116893768310547 
0.7974585890769958 2.0581066608428955 
2.030332565307617 0.0366126224398613 
1.381484031677246 1.074763298034668 
0.8412376642227173 1.6495633125305176 
0.4266869127750397 2.441905975341797 
0.084290511906147 3.7087743282318115 
1.4144660234451294 0.8261538743972778 
0.8223726153373718 1.826215386390686 
0.03972075879573822 4.006233215332031 
0.14225642383098602 3.215941905975342 
1.9885729551315308 0.3711685538291931 
1.3500027656555176 1.1784380674362183 
0.3762032091617584 2.8790807723999023 
0.09434013068675995 3.4789271354675293 
0.8216902613639832 1.8913432359695435 
0.8397610187530518 1.6699501276016235 
0.09691864252090454 3.4026172161102295 
2.029966354370117 0.041366513818502426 
0.3503595292568207 3.0528812408447266 
1.9838671684265137 0.37782928347587585 
0.40334317088127136 2.497899293899536 
0.39293336868286133 2.546081066131592 
1.9652018547058105 0.514215350151062 
2.0237584114074707 0.0492929108440876 
0.11388576030731201 3.347968578338623 
0.3591963052749634 3.031614303588867 
0.837742030620575 1.7573974132537842 
0.7827847599983215 2.188441514968872 
0.8748801350593567 1.632841944694519 
0.8339540958404541 1.7756472826004028 
1.9897714853286743 0.25774890184402466 
0.13566486537456512 3.231114625930786 
0.10117759555578232 3.392770290374756 
1.9954854249954224 0.22346389293670654 
0.4272860288619995 2.4245235919952393 
0.3412241041660309 3.13242769241333 
0.06894338876008987 3.934126377105713 
0.13097302615642548 3.335439682006836 
