10000 10000 1721 7161 0.28699926037749235 0.28933821845048824 0.924434125398905 
8590 9868 3624 6928 0.2330184937951928 0.18570451311658642 0.6832814485424638 
8590 9984 1720 7148 0.2661831473070923 0.07622328550390256 0.7194953460323188 
9057 9989 10000 5898 0.2330184937951928 0.14052346568010304 0.6001401621763734 
9999 10000 3784 7160 0.26623396209499994 0.06311890426470934 0.7055385732324941 
10000 10000 5832 8643 0.11552483711083701 0.01727977879507253 0.6463035476510589 
9216 7140 1392 6139 0.6027054627195297 0.22438926577432772 0.42806281757660153 
6420 10000 1808 8832 0.04945642155009519 0.049119601252285205 0.7833081141771066 
4930 7136 56 6004 0.027480049745575552 0.22629272259201305 0.4221016210640731 
6928 10000 1806 8864 0.013138500760228156 0.1629458105772419 0.8659307604618212 
10000 10000 10000 7461 0.006224645813288854 0.338917348283855 0.731754280733393 
10000 3975 4160 5904 0.2720377950808724 0.1738289405799077 0.9934796134289006 
8590 10000 10000 10000 0.07511934966354927 0.03635992143091882 0.8210502888884594 
10000 10000 10000 9881 0.05182210521693803 0.11994770699425983 0.8075624369022635 
6544 9984 1808 10000 0.0320111419328295 0.049119601252285205 0.7833081141771066 
8801 10000 10000 7003 0.04578429433008428 0.14052346568010304 0.6302028612639324 
