45.424226528000005 146307.0 
7.4483152000000015 176825.0 
45.424226528000005 146307.0 
7.4483152000000015 176825.0 
38.813039368000005 151620.0 
7.851051012000001 176367.0 
26.595456428 161205.0 
15.724986872000002 169981.0 
15.070987936000002 170437.0 
24.328621123999998 162985.0 
39.6428447 150850.0 
33.81160404 155453.0 
28.409327024 159743.0 
44.952423324 146703.0 
26.301119528 161410.0 
37.535682132 152669.0 
23.225772991999996 163867.0 
30.715303495999997 157898.0 
34.526022224 154831.0 
9.454445668 175137.0 
23.908725936000003 163371.0 
34.312055388 155066.0 
37.061950576 152935.0 
22.839993316 164234.0 
44.41006396 147139.0 
32.23086072 156685.0 
9.836875616 174696.0 
19.849367636 166630.0 
28.834199748 159387.0 
24.7904115 162588.0 
36.415393352 153393.0 
11.98951306 172935.0 
23.612608296 163613.0 
12.472210388 172572.0 
8.740117340000001 175713.0 
21.957285287999998 164881.0 
25.777980487999997 161834.0 
41.276878928 149630.0 
17.401312008 168554.0 
31.055093872 157631.0 
10.945536588 173927.0 
18.805776184000003 167416.0 
20.329937688 166187.0 
10.561014656 174123.0 
27.997151628 160097.0 
35.075545219999995 154455.0 
25.350201876000003 162159.0 
17.15016014 168832.0 
21.862864976 165221.0 
40.506098188 150274.0 
41.75970459599999 149210.0 
43.37579658 147958.0 
32.971428644 156138.0 
8.740117340000001 175713.0 
22.3030639 164595.0 
37.892551663999996 152352.0 
32.734453236 156278.0 
31.751407244 157130.0 
13.833755848000003 171433.0 
11.546490595999998 173317.0 
20.201902395999998 166291.0 
29.888594404 158598.0 
33.478183728 155785.0 
42.31575916 148899.0 
13.379068156 171946.0 
35.979335596000006 153762.0 
22.478377271999996 164457.0 
12.91711734 172189.0 
35.169393352 154445.0 
10.296747276 174314.0 
35.561044687999996 154066.0 
33.296324896 155853.0 
42.0615185 148970.0 
44.404340976 147429.0 
14.289453175999999 171061.0 
20.779274587999996 165841.0 
40.808682132 149949.0 
18.647286352 167643.0 
30.276454300000005 158246.0 
40.909193364 149876.0 
13.59612804 171654.0 
39.96504256 150611.0 
14.72113874 170725.0 
14.650790076 170783.0 
11.183153696000002 173581.0 
16.08307992 169627.0 
31.483033988 157319.0 
29.89151312 158556.0 
31.383520628 157499.0 
18.057842512 168140.0 
27.347141992 160570.0 
30.273361251999997 158250.0 
36.677312068 153174.0 
16.849381528 168998.0 
19.165159076000002 167145.0 
18.149087427999998 168039.0 
27.347141992 160570.0 
8.97681786 175408.0 
7.646722684 176568.0 
14.094557988000002 171221.0 
40.304088552 150412.0 
12.644466004000002 172421.0 
25.103827556 162430.0 
42.55992491999999 148565.0 
37.959613676000004 152170.0 
16.08307992 169627.0 
9.107049948 175325.0 
19.509786884 166838.0 
21.10325106 165596.0 
43.656157008 147692.0 
25.68982862 161999.0 
27.600525947999998 160405.0 
11.148048884000001 173671.0 
42.844436152 148371.0 
35.641462872 154057.0 
29.404627568000002 158984.0 
43.924959148 147502.0 
20.799518440000003 165833.0 
31.986488528 156884.0 
38.50422972 151775.0 
