1192.2477221722995 1.1583741720546317E-4 0.0013967347462023436 0.3106848657587481 0.3138711301127735 0.0011635599826650966 0.6513632268467462 0.1831539797697352 0.007092632778734778 0.002676611968972016 0.0016673647312888775 
39829.74926733661 0.0011346082660395698 0.0013210643060448985 0.28921596003461314 0.3130540627558013 0.9949673155817105 0.5617980051898455 0.18209190001722497 0.00616581818004591 0.2170403790024748 0.020475050442297055 
1062.632979142409 1.0247844541924197E-4 0.0021546602332715784 0.29566746397071403 0.29878595194725505 0.6778123763680146 0.04547528787035852 0.22709489520995507 0.0014901812068068006 0.042881383589880376 0.0037674284021609727 
1507.6036471123118 2.0627003954390205E-4 0.001453689797442599 0.31174974990496174 0.31217678470555715 0.6416646883808668 0.025823637500709623 0.11122694158740697 0.011923645064531113 0.0024778982742844945 0.0012470894134597671 
1129.0935678890758 1.143873169635036E-4 2.4193335982654283E-4 0.3109485673351065 0.3139548188050728 0.3838847103595835 0.28417115449327823 0.21336487755617442 0.00750637394530158 0.007664112844140923 7.429418707530378E-4 
3404.7699669949125 7.539692382085535E-5 3.2151494695719344E-4 0.2968516796200822 0.30779029714045764 0.84429359673996 0.32425604603957453 0.2040734692169272 5.234042297583145E-4 0.01670757720952751 0.00470351438210781 
5384.377044911126 3.666004070398821E-4 0.0011126842148880861 0.2744847156404836 0.30443807875515966 0.1347531988104437 0.41897443505010035 0.21010884362646542 0.0031147411552265875 0.00679923278930978 7.429418707530378E-4 
2988.197558332518 1.6966167586598312E-4 4.3225912293479195E-4 0.3031257464927669 0.30956289991165303 0.8560634985537388 0.6424135639164212 0.12178259165646023 0.0111521918819669 0.040460858094206305 0.0027549029216424777 
3193.19526115459 6.176164426542478E-5 9.71674531590865E-4 0.29432618657572646 0.29950136920159287 0.6604743198298043 0.3932007299840774 0.2031473854782793 0.0019251094019382708 0.0010369998713834223 0.001373303607207628 
5442.819998913742 4.5536978394433855E-4 0.001034620919194603 0.30481556593090703 0.3092227848468005 0.3899025451272814 0.2830261337031724 0.2726760335519122 0.0022637933351064786 0.007832330639155649 7.364300530690878E-4 
1658.9414369172114 1.0359008824309674E-4 0.001006739578166988 0.29544009074103883 0.3122579240694118 0.10121387454531916 0.04606718582273075 0.26172718561231934 0.014173070578804913 0.006816506707374981 0.0012070312235409068 
2804.300504810345 2.2423526220613236E-4 4.72657808251653E-4 0.297813379003792 0.31122180005024824 0.013127365319422601 0.08181636092520202 0.3579640868062116 0.006262821106912802 0.007552902193309697 0.0023088131693926968 
981.4940448376733 3.619098305913742E-4 0.0011189273711867407 0.30608457164310415 0.30949395917806993 0.2125184199411337 0.03475985649610855 0.2102693507911404 0.011134828613271594 0.005860007026535401 0.0013740823584032472 
2782.8729861205347 3.417241355855102E-5 2.5356585457247087E-4 0.29729782981727393 0.3092609860653795 0.8043414879140464 0.3406172544864893 0.2919179533400075 0.0023376619574874856 0.01670757720952751 0.004674570551800799 
8068.629657363168 4.756139644872128E-4 0.001034620919194603 0.3048607055986438 0.30725309697900877 0.9180255661568815 0.3869391081082724 0.02111813010675012 0.005525019448858999 0.009729618161254385 4.975507453719996E-4 
1699.1562903149706 2.0179026493731469E-4 0.0015613567764673005 0.31133838975979167 0.3140557469414273 0.11538519366011493 0.311945576864136 0.11122694158740697 0.012492551222485122 0.0024778982742844945 0.002648370209555435 
6227.038560916109 4.34478800561397E-4 0.00102239285077581 0.30577995953944026 0.30923104043806054 0.603739739773 0.047545770211721315 0.19733703775913847 0.0017238277951466905 0.004963177511120909 0.0012070312235409068 
3201.9059130130236 2.0386979761862932E-4 4.7291210623231095E-4 0.29829276566951896 0.307761630246832 0.9154920026946542 0.2993483656348059 0.1295537571607879 0.0021033186141615192 9.484833632229274E-5 0.0028540510316398425 
2018.1337678323343 2.819910409605067E-4 0.0012591897587869195 0.30516742677902614 0.3087562867187777 0.08595061206979066 0.3197557854350711 0.7603883516811578 0.002302067950521583 0.27699122165376877 0.006514820394518335 
2766.6540680405283 9.325313034976246E-5 2.777541441898453E-4 0.3059460638296106 0.31055864554787416 0.24954968754908718 0.0701605782927417 0.47383585861537414 0.005388414805849254 0.08931990548381746 0.001057170551644132 
2287.2733591099995 1.982012182362796E-4 0.002104359354117099 0.2874541978974171 0.29657668723278346 0.590956393406369 0.568892389328939 0.18310383332483895 0.010010074039839173 0.0036300678068378485 0.001967380514216781 
2782.3536997115075 8.770508907205517E-5 3.2151494695719344E-4 0.3072912981975877 0.31305393339059645 0.9062874220630718 0.3321450625064377 0.2702272566121818 0.00549612429627577 0.08518747671474677 5.253079045544171E-4 
1522.4002612372024 5.084215974964149E-4 6.012389221489777E-4 0.29572588790300053 0.30924158151465475 0.5456601069221327 0.010615946019590983 0.21938300266883248 0.0029251118290601792 0.01807834383357529 0.004255302467614612 
2275.807166757774 8.292805297027719E-5 2.920914944913171E-4 0.31120547545224075 0.31382964788547413 0.18787182173293043 0.04803302967984681 0.36117075785839753 0.006651249402033578 0.007552902193309697 0.0019723520838831783 
1763.0225824263848 4.984948545702363E-4 6.773608084639966E-4 0.3112885051467192 0.31389795768847667 0.03337370081292135 0.6645253619306073 0.2020724788499254 0.014201355603342677 0.010420638367638454 0.0012257414253900609 
2737.3934983047943 4.584807450559963E-4 5.595975167084664E-4 0.30361814543787785 0.3095123855722969 0.9509652827024577 0.02595445505506354 0.20469217214891122 0.0017689003450954807 0.04813813058802364 0.004885262318226073 
1236.0711799546377 2.2404572613378426E-4 5.176484539324323E-4 0.30949395917806993 0.3140097369071028 0.7386409650729452 0.07922015423095002 0.18724936007842893 0.01134392892797973 0.005893378621727515 0.0013740823584032472 
5921.973501011273 2.471624530609283E-4 3.418876155902856E-4 0.27233688768597053 0.30426037928576505 0.7526421685149661 0.4088747797969377 0.18922243243318904 0.0021620795623633698 0.004322186162187013 0.0011306620022958791 
1510.9378734380987 7.975680187468246E-5 8.008487628950174E-4 0.3138506790334197 0.31486265370135774 0.7258552480356601 0.04594797785321058 0.09447343007916485 0.012788961494465824 0.004318102232297493 0.002734695117697282 
1141.849842524039 1.982012182362796E-4 0.002104359354117099 0.2874541978974171 0.2963673230589781 0.6274532095627212 0.568892389328939 0.1831540383971744 0.010010074039839173 0.0036300678068378485 0.001967380514216781 
2930.7196385629986 2.3160133671945335E-4 2.8217392161343865E-4 0.2978555483312926 0.30812760761489705 0.556887545586724 0.01596121639860739 0.22327882113363726 0.006422684943609135 0.007843240755658839 0.001990119217992576 
3739.310372360412 1.6464179767082185E-5 0.0013383629588914927 0.3138506790334197 0.3147725503661206 0.4604336657248427 0.04750574457921122 0.20088958748011923 0.031779825572200784 0.0024778982742844945 5.8231542594638984E-5 
3127.94329961221 9.325313034976246E-5 2.776090797141843E-4 0.30598064731935093 0.31055864554787416 0.2712259468130172 0.0452954519323929 0.47383585861537414 0.001974771511787334 0.014270414695800565 0.001057170551644132 
3183.0882531172774 2.1555128102481713E-4 9.757961386530941E-4 0.29579129590955816 0.3051074289877252 0.020124016244891463 0.027283343437324303 0.7603883516811578 9.482951157672591E-4 0.0017696882299840628 0.006934305063007731 
29750.330912507845 2.175165907793252E-4 0.0011459968199034375 0.2766026618937385 0.30508096705106286 0.9987526765376791 0.0575086780027019 0.1938938167274183 0.0084876232090936 0.0402842581890291 0.002754839217101644 
28245.802337157977 0.0016002185343972544 0.0017227584024654403 0.2978421546221269 0.30531634724910073 0.9977966583173091 0.02626932414633963 0.11881987700271424 4.578556697187649E-4 0.002101033264368354 0.002648354778341938 
1338.6431284832447 7.975680187468246E-5 8.008487628950174E-4 0.3138506790334197 0.31486265370135774 0.6139559172705487 0.045922696610707865 0.22946069260375296 0.009926070902385377 0.10280372131638271 0.0012470894134597671 
1688.3619600268125 2.4082679766313684E-5 9.188943740226538E-4 0.2979534968455933 0.3095163679538538 0.999549651264308 0.038957242651301904 0.44579237628222323 0.001950657860410877 2.6568607064950166E-4 8.088137606519072E-4 
2612.4405598827884 3.233576063838662E-5 0.001338092647451327 0.3056445298218945 0.31117490888083016 0.8177775234770202 0.11146557531144502 0.2388811455003507 5.843035379378353E-4 0.19287783465255154 0.0011037118906828695 
1062.632979142409 8.358723828882138E-5 2.2537363373255175E-4 0.2988802287137689 0.30282287565716176 0.0039634260883742445 0.6931257755438076 0.2341125870704504 0.006639765374740388 0.12165307012582985 0.0037654207280770945 
2612.3222775039358 2.902490335933029E-5 4.6961799604463693E-4 0.29865374659421 0.3048010586589729 0.2191855505224173 0.012782232765713344 0.20413154062737426 5.719426637932892E-4 3.271728897803663E-4 0.0039135328201119635 
1997.159109382826 9.301339129653266E-5 7.951805490438116E-4 0.3055034087242473 0.31384368286956255 0.796463443262459 0.045945069306003054 0.22697536147658048 0.012034651435424728 0.013977919360111571 8.122129281862419E-4 
1561.805402491489 2.7600370945018787E-4 0.0012591050496161154 0.29579129590955816 0.30509764039617515 0.48748922711308695 0.3193389986527432 0.7603883516811578 0.012876270073431787 0.03843900992386119 0.006514820394518335 
2114.9938275626 4.4350594225625215E-5 0.0014272382070999667 0.30759926063948895 0.31222180824828716 0.06952159055373552 0.2863726488588937 0.17389287870000936 0.013157663481370043 0.0037438675467165857 0.008019212377283412 
1696.5011900727945 9.404492496073357E-4 0.001423247204245357 0.31499559699580654 0.3152078436429886 0.13297502592589733 0.4239468213052209 0.05568026643185525 0.007487659679057227 0.014279806730408138 7.534421024818284E-4 
3174.390200929661 4.946124933239858E-4 9.752572663283754E-4 0.30434321368052625 0.3096401832000823 0.1693213943030309 0.04150229446846139 0.1831539797697352 0.007448998432241262 0.0066967388455500204 0.01725809663000984 
1746.0957308895952 9.5900559861818E-4 0.0013474332213026803 0.31494082740467216 0.31499559699580654 0.06117341912224818 0.03761401522460184 0.27078241473518455 0.007487659679057227 0.014279806730408138 0.0012470894134597671 
6722.815642338306 2.83572690428005E-4 0.002109164319911374 0.2981300181931883 0.3074817921766953 0.3457161089199 0.051057536377746376 0.1866744936391364 5.706137452951383E-4 0.01555361107804979 0.00202844157512402 
2721.4871413313463 1.3640517160221682E-4 0.0013296967889090561 0.30177911689276204 0.3065316863147915 0.36077488306957234 0.0466593671804236 0.05302754604902908 0.014135022655596026 0.04168480293969358 1.755083114902932E-4 
1994.9790486141242 1.3704417452094393E-5 0.0013302465580037484 0.3111563736970758 0.31486265370135774 0.8891931421737322 0.045945878180392884 0.2278084588388003 0.012036330248658396 0.014125238566787976 8.122187729869407E-4 
1537.7251618586777 9.5900559861818E-4 0.0013490320168754876 0.3138506790334197 0.31494082740467216 0.23000215366035187 0.03761401522460184 0.27078241473518455 0.005669473656410618 0.014816224222039865 0.0012470894134597671 
2980.646500949806 3.6543034992152546E-5 2.9002800502317465E-4 0.29816472696902213 0.3010901536677508 0.2979558795487224 0.3020913408900626 0.3986323663181036 0.0020532666045938487 0.004666638762601708 0.015774410562594092 
2782.3536997115075 7.539692382085535E-5 3.2151494695719344E-4 0.3072912981975877 0.31305393339059645 0.9360363002635497 0.3344069955435558 0.2773057343112459 0.0055387769579301575 0.08716204921313805 0.0048586335638640035 
3404.7699669949125 7.520396016695355E-5 3.2151494695719344E-4 0.2967305954187504 0.30779029714045764 0.4515395160365169 0.3542957876663275 0.2224842657829441 5.860305251929594E-4 0.01670757720952751 0.00470351438210781 
3174.1750783693683 7.720767718701918E-5 0.0013582894517318125 0.27197061703059283 0.3140661101204556 0.9937944597864062 0.5701501516011486 0.7076472600011143 0.03640457612122677 0.0037038725142672256 8.45906142146644E-4 
2612.3222775039358 4.3297151193624E-5 4.913558522838551E-4 0.3048010586589729 0.3078265282540667 0.24107041261499418 0.012782232765713344 0.20413154062737426 5.719426637932892E-4 0.01624018957218986 0.007285498471659785 
2832.389735996419 2.0878588587495195E-5 8.122177040076976E-4 0.3082140291431897 0.3112261128699146 0.23502845609858009 0.06823573126761345 0.3578245074287147 3.2125366982146833E-4 0.004377956432859824 0.00392808441338243 
2612.3222775039358 2.902490335933029E-5 4.6961799604463693E-4 0.29865374659421 0.3049337332571178 0.49760456968151945 0.1728361397631777 0.15655888885156255 6.553383686439646E-4 0.015582686032409945 0.0039135328201119635 
7118.98250893853 2.3442869360640838E-4 4.861510213421834E-4 0.2978201894757471 0.30772090896054144 0.31435307603409496 0.2993483656348059 0.1345955059976101 0.011773173326712516 9.484833632229274E-5 0.0028540510316398425 
1774.6042655877363 2.83572690428005E-4 0.0020099536049006 0.2981300181931883 0.3085279100317098 0.4179828757921151 0.05176360860676229 0.1861838875841053 0.013151270226801702 0.0036748878102165743 0.0020055726146625706 
1062.632979142409 5.066562940719586E-4 0.0011033386970323899 0.2957106904315454 0.3081711084669253 0.6938686325871137 0.062131510103319715 0.22709489520995507 0.0014901812068068006 0.05116022391302559 0.0037674284021609727 
2612.3222775039358 2.902490335933029E-5 4.6961799604463693E-4 0.29733601012824146 0.3049737872859598 0.4804784511397743 0.3446661966334328 0.32674334112790915 0.0011800689136491258 0.015582686032409945 0.0039135328201119635 
2804.0261637270837 4.2306271532096054E-5 3.7460939849879E-4 0.3129147499413506 0.3148666159942157 0.9392886101786899 0.30447666588743333 0.28007534798763295 0.01635838606535996 0.024202869159555437 0.004846341485593288 
3174.1750783693683 7.717502675543282E-5 0.0013582894517318125 0.18724457972140648 0.2979349706152547 0.9937944597864062 0.5701501516011486 0.7669453207307328 0.03640457612122677 0.0037038725142672256 8.51605820948587E-4 
3349.168382118909 3.10663256033918E-4 3.558970475163202E-4 0.2977480520251662 0.3072912981975877 0.1498669238969848 0.31465846448297363 0.27716214440631415 0.0055387769579301575 0.016044736495147708 8.701691205215548E-4 
3067.666971099801 2.400453027582921E-5 9.396363795236268E-4 0.3073790007763923 0.3109423788765567 0.7754874481328909 0.7301929320087857 0.3648421989845535 0.003907062116296989 0.007007774436114476 7.039027080074937E-4 
2114.9938275626 2.689588712328808E-4 2.740643611717297E-4 0.3072206477449044 0.31222180824828716 0.05353792901233825 0.29789319363117384 0.17389287870000936 0.005665612065199254 0.0037438675467165857 0.002711712759738144 
1544.6883074700231 2.1563263723414533E-4 2.8517249929495075E-4 0.296289082215205 0.30771797557312625 0.8353460826111001 0.01973223647620774 0.39549972787457377 3.4122040909336394E-4 0.23960173664280968 0.004197108879344266 
1409.054472216818 3.1052057833545163E-4 3.5849425012310745E-4 0.2747625017466188 0.3040795559737162 0.2775813369394645 0.007357071932606624 0.4372384601260694 2.467919408486851E-5 0.006465821643328567 0.00501142391520579 
39829.74926733661 0.0011346082660395698 0.001480351608878188 0.29562737346627105 0.3130540627558013 0.9949673155817105 0.5759101741186469 0.1830329437451067 0.014144326844991466 0.2147395260845247 0.004248262222835914 
3209.892509025134 7.694987858955428E-5 9.741598362449703E-4 0.2942653901046455 0.29999057444207966 0.6604743198298043 0.03854683219246459 0.2031473854782793 0.0019251094019382708 0.0010602151923204944 0.001373303607207628 
1965.7620166466786 1.3234919007842613E-5 2.495827435951317E-4 0.3111563736970758 0.31486265370135774 0.2610682403084659 0.04596821813315762 0.4546573740440828 0.011576374220738192 0.014119792353436448 8.122187729869407E-4 
3033.256922183879 2.763025553511068E-4 3.425629295475944E-4 0.2963751112794784 0.3077163322109997 0.36862750143807776 0.020516795605240223 0.7272155050292837 5.222982994437663E-4 0.005417172935382419 0.006683462764539778 
5652.307986157382 9.325313034976246E-5 2.776090797141843E-4 0.3075063279122173 0.30993624988170765 0.956147721459247 0.0452954519323929 0.47383585861537414 3.8339153930659533E-4 0.014270414695800565 0.001057170551644132 
28245.802337157977 0.0017227584024654403 0.006207419658025277 0.2980414360711857 0.30531634724910073 0.9911581962625432 0.02626932414633963 0.11973957434234611 5.8202955373697074E-5 0.017364136219425647 0.0029586502628854696 
2615.675303258867 3.233576063838662E-5 0.0014971485817361569 0.3056445298218945 0.30937671000973416 0.8247991264682087 0.04160829056862798 0.23887628794434684 6.022511438319089E-4 0.0014782135530907597 0.002688589726760573 
3305.6183339664212 3.641783662283899E-4 6.020127658024985E-4 0.29776696833268085 0.30722127330789306 0.15444979871853365 0.019025390020743178 0.38486378028299284 0.012788961494465824 0.006008551443828087 6.724417866614434E-4 
1523.6319839808002 2.1254956975059864E-4 0.0013279560173506217 0.3142498654488769 0.31518411393048545 0.5730254783255083 0.32547802899254175 0.22946069260375296 0.011923645064531113 0.05334495757949612 0.0012470894134597671 
6394.203653396063 4.25277490398007E-4 0.00102239285077581 0.30577995953944026 0.3089563945314414 0.08786487632601908 0.047545770211721315 0.19733703775913847 0.0022727523352996572 0.004963177511120909 0.0012070312235409068 
2167.5294565314775 4.4350594225625215E-5 0.0014979451995563266 0.30759926063948895 0.3110432859951712 0.06952159055373552 0.29407887794311116 0.17389287870000936 0.003898053092531162 0.00400780633729172 0.00764734137847735 
1062.632979142409 5.066562940719586E-4 0.0011033386970323899 0.2957106904315454 0.3081711084669253 0.6938686325871137 0.062131510103319715 0.22709489520995507 0.0014901812068068006 0.05116022391302559 0.0037674284021609727 
3174.1750783693683 2.9641063840078714E-5 0.0010390558425912868 0.18724457972140648 0.2979349706152547 0.9889469327633467 0.5701501516011486 0.7669453207307328 0.036896454048749666 0.0037038725142672256 8.750439068288328E-4 
5136.704158490174 2.902490335933029E-5 3.402811583422069E-4 0.29900842435196545 0.3049337332571178 0.514541728413941 0.012294363138148166 0.7564443728215882 6.628663495227568E-4 0.015225792509122229 0.006628288564466012 
2670.9153433152155 9.175253213995586E-5 2.3141059836061272E-4 0.2966355138388157 0.2982230189432871 0.44906464666996065 0.0447540213262001 0.20223092365443757 0.003907062116296989 0.005400782637339483 0.004025665873692838 
1798.3777443773374 2.902490335933029E-5 5.986086230393422E-4 0.29813895974502896 0.3049337332571178 0.41372098324616646 0.1728361397631777 0.15989279170567983 6.553383686439646E-4 0.001168080946853378 0.0017175263471965352 
3066.818339233454 7.001825663344275E-5 0.001034620919194603 0.30597094123369295 0.3091372727763514 0.12286546806793572 0.40944005308370207 0.1804681595297753 0.0022637933351064786 0.007611147830007929 7.364300530690878E-4 
2780.59814108243 9.173765690523429E-4 0.00131703945764951 0.3075816141331911 0.3114207877959809 0.041378126666870185 0.3774370536588027 0.12459644726808128 0.0055387769579301575 0.016495192284440303 0.0013791596437955462 
2275.807166757774 8.226028078790129E-5 0.0013287212617332594 0.29770529055227674 0.31291186835714413 0.18787182173293043 0.04803302967984681 0.33602027752663055 0.037925684535629695 0.007552902193309697 8.394708820333259E-4 
2114.9938275626 4.4350594225625215E-5 0.0014272382070999667 0.30548776387610777 0.31222180824828716 0.044573431025793975 0.2863726488588937 0.18565556600770558 0.013157663481370043 0.015451464016518764 0.0019745665905345215 
1168.9362278480887 2.0387504861378998E-4 4.370332618720541E-4 0.30735924932458947 0.31120378646843133 0.4449137884346087 0.02231297824217798 0.2225007239099028 0.0023491741825780845 0.01699208734386021 0.0014425329726375415 
3075.3316533600355 2.2432319507384262E-5 9.188943740226538E-4 0.2949331624645142 0.30968257292546464 0.9767298921319869 0.038957242651301904 0.15273275339564618 0.0018370274353932872 2.6568607064950166E-4 6.995858939067108E-4 
2832.389735996419 2.0878588587495195E-5 8.122177040076976E-4 0.30830830590970354 0.3112261128699146 0.29396763239497953 0.7301929320087857 0.3648421989845535 3.7490136032890253E-4 0.004377956432859824 0.003926076739298552 
1338.6431284832447 7.975680187468246E-5 8.008487628950174E-4 0.2890181462851689 0.3052207247705566 0.5795895258859325 0.04594797785321058 0.22946069260375296 0.012181001787074451 0.004943829330855798 0.0012470894134597671 
3042.3854583826164 1.1009570812525068E-4 0.002102893374356876 0.27523710922697314 0.3064582221282904 0.7768073109249292 0.02491783963135493 0.21008116217762202 0.013940946356731326 0.04067106437979104 6.52793382026408E-4 
6756.739841408593 2.83572690428005E-4 0.0021700874642786145 0.2981300181931883 0.31268487938997264 0.4179828757921151 0.042971154563823735 0.1861838875841053 0.0022270897519119284 0.20986085365195928 0.00202844157512402 
2612.3222775039358 4.5194334692070766E-4 6.117972534366676E-4 0.3049337332571178 0.30755542348738096 0.5093732181695677 0.012782232765713344 0.21491747264015526 7.967914035092809E-4 0.015378251015906817 0.0039135328201119635 
1541.4107997205065 2.4055737225013075E-5 4.6961799604463693E-4 0.2979638335278693 0.3049337332571178 0.3161246911605936 0.026358620662034316 0.22075368503622556 6.844318922828592E-4 0.015582686032409945 0.003873982554590316 
2751.814628319542 4.868430259336682E-4 0.0013949093790464567 0.30361814543787785 0.3095123855722969 0.700968485914251 0.02595445505506354 0.20469217214891122 0.001839062666601437 0.04813813058802364 0.004885262318226073 
2566.8568372612663 4.974799992963119E-4 0.0013949093790464567 0.30361814543787785 0.31076145732063526 0.26200348576619864 0.02595445505506354 0.20469217214891122 0.002363010326483122 0.007045338544748734 0.007550250040876452 
1181.8450639534515 1.3862278692703225E-4 0.001963088073774888 0.30375552360526387 0.3106848657587481 0.5300414549930685 0.31026852079234696 0.20972338215618075 0.006801893158278333 0.002587162066542553 0.001200031639530428 
1168.9362278480887 2.539213729029328E-4 0.001051602051696813 0.30735924932458947 0.30939184623850857 0.44087902953392955 0.0107732098630135 0.27001498665456836 0.002258892219016368 0.018479868497575838 0.0014425329726375415 
2612.3222775039358 2.902490335933029E-5 4.6961799604463693E-4 0.29865374659421 0.3049337332571178 0.514541728413941 0.012782232765713344 0.20413154062737426 6.553383686439646E-4 0.015582686032409945 0.0039135328201119635 
1219.1161484591978 2.8413652009468004E-4 2.985649281388261E-4 0.2745363473069681 0.3067328225039153 0.9672981186170138 0.045990967191691046 0.2566441502235084 0.002344720882193206 0.12506789021395667 0.006182122129364006 
2287.2733591099995 1.982012182362796E-4 0.002104359354117099 0.29657668723278346 0.297007387010429 0.590956393406369 0.5701053892749491 0.2040538640687099 0.010010074039839173 0.0036300678068378485 0.001967380514216781 
3381.9016178136017 5.5308897724119115E-5 9.615172850208767E-4 0.29646490063694386 0.3076569949105549 0.8775234185534052 0.3207079876015116 0.41155793673934465 0.006124300073746125 0.016708386670801743 6.154567699739686E-4 
2197.231562851474 2.7951002757377357E-4 0.002109164319911374 0.30411023740880067 0.3075078185310023 0.34608721906673334 0.05095196178646507 0.18143986850869923 0.011274221299288727 0.01555361107804979 0.0019256269210647446 
2612.3222775039358 2.902490335933029E-5 4.6961799604463693E-4 0.29865374659421 0.3049337332571178 0.5030784814639212 0.3155080053291164 0.13860023938950033 6.553383686439646E-4 0.015582686032409945 0.0039135328201119635 
2930.320224310359 2.1981262125558734E-4 2.920914944913171E-4 0.2978761055613345 0.31120547545224075 0.1966765306444821 0.006870546063624071 0.36117075785839753 0.007446433196559337 0.007552902193309697 0.002030804395903021 
2806.80410381583 2.7719845463452066E-4 2.9929934559538797E-4 0.2977218820921804 0.31122180005024824 0.3065947820269616 0.04534893040639497 0.3603479557050898 0.007405309454626952 0.006173617279877079 0.002302035668752159 
3157.160949516887 9.381553897222127E-5 0.0013588856667842368 0.30598064731935093 0.31055864554787416 0.8984673691612834 0.04527311197962817 0.2469869898568272 0.002440201396735277 0.014275860909152093 0.001057170551644132 
5450.010252482854 7.961926144503321E-5 0.0010190494093862904 0.30426185359255903 0.3057818341447387 0.4672279689030068 0.04553079632731909 0.04936642710544484 0.013663621772226261 0.11146802061696469 8.070078397058927E-4 
2097.5407648838013 7.249670655899157E-4 9.615172850208767E-4 0.29646490063694386 0.30511649087586523 0.8774828509857208 0.39299062228500675 0.41155793673934465 0.0060265190257234365 0.016862281837349974 6.154567699739686E-4 
5921.973501011273 2.471624530609283E-4 0.0013287689749378671 0.2719788294563203 0.30414952202957957 0.7322782011288219 0.3679959701249503 0.18922243243318904 0.002620215130026718 0.02328551501891294 0.001401715724992519 
3258.0366028455114 8.553894907705158E-4 9.286772868841559E-4 0.3075901210037556 0.3076184910499981 0.9889984825105774 0.9071367589499946 0.12039842010261029 2.7251036487570615E-4 0.03433848404168659 0.0012191025819750603 
2751.482009007043 2.234803818792013E-4 9.741944693971116E-4 0.2934458916087035 0.299591397619333 0.7113297692041445 0.02538798708809678 0.7640403555038118 0.0019716169869963395 0.01705574746331926 0.0013574326714988214 
2807.379270263457 1.2701002277990838E-4 0.0010377037178723038 0.2983472625108369 0.30150441875949163 0.7568966609093697 0.30232498056929125 0.28503342640867835 0.00213619229305418 0.004680951033359006 0.004499146285292291 
2383.8925677993293 4.063798303843443E-4 0.001354630842122836 0.26256770663749024 0.29837488610387947 0.7404435263311449 0.10930655333427741 0.23718264927768912 0.005731823823931747 0.21112295699107997 0.0011932672554218864 
1129.0935678890758 2.4193335982654283E-4 0.0017197064809463419 0.3109485673351065 0.3139548188050728 0.3714887321722676 0.28417115449327823 0.11545071577494143 0.00750637394530158 0.007664112844140923 7.429418707530378E-4 
1916.777336880903 1.3704417452094393E-5 0.0013302465580037484 0.3111563736970758 0.31486265370135774 0.8975493230308236 0.04591978806350033 0.1520810912595148 0.007567319566042896 0.00679521201793936 8.196879950857095E-4 
3209.892509025134 7.694987858955428E-5 0.0014428431519128125 0.29420085936649365 0.3078962748220217 0.7006727770602765 0.03854683219246459 0.21578214473483265 2.4378686345710656E-4 0.0010602151923204944 0.007892692826627454 
