-21.542 25712.193539320357 1.8020156046814044 0.24572718169818508 
-19.756 23276.968627149985 1.7689822294022617 0.26670029977591436 
-20.799 35547.28769980565 1.358470525756771 0.1347522354050733 
-9.293 30719.006139411405 0.9152276295133438 0.16271131289939253 
-21.602 32053.683595778915 1.5341120254844702 0.1855383379442448 
-19.442 23478.894213962427 1.7417617237008873 0.26704773515784835 
-8.93 29309.459675978473 0.9144241119483315 0.17179116193337968 
6.36 15826.710220284154 0.437765436131983 0.2818780000087613 
-21.637 30560.08918909985 1.587589236683141 0.20872882327837308 
-15.153 29921.040297633423 1.279340937896071 0.21909621717528435 
-5.817 20279.71898889587 0.9892710634269487 0.2574439808836134 
-23.552 34924.86121162761 1.5754054054054056 0.16824429485096665 
3.764 16272.634504201347 0.5591012699446435 0.2777267291397541 
-13.236 32219.138317380297 1.0833773087071241 0.1555516528074629 
1.301 27663.66871551656 0.4889064976228209 0.17379290263819425 
-21.318 29412.573786039877 1.625068719076416 0.22608350654024817 
-22.67 34455.077565188076 1.4884277733439746 0.1598618641894541 
-21.447 33847.17428765982 1.4804884523493498 0.17750644800451568 
-3.917 20128.02544775499 0.8317195325542571 0.23179753298095662 
-7.896 30043.73847981701 0.8980686695278972 0.18161470623650217 
-18.866 26341.378568206073 1.6204162537165512 0.2293144572475324 
-20.544 24723.88058209573 1.7565935811884332 0.26051029870395 
-16.417 24624.043964803477 1.5158424637252002 0.2577789291353411 
-15.655 28917.14785038647 1.347371244635193 0.2162099541783328 
-12.03 19946.99735332391 1.4350609756097559 0.3173517834854452 
-21.251 33760.18810731101 1.4659150498164657 0.17921622008902918 
-19.622 25996.228546145667 1.6935897435897436 0.25119834582846523 
-6.717 22862.045654824036 0.9380785189913821 0.22398471908932455 
-17.034 24254.06925247505 1.5993771234428085 0.28686590071863 
3.595 15730.68987509569 0.6237146529562982 0.30206045924816577 
-16.439 20435.74631793073 1.7190755208333333 0.30433770227768786 
-19.304 24859.611973106825 1.6815952925792743 0.24158343905777968 
-21.004 33653.82518410734 1.4568607068607071 0.18460645739058507 
7.401 14546.328810259274 0.45918367346938777 0.30982373624972165 
-13.298 19369.284711778615 1.5452003727865797 0.32548618898150866 
-5.817 17327.74776188494 1.1415554832411323 0.30301937469881235 
-7.472 26757.146640836607 0.9547535685429573 0.21086489278521064 
-13.276 31172.757517149883 1.1217549325025962 0.1766847048114638 
-20.031 27182.154224682115 1.633615477629988 0.23952136033737026 
-19.731 23808.582338932665 1.7470151661826396 0.25296683551016497 
-14.488 28517.86999973604 1.3106637649619153 0.236155700127589 
-17.633 23914.048523727182 1.6429024081115338 0.2778138063291543 
-22.199 32940.083582128296 1.5470852017937218 0.1846367230767171 
-17.716 31046.903352423233 1.3801139306059036 0.21180374726926526 
-12.102 29717.402468490935 1.108677571388966 0.18631312856458557 
1.482 26865.929351485895 0.4594594594594595 0.17453610949682935 
3.282 23571.592192410644 0.39490632318501173 0.19383659702656486 
-1.451 17720.120305857265 0.834549071618037 0.2789590762322317 
-19.9 36147.95832947204 1.3313029661016946 0.1454366813018023 
-7.015 21370.588014978082 1.0028364323983612 0.23785808366904354 
-5.395 20559.055007719795 0.9114219114219114 0.23173233776065946 
-19.181 27578.13621142614 1.540564635958395 0.22355838216732782 
1.873 16785.40519669402 0.6838521400778209 0.29359047736941335 
-17.348 20815.45013978977 1.7469955724225175 0.301051930917318 
7.195 14745.97483308736 0.4661851608667104 0.30860968452817583 
-10.883 24957.449395144726 1.100126342387871 0.20770461348611327 
-15.565 30460.892472106854 1.2417986425339362 0.17671954648254112 
0.534 17220.959131998825 0.7603383458646616 0.29328897170400914 
-21.466 34243.107354838314 1.4772428308339909 0.17183708621452456 
3.654 15078.069204759655 0.6140928547909121 0.29481895096012006 
-14.0 18931.29313664298 1.5954911433172303 0.3090110880112931 
0.796 18792.389993306755 0.6236933797909406 0.25280999518135583 
-17.81 30806.811729856712 1.4074567243675102 0.21111807942016217 
-22.268 33049.992433654064 1.5457662885782113 0.18307522034347767 
4.253 19113.500415038925 0.40402075226977946 0.2367450905665219 
-13.702 23118.211587752656 1.3855218855218854 0.23397286199650166 
3.145 23688.155750809317 0.39466744799296816 0.1925857411102029 
0.574 21246.48015918991 0.5705009276437848 0.22166556704416798 
-19.605 33204.01936373213 1.3365122615803815 0.14151849445172004 
0.345 17598.85818323813 0.7478070175438596 0.2850959356221419 
-16.603 21110.52861269402 1.693857965451056 0.298140270594285 
-7.566 28041.069606167017 0.8950290851401376 0.19592246248750025 
1.073 27368.15389047152 0.4139549436795995 0.18019081198929965 
-20.692 27000.831834054457 1.7664111962679108 0.24508800993242774 
-20.939 33550.50783852332 1.4583983359334376 0.1856739652515062 
6.665 15428.979930037685 0.4555771725032426 0.29643995861883643 
-10.321 31809.47870713854 0.9462832338578405 0.1585954902329588 
-1.816 26559.25183581625 0.6710597095212479 0.21396422451147143 
-18.834 27779.08645497966 1.5055040556199306 0.2293223959229269 
-25.928 39497.262658704465 1.7561191388970803 0.1858402382593635 
-7.109 18476.116393115575 1.1595052083333333 0.2867686391783249 
7.274 14372.234193668555 0.4702953866578161 0.3120337033386401 
-19.298 32730.722886510677 1.3345166575641727 0.14751078780752586 
-1.976 18162.179618180067 0.8122695273214885 0.26129383548254237 
-20.644 34099.15471981607 1.4401091405184177 0.16291674106872192 
-20.866 33420.997960066976 1.4596983879355176 0.1876192086234255 
-21.107 32622.83450726686 1.5 0.18991569841544625 
-5.95 29816.098496368242 0.7520906393309955 0.1652245111081537 
5.265 16023.368164152447 0.4619765494137353 0.27250816161945207 
-22.924 36494.55690634033 1.4857984994640945 0.14891131878373415 
-15.159 28683.2054454636 1.332889835018627 0.22245963899792534 
-6.394 29036.562988932666 0.805709534368071 0.17099815198197205 
5.315 15924.286946565617 0.5172087148721188 0.2957227300158916 
3.902 18310.26640365 0.4638494552657643 0.2495494244949739 
-17.452 22454.04796827768 1.6429014259144452 0.2682990180929035 
-18.023 24404.31349680264 1.6540000000000001 0.25426674760384316 
-4.65 29588.78338900194 0.7540163286805374 0.1857991851206165 
-1.047 17436.90288258514 0.8398324202384789 0.29518220648386395 
-25.717 37216.11551582319 1.5671800318640468 0.13012165032714956 
-25.764 39155.07535107414 1.7581505631298162 0.18715215227221155 
-17.455 20672.56371459464 1.7496831432192648 0.2970501812502915 
-7.99 30201.0091548649 0.8980960042906945 0.18233651397050607 
3.501 15587.72300460222 0.63936 0.3067974745196911 
-0.479 21495.519019129242 0.5777479892761394 0.20975870008652067 
-19.576 31919.345001568465 1.4719515406900185 0.2168247056995682 
-15.082 22226.044074194004 1.5047241694605304 0.2803341408210776 
3.735 16148.892795469537 0.5879381117777077 0.291856590038271 
7.464 14909.705649013757 0.4492523067133313 0.30836705717849916 
-3.308 18635.339589746298 0.9405700424499696 0.2943896800840158 
-18.568 28411.01803857187 1.4773499433748585 0.22631816454326786 
0.608 20950.6375484074 0.5712948517940718 0.22366409680402993 
-18.954 22078.524928902796 1.775767366720517 0.28181041942923524 
-0.022 19812.503784777964 0.5872112487445598 0.21901673712893865 
-17.888 21856.84289523849 1.7212759368225456 0.3037336047925337 
-19.716 32515.943997791495 1.4660598179453836 0.21344355595220144 
-16.732 19665.273583431786 1.7323057565272098 0.3155537134845331 
-4.467 24006.640790469057 0.776496259351621 0.21573102239273467 
-20.647 31285.105534429942 1.5168927906358074 0.20260221160896402 
-9.938 26114.760690581374 1.0731635071090049 0.21190119439791685 
-19.242 25837.406834973535 1.6461277557942342 0.27258888925168906 
-7.744 28814.228704357847 0.9115992499330298 0.18309460385284157 
-16.637 30920.834121247484 1.3079999999999998 0.18829319116483745 
-19.729 24514.325195653746 1.7242482405630202 0.25213574761335383 
2.414 16917.786856634033 0.6066115702479339 0.2708805005786592 
4.446 15290.239498096316 0.5981976382846489 0.308959814434956 
1.618 25143.705130420487 0.4229877442861875 0.2009150608553811 
-4.895 25259.677921831382 0.7887855897733875 0.20444278848241404 
-7.249 25519.72407252891 0.8866980576809889 0.19899045101178112 
1.518 25376.230885633537 0.3830227743271221 0.15775440986821485 
8.509 13836.253725503568 0.4768401015228427 0.3377765031330953 
-18.726 23023.49373722578 1.7325769854132902 0.27161654081762787 
-8.035 33953.135501018085 0.8447966507177034 0.1735061245221164 
-12.206 31664.559234064305 1.0777338603425564 0.18368731249025574 
-14.924 28138.985803435527 1.324279379157428 0.22503601995710612 
-16.494 24134.06925247505 1.5724801812004532 0.2867286856438205 
5.258 16415.79888370407 0.4613368283093054 0.27316630848285517 
-9.957 31481.995266030513 0.946601941747573 0.16472341764701595 
-4.863 19527.856921736664 0.9737324373854613 0.275103011518558 
6.351 14041.276499708767 0.6207620762076207 0.3610717949771956 
-5.412 32823.195444580524 0.7480199471985919 0.19558434926391705 
5.283 16610.328919388056 0.4527687296416938 0.2683234530448162 
-6.377 22673.654403455013 0.9244260204081634 0.22607897447483105 
-15.576 28268.226120403895 1.3564301552106433 0.2255863002399969 
4.55 18042.97420750452 0.43558282208588955 0.25066501728862295 
-2.08 21669.060573496605 0.7022593624264932 0.22555179588745192 
7.718 14203.384697794489 0.49093264248704666 0.33069512800142276 
-15.75 29146.939680602605 1.3508724100327154 0.22376967820868873 
-5.226 32400.491719336173 0.7473498233215549 0.19968839677530412 
2.149 17057.72746670459 0.6019966722129784 0.2656490185484533 
0.275 17889.693168136957 0.7452566096423018 0.2827280861398522 
