-14.047 6403.573808793139 1.2701923076923076 
-4.862 4450.785776487247 0.6259615384615385 
-14.046 6403.573808793139 1.2697115384615385 
-14.047 6403.573808793139 1.2701923076923076 
-3.035 4199.023736685387 0.6610576923076923 
-2.902 4246.766707855425 0.6600961538461538 
-9.193 5310.608348202368 0.9115384615384615 
-13.576 6291.608348202368 1.2341346153846153 
-10.716 5640.637067091709 1.020673076923077 
-9.434 5360.608348202368 0.9283653846153846 
-11.899 5906.842552030175 1.1081730769230769 
-11.002 5704.573808793138 1.041346153846154 
-13.725 6334.583633002047 1.2475961538461537 
-3.986 4383.1642449256715 0.7134615384615385 
-4.386 4389.52637822663 0.6350961538461538 
-12.289 5996.773473211717 1.1370192307692308 
-13.455 6264.573808793139 1.2245192307692307 
-7.59 4979.734629609156 0.8019230769230768 
-12.873 6129.551145614037 1.1807692307692308 
-9.986 5480.59647197224 0.9677884615384614 
-7.008 4864.65367456057 0.7620192307692307 
-3.562 4273.838788550797 0.6480769230769231 
-11.649 5851.97422691145 1.089903846153846 
-10.187 5523.631011381469 0.9822115384615384 
-13.78 6361.401630294027 1.2572115384615383 
-8.575 5179.505157020081 0.8682692307692309 
-5.65 4601.573808793138 0.6735576923076922 
-12.03 5935.527820199182 1.1173076923076923 
-6.887 4840.591078497753 0.7543269230769231 
-9.69 5416.648281086083 0.9466346153846152 
-7.146 4890.665123745296 0.7711538461538461 
-6.761 4816.945743212462 0.7466346153846153 
-11.734 5869.631011381469 1.095673076923077 
-12.697 6091.75166412342 1.1682692307692308 
-6.444 4754.699000918772 0.725 
-13.321 6234.59647197224 1.214423076923077 
-13.142 6192.613079441101 1.2009615384615384 
-9.476 5393.354251914605 0.9461538461538461 
-7.973 5056.682393449911 0.8269230769230769 
-11.394 5818.182408959263 1.0831730769230767 
-11.22 5753.637067091709 1.0576923076923077 
-6.345 4736.86587744503 0.7192307692307691 
-4.983 4486.691638628856 0.6447115384615384 
-6.206 4734.5629696570795 0.7403846153846154 
-7.878 5038.705483674414 0.8206730769230769 
-12.174 5968.619797387093 1.1278846153846154 
-3.941 4329.246795853534 0.645673076923077 
-3.763 4317.445525641884 0.65625 
-9.475 5375.657443059239 0.9350961538461537 
-12.581 6062.665123745295 1.158653846153846 
-10.381 5567.573808793138 0.9961538461538461 
-9.799 5440.527820199182 0.9543269230769231 
-7.29 4920.591078497753 0.7807692307692307 
-11.103 5728.860483970543 1.0495192307692307 
-8.811 5230.809101902101 0.8855769230769232 
-7.447 4950.59647197224 0.7913461538461538 
-9.007 5273.50492182973 0.8985576923076923 
-4.539 4407.024929596512 0.6298076923076923 
-6.052 4680.57423583854 0.7 
-7.447 4950.59647197224 0.7913461538461538 
-8.903 5249.505157020081 0.8908653846153847 
-3.25 4262.672755478405 0.6663461538461539 
-6.55 4775.59647197224 0.7322115384615384 
-13.011 6161.551145614037 1.1913461538461538 
-6.63 4806.769260520018 0.7524038461538461 
-9.92 5471.379686368796 0.9644230769230768 
-5.183 4511.8205510868265 0.6456730769230768 
-10.477 5587.573808793138 1.0028846153846154 
-13.193 6202.573808793139 1.2048076923076922 
-13.276 6222.613079441101 1.2110576923076921 
-4.623 4434.274904694208 0.6485576923076923 
-11.391 5792.8997546185055 1.0706730769230768 
-13.95 6380.59647197224 1.2620192307692306 
-7.215 4905.573808793138 0.7754807692307691 
-10.586 5612.614168722255 1.0115384615384617 
-10.693 5637.928900553248 1.0197115384615385 
-12.487 6041.551145614037 1.1514423076923077 
-8.304 5124.573808793138 0.8495192307692309 
-8.719 5209.682393449911 0.8778846153846154 
-6.179 4703.733540328001 0.708173076923077 
-7.672 5008.948976016469 0.8173076923076923 
-5.757 4623.648708131484 0.6817307692307691 
-5.406 4554.619797387093 0.6586538461538461 
-11.283 5769.945743212462 1.0629807692307691 
-12.434 6028.631011381469 1.1475961538461537 
-5.867 4642.636404855955 0.6874999999999999 
-7.682 5025.326497444987 0.8115384615384614 
-6.098 4692.778330991541 0.7081730769230768 
-10.563 5608.808012620946 1.0100961538461537 
-8.719 5209.682393449911 0.8778846153846154 
-5.009 4495.778849538576 0.6567307692307692 
-8.246 5111.619797387093 0.8451923076923076 
-9.787 5436.619797387093 0.9533653846153847 
-8.34 5136.606296181148 0.85625 
-5.982 4665.636404855955 0.6951923076923077 
-4.875 4452.97422691145 0.6269230769230768 
-8.069 5085.077309444476 0.8399038461538461 
-13.976 6386.573808793139 1.2644230769230766 
-8.016 5094.708631487477 0.8346153846153845 
-5.285 4531.682393449911 0.6509615384615385 
