14999.843581196585 1.28002637272782E-4 2.6948181163067885E-5 1.1333665420450872E-5 0.9983929463856435 
5328.010316129156 0.0036553552942894542 4.127986429047145E-5 3.965595736121293E-5 0.8414230308406054 
14999.452700175229 1.0071851590750482E-4 3.965317750414E-5 1.484757504662722E-5 0.8772353566421044 
14999.843581196585 1.269447951043934E-4 2.6948181163067885E-5 4.754798135707397E-5 0.9536365522923473 
5331.147725147229 0.5338982074810283 1.172827453346101E-4 2.781444576005816E-5 0.7898576448756327 
5331.658910470266 0.5338982074810283 0.024137461187356966 1.1216958194587259E-5 0.7813844488306132 
9881.682055050023 9.182032501107889E-4 2.4192885489046428E-5 4.860755411135514E-5 0.9619815028293057 
14506.661427336827 8.556335326211813E-4 2.697452542072771E-5 4.915743046962218E-5 0.9253954707095884 
11487.399396938757 5.835933278710016E-4 1.84137623631459E-5 3.85241491739689E-5 0.9988555807845586 
10136.30812237177 9.182032501107889E-4 2.4096600448356795E-5 1.173451738087693E-5 0.9682350496883155 
12749.921181371774 0.0023081255388729916 1.8361235654821814E-5 4.1097576705628974E-5 0.6757676037575393 
11787.456127454718 6.273248307840954E-5 1.8361235654821814E-5 4.117168820418526E-5 0.6731154126325851 
14743.504176546186 0.01617211486481243 5.0885080011450825E-6 1.5190475128171E-5 0.9108653238111644 
6346.828933132929 0.5338982074810283 1.4391174602701478E-4 1.1216958194587259E-5 0.7813844488306132 
5397.248168150278 0.1186750720761661 1.734939996459085E-5 9.199263418220153E-6 0.8511980055856883 
13153.200393977297 0.0013983250351560772 1.0965087970583923E-5 3.539597823052753E-5 0.7792287027384442 
14375.309582230366 1.269447951043934E-4 2.6948181163067885E-5 1.2232896283811994E-5 0.9536365522923473 
8202.23367996038 0.0022579006978671076 2.358365085678778E-5 9.634025641653419E-6 0.675128370978181 
13762.281189567531 1.7419337354416202E-4 4.823184891713874E-5 4.807288313506349E-5 0.9183552959544813 
10714.976362219773 6.992887024874473E-5 6.491819778342136E-6 4.725853514355203E-5 0.9766110552736951 
7576.4906725869905 5.893493667367636E-4 2.0975308629457123E-5 2.8321760611641174E-5 0.7650501781797263 
5343.458736011732 0.2943774993584092 3.9091036976758124E-5 8.299216099138607E-6 0.7171826028249791 
12494.594794723584 0.004227406859649497 4.000592589242669E-5 8.376848101728547E-6 0.7906647425599446 
10929.609212178057 8.509823577169187E-4 6.491819778342136E-6 4.847404470849317E-5 0.9766110552736951 
14958.50788609007 0.04418929586232512 2.697452542072771E-5 4.915743046962218E-5 0.8434664633644896 
9225.687156355689 1.2667838389265814E-4 1.904564742402321E-5 5.545903043285907E-5 0.7724072263785916 
6139.160902167332 1.2672546381428158E-4 2.6742298368521007E-5 9.324493711118321E-6 0.9188453181779519 
12872.171847433096 6.69463369833887E-5 4.032850855592018E-5 4.0604878772256683E-5 0.8434380521227273 
7447.053685130841 5.120011821829196E-4 2.039476314217648E-5 4.4229575901437385E-6 0.9208623243867712 
10407.66079187965 5.81389638184991E-4 1.8289057417103292E-5 2.3467128354954914E-6 0.45324417930150696 
7716.6458830484235 9.65827030875534E-6 3.705528074646683E-6 1.0676595464135754E-5 0.8066039196352461 
7331.463932056248 0.003444039732490683 2.101679159053564E-5 3.038768092140025E-6 0.8159132992365016 
12562.742694216126 8.430463101202568E-4 1.5292203084034217E-5 3.721472982796012E-5 0.9619815028293057 
13601.351310626551 0.002743763458060337 9.337332237101248E-5 5.0486621690304404E-5 0.5367614142181082 
6979.046906829591 5.993840704378692E-4 6.568826842118508E-6 6.374929093876382E-6 0.9179453125604953 
14234.412557075288 6.118206117479961E-5 7.006254523905099E-5 4.787595929953615E-6 0.9048881986589318 
14045.73820674319 1.7365314930720732E-4 3.435879673311057E-5 5.154341696839997E-5 0.7462218459326516 
10496.71918499933 0.07110446292327187 1.9430248065150214E-5 7.75945284180808E-6 0.9997266724790765 
8592.168961344078 3.8181345105521396E-4 3.741764967593112E-6 3.273408780017069E-5 0.8985894937572657 
12518.216648995007 0.045262963459863796 6.94466921679697E-5 2.8321760611641174E-5 0.6444088115678966 
12018.726415904757 5.721878647963059E-4 1.9088159763059875E-5 4.799206722925719E-5 0.9863425175503321 
6889.121931966947 0.0024325167899095935 2.3162562251249898E-5 9.634025641653419E-6 0.6822475260257128 
5639.64703312583 0.0386184490816357 6.424182940354871E-6 2.776257389864134E-4 0.8769626225505254 
7241.923371298587 0.09633256185119413 6.233763456751115E-5 3.965595736121293E-5 0.8061716005496964 
8500.22209777459 0.0018400410747530386 4.8188191323297564E-5 3.5278435591915534E-5 0.9184598318891398 
13023.64408497457 1.7313415710238072E-4 1.724924241657111E-5 1.1797901257745223E-5 0.9609492314076182 
5427.363736393036 0.28468798356635927 2.678478765171648E-5 4.847404470849317E-5 0.9766110552736951 
5526.2432812154575 0.3009932758748569 0.0024093141312126402 4.85431533665687E-6 0.7688277163764315 
10264.053124331987 0.01718968645184163 4.8188191323297564E-5 3.5278435591915534E-5 0.9184598318891398 
13453.22793977192 2.714980443835937E-5 2.55840361660638E-5 1.0214885577360683E-5 0.9117986673886745 
11131.980494310948 1.502391518878026E-4 2.028877606902562E-5 4.804941123798032E-6 0.940943170515865 
10517.917892386387 4.298170494157006E-5 7.88812045848163E-5 5.0486621690304404E-5 0.9666327519561279 
7872.250903045299 3.83351540332804E-4 1.7256393789782187E-5 3.836370031866042E-5 0.7603808280295968 
11911.822807459223 0.0036977680240607652 2.0297481267888865E-5 8.94388802517267E-6 0.9099748346200944 
9495.696758589596 0.0036977680240607652 2.064807571666484E-5 8.692746736555112E-6 0.8179792924253763 
8035.437732650848 3.388630567358053E-5 1.7756888958788418E-5 2.8274544210040395E-5 0.9432509557438327 
9690.070670595576 0.0013186783873513604 8.30950995846555E-6 3.195043176711552E-4 0.8748963806871543 
5345.744384360361 0.07285451762219433 1.9176812216947264E-5 3.7496694554941306E-5 0.8565120739658684 
6572.495595629232 0.0013771335572261498 6.233763456751115E-5 3.965595736121293E-5 0.7835567217281613 
8035.437732650848 3.388630567358053E-5 1.7756888958788418E-5 2.7816485914014178E-5 0.9517492175059101 
9573.241540398054 9.786617581809029E-5 8.21140201098697E-5 3.34338984133607E-5 0.8359312414301884 
5508.834382905112 0.5577032508743838 0.01202344099031331 3.09453372632072E-4 0.906210841859936 
7088.670862397929 3.388630567358053E-5 1.7756888958788418E-5 2.832737054880267E-5 0.9517492175059101 
13908.32225537954 1.7387565744189388E-4 7.096062171318041E-5 4.482666109982687E-6 0.9100372183386942 
7445.405796860765 0.046934841427662716 1.7622565082267317E-5 2.0620040125673277E-5 0.787744573752763 
10675.396367544115 0.0024927603104772074 8.30950995846555E-6 3.180271495199213E-4 0.45552830584765525 
5663.7048907518665 0.0036553552942894542 1.4918721010141774E-5 9.272382103154536E-6 0.9801785192242903 
11232.924529424086 1.2672546381428158E-4 2.5510557873957897E-5 9.324493711118321E-6 0.9099828086600545 
14098.706927897201 1.1432786829921275E-4 4.910462046895056E-5 1.2562068475021666E-5 0.7456869162984543 
14187.515908529793 1.7419337354416202E-4 4.910462046895056E-5 4.0778922700792855E-5 0.7456869162984543 
5632.841738282888 0.10733319316383258 1.93998255059878E-5 9.202608522928168E-6 0.7906647425599446 
12216.716737639266 0.0037154780085572256 3.318337868611347E-5 1.3200965811272231E-5 0.8910813166359584 
14897.83567238829 3.209746581237332E-5 2.6823865465858038E-5 8.318860835992267E-6 0.7054728389553373 
7790.86028925195 1.2821340405640716E-4 2.6789805823038976E-5 5.1635889918886266E-5 0.9781013586001535 
11357.622560122385 0.0020733427994029598 4.131975447894694E-6 1.5200894305231392E-4 0.9863425175503321 
11487.399396938757 0.005457747547801015 1.7704640219877586E-5 3.85241491739689E-5 0.9988555807845586 
13353.554074857242 1.7419337354416202E-4 1.3916854383148289E-5 4.807288313506349E-5 0.9188553013139199 
8939.98770344651 1.2667838389265814E-4 1.904102949642327E-5 4.389763749385114E-5 0.7724072263785916 
9378.59878579328 3.8181345105521396E-4 3.741764967593112E-6 3.273408780017069E-5 0.8985894937572657 
6704.299636688718 0.0011264536311388854 2.468658138624476E-6 2.8321760611641174E-5 0.783776503338507 
8473.762713179345 0.03973604428175923 5.002622618090633E-6 1.6789876156940078E-5 0.9112536373250664 
6266.381007794642 0.002293134753628673 3.115068182525635E-6 1.5091264647668074E-4 0.7911833955431482 
5881.672111659106 1.3781682174910647E-4 1.8376666581064056E-5 1.1066591289899386E-5 0.7927286137143479 
12102.900558115061 0.0036977680240607652 7.0006173443855226E-6 8.94388802517267E-6 0.87795580044041 
13302.405806860856 5.921474745924155E-4 1.8389287899425067E-5 4.032987336664157E-5 0.6757676037575393 
6369.886314267038 2.9344884966784116E-4 1.863403631603038E-5 3.0445254418698054E-5 0.7892341657222048 
8352.157278518705 1.6268260552341048E-4 0.007535158463045841 3.853650650967483E-5 0.9979316017564369 
6713.914332732011 0.016982877423853404 1.942991607294308E-5 3.2528416054919084E-5 0.7835770338966346 
11335.565557868445 0.0021829466939558262 1.9088159763059875E-5 3.76718742396815E-5 0.8397316089865997 
9378.59878579328 3.8181345105521396E-4 3.6742939085228743E-6 1.815334319797749E-5 0.8985691451341312 
5825.183752591881 0.07285451762219433 1.9176812216947264E-5 3.875162812807005E-5 0.8981292759096975 
8878.622452431862 1.6268260552341048E-4 2.0770214768089285E-5 3.785408017690374E-5 0.9870118794231277 
10504.954765295828 1.6893996634616043E-4 2.9172429887407614E-5 5.379186608177898E-6 0.881427598877258 
9061.165359182203 0.01334956993576386 2.9664346511824936E-5 1.609297926498426E-5 0.7555879108766643 
6490.700952463365 2.9344884966784116E-4 1.863403631603038E-5 3.0445254418698054E-5 0.7898032250745378 
5345.744384360361 0.004567988162785808 1.7702744408575927E-5 9.41798552042121E-6 0.8565120739658684 
8824.998328347194 0.026344401905160828 2.3068799585364354E-5 4.897698046612406E-5 0.9253954707095884 
14925.019759183871 1.3992132219890297E-4 2.4812679124753855E-5 1.0997012333056293E-5 0.9892328252467959 
8711.477040834692 1.6268260552341048E-4 0.00826524803458039 3.853650650967483E-5 0.9961771870546423 
5754.876937112996 3.502127235028205E-4 1.9221043600734976E-5 1.0486860484458992E-5 0.8535725559020244 
