-0.221 3441.0 
-0.459 4022.0 
0.332 3032.0 
-0.563 5737.0 
0.003 3235.0 
-0.403 3792.0 
-0.453 3979.0 
-0.435 3915.0 
-0.523 4542.0 
-0.502 4310.0 
-0.382 3718.0 
-0.022 3263.0 
-0.518 4473.0 
-0.507 4358.0 
-0.471 4083.0 
0.088 3181.0 
0.192 3120.0 
0.28 3075.0 
-0.356 3640.0 
-0.315 3551.0 
-0.479 4126.0 
-0.529 4627.0 
-0.482 4153.0 
-0.397 3777.0 
-0.558 5469.0 
-0.213 3417.0 
-0.244 3461.0 
-0.411 3807.0 
-0.534 4704.0 
-0.542 4849.0 
-0.432 3895.0 
-0.554 5236.0 
-0.138 3344.0 
-0.555 5361.0 
-0.566 6042.0 
-0.109 3322.0 
-0.548 5006.0 
0.141 3165.0 
0.423 2972.0 
-0.546 4958.0 
-0.491 4234.0 
-0.416 3833.0 
-0.51 4390.0 
-0.427 3863.0 
-0.536 4735.0 
0.507 2918.0 
-0.513 4418.0 
0.152 3145.0 
-0.395 3752.0 
-0.552 5145.0 
-0.338 3594.0 
-0.301 3523.0 
-0.531 4645.0 
-0.489 4200.0 
-0.448 3957.0 
0.305 3048.0 
-0.499 4278.0 
-0.084 3298.0 
0.381 3003.0 
-0.375 3691.0 
-0.455 3998.0 
-0.444 3936.0 
-0.54 4819.0 
-0.543 4881.0 
-0.179 3375.0 
-0.521 4522.0 
0.467 2947.0 
-0.524 4564.0 
-0.564 5839.0 
-0.327 3577.0 
-0.35 3619.0 
-0.485 4169.0 
-0.565 5882.0 
-0.269 3500.0 
-0.465 4042.0 
0.233 3102.0 
-0.545 4918.0 
-0.468 4062.0 
-0.256 3477.0 
-0.539 4789.0 
-0.368 3667.0 
-0.562 5651.0 
-0.52 4499.0 
0.544 2888.0 
-0.204 3397.0 
-0.505 4333.0 
-0.516 4449.0 
-0.526 4580.0 
-0.561 5596.0 
-0.56 5528.0 
0.04 3216.0 
-0.528 4601.0 
-0.538 4762.0 
0.612 2844.0 
-0.549 5048.0 
-0.476 4104.0 
0.591 2866.0 
-0.533 4675.0 
-0.551 5115.0 
-0.55 5078.0 
