-0.478 4133.0 
-0.417 3832.0 
-0.413 3813.0 
-0.085 3289.0 
-0.321 3558.0 
-0.521 4531.0 
-0.397 3763.0 
0.362 3011.0 
-0.538 4757.0 
-0.449 3966.0 
-0.424 3859.0 
-0.253 3453.0 
-0.5 4295.0 
-0.006 3243.0 
0.013 3220.0 
-0.511 4399.0 
-0.551 5100.0 
-0.483 4161.0 
-0.542 4849.0 
-0.527 4594.0 
-0.467 4059.0 
-0.565 5844.0 
0.395 2987.0 
-0.564 5805.0 
-0.061 3269.0 
0.461 2941.0 
-0.525 4574.0 
-0.455 3989.0 
-0.561 5588.0 
-0.392 3742.0 
-0.515 4442.0 
-0.108 3315.0 
-0.49 4215.0 
-0.545 4915.0 
-0.403 3781.0 
-0.269 3475.0 
-0.434 3910.0 
-0.364 3656.0 
-0.543 4889.0 
-0.448 3951.0 
-0.533 4694.0 
-0.493 4242.0 
0.097 3171.0 
-0.379 3703.0 
-0.332 3585.0 
-0.503 4320.0 
-0.346 3610.0 
0.054 3200.0 
0.421 2965.0 
0.14 3142.0 
-0.556 5344.0 
0.495 2918.0 
-0.54 4805.0 
-0.497 4269.0 
-0.226 3429.0 
-0.212 3406.0 
-0.552 5142.0 
-0.532 4658.0 
-0.476 4113.0 
0.282 3062.0 
-0.463 4029.0 
-0.562 5645.0 
-0.168 3365.0 
-0.541 4823.0 
-0.195 3388.0 
-0.529 4615.0 
-0.432 3885.0 
-0.298 3521.0 
-0.374 3683.0 
-0.558 5418.0 
-0.554 5223.0 
-0.548 5006.0 
-0.52 4494.0 
-0.536 4722.0 
0.191 3120.0 
-0.286 3497.0 
-0.459 4010.0 
0.323 3036.0 
-0.546 4943.0 
-0.55 5072.0 
-0.355 3635.0 
-0.559 5469.0 
-0.539 4787.0 
-0.549 5044.0 
-0.473 4092.0 
-0.517 4467.0 
-0.506 4344.0 
-0.547 4976.0 
-0.387 3725.0 
-0.557 5372.0 
0.248 3091.0 
-0.553 5198.0 
-0.563 5719.0 
-0.443 3928.0 
-0.513 4417.0 
-0.488 4189.0 
-0.141 3341.0 
-0.509 4375.0 
-0.56 5521.0 
-0.555 5307.0 
