-0.528 4604.0 
-0.385 3732.0 
0.152 3156.0 
-0.545 4932.0 
-0.475 4101.0 
0.081 3176.0 
-0.553 5199.0 
-0.551 5131.0 
-0.518 4490.0 
-0.525 4580.0 
0.052 3232.0 
-0.44 3915.0 
-0.138 3328.0 
-0.38 3705.0 
-0.028 3257.0 
-0.497 4268.0 
-0.414 3817.0 
-0.267 3486.0 
-0.42 3840.0 
-0.517 4465.0 
0.251 3072.0 
-0.476 4121.0 
-0.522 4524.0 
-0.562 5660.0 
0.434 2960.0 
-0.509 4383.0 
-0.529 4624.0 
-0.486 4188.0 
0.054 3202.0 
-0.396 3757.0 
-0.371 3680.0 
-0.151 3347.0 
-0.546 4956.0 
-0.514 4446.0 
-0.364 3662.0 
0.351 3026.0 
0.153 3136.0 
-0.547 4985.0 
-0.184 3377.0 
-0.513 4429.0 
-0.208 3402.0 
-0.549 5039.0 
-0.503 4326.0 
-0.56 5509.0 
-0.5 4290.0 
-0.483 4167.0 
-0.501 4309.0 
-0.554 5249.0 
-0.49 4205.0 
-0.558 5405.0 
-0.333 3587.0 
-0.452 3976.0 
-0.463 4027.0 
-0.543 4898.0 
-0.446 3947.0 
-0.537 4747.0 
-0.426 3862.0 
-0.481 4141.0 
0.59 2868.0 
-0.538 4776.0 
-0.542 4874.0 
-0.358 3645.0 
-0.512 4409.0 
-0.535 4707.0 
-0.531 4648.0 
0.48 2930.0 
-0.524 4558.0 
-0.405 3785.0 
-0.434 3886.0 
0.221 3096.0 
-0.492 4222.0 
-0.073 3279.0 
0.202 3116.0 
-0.559 5476.0 
-0.472 4078.0 
-0.458 3998.0 
-0.342 3604.0 
-0.313 3544.0 
0.285 3056.0 
-0.541 4830.0 
-0.563 5718.0 
-0.533 4676.0 
-0.552 5155.0 
0.532 2898.0 
-0.548 5018.0 
-0.561 5587.0 
-0.557 5359.0 
0.383 2998.0 
-0.326 3567.0 
-0.564 5792.0 
-0.468 4056.0 
-0.351 3626.0 
-0.495 4245.0 
-0.246 3449.0 
-0.1 3302.0 
-0.228 3426.0 
-0.298 3525.0 
-0.507 4356.0 
-0.556 5321.0 
-0.54 4804.0 
