22.401956033462824 0.5045517697591392 717.1073080295783 420.84973050943864 26.330165069602458 
22.410160017060363 0.0870242161050202 1321.7737375385962 450.5437288800296 208.7143934504714 
23.502332665418578 0.02082231819068181 1152.0438605840795 499.7605558247957 275.0347364476625 
0.8890617844937623 34.67596904465 486.28530434780754 371.2315982890598 12.544335743284538 
1.4042484946750409 36.57687639614072 505.2486105703315 371.26070549451805 35.15881338430375 
22.980664108665728 0.13033035325793577 1360.26095651884 508.0534092433389 295.6435685476607 
4.28078057103323 40.03862297599593 18.2326905433318 361.98741174273414 5.4589486172518065 
7.822253844772233 0.010333955140094275 604.0342180075517 424.4520031210826 194.13500807457845 
1.4042484946750409 49.49913817749294 637.3244195902287 368.78822754112593 133.95309083737897 
23.499191861507562 0.2872221228857672 1019.6718870599265 449.1314567833891 231.51858902866095 
25.709805829096 0.03547315706706278 1491.488645383598 519.4789275935348 324.50108894972516 
2.701240992983186 34.80057440877858 292.8251026421333 330.7822578695264 1.2102741015839156 
10.651372375931661 0.12835395566339436 656.5274883984742 417.6835275643392 15.526590260208465 
2.676043715988071 48.77031163073559 30.68704545091086 304.44646543308903 2.8131819750365343 
25.709805829096 0.019333272781149068 1499.3025688447945 662.4903114014568 324.50108894972516 
23.254750732066217 0.10872803161087677 858.6047430526099 446.5745179924586 213.75719760387068 
41.224358994558855 0.4787239988169275 715.7231330300469 508.90364238750317 207.43635143111212 
8.573951368025991 0.12632728652049194 957.8055825754691 448.6313572814567 173.39239347720894 
1.4042484946750409 36.57687639614072 645.6502412769113 368.78822754112593 184.66203745546775 
70.93695443137378 0.13351294715602902 1473.9246691526143 938.5563217758878 337.6427098912986 
23.380547091775824 0.305160593542969 918.3016349127524 508.1114031467145 183.3200172874241 
22.59469798388547 37.19735303137006 605.3057367869035 384.50871859627307 212.5392357431321 
1.5557059108135993 36.82985414861085 20.71362961792674 32.49034752222835 22.113867205583418 
13.683392888412875 34.67596904465 412.9376680620976 371.2315982890598 42.16757110238984 
7.121275172172845 34.80057440877858 584.0562505380116 379.5380333869585 29.636704775812127 
22.283626115141413 0.48074682785735817 718.5052595144361 421.1087954433075 147.37100840548368 
7.822253844772233 0.010333955140094275 582.5521742446427 424.4520031210826 194.13500807457845 
30.76815018652903 0.0059912125286353535 974.3503483634034 543.5983698982493 293.02439768261837 
63.26211966467441 0.46133360722431566 1493.2500112801763 545.913766696483 379.62975270407344 
0.8890617844937623 34.67596904465 412.9376680620976 371.2315982890598 12.544335743284538 
4.584280120196506 39.336449369307104 69.84488406256008 354.2659506519502 3.218785875173047 
23.380547091775824 0.305160593542969 843.883633631071 404.9742248531 214.22638601608347 
23.210043351205474 0.11027496157681724 1044.0448658069392 450.54438881032877 230.33039619828267 
74.0953321190706 0.11589688948442044 1495.9545939498819 1274.1002393574022 583.685911157456 
41.224358994558855 0.4787239988169275 715.7231330300469 449.85656594726527 207.43635143111212 
62.602375023040125 0.02284440268147292 1494.262240670344 1373.9103388987692 1104.245868379622 
22.584137484658946 0.12988688391178643 1495.1144063216118 536.0009783513365 246.83213857153464 
4.590392240272971 27.57387334082958 505.05244441221055 371.2315982890598 234.13054608642503 
23.25486766561476 0.299221095548848 1012.8713811890333 449.11780690303164 207.29829714659297 
29.464007575540407 0.04373537393197671 1431.1704033938759 655.7429737302853 400.29005277649344 
2.4101530005225094 39.336449369307104 19.892713215472213 12.225578979226942 7.13103212982101 
7.18760195916739 51.92509454997128 293.2299965358445 378.13980582627516 15.47364031245229 
24.578361703577045 0.024769752390968014 1455.47832339818 525.2952705592844 230.23365094572728 
60.47007292059884 0.3548639569101037 1497.4514788136962 1122.1999394954612 617.0436524098063 
10.170401357845941 0.486358507635021 645.6502412769113 400.41512654839704 22.04164159189098 
70.93695443137378 0.1299700022117746 1497.3016515373793 750.6653136692614 322.2720744588916 
25.709805829096 0.4734837736393811 1445.660592352946 589.9317762103851 299.92395751541085 
60.23418321336169 0.018232534315999943 1482.6353805997328 1332.6999670330151 625.3328215509147 
0.4675159726394993 54.177389571517224 8.44899907108993 0.5757032122603789 7.009134266002789 
1.5557059108135993 31.635212550995668 262.9104428662158 38.56364290010032 3.8621090345179567 
22.19130165680502 0.12706053555213584 1271.4343620381255 496.1028679184604 262.3940261643366 
19.547208828250735 0.3095931391312651 788.6501086197675 407.4730827666783 186.1107797252567 
23.380547091775824 0.305160593542969 843.883633631071 451.9358089407101 278.10608744546414 
62.602375023040125 0.02284440268147292 1494.262240670344 1373.9103388987692 693.019752764319 
63.06129694540559 0.48360099205025037 1445.660592352946 545.7488203712816 380.19155610563945 
23.502332665418578 0.08836537077974724 1348.8109294512685 499.7605558247957 274.70369656433945 
5.676450930708317 34.80057440877858 374.71192661799944 372.43584253069855 1.3254649066339539 
2.680776548148292 34.80057440877858 267.1882877790529 305.38321414749817 1.3254649066339539 
0.598464478118963 49.7792360421018 106.5756792034868 362.513402215796 5.158239983794374 
6.121014574717496 51.400057959002794 127.97855143981636 374.46953800342436 12.370291416813473 
10.094557062629855 33.14461679045134 253.6168936151861 368.78822754112593 22.04164159189098 
22.14772948596407 0.12835395566339436 656.5274883984742 417.6835275643392 194.13500807457845 
39.62908746809673 0.48360099205025037 1445.660592352946 469.1060509949271 278.0940826934717 
2.676043715988071 49.1969857165483 6.316432861854267 304.44646543308903 2.8131819750365343 
41.224358994558855 0.4809105182065232 715.7231330300469 421.6150038556908 146.76300502486123 
25.709805829096 0.024769752390968014 1439.231725443406 525.3033013167599 324.50108894972516 
24.41039952266577 0.11800059664547213 1081.762448860003 526.0886857936016 231.0917066127496 
73.87579099126324 0.11678759211059828 1495.8581355069507 666.7621530436603 400.1241534809711 
22.410160017060363 0.10837026980822315 1425.1838073307524 441.50198218687524 181.3510164520708 
7.121275172172845 34.80057440877858 533.0265901247595 238.584957896432 1.3254649066339539 
25.43539442056448 0.483600352197972 949.541951311302 451.6770991141181 186.76541075383605 
62.44018490545864 0.48357962526414394 1496.915899916466 1133.2859231433968 400.04590395564225 
2.287851586409957 49.1969857165483 64.19751176937174 242.50325191716098 2.8131819750365343 
4.646202605520339 33.856998082850716 532.7666809433326 378.20282065075924 47.47912008965051 
79.0277475054858 0.11810225003173395 1497.185970136328 649.3568107482886 321.39503142702887 
76.89578405220087 0.23854336824166097 1495.5335725573927 909.4385804268361 403.4514723840024 
1.541941360556239 36.35978531210404 49.511498261423135 134.6262087325358 23.653521656297272 
1.5557059108135993 31.635212550995668 262.9104428662158 12.286598852488169 10.837488943654101 
2.390235013785491 48.86838109707823 20.426087190472302 128.98264067493812 39.7499746837956 
7.273203633019131 35.39654872659826 236.78558332295356 346.6723451112147 3.6076268701844185 
50.878148372697254 0.03595745663171512 1473.6987253836248 1267.7847631759323 578.853147783288 
23.210043351205474 0.11027496157681724 1122.7200743976082 447.89832234916173 230.33039619828267 
5.622850977191719 39.336449369307104 69.84488406256008 64.08081292288975 3.218785875173047 
63.26083403019351 0.46134802493720883 1493.2500112801763 532.104115816559 373.17737521195636 
73.78851583369627 0.2551253179220243 1499.8328992187817 939.5443728228204 403.486568275542 
6.047469583034722 49.96191695284848 98.72696641015244 374.46953800342436 12.370291416813473 
2.7977235653763444 39.60079453998898 582.200373642425 382.6475301226766 2.8747942220653044 
2.390235013785491 39.336449369307104 47.61842976420023 64.08081292288975 7.13103212982101 
2.390235013785491 39.336449369307104 47.61842976420023 42.99551812081205 7.1820737755731585 
63.03997421282513 0.00828041766535359 1498.1346629699342 789.5008768859459 530.9866859606196 
22.976131509713284 40.105642928688475 505.497129430388 371.2315982890598 12.317980114656862 
22.410160017060363 0.0870242161050202 1425.1838073307524 450.5437288800296 208.7143934504714 
80.02356401233766 0.33111790322660256 1496.3731305785475 1120.6959824740657 627.4768997283229 
63.03997421282513 0.00828041766535359 1498.1346629699342 789.5008768859459 373.17737521195636 
4.28078057103323 40.03862297599593 18.2326905433318 337.70732482396346 2.814919701109446 
23.254750732066217 0.11027496157681724 1091.820064244786 447.89832234916173 213.75719760387068 
62.44018490545864 0.48357962526414394 1497.4514788136962 1052.6734831241015 400.04590395564225 
63.03997421282513 0.48357962526414394 1497.4514788136962 1013.1232579809358 378.5574723530665 
0.8918101081114624 28.698164600594666 18.402659511500815 228.48118536409154 9.452428675854712 
0.9161774088204941 28.698164600594666 45.292532921798426 228.48118536409154 9.452428675854712 
