6.090880771935598 46.672770911840146 448.1200037821684 364.91601712701885 62.2886666726573 
55.55448779835028 0.22030707444002096 1405.7069118149182 558.75417773905 281.63230438496294 
3.314430706016429 43.252670142842504 671.5958072385539 365.1232163573694 125.7152077850582 
57.079590302976065 0.025188909843995133 1493.3512181394337 732.2216799477359 283.6134406463766 
33.41171535541916 46.764371073931 704.3516230901431 370.90020718533646 179.40681897475844 
0.9086758429576629 46.22170607425837 8.412855359661982 254.8567329399026 2.15648911606786 
37.27715484012598 0.09776749623857305 1036.4240648698756 468.9936803914264 185.73662791135877 
39.232217600314335 0.19806117297840414 1496.8381829541893 559.7929592890849 288.4340612086415 
53.564530686226824 0.23240135705505272 1484.2088830465334 1410.9402876431789 479.49838814717293 
65.75949631637395 0.23049111587244095 1490.6943592977077 815.6128827470696 475.69705314260904 
6.089025715730302 56.56167586683382 505.2092878301361 364.91601712701885 61.301050179986774 
55.43210677067678 0.22533952130868262 1475.3475775522538 488.486995074902 286.9471485188819 
62.81894580939117 0.2921216017679788 1492.158767565441 1358.3155142669445 683.9010976557784 
17.678557033817093 48.50788818027402 23.030023987643432 356.49394629511164 0.015033182498754627 
37.08920854405071 0.3003317824045113 1068.7925065469801 419.31548640649885 189.10259229219042 
1.1605657904432847 40.229079709131845 8.412855359661982 161.37846111729385 2.15648911606786 
57.14931710950525 0.21755920053057903 1493.3512181394337 1186.4069315929512 542.6100194812792 
1.1989707900993594 46.473116611046436 70.43637224694416 155.86484854733527 2.205347071190955 
37.08920854405071 0.2967958895757654 1036.2040155140949 419.31548640649885 189.10259229219042 
57.14931710950525 0.1430093990749528 1493.3512181394337 882.3894032567839 543.3404190790109 
2.4334402111618827 58.75569357794608 421.1526657694145 364.8999498736421 61.1949934626011 
53.277362611259136 0.14498312475222078 1350.2420499718453 504.34048204783335 290.3387999925995 
27.218907225625124 0.025566530775177024 1218.1295832690719 503.0331616930895 185.95344242433185 
57.079590302976065 0.30320280490869633 1493.4376546552312 1205.481443570551 393.3991930229064 
2.696252193496653 46.63271618866873 671.7497521542925 365.1232163573694 201.6815725093431 
0.16388646697647813 46.51603916624372 13.943529996833007 356.8490047528243 61.373298142427906 
54.000683755034004 0.19921068916708223 1484.2361954035557 559.5719081561812 314.57312329553736 
33.07048114250871 0.17425760898729595 705.9780910153332 370.9631133232869 174.29012621285437 
2.2114527579873036 50.166136532331834 228.05397937620938 293.80407767175416 3.4546743338755164 
6.089025715730302 56.45129536658228 505.2092878301361 365.84452347051933 2.0530394766772027 
30.97459769258957 36.348461519085056 452.61524430100496 376.3124953189951 82.99553581783275 
17.45929324662491 46.63271618866873 671.5958072385539 365.1232163573694 17.010229786727194 
44.148630734520225 0.09785015318790864 1490.3962043937063 636.5407271696272 399.29232131526976 
25.628297749004318 0.3088241687266451 967.2302769572104 523.9874009620808 265.3043983052519 
29.255136304425566 0.22030707444002096 1194.4180650605451 497.8777708761316 281.63230438496294 
53.58169952886152 0.23049111587244095 897.2296222041615 350.8624299148763 96.8061457884383 
1.0706093784749857 27.41541844120693 120.48546598270043 39.795032165064924 1.2295871251394301 
2.260202011721721 48.78880214442914 228.05397937620938 349.3589639735813 56.95474519158583 
31.487676219835674 0.05824520410225903 867.4273361330461 355.2228049497433 125.4989317295312 
38.272255584236994 0.09806705836622329 1410.201762557257 455.3965890690009 199.53857373569812 
69.2782253829211 0.033286196081032844 1491.3015087134934 1047.4012002548436 395.87214437371136 
3.194347829001707 0.17968840910134484 705.9780910153332 372.86083449880095 175.03898226561418 
53.593935746946975 0.09809244535707126 1481.351182800867 599.1107205712715 399.29232131526976 
2.5679263335601394 42.03236885804769 358.48153048247457 349.9746102029252 88.84416030881977 
53.27756684044922 0.15440417787157695 1484.3774889244633 986.6261883299552 391.21187207820475 
2.224664992214077 46.4739379463323 149.50942029535724 136.15442726668084 0.22720832603354865 
51.29504742303846 0.10523884715129661 1100.1908283815533 456.0186810184309 199.53857373569812 
5.227755057842901 14.40875990950984 319.1105326848707 339.55382942276464 0.11567937067033673 
4.468460949779917 48.81602374794677 108.08620751416416 23.00455104156407 24.087715787733607 
0.053527016175760306 46.5647284463108 54.2844505086461 320.8974478112357 14.081520669377715 
25.710116341386566 0.3088241687266451 1454.7947702317174 523.9874009620808 265.3043983052519 
9.107449091403517 49.965926413830985 98.08096603666108 122.60744302186737 34.131561589593545 
0.4516694878849088 45.28914902207916 352.4363159136883 320.8974478112357 1.050995338639508 
22.17899549727525 0.33841909888725163 809.9150264714724 455.39601860364724 215.60120234352738 
2.9348342713093203 44.895103889177456 126.39275658870173 339.55382942276464 2.9327234980589196 
29.255136304425566 0.22030707444002096 1242.2050611225297 496.6082583547217 281.63230438496294 
9.153890219780964 46.4396839154168 52.57268096304494 13.470213636602324 34.13458795273477 
2.275771563047556 48.2513711285335 352.39645906260034 339.55382942276464 0.11567937067033673 
31.491970596192814 0.22030707444002096 1192.800635262944 423.35642124468256 304.1640188876423 
24.553208778032154 0.3340260371920821 1273.6707695896728 455.53395897903994 293.70839900909306 
24.553208778032154 0.3340260371920821 929.6120453109371 455.087638818755 184.40207604318493 
5.495338240593178 46.26165297121013 8.412855359661982 266.8750723241979 2.1019140191192065 
57.079590302976065 0.025188909843995133 1493.3512181394337 798.052258221248 283.6134406463766 
0.1631759705388971 46.764371073931 631.9278364189132 374.90828147383303 0.21080600456672116 
53.84536693085194 0.11903948868083536 1496.2194710551757 1129.2167237237152 436.5445604937604 
65.58949416997032 0.025306791302777132 1483.8138222694183 797.9747144936633 389.7090127982998 
38.24724014458562 0.1371128219170034 769.1834742563108 459.05998017838385 304.4128425820769 
27.86481810845804 0.014608027154927358 869.4124631560946 418.2957708705185 316.44064573634 
6.089025715730302 23.462208065110183 631.9278364189132 365.84452347051933 2.0530394766772027 
39.232217600314335 0.00291374861037488 1481.3752213488947 798.077708491146 288.4340612086415 
6.43020510888027 46.473116611046436 152.7177937927163 194.72850794278122 0.21156673418958 
50.9671213883029 0.31272774076388327 1483.8107502572645 1415.7870223862806 1117.9058338203035 
38.81980132477921 0.09806705836622329 1410.201762557257 594.0342889645003 289.72608654319964 
69.08376668003459 0.0266161891834875 1450.179248681529 797.9747144936633 389.7090127982998 
6.209470554302585 46.98567886355759 122.5938141678507 240.76774267731818 0.002201846309420663 
5.310113102995658 0.46115960108962284 583.4122042764964 369.3458699185659 266.65842089121134 
29.778285563406577 0.09447039665036994 1218.9741604418498 470.8509772484284 185.73662791135877 
55.55448779835028 0.22030707444002096 1238.4556976415947 558.75417773905 281.63230438496294 
39.13863429649529 0.012726676977478452 1400.064173975436 536.4471430450355 223.53840569019312 
2.2114527579873036 50.166136532331834 228.05397937620938 349.3589639735813 3.4546743338755164 
31.32593677203317 0.14687927240265625 867.4273361330461 418.5544841620254 125.4989317295312 
31.275305677838112 40.40497374916308 613.1748732527161 376.9002637021309 2.3552152304418854 
3.3287850858465724 0.004038764538594697 862.8834367489376 365.32778484080643 125.64695424215192 
2.8226374115590476 46.26165297121013 607.5748533081702 355.7692718261215 29.21291610466868 
56.0396920747752 0.025306791302777132 1484.6853075303095 604.8838889653733 554.9857105499249 
2.307633151028244 46.4396839154168 10.273092310467149 13.470213636602324 34.13458795273477 
6.182474037962903 48.86052990712059 7.881474478856319 42.757434391117755 2.316079685003706 
57.079590302976065 0.025188909843995133 1493.3512181394337 1010.8853976362034 393.3991930229064 
53.84536693085194 0.23049111587244095 1484.2088830465334 1347.1193670285745 479.49838814717293 
53.16314351212767 0.01693639102977406 1487.3645082042594 603.311040643891 294.84718855475245 
33.07048114250871 0.17360333510902498 705.9780910153332 395.2136782632909 185.63377981596463 
69.31827039667743 0.31272774076388327 1492.158767565441 1358.3155142669445 875.014781130774 
1.1547651856788468 43.65960354472013 431.7216472959267 356.8385661727465 1.3067930290589516 
0.06124740001637452 46.473116611046436 153.2234382667213 375.1334535786689 0.22720832603354865 
17.45929324662491 46.63271618866873 671.5958072385539 365.1232163573694 201.6815725093431 
27.08359774877514 0.18829877666152012 951.1710049268028 464.223207538348 185.63377981596463 
69.2782253829211 0.025306791302777132 1483.4757006390203 819.5988907485555 395.87214437371136 
0.5841563440031825 45.75374395186912 51.56920031994383 121.63936862021353 78.34983402027974 
55.55448779835028 0.22030707444002096 1242.2050611225297 497.4445416610813 281.63230438496294 
27.01182605498525 0.1906070288882595 1106.6291770021317 455.34973729693286 315.6897182275736 
