79.57610981281022 0.2856552319949548 1489.3849429368047 945.7326754386116 645.503220978496 
39.01393862223309 0.0188271869967751 1255.6576583537098 507.9325255563341 233.68197705463626 
2.257704258609948 55.833003054629444 45.024252455824666 346.7908287907128 57.89199536136354 
44.462228222515456 0.014670410198979252 1493.9552348389034 721.4939267116802 337.4111153450064 
0.5394571330776872 1.5450054570789398 758.795039243185 373.2320328763938 19.322942212184756 
2.3597119618851954 47.01772917419397 481.2666097489517 340.2238203429247 7.560351888112103 
1.6647044381238412 35.556401436930365 262.0430305105266 69.88039357661197 3.029339263099253 
0.5474280214584026 41.44102835257747 34.72911994866574 358.06946731902366 3.966045857305667 
29.621786929581035 0.37201335173929834 1044.2033303259277 414.660416423629 251.47790515617294 
42.240040027785156 0.21436767267960397 1490.0253337677118 567.0531151224674 314.8534400968389 
42.64925066950815 0.01896014356779424 1276.784691769802 470.64158426411296 331.7501507560736 
43.80508310254383 0.27784171211207936 1489.9144198060985 901.0837936963187 644.0338855665125 
75.10929298238746 0.014670410198979252 1493.9552348389034 774.94966864669 337.4111153450064 
26.7577019531733 0.2532826663177137 894.5901241972242 475.54754407575723 253.2679699821615 
5.483612184011637 36.14690321364395 88.68326975338161 355.86778749689995 8.949255110737923 
5.525700952162882 46.96991095609063 288.3842374773592 326.15462203154766 8.949255110737923 
2.3597119618851954 41.00756331127946 629.0194847586349 281.61945494972167 68.6758186265974 
24.895859675858098 0.2626065464013053 1067.06795377675 464.2850110351816 272.1125299833609 
26.49635279675585 2.242556442846375 705.6773337596347 406.0211218078222 100.85755412787603 
41.9303616955502 0.09818883295482811 1462.0381378165755 626.0598256832131 157.81291065965684 
42.64925066950815 0.02180782737373661 1156.6793035016972 421.3238655348223 245.91847667129787 
26.35096161794599 0.08418505189025637 794.5117257282492 474.3113085044557 180.56359847050405 
33.31331427576148 0.26688646687699774 823.5428561135384 546.1689092339885 252.02741030248075 
2.3597119618851954 55.89361885178434 487.78074739347727 340.2238203429247 68.6758186265974 
41.9303616955502 0.09775955563377131 1456.4156599262035 568.3838367709689 250.48343325758597 
11.481805506353062 45.0784777932787 121.76640046331664 364.5291013711053 16.67659994934423 
25.825267822526566 24.422496519532068 796.8479809378783 418.85622099777027 148.74353767935358 
0.8917502812960727 36.49590109530298 91.55621717129263 405.17793771474794 66.00579247956382 
78.37149800353066 0.2856552319949548 1495.4113192629695 987.4096536532548 645.503220978496 
76.70917387268909 0.35863847330097626 1499.1300662869955 1229.2162103482406 496.27210284317164 
42.934466412649755 0.2511119674474873 1218.4963687896418 470.6157980479272 345.6059947862964 
5.141982485213973 0.3011185235869344 788.0932182790839 427.474017736746 252.6784490515318 
42.64925066950815 0.018733341689407906 1495.0449866474457 470.64158426411296 245.91847667129787 
10.154497896402534 0.30299684413489203 730.9303868736981 427.474017736746 117.36400351597919 
29.55022426349198 0.37201335173929834 943.0934121098296 413.09432316347744 251.58909009288624 
1.6647044381238412 46.32591047399913 5.114337708964399 69.88039357661197 4.532511707198296 
26.595470723544036 0.1748948880021062 1098.1155941171169 429.73939292866254 252.51620541548016 
1.8742271578498495 47.56343355868527 360.7789073114135 334.359209983501 14.079915888444893 
39.12605261927357 0.016533529802170932 1489.2655136322576 507.9325255563341 233.68197705463626 
29.55022426349198 2.126616759192465 587.1588096112943 413.09432316347744 70.42822651171132 
29.970593052612355 0.2119107837087428 1461.9464768954274 429.35969497584097 250.13548583262838 
16.850046167453506 51.49273428253309 531.3577012368767 369.98543314641154 97.73088028396502 
0.5394571330776872 37.250488261566254 406.7720594771888 373.2320328763938 3.892983784813808 
73.02653578141732 0.11556774816632587 1494.403579913541 910.1332731971258 345.99326457696856 
42.934466412649755 0.25700905549732367 1226.7109703340484 470.6157980479272 265.68464034436397 
37.45145531684256 0.3045363673241312 1496.552272653106 427.474017736746 292.9355516888827 
0.63937664901109 37.50319690858192 91.55621717129263 168.54310010416685 3.3110795056115734 
0.44467380442389626 40.907128518352735 287.33491480378757 100.50318847926002 8.948737811224545 
0.5096858801623478 55.7569369649566 548.139843453444 346.72486979170424 5.8822547381545505 
5.76485021296885 37.69964509749931 606.140282007593 388.71642971115534 3.634341952064034 
43.80508310254383 0.3994021676137092 1489.9144198060985 901.0837936963187 529.1021439200741 
3.4144672931061315 38.56198550292576 23.556700913893565 108.37152647124239 16.513975272102158 
5.939457828531901 33.69606565739299 682.8145815143758 393.2401888729826 92.01792585666506 
43.80508310254383 0.2939076228145022 1495.7572710963611 728.3896345093156 274.4817648735834 
1.9769810739203333 37.69964509749931 606.140282007593 392.1884292712898 69.94938953707263 
43.80508310254383 0.21436767267960397 1490.0253337677118 576.9092031924315 331.5063420724692 
41.03693539025366 0.2114341362415993 1373.6635764128582 488.20500914021346 281.5730804052495 
1.122766863746408 46.33643640918242 278.56146658711907 88.18629100974738 0.7247506847200356 
5.724882461324615 46.24592199405462 288.75726165418985 105.68535490326403 8.949255110737923 
44.42778822296628 0.2939076228145022 1488.974037539866 598.8317336319224 331.5063420724692 
0.0638209842564752 46.59793393167056 121.76640046331664 364.5291013711053 16.667708464067218 
1.9769810739203333 2.559178719571264 606.140282007593 385.61467699585194 69.94938953707263 
0.63937664901109 37.26308613788223 55.60174115321726 168.4903940163597 3.3110795056115734 
6.046983018620066 51.59447426846819 576.6925991976796 390.4511857294467 182.29173070988628 
26.35096161794599 0.08418505189025637 794.5117257282492 474.3113085044557 252.76096940301954 
76.70917387268909 0.35863847330097626 1496.3549161798812 863.3618394303836 336.967946528772 
16.850046167453506 33.70602953762894 498.0761926185968 370.4077721527649 92.19689944566088 
0.5204114053948024 46.21172869027788 347.04016995095265 94.17962896382528 16.322575288498676 
0.5474280214584026 40.907128518352735 34.72911994866574 92.30596360244023 8.666941257482279 
27.33633691564108 0.022003423811082112 900.1248592018203 475.3987088844923 119.97179594991854 
3.4144672931061315 38.56198550292576 100.50172680994899 89.62016972687134 16.513975272102158 
5.525700952162882 46.96991095609063 288.3842374773592 309.1766706722541 8.949255110737923 
18.79670032400921 0.3044436489303237 1142.5509875374128 485.70644691192456 235.00838304205797 
10.154497896402534 0.30299684413489203 730.9303868736981 427.474017736746 292.82439385322743 
12.767241988078847 0.30299684413489203 797.8390842052577 427.474017736746 252.6784490515318 
79.57610981281022 0.2856552319949548 1499.3943643837174 1230.7771125549282 644.8383965167774 
11.843518014104708 46.21172869027788 341.6696430259482 94.17962896382528 16.322575288498676 
1.8959078461959962 46.625178841118434 384.89467889637353 335.6924790789278 21.134051291081505 
74.8318262904855 0.0648608739916341 1498.9354081192253 1311.858570437182 571.9409791519403 
43.80508310254383 0.3994021676137092 1489.9144198060985 1111.102422025429 529.1021439200741 
26.49635279675585 0.1694706758625389 705.6773337596347 460.99780990744836 159.05260183741743 
1.8473336027010623 47.56343355868527 321.01362345550535 334.359209983501 14.079915888444893 
42.64925066950815 0.022003423811082112 1156.6793035016972 470.64158426411296 245.91847667129787 
1.7241312116722982 39.93437104501098 405.7196598043387 347.37576450987024 8.045415858566912 
68.9163419523833 0.21723480920107716 1497.5695996633167 744.5981448515874 481.7559687873739 
24.81922654950636 0.25700905549732367 1210.309296595946 470.6157980479272 254.85876184711253 
42.934466412649755 0.25700905549732367 1210.309296595946 470.6157980479272 254.75322985176118 
48.57479672400415 0.10894403797397809 1486.9173448620436 643.9930566281066 417.3501432182351 
74.8318262904855 0.25438944173653066 1495.154128725004 1416.5128717616553 493.6373564403154 
33.275456853880414 0.25763342886087937 1005.6183111791302 459.55333995546897 252.6784490515318 
75.10929298238746 0.10055953711264246 1494.3459667220804 777.3830378846487 485.8625977565312 
64.3349522460725 0.06154939287668715 1480.0579768291557 505.47382664453187 250.8624674893726 
73.02653578141732 0.4293683849966522 1497.6139998392127 950.3984291476219 484.9762096043895 
10.61142838430674 2.9565499953265615 685.0315949215849 391.41396091578326 135.43332713774126 
76.70917387268909 0.2939076228145022 1493.779546862882 744.4886264219056 287.94251140548823 
76.70917387268909 0.2939076228145022 1493.779546862882 744.4886264219056 354.29594397758376 
83.0 0.3971003801612111 1496.235108387534 1106.5702252861292 524.1377881039546 
26.472981461598714 0.2530275983552812 1482.0675589173993 649.5570629237243 331.6567211333803 
26.49635279675585 0.30299684413489203 797.8390842052577 427.474017736746 252.6784490515318 
41.9303616955502 0.09818883295482811 1462.0381378165755 626.0598256832131 444.61547090941167 
