0.8351118253733628
0.8356226242218768
0.8353448167414127
0.8351634556315247
0.8348793581703704
0.8355180532929097
0.8349218155400264
0.8342160272901294
0.8353555621250914
0.8347574897945061
0.8351152324462364
0.8348424045338184
0.8352989522988833
0.8348830273257727
0.8342550775869115
0.834655015525769
0.834966369569912
0.8345231880138131
0.8351618831363522
0.8351928088747436
0.8345092976397898
0.8346710025600224
0.8352986902163543
0.8355605106625656
0.8349330850887621
0.8349996540510619
0.8346392905740447
0.8353613279407229
0.8349058285057731
0.8354202965096902
