-1	-1	-1	-1	-1	-1	-1	-1	-1	-1	-1	-1	-1	-1	-1	-1	-1	-1	-1	-1	-1	-1	current	0.448	0.0	13.15	0.0	13698	0.0	0	CUR
994	294	5328	8861	6.52	6.01	21.03	4.79	1.54	16.56	3.29	8.82	27.03	50.73	2416	2074	2739	-215	7088	676	2474	305.1925007	1	0.443427316	-1.1	3.921	-70.2	10504.1925	-23.3	1	LB1
1114	344	5329	8286	6.52	6.64	23.23	5.41	1.74	13.73	3.11	9.07	27.03	50.35	2416	2074	2719	-242	7043	679	2492	314.1925007	2	0.44599048	-0.6	3.672	-72.1	10487.1925	-23.4	2	LB2
1078	511	5333	7894	6.53	6.45	22.57	7.82	2.52	11.97	3.63	8.62	27.03	47.21	2416	2074	2549	-181	6933	679	2559	343.1925007	3	0.448553643	0.0	4.226	-67.9	10471.1925	-23.6	3	LB3
1446	282	5351	7316	6.55	8.31	29.08	3.69	1.19	9.6	2.25	10.47	27.03	53.54	2416	2074	2891	-381	7079	685	2444	315.1925007	4	0.465763457	3.8	2.381	-81.9	10477.1925	-23.5	4	LB4
1062	839	5329	6933	6.52	6.36	22.28	11.94	3.85	8.16	4.6	8.18	27.03	42.02	2416	2074	2269	-92	6741	680	2672	395.1925007	5	0.467960454	4.3	5.038	-61.7	10440.1925	-23.8	5	LB5
1113	878	5328	6634	6.52	6.63	23.22	12.06	3.89	7.1	4.53	8.34	27.03	42.04	2416	2074	2270	-106	6729	682	2675	402.1925007	6	0.47125595	5.1	4.907	-62.7	10439.1925	-23.8	6	LB6
1249	878	5328	6158	6.52	7.35	25.72	11.1	3.58	5.56	4.05	8.88	27.03	43.68	2416	2074	2359	-168	6757	684	2649	404.1925007	7	0.473452948	5.6	4.32	-67.1	10443.1925	-23.8	7	LB7
1579	292	5351	6819	6.55	8.89	31.12	3.51	1.13	7.75	2.05	10.9	27.03	54.14	2416	2074	2923	-421	7072	688	2439	319.1925007	8	0.47418528	5.7	2.012	-84.7	10470.1925	-23.6	8	LB8
1033	934	5334	6740	6.53	6.21	21.74	13.16	4.25	7.47	4.99	8.03	27.03	40.4	2416	2074	2181	-58	6687	680	2706	411.1925007	9	0.476748444	6.3	5.349	-59.3	10436.1925	-23.8	9	LB9
1062	961	5342	6555	6.54	6.36	22.28	13.26	4.28	6.83	4.95	8.12	27.03	40.36	2416	2074	2180	-66	6678	681	2709	418.1925007	10	0.478579275	6.7	5.274	-59.9	10437.1925	-23.8	10	LB10
1347	963	5328	5551	6.52	7.84	27.45	11.07	3.57	3.86	3.9	9.24	27.03	44.03	2416	2074	2378	-199	6746	686	2648	419.1925007	11	0.481142439	7.3	4.03	-69.4	10445.1925	-23.7	11	LB11
1113	1004	5344	6243	6.54	6.63	23.22	13.34	4.3	5.82	4.88	8.29	27.03	40.44	2416	2074	2184	-80	6668	683	2711	427.1925007	12	0.482240937	7.5	5.133	-61.0	10438.1925	-23.8	12	LB12
992	1014	5329	6636	6.52	6	20.99	14.28	4.61	7.11	5.38	7.84	27.03	38.87	2416	2074	2099	-21	6641	680	2737	423.1925007	13	0.484071769	7.9	5.682	-56.8	10432.1925	-23.8	13	LB13
1708	186	5385	6696	6.59	9.41	32.94	2.12	0.68	7.31	1.71	11.58	27.03	56.2	2416	2074	3035	-485	7121	691	2400	312.1925007	14	0.486634932	8.5	1.432	-89.1	10475.1925	-23.5	14	LB14
866	1005	5328	7105	6.52	5.33	18.67	14.91	4.81	8.79	5.86	7.45	27.03	37.66	2416	2074	2034	32	6627	677	2754	419.1925007	15	0.487367265	8.7	6.181	-53.0	10430.1925	-23.9	15	LB15
