#PV value between 5325 to 5335
2134	876	5329	3066	6.52	10.83	37.9	4.23	1.36	0.24	1.55	12.08	27.03	54.45	2416	2074	2940	-529	6985	701	2459	418.1925007	1.049	10498.1925	0.499084584
1903	229	5329	5881	6.52	10.12	35.42	2.21	0.71	4.74	1.51	11.99	27.03	56.52	2416	2074	3052	-524	7101	693	2402	308.1925007	1.083	10452.1925	0.494324423
1813	341	5328	5848	6.52	9.8	34.31	3.4	1.1	4.65	1.75	11.52	27.03	54.83	2416	2074	2961	-479	7054	692	2436	324.1925007	1.486	10454.1925	0.4859026
1802	788	5329	4501	6.52	9.76	34.18	6.52	2.1	1.68	2.25	10.98	27.03	50.92	2416	2074	2750	-413	6909	694	2522	398.1925007	2.084	10465.1925	0.484437935
1420	229	5329	7571	6.52	8.19	28.66	3.09	1	10.62	2.21	10.47	27.03	54.21	2416	2074	2927	-384	7112	684	2427	300.1925007	2.355	10478.1925	0.464298792
1292	80	5330	8481	6.52	7.57	26.49	1.23	0.4	14.66	2.19	10.43	27.03	56.16	2416	2074	3033	-384	7216	681	2376	274.1925007	2.364	10506.1925	0.462101794
1242	90	5328	8625	6.52	7.31	25.59	1.42	0.46	15.36	2.3	10.22	27.03	55.76	2416	2074	3011	-364	7214	680	2381	274.1925007	2.549	10509.1925	0.458440132
1315	222	5329	7960	6.52	7.68	26.89	3.21	1.04	12.26	2.4	10.11	27.03	53.75	2416	2074	2902	-351	7119	682	2431	298.1925007	2.667	10487.1925	0.458073966
1033	45	5330	9496	6.52	6.21	21.74	0.73	0.24	19.89	2.62	9.67	27.03	55.93	2416	2074	3020	-309	7275	676	2361	265.1925007	3.051	10541.1925	0.450018308
1114	200	5329	8732	6.52	6.64	23.23	3.24	1.05	15.9	2.78	9.44	27.03	53.06	2416	2074	2865	-285	7145	678	2432	291.1925007	3.271	10507.1925	0.447455145
1075	200	5330	8869	6.52	6.43	22.52	3.26	1.05	16.6	2.87	9.32	27.03	52.91	2416	2074	2857	-272	7150	677	2432	291.1925007	3.392	10511.1925	0.446356646
1097	236	5329	8680	6.52	6.55	22.92	3.82	1.23	15.63	2.9	9.28	27.03	52.29	2416	2074	2823	-268	7120	678	2448	297.1925007	3.429	10503.1925	0.44599048
992	145	5328	9330	6.52	6	20.99	2.36	0.76	19.02	2.93	9.23	27.03	53.76	2416	2074	2903	-263	7204	675	2408	280.1925007	3.478	10530.1925	0.445258147
938	149	5328	9506	6.52	5.71	19.99	2.43	0.78	19.95	3.07	9.07	27.03	53.5	2416	2074	2889	-244	7208	674	2408	280.1925007	3.653	10534.1925	0.444525815
1114	344	5329	8286	6.52	6.64	23.23	5.41	1.74	13.73	3.11	9.07	27.03	50.35	2416	2074	2719	-242	7043	679	2492	314.1925007	3.672	10487.1925	0.44599048
879	99	5328	9868	6.52	5.4	18.91	1.61	0.52	21.85	3.09	9.04	27.03	54.32	2416	2074	2933	-241	7255	673	2386	271.1925007	3.68	10551.1925	0.444159648
994	294	5328	8861	6.52	6.01	21.03	4.79	1.54	16.56	3.29	8.82	27.03	50.73	2416	2074	2739	-215	7088	676	2474	305.1925007	3.921	10504.1925	0.443427316
1347	963	5328	5551	6.52	7.84	27.45	11.07	3.57	3.86	3.9	9.24	27.03	44.03	2416	2074	2378	-199	6746	686	2648	419.1925007	4.03	10445.1925	0.481142439
1078	511	5333	7894	6.53	6.45	22.57	7.82	2.52	11.97	3.63	8.62	27.03	47.21	2416	2074	2549	-181	6933	679	2559	343.1925007	4.226	10471.1925	0.448553643
1249	878	5328	6158	6.52	7.35	25.72	11.1	3.58	5.56	4.05	8.88	27.03	43.68	2416	2074	2359	-168	6757	684	2649	404.1925007	4.32	10443.1925	0.473452948
1196	796	5328	6597	6.52	7.07	24.74	10.65	3.44	6.97	4.02	8.72	27.03	44.07	2416	2074	2380	-161	6784	683	2637	390.1925007	4.397	10445.1925	0.466495789
1113	878	5328	6634	6.52	6.63	23.22	12.06	3.89	7.1	4.53	8.34	27.03	42.04	2416	2074	2270	-106	6729	682	2675	402.1925007	4.907	10439.1925	0.47125595
1062	839	5329	6933	6.52	6.36	22.28	11.94	3.85	8.16	4.6	8.18	27.03	42.02	2416	2074	2269	-92	6741	680	2672	395.1925007	5.038	10440.1925	0.467960454
1033	934	5334	6740	6.53	6.21	21.74	13.16	4.25	7.47	4.99	8.03	27.03	40.4	2416	2074	2181	-58	6687	680	2706	411.1925007	5.349	10436.1925	0.476748444
1062	1181	5329	5873	6.52	6.36	22.28	15.37	4.96	4.72	5.55	8.03	27.03	37.72	2416	2074	2037	-21	6580	682	2766	452.1925007	5.674	10428.1925	0.497253753
992	1014	5329	6636	6.52	6	20.99	14.28	4.61	7.11	5.38	7.84	27.03	38.87	2416	2074	2099	-21	6641	680	2737	423.1925007	5.682	10432.1925	0.484071769
936	918	5328	7129	6.52	5.7	19.96	13.53	4.36	8.88	5.31	7.72	27.03	39.61	2416	2074	2139	-19	6683	678	2715	406.1925007	5.714	10435.1925	0.47711461
866	1005	5328	7105	6.52	5.33	18.67	14.91	4.81	8.79	5.86	7.45	27.03	37.66	2416	2074	2034	32	6627	677	2754	419.1925007	6.181	10430.1925	0.487367265
866	1005	5328	7105	6.52	5.33	18.67	14.91	4.81	8.79	5.86	7.45	27.03	37.66	2416	2074	2034	32	6627	677	2754	419.1925007	6.181	10430.1925	0.487367265
944	1192	5329	6252	6.52	5.74	20.11	16.36	5.28	5.91	6.08	7.62	27.03	36.11	2416	2074	1950	37	6549	680	2793	452.1925007	6.212	10423.1925	0.501647748
936	1184	5328	6305	6.52	5.7	19.96	16.34	5.27	6.07	6.09	7.59	27.03	36.1	2416	2074	1950	39	6551	680	2793	449.1925007	6.234	10423.1925	0.500915416
