2 0.02694112691204928
3 0.022423541710319243
4 0.018336150835793687
5 0.017473769706571544
6 0.015879999445990847
7 0.014871348698538648
8 0.014430765616967147
9 0.013339877162251157
10 0.012154174006243912
11 0.011289810046175776
12 0.010041802201667496
13 0.00912430586376406
14 0.00781475238895234
15 0.0074936924502860235
16 0.006762463383661277
17 0.007080032340199311
18 0.0056869522117280235
19 0.004472089641633236
20 0.003965174106893393
21 0.002339507983773481
22 0.0020655009678740375
23 0.0020636264012725775
24 0.002104128878958304
25 0.0023423716704414578
26 0.0026281781156640765
27 0.002656547631593742
28 0.002921261821860272
29 0.002831415740535224
30 0.0021666410724275787
31 0.0020647734151414926
32 0.0024150971768539145
33 0.0024913577305309964
34 0.0025675271949924527
35 0.002176863720034165
36 0.0023243077135714904
37 0.0022688468402941807
38 0.0024130391539058495
39 0.0024721617963768916
40 0.002467648486626643
41 0.002615243805953164
42 0.002723682792202128
43 0.0024325240202381576
44 0.002392786167903617
45 0.0023501976150248753
46 0.0023666398111414112
47 0.002309098987926902
48 0.0022892985104622336
49 0.002302715995279135
50 0.0022673483150736575
