788.7590769257292 11.017363414178138 1264.7202867317922 1427.3893162923202 1371.7638079963672 
64.56493921061212 978.0438094679417 63.324661117758254 51.5595784417241 5.022863187923998 
981.4600265234059 975.3080144982218 1468.0573358643828 5.4433154128770695 1343.1830378546958 
54.49331297943416 5.342580177558842 13.763114368573914 114.686949994462 1490.725403534919 
5.187043987217588 901.3841972752429 1445.4231626640283 1400.206722435189 60.190222394212675 
995.8491932795112 35.080640960977625 1.6533540729611884 582.3012215641 27.34855083774995 
998.0636357404497 978.204875512706 50.070113468959676 1495.2722703345637 1479.569617979507 
17.91695728337739 16.32789042904004 1481.2739837416107 123.91170722922872 130.58742467209478 
40.0671927748889 165.87524506790663 13.201448977150642 1490.7039046132215 15.676893580637563 
997.8388439147351 935.5737998971359 1476.6419525532028 1474.4075825581078 66.2189094543567 
2.869438203449648 937.4522578917502 1475.0659249162968 725.6438925732982 1485.9835740677495 
990.4666363712116 997.563737448561 51.399001916370594 6.785254928550922 112.91177253656431 
54.82526529266573 894.9571492871067 21.561063130917823 1494.3223555538004 1300.6702330225714 
940.6627999491049 183.7049275606174 1416.0071352600573 9.92140942729658 56.556711312859555 
948.6922039318812 33.07189133093136 188.6426579303721 129.8540822764827 1497.3864191626933 
73.41551644516298 36.83279875589529 1476.9160626273865 22.376534309312802 1494.2829421902084 
990.9467559213377 978.7225611240502 1491.922704171209 1471.5265879329374 1479.2784050221994 
323.5349209225159 935.8181548625349 71.78994133623517 10.39274691408998 1445.6974204432104 
280.5881496310595 7.476479137716985 1398.472994608748 1448.029378113775 44.17225706046679 
18.874734241688728 39.96656266167087 69.20300447512689 65.63243291572235 9.825342100296176 
658.4216854231618 886.9397403108641 14.411548684925945 1441.569472244757 147.45702961231333 
20.9248498031519 896.1449076432203 1377.4112096415415 8.64380345180149 67.58713248354853 
982.4052132693556 90.99233864673712 11.407783179855024 1453.9521040109566 1133.0731749763183 
53.286501307751585 94.84037000495161 688.7471278280317 1473.3124147431897 1422.14134971729 
989.9572857492769 981.205180063589 1373.1461542800873 39.93841241197516 17.46878356538717 
879.2489856931336 47.87771644396499 1496.3135798881453 65.25957844376296 1345.8907998393756 
987.0043996618534 48.09130242205528 1488.6018021777325 1492.2934459736427 304.35501951237626 
982.7867047380497 946.8215559409904 145.39878105964715 333.0394649762275 1410.8620247699596 
8.155523686727339 980.3699611531081 165.77302169055946 1184.4431517490918 97.76075993396505 
245.52558221011515 619.4124258277351 1484.5108761480658 1483.6758286218007 1411.2970664127822 
959.1393457556861 17.278900303852595 153.27451238911894 1497.7248421222953 164.68822623423267 
2.3055022947870984 930.0275097385285 798.6751023497536 7.526760304553792 1061.8488345903659 
579.4839220490147 20.049768829484282 412.95246368415036 2.646441479868644 423.17291537945385 
49.34393871060194 13.413793142638575 36.972860388203685 945.8910733834516 894.3877203157365 
996.9379179558634 988.7051640387452 763.1793648086903 896.6068902615625 536.4482714067648 
21.154077216714583 226.93354872231797 1487.6792829503308 942.0304460461189 769.0375557567701 
993.6464190139455 506.05662186481595 1498.8316290585667 680.938194163569 1482.855669719228 
489.9414351648034 979.611853983178 740.3049399017 1497.794897064477 1463.3528078781692 
975.2000560413852 455.1864033017938 15.264443466165734 77.6540590367648 825.5196723181924 
425.4025966666822 962.7216828587282 1484.178894971394 781.1060263252051 390.54669376752247 
995.2283167077917 417.5535132158141 901.3098902373584 1494.7311963980032 15.398897218147633 
16.561797789445443 361.31777128438824 661.5111845491406 801.6319652737272 4.831991929679036 
393.38727344437405 622.3541117755715 1243.122632469754 22.17367202067472 1462.8861468340428 
274.8232667653695 541.5802131789368 38.23485244767037 830.5459562182127 1482.7205888633985 
517.5421117736142 611.3446705082293 8.282231155993912 42.354794609233636 60.05713892908726 
654.3964843110961 57.599587188383204 1492.478374939969 626.7031776546645 28.876363783149728 
995.6176493693121 374.87251097559476 654.5465203276714 1373.2707906600099 1489.3742252995517 
20.211352362237367 7.63528592766749 743.5453692162909 44.07906001749418 772.0058967658017 
67.7038325360555 989.3654719745556 1495.1877474277298 1496.5984728345677 993.5607874021377 
89.10285879588827 118.4589718953456 1485.103259114456 1289.3497379868945 1483.6337548141103 
953.1839021602887 630.3365637994074 11.032118845713034 889.1166607391093 41.38951720447381 
449.28563570219524 26.382966670763007 185.38883930218196 1336.4283207834712 1464.868826075068 
970.1543149639785 7.088032362901564 466.931112003749 2.9267754078780572 5.306143934319052 
13.630951877553477 994.5773419905137 4.170215326287973 610.0148253196111 564.799109006293 
478.5445033371689 17.412832586035655 483.17504226204744 1490.7608558985637 51.33942749389742 
505.4813103093833 998.994087506919 780.5953333341537 185.9549766205375 62.63052767479416 
934.7297858911033 590.2146996320637 655.6378976867259 30.508960355817962 1495.5674209076597 
948.8264733743559 510.4640369017279 1479.84978409023 1494.717484970987 853.4710372089535 
608.8187176092337 987.1184109649998 920.3458559297176 1394.8427156158168 9.312609348473 
14.032215943001415 427.41917198843606 111.86383095088726 9.683021132182557 1017.5337339827785 
374.9094519930061 424.6269075708704 1394.6330961523852 7.864583187076557 15.353833479460842 
975.5125597690056 9.509805664078108 851.3484291222034 792.5571906396975 1470.952058817518 
584.135177188344 995.2716424654807 1478.5642127282076 702.1187974682033 1461.6946795815575 
987.8870095506451 912.6959414232632 110.13734290160498 1466.5427697695432 783.0190703104104 
91.3454609045966 591.2047445432979 17.295101568986116 1493.323925881175 636.676493569667 
990.391074981348 616.4997510946138 1402.7804766115694 39.2039665059179 556.6045552644694 
24.64355053802936 491.81595662386144 1446.1571008719723 52.2397515102567 879.0032792871143 
19.523279226365986 51.825634798511985 755.822562936098 1494.106666036797 441.5592614041889 
21.294400896258004 57.19925931674064 970.0339943544616 565.0040419911609 1499.973820499938 
477.692214296313 987.5637399459805 36.44901352160434 1057.6646606631423 1480.6446089244166 
444.87411087360863 36.20709448117842 31.816912513743468 834.3769144565177 15.367227406501982 
21.898734029678568 991.039090005786 1039.731667801021 674.5892999818279 5.796876227689706 
502.2974845122129 4.023269749201863 32.60132622882333 57.824188012977004 1153.6498874245235 
16.8038188728582 452.3915580075851 30.680135650213714 1458.6252376692169 1497.1289946755876 
321.131462054157 497.3225289051868 1475.8406519101761 1406.5577171624286 21.73548195267294 
956.0829792124632 9.077447959324525 932.1251221479708 117.80998463295877 759.8300595961501 
997.4357746228587 550.5456041245483 14.200572916437725 974.5237499373885 1433.067903490652 
2.514656984503816 562.3692161740192 623.0495711809073 17.106333898167236 0.9052252884430012 
20.58426443465944 930.8905891217015 763.6785559464589 1400.9946563886767 1395.4050987501532 
985.7151717880847 2.431768049542371 1486.0385504870833 895.0907218951572 481.55401439284674 
691.8673549551751 985.8395265161 44.10434104262201 126.8506611814123 667.0952031392993 
982.6886613044024 986.5926015367854 1463.3936246949386 804.4846727785985 630.4798033198085 
288.9916857302737 953.1241208807584 1486.6458022793274 47.162459633814656 1167.6522717838834 
512.3768407928685 26.063101669105638 1475.1927097071994 879.6792247404783 1426.3537792627951 
983.1885764200152 987.2356302271589 873.0238272768372 1104.1192910185596 1497.151396470236 
978.4143836240136 732.9642166936577 680.2600294388673 135.90422859118672 6.98112850653132 
3.344366298047352 1.312019340071524 940.9802810995432 729.0423796740347 14.735354271097235 
31.10307327963224 753.3354663900695 10.024668058011665 141.68259911376012 1472.0250744572509 
890.4857722500719 4.8143429664294635 17.00172588023835 717.688056884846 1042.028630024524 
45.77694916022856 997.1709667178627 522.440883644686 1470.5066855538985 69.34652484720083 
992.7566138988684 421.393140061856 1480.388198764755 1447.4191674287636 1492.333355865578 
505.0677638454122 25.828824096495453 1459.6331611378098 105.08868716645581 689.6549768545063 
0.281903182587806 492.41489683556193 0.4561545629845343 765.5426242224149 117.88183525301693 
577.7119102080602 920.5317939222592 1475.9662865172947 1497.901670887403 775.8229548367269 
505.80423154878326 46.101755985282544 902.2228993248599 123.32883821235252 1492.2614511672846 
980.6105451432805 988.861256971258 506.30798361452065 18.040435077687324 1181.6203624262791 
943.367196487634 9.80473778849522 771.6528282755165 891.9440967955239 127.31808524794435 
531.3639232181157 13.099986200506898 15.906618039853715 1397.2400568127493 574.5987695925608 
31.971966554606656 966.7383088067738 870.2160911839229 622.2584946730087 1470.1657339691149 
981.2449857109536 911.8062045360385 451.2217934102957 1474.8097145907188 183.3617703195014 
