125.46251710636935 25.597929861634007 1071.659487675658 156.68714615667702 473.393518404308 
988.4288578915988 975.9861845980123 276.0191647652805 1455.1940951095607 1435.166229040476 
341.34502554544866 981.6625548685672 1493.7446888481334 1493.0617882396152 104.1312556752187 
918.7263289257305 957.1813789966 41.12528443587382 30.800758971266273 136.88030622813048 
49.61189312376357 17.1794302808822 1.902811716847308 1243.5788387250116 1457.9765319100513 
896.8124985562321 935.5368859008852 1480.0666341234564 12.450931238776718 1470.8368864929425 
999.1251099189892 83.66889463302496 210.7316290217568 1403.0990695415242 13.665779226711916 
993.6150146950952 83.83265229523492 1484.1794309086752 1475.9452903728736 1486.2281126938608 
47.52798320136087 964.7776605575744 112.3342336966256 6.884803419615338 1287.7144353715428 
962.276817826684 38.553654044238385 293.3992786086868 106.26712041089142 1477.8443605381833 
55.374396715359374 941.4829461677361 69.21974589582098 1455.0795317707777 153.25368286140545 
80.11643205928117 969.0395713273969 1494.502149544693 1375.887247686832 1496.656503501556 
973.6073541505349 363.98606486369255 1447.2846587078882 5.006261040483184 95.06787902645236 
46.76640399730913 34.271804810776295 1461.071104924499 1471.5929517594263 384.08527333436086 
146.36776349199354 991.6182498636284 1418.6831663242006 52.38836260366098 198.412496243839 
51.0961155362597 18.75436239223971 27.48520176226443 21.75929921628894 4.167923215752101 
966.6180301468628 997.730097970788 93.29884513618897 1444.1932042870785 26.318721820495327 
393.8180997025358 24.921704130354883 1470.3577858822343 8.836888096186657 1482.0199473993105 
9.353760985290505 27.40402639305628 80.75272039648168 1339.2363050840884 12.298967822870043 
955.0820824188366 232.83454465819696 1485.2525768584778 1371.412005117024 57.56186592830847 
914.759274544138 41.11549201021425 18.468572106040526 15.86254182231761 66.28068200046982 
994.5613831099768 849.1005631503726 50.172960798116115 51.798704778377335 1497.2035258434812 
943.7425317712485 93.06369464306896 29.495219759731295 1486.1733902303565 1319.510726404951 
999.229294556287 984.2922212881992 1462.6037767326668 1417.2336810868562 1452.8685414997808 
26.742597208112564 944.8442583510224 193.73596611121923 1337.1108002410117 1439.1603523050871 
22.930335219274454 970.4410484094168 140.49865728145383 67.66822665284688 21.952000267964177 
22.905988258533185 24.091660480220046 114.5786492053063 111.68015616003979 1471.8776047952 
85.09064577647362 979.4228628808945 1454.1746899418786 172.553722885123 1405.4113615637298 
155.58145449732908 23.29099619907837 1419.4047960525193 1498.0587867866993 1394.202123069065 
989.5256842798746 982.9376415028462 1496.563923949473 679.2431237722633 263.11871661143823 
994.6405052159114 5.262761030165652 1317.9439513544323 245.34932851071645 1389.344848775857 
17.597140457609406 354.206945510369 1473.8394461659109 501.1120657526255 12.707956549557641 
473.86898416851994 508.56775988564283 18.81190206968092 726.5409617213489 506.64739127411116 
976.7554501230861 998.7136911336678 1023.6886860386246 1490.1208707456647 392.7842151508743 
3.7182447895238724 468.3947759771143 830.0688188818439 34.66733443107389 1475.2666628239847 
936.6694598769503 24.72909514877808 864.7662001689627 542.0291581420507 17.95917966835814 
454.4282177949351 476.8333963502426 682.7109589098926 1456.169314351353 1416.872328914223 
845.5209182504832 999.8196537543289 945.1040078251183 2.364095700739366 158.0528018283819 
19.197322297079822 511.7481512313584 961.5429111071456 1377.7087256864004 37.735450463434795 
977.868118429455 986.2857201407261 844.269575426686 602.7526042791869 1486.954759231718 
582.2872313793854 6.011178721483934 25.87706759978836 26.978709015586688 835.0277607461991 
502.8842051147655 14.590597392624804 924.119947792371 1487.4895442745976 62.430226021022214 
12.025860332417038 958.0713069269261 780.7263075418062 850.7975113673559 718.8124352387842 
4.0291323368664145 49.001025454512124 1274.6646012826855 715.1625417171998 1349.7852125717195 
604.4588634384834 947.858867025289 6.291046778169052 563.0952609825035 1454.9921267985058 
425.0526242259074 1.3189633832529912 1494.7266437017513 167.2273953516268 57.86839782034014 
972.5703462317359 12.358831993050545 962.0640089547506 1174.0074650875445 868.6346231262646 
103.53228205755838 89.0537322523065 1.8179169885406132 1495.127505897839 745.322367343943 
976.7720993565409 521.2529968553353 18.248913482371286 988.4373851427209 14.798287306931336 
30.841633276411983 506.57288788586084 46.15871930408883 6.550564652835266 479.60577639482625 
558.1263492953012 673.2763442455969 1493.068580381947 670.1973104084877 1462.1665235162825 
663.7288786198941 945.9941567352947 125.76894469139044 1493.4386076802145 796.3360258894201 
5.441975804103105 982.0992941494872 1431.4868359307864 1416.5639108112073 818.5647865147815 
911.3942600290592 456.939467220207 1495.795324704793 12.927515907928399 820.8869529479438 
512.7952751309803 21.050643626359665 55.198762400774484 628.9570755154546 1474.1437994038467 
978.1553764826605 606.5612197047299 1487.7110255691944 1430.8142396140754 918.5151122453487 
18.48118686014466 722.6892556141678 826.7330306488013 45.22087409751768 0.4120362481657702 
974.7619773222059 480.11490990358215 5.6026632797294695 1051.0789373361695 1458.2965945727715 
494.8450883134151 14.877331188958841 33.43633226022569 834.3384819404882 39.24029370556581 
986.857079524538 950.1440554019262 592.2729946189443 22.86036582381479 864.2042294439543 
903.3375996847282 888.5939489019343 1489.8535113529842 1485.9041616718957 25.406952634151935 
434.8658461833377 998.4301589842795 412.4249652977773 852.6149283443065 62.96504902798783 
34.41301408757313 546.8517588425489 1444.0078028582377 1484.395740320731 1466.928483227938 
9.671494521514612 674.4722856912003 149.6844290536632 592.7244877457 1499.1570205214775 
20.35822106173768 639.7399829777991 1472.6093780838419 83.88760969358388 679.0606070653411 
38.269761073716154 540.0689536779317 17.402009635118066 1477.6094750179489 3.3927957701619382 
976.7101783197012 431.3178704732452 29.909024466689804 131.31117946796056 613.7705082654065 
3.3733389329659857 8.181717805061716 807.8124094722369 961.3075739076686 39.68438385216794 
550.2391823256842 15.666027253111281 1421.6568779886886 1077.6816276767042 1472.9409985527916 
954.3197491842202 44.272648932744964 70.76055732604308 1490.0752335250504 651.6190406756411 
374.22357469529913 999.4102391870906 790.5766592623472 1486.5132527796832 1435.3524826608545 
1.419247615628616 28.737676428731817 6.4682089022762845 466.38974378532555 748.0517289170346 
952.0390405177866 16.689666908194845 1453.1619244444992 506.9984488944641 582.21560859606 
595.2696550360131 938.5823245399873 895.8700421950467 13.340407596350968 1496.7311847051897 
511.82755279690906 471.35496999966153 11.745626141328957 16.469840963565797 15.168607339308359 
3.8485633820313225 56.334487921916974 1465.929252643284 0.2487038915292561 31.87852511054029 
20.30020675487576 918.474059022583 1369.0891060125548 1052.7780182519764 64.6076474972928 
14.40971013842729 222.93189675105594 1472.4110294098123 11.497964555229501 1260.5409133080145 
537.432713629986 769.4062564661324 1461.5587366732304 11.453112888629768 79.70097957060385 
17.626624767489886 1.8065785270930945 787.2393899074868 1334.4490631613605 1041.2482602602931 
977.8689818805805 463.10564464725525 1168.248928172898 36.159406352346714 1484.095824731748 
989.6905393748137 416.3553103075067 560.3566883192751 1498.7687683793438 1473.0787108446623 
540.6352787783082 257.88852214712455 37.24526419143442 13.855686988781535 1497.5061223438286 
655.4945826676907 44.818550194423715 1443.4501676474692 1496.216851778848 723.2514816761798 
14.306135526005237 988.6605977037166 57.00985258672253 758.4000585838252 387.5015969261571 
984.282764315162 996.1067049806898 112.53889467161854 828.8596385495508 172.21912272083551 
573.0730617580858 994.4906406276763 1482.0582973465457 1477.732747804687 1438.2844972911719 
1.5023898716129969 992.1986737748718 755.4554343755418 166.32201922436835 1377.4255325510148 
968.9104991890871 602.8274516920235 610.5512361696636 1463.8249085624054 82.37536374307774 
602.9373771448797 22.014725164570372 651.2912966359108 55.66963394355301 52.60238019717289 
89.0153096360362 625.6576505745569 108.20761080318108 1495.5854290216857 1037.4954523952451 
979.7274111992308 14.834132023153312 40.29992835526058 649.4481799984737 607.5130331238379 
0.3719360845351183 63.09174214680646 784.3629099422268 21.090060245193108 1496.559575885796 
990.5279591616999 990.947388427499 1489.0024712401735 790.2506408256644 1459.938935929179 
535.298630448396 17.817232119185512 214.79309616127662 1371.6609527681621 1482.51574576686 
253.4193973563542 538.1650733840535 1495.41051281098 1427.7065545308978 19.05127888799457 
887.4260092146151 10.729745516667833 1459.0705292667003 19.920299438401013 71.67747868570196 
416.145157480556 989.4935225475399 1480.1037267751897 90.87071946323027 916.8649796359811 
419.4089961009304 986.4282982231514 126.37402406878157 84.0856588228977 26.470034608981397 
458.7204808125509 945.2694049190507 50.568687488319384 1484.7541897567173 59.670777326256584 
