286.8283173863861 62.896722545749185 241.49962915182655 92.51854853603392 110.81272733734332 
987.7589595536833 989.4206110894052 1452.8319517265563 1425.417708327168 1438.026135066745 
2.308763385887591 995.294178002208 4.508429379966206 952.0057804632713 1412.6652947809068 
115.29472174045694 8.011557204161356 1439.0937235131107 1468.2625436088879 1158.8884683221952 
925.7867890408921 897.2356600343322 1431.942309148413 23.881833870605938 97.45821409826966 
997.7563972190646 110.24038644147672 31.122561863308196 1492.283359617315 118.57805672864247 
965.6336188035867 84.77094850074029 24.2951559648808 4.849380625802535 1451.3887957530405 
16.17432375864203 906.4692552967101 1463.691535182449 25.115466297177534 1495.5387216239926 
170.871556177145 958.7829965353685 1479.843304465871 1480.9237577484926 39.47392090913399 
93.18400216942757 987.3208388995905 8.460998023238187 46.89424651712637 56.63567576633255 
818.5567508706487 3.022778431545192 1498.1100835890813 128.27719113202252 1187.4871936705101 
987.7024836573798 828.0010703733836 14.14253345516836 1421.04555432823 1498.6283958161243 
1.1418495280377527 240.52815659039985 20.562925261676856 1494.7603771978813 82.823258343317 
999.873378290704 145.5024471382259 1422.633613575274 1413.0178435132627 96.89116255183305 
0.36102800827941817 29.01445510102785 110.83255290902383 96.01101563314074 1479.5958047337779 
13.188358264027311 21.64802925254561 1470.436960769263 19.581850937562262 175.33768391340791 
986.4738739604514 973.4369262527878 11.990088175190428 1299.1197099016463 83.15956881427344 
910.9001399048161 979.3450472510806 676.6864329577046 14.382804194649768 1477.8646734815577 
29.122647320898864 931.4505130196467 1473.2838311145124 1492.7614228425539 1440.6674080032676 
241.54201729400347 86.36775206597702 0.6763367841504664 1406.813083172507 1477.2573944695719 
986.082284029585 83.31669424149102 1264.2749409611993 1470.3859452980098 1444.8842168153694 
927.825706561031 943.786744294422 11.39367710821909 56.61316555808982 230.5736746546128 
998.9875758046385 4.248145651976287 858.184840333027 103.37726667906205 56.34346069115853 
66.46920780031395 984.7843488995271 1229.3718690486712 1.0150748728865455 178.222531065314 
987.5293360997531 983.5521719653327 1416.3249348680918 1451.6163288213786 46.19135855345946 
55.52824245298061 21.318062393016703 1317.9815075991976 1353.4123632146216 19.1578249752285 
10.428274681045124 959.9767103741094 179.04211160021322 1444.4795434728458 133.05733229983963 
35.557381874246175 139.52570540388132 1479.2457144503571 105.15346350833788 1497.9078692200992 
16.63214271929492 881.2884718124494 47.64537098577398 61.38728224291678 1417.0891941325149 
958.3860215777636 53.179683165092584 136.25749614086686 1122.865086968538 1159.6900671573633 
965.5917085123265 681.6560611752664 1467.6666489497825 18.02831161972246 1466.9771684875516 
981.1449080078216 222.42513233652096 45.69841751843234 79.88102567011657 32.96673684508089 
419.53487221126693 975.0237479015451 655.2769444873138 1488.5294378872452 1409.654189402429 
386.60322649161776 512.4021493685572 1487.9617847549284 559.1742126077451 117.82081620873109 
18.123094673319407 16.681808730575565 80.5832484356751 689.3438590018384 688.9920794922522 
970.6787396378222 949.5555304621273 39.06146136801203 527.9135837929501 1267.0737102217586 
533.4678217707993 992.5357788102145 1481.4027390478211 698.926784088792 1470.7345644471532 
565.560600319012 426.73394505790407 761.382295831585 1453.014726727743 37.09565974121737 
89.12712015925761 348.62298794305366 794.3047923496824 1483.4342665734 1466.5545821850249 
2.556400536979586 585.7842803531969 671.8603651011064 5.658714816233701 652.0397378148473 
818.4805656272339 12.579331391322835 1499.9824972987585 357.0731819955473 56.76875868063275 
993.4936894793505 987.2130377718061 1470.3597400373337 632.5172168101096 732.3289773477018 
515.0025838392282 999.8454142727597 9.384700654187395 799.1402277017639 61.85202073967611 
429.1875082018843 5.941602206867347 1447.097873678281 771.4422182294965 1498.2399420181146 
994.7355545505134 956.8175204510186 576.770648041853 1490.992146296049 736.5163446094946 
9.962848747615771 982.4016736197725 1239.6999003324727 909.825596573937 634.609568298441 
496.91474901028744 560.7201438057814 1.5032962069219113 344.96401306275396 1484.7034478261974 
505.43031665677853 20.598151105188478 7.086991153542666 1389.5103278367783 26.065974665160642 
513.6220265119308 0.30827774088559856 673.9302229023663 58.995934454987356 1021.7763357079054 
596.4618937101606 1.4804237169413481 1422.4036037124356 1483.578105643593 541.9001727138261 
12.32756649359612 438.39878558945924 63.41821248942841 473.7680667221268 6.835741619983904 
982.2305391961536 340.40281958090924 1482.7006164588918 803.8542629290541 1487.1989509770722 
60.46637308879388 791.8450724943915 36.62332049133299 1498.302278602349 798.0509879084078 
994.744472010685 545.3760631755929 809.0682577529536 40.18341646316015 2.6553881362568754 
31.19043326290971 397.55386367270995 1497.6365964152883 1450.9570074717956 652.857664674785 
4.268471764192205 11.08356950311351 690.2583082517798 624.1681050307697 18.732343525483476 
868.576144575873 377.4431463390133 599.0404656785971 1484.0944502966327 1493.275330616407 
462.1791350290486 998.5374691621089 1284.7203642918162 12.595409029498017 982.7268522250442 
995.4124276452623 31.604132894248792 67.47560376197015 215.6533331705273 639.2925885479361 
1.7077196240159465 442.0843135881699 730.6326239362951 633.376065855176 1498.9064522678443 
992.8764136483336 609.5792881850049 1470.9979831266448 1451.7297178313383 756.1466676514323 
998.6175414995555 202.2038463153355 723.254929706872 122.96302023665213 1481.457836482017 
413.9374276355892 986.7423781877034 2.1290338208587722 120.21468009736047 958.3144624986777 
547.988409533423 988.6466634412932 1021.2388432223921 716.6741417806293 10.253957417382665 
14.920077895777094 54.59853889520572 529.0619252019152 1487.8898118718193 714.7835667157713 
548.4456873323596 999.1998396174487 3.7551582749674184 1495.1208418013357 1359.9389474872996 
962.384922341918 42.41484093737691 783.0743685488794 1007.0961192626992 51.5929412340802 
17.200425541985087 40.55411600820291 1475.684691472972 413.3754847604529 868.5522702838755 
3.408280777084549 18.995281855087253 20.671795398089053 10.044079993559496 682.6046850764612 
525.5327618750129 585.8011233333859 1429.8680584514539 1495.9155224221165 1485.7453156542797 
514.5756658033783 476.38049136182394 16.590950214043552 0.8487832488710545 11.573903909470884 
976.7009988456932 983.3384648551249 854.8611105184862 10.412288856743057 706.3618470480071 
48.538729182157184 980.399591872805 867.3693241245942 1431.2777449923808 32.45729160396321 
26.58230311308929 406.2109555332014 1415.7923517334523 72.95359207306944 12.61457470742372 
972.2014754026197 509.2139307855044 14.113583423476461 1136.682571601806 549.7359793392957 
15.887627346961919 979.1982697884863 786.4783730645926 940.2520911238904 1498.6281081960565 
743.2546219376279 16.71857298514079 12.233389221549263 563.9651792448925 1486.7057250354794 
993.8359820441162 513.3694897585736 1451.5210238087582 904.8431220553954 23.26376555138787 
10.872185328498652 2.4142322513666103 753.305663113929 56.15215269638113 1442.0475012723955 
981.154691714677 22.77147198361884 756.6373232551956 1469.632717171652 797.1527342520717 
557.2853034327004 977.6138641597195 1477.9305421923677 1460.0018735526014 853.9419484467271 
370.0147321739238 678.3710129480964 32.31621462369316 1461.6781354926775 4.4948822779485305 
997.0132858817607 974.790752389521 700.56244863314 965.9412385779854 1440.4544153930049 
6.062160893297919 981.822403759838 32.86108853210307 512.1172421965009 693.7438911144881 
518.8491394562011 453.703203458733 1356.1798985687067 20.18363850257404 1480.6338703633498 
376.1633885489972 12.973041524046991 1386.499437411171 5.555563719031209 41.524336891026856 
11.716284175632307 24.747965845606345 84.91017951986801 968.0392239348693 1402.0859388152978 
920.3032764205418 68.6990815977615 13.620472933920658 761.7126161477776 16.912609886887807 
901.8225770481728 677.7892547255567 107.42454050209943 24.24872381254478 1443.085594470704 
408.98550187958085 972.1165283408491 691.5727032934163 3.760075047840594 114.94976395149659 
999.0016477096608 411.50229111165936 1457.5166459592056 251.72165231074777 639.8305401792306 
986.0022354597038 942.6099573683267 796.9944109979314 1121.3582074388783 22.0342287096365 
113.66250035992121 528.2917998378363 6.966371925345327 1416.5993582831159 1408.7331228363153 
33.94825856528605 712.5441023957409 1455.4491586643962 0.03463731996672381 936.9648660619725 
29.80395104946232 282.6240954643683 873.5345001972073 1480.681803631393 6.028896983579002 
547.2217021129293 16.159019806214815 1496.4323477163894 1366.4625846607178 1463.2070203864785 
709.6873660144279 33.451892843946005 67.30100097299241 1454.2182476537967 1302.932705241444 
3.3558128663373488 22.491317706607063 8.308283688197305 131.42794733456643 4.013684998400047 
34.42465575409681 447.21204258977525 1447.2920915367783 894.6821265369678 1448.5295477642346 
488.97493168021333 632.4942570195753 1447.3409394502191 1466.8480517965427 6.816732421330074 
