284.48128771699055 129.44105484171254 40.0488533765937 604.2446620154353 1009.42404601361 
963.7664972254793 995.0461718477106 1485.970343076941 1477.681975617458 80.78922075343642 
26.294674134422127 985.6785195451257 1414.7994739690978 79.57139767005856 1464.3448151634166 
991.2499526559197 119.81752874870332 1499.718858623751 55.64322776117997 18.51236164509085 
997.1807712121041 53.96750829181529 1337.625167717874 1456.7591461775717 1487.144605135452 
59.58759025645999 63.952780869284794 1443.7035079376203 1449.2723016189639 21.053368474448884 
963.932024591541 983.2676920689772 152.98165635291699 85.67257979220454 1471.8028789563084 
13.502902753738887 953.2274367417332 152.08338181643865 142.09450837889798 25.802894154141832 
968.6445702336645 224.98623730599033 9.517165837379327 1499.7275054299346 11.22241028514953 
138.250232935927 997.8373361390604 168.7117583467177 1460.5883900247316 1414.3187520923866 
10.47501267049622 24.339825550174332 1471.631285728873 15.504397261469405 1234.8489093146088 
972.6894767774752 2.322351089806607 8.660921051633908 12.049610615157802 75.28210588015682 
967.2347168669619 992.0154997234621 1482.0266479949744 1384.960356300153 1495.764137806499 
245.01285939585793 988.8556540724235 1476.5174575946248 56.26808769060659 19.668003813813783 
32.76316923602429 721.8668212144552 37.271355453752264 1493.699141819119 68.71834048087011 
9.569127647523047 657.4358069962682 1466.9969566672708 1467.0205552903774 1457.7594721936682 
982.5897895582422 577.0738952166325 1446.2940787180837 21.457023181904177 1469.5628715347978 
998.324360893335 253.3348803567942 28.914864954066978 1490.7908957054658 1470.2030291973724 
1.1688022901515938 14.812501398349553 896.269228601249 13.316224659583042 3.5436536327082546 
935.4365467162529 968.239876554968 36.15444404057172 407.77049461991885 165.33798017704265 
986.3178765047512 52.59719845258726 183.14305984803968 0.7298210587348142 1359.1013510632783 
4.332084552136628 999.9037206745301 20.969549736979953 56.73589759873149 1205.8609952389822 
54.95021235035691 945.7654883680171 1322.3189384231498 1478.4202841316226 207.19650183518667 
830.9824514236825 100.19611485404212 1383.59633985805 1488.6725540167067 16.96926078991895 
971.6905968830242 982.7045064198016 41.78572175644707 1499.3292813523015 1227.6984333338457 
2.8966959294863814 26.944828201868166 3.688855564524973 1399.517840812638 108.14151905463542 
958.6369952896839 997.7648045117161 1158.9805138411893 12.05951424391305 224.85563620757537 
11.007683619187913 62.0250932352423 348.9362662053765 1376.9321485413955 1404.3355199253674 
987.8590054472107 923.893306164853 31.45125522417047 1466.019275726618 12.624732344996614 
8.916841795192143 215.53308498694435 33.65366643557161 10.259425122913001 1499.7482562020455 
233.78954788855233 3.9298220066319445 1442.4076137187558 1440.003628273016 1314.1317373277964 
16.44517249648636 114.45164294013443 2.372206914279029 76.87912586310136 13.710734791280544 
699.5854975838032 23.848542490872205 1498.0801286335468 330.66313194844486 1306.6644278971346 
479.21154522317875 996.2490957686214 1481.1782802011357 668.6553340084675 959.7386870876363 
951.2110282787957 17.77333963478489 696.6697648140891 803.0664701205244 7.716344885448256 
16.15995905183698 443.7208927718711 1491.3561098166042 78.07054196294555 62.30715944886123 
384.6436263488338 675.5407306756032 651.5928553968926 2.3280276339213146 1495.5798431471762 
986.9769492978655 497.9885390948989 1461.9350400578567 1475.7769206175612 831.7878122038449 
647.0595953233675 8.748773998614956 229.46768965305233 1485.880474401717 720.2280244344194 
597.1189128685821 621.2787288191888 98.42714620167553 48.93797468160488 7.523401984956212 
547.61271649907 981.2094323112821 1.9858720635883564 827.4005453655338 1499.9580577657848 
383.9789368102761 976.6084682305102 516.393039197314 1236.5941156091017 33.5607974747964 
410.02689183140495 1.594838033174617 1475.1490349864016 696.0654123837859 85.76843527916262 
994.3704232942627 972.8179321710057 1046.6279659353845 471.0314937032443 1494.5720389208122 
0.6731302369300529 999.7296666553251 894.3500599912305 994.9573078290839 1302.2527568148166 
11.96382859359202 61.84945905182937 967.6656597266222 675.2659381662728 1484.9148676300392 
979.5738321781348 94.98421261887225 635.2665599124389 656.8143544461673 1454.756015518093 
956.276841425445 790.407432568058 1435.7114164423674 572.7100851063806 5.8077322331068215 
633.2069452499176 4.598043290334641 690.8405236997434 40.88164377731995 546.6916408832989 
34.916623042690276 351.816057997654 758.7123327893981 1493.3184766074132 657.5896751580188 
997.8245037088012 975.8393736282715 890.0264626064662 1448.1256684587015 836.2606573954406 
117.92736437038975 998.9787493970847 3.3682259538154735 835.4249590019436 557.8535022259915 
489.4973136767312 27.9850838526019 17.291253867547983 801.053757629692 23.84583389581524 
13.80676456173835 727.9916530414647 837.2171497088111 27.643635923672193 665.1485723865947 
464.034437111576 998.4319650149251 1427.1636569354325 1453.839060955153 1444.7351198717263 
987.0073873344982 477.97348213500203 19.66520956112022 54.71403400475228 512.9977352982473 
213.29940991490182 509.2537450249679 12.530116618176269 1361.0744085881536 1463.198969332173 
941.6286945048505 998.3783690572334 1455.656167987609 20.919972774735452 843.4167086239825 
2.166097437606984 5.733913608767072 127.4236458643267 21.85202030291539 785.6956679916535 
32.70077195259613 974.7188991151835 1329.443901664024 636.7057625892425 78.11563194103083 
982.1295783959955 0.5799659432613735 1388.8494831837147 1472.7072203323637 752.4014401254615 
338.53970322322266 511.32260485305017 1488.0586206822722 50.942645857053435 1442.597857858177 
592.423441926832 593.5395770619972 1380.4451619242761 1499.484827488258 35.385313464918354 
550.2897261591967 29.760089281713697 767.733510521821 1467.6320330907743 1491.3473472590467 
19.708160403714924 8.468581653042317 641.8566524012263 757.1303610938619 0.38106373681479067 
503.27723604768073 981.5382192275669 42.64613068143191 44.27226058077682 634.2752992946291 
983.9323700347704 91.93115301055511 1445.5046360518763 143.6901339845697 888.9438163927358 
983.2761554767767 42.738143647656045 45.768619793539465 832.7811488698134 745.2029794161085 
419.5893816332792 9.630426192010265 18.450292829133573 140.43829040478872 1481.4353195193821 
1.3321716016976293 50.464477509608145 1482.4815174141545 76.85799319847281 491.90704459191926 
920.2010180727962 602.8978368442333 586.6222228535993 1496.1372589188254 1491.3754207137647 
969.460578651921 987.910990957193 647.3507512095464 945.0848685992248 58.865091777643265 
10.139911835934434 522.7091659597698 1485.838563826285 1466.6023880409173 625.5383852559162 
998.98450099442 483.1196721282561 64.45788631903804 148.8814545215115 1433.1778810757237 
854.9666792138968 515.2651877153669 936.748739458506 5.89286149685625 20.740543793649756 
13.782679954720711 11.771408400441107 2.7412512386383314 1371.9769365746652 775.096963206985 
500.53139711174344 71.19214821187026 707.3529839193791 1485.6243999293517 8.856997890125895 
976.0797699925155 421.9328423354525 1495.5368207751671 746.627947754645 1458.7425649692623 
6.453878455060069 542.2739195876131 17.13359239047024 20.42717851494552 36.71819918409736 
39.69468092847439 473.6475410715395 1488.9817355181947 650.4729015351669 1424.6606689541677 
1.4215614338105587 556.8748880455377 36.65189913760647 397.975841419771 1487.8113115484666 
966.0053023258386 958.7234554965395 22.053981161057223 949.5469401096874 654.3919579126931 
439.2297893941243 6.694488530930243 18.577184942724035 4.749208020282669 3.6419183623185303 
454.96716415004624 145.66689872775075 1481.2806738260151 24.632228734815854 20.60490331775838 
34.37011222173747 948.0146981889554 116.52445832940161 1461.7209056967815 864.3351185711131 
116.08051446220058 28.05748097496441 711.1490844742806 16.265355152789816 1485.6251688167001 
462.11394455354514 473.24572653036614 1499.836947934201 1482.8895076366648 1483.1774652171339 
599.8291774456479 998.9328689266295 779.5821466392483 73.33929910284154 12.02319440026528 
630.6853353528463 449.211942039474 2.206574101928427 1414.2967562663544 15.702841046148608 
589.2566798764823 997.7579497781733 1446.0589865368383 1487.8040571857543 595.9192868549005 
467.5043476411346 966.5704955589842 1451.5699283439164 61.24446173315695 1402.505182315318 
984.4429440793502 166.10288615855973 1484.6208557292223 924.7683027843673 216.28717635933847 
8.364771202396316 936.6125248606527 524.1506579179082 831.5502755130241 17.738090814608864 
942.998206772129 46.453140117478476 1099.0934917040413 105.30951887699818 1496.9922249604044 
972.3576942140841 998.3126963518434 547.2556948667287 914.3348184918088 1477.2548113826417 
3.339181160447735 980.7081905526969 1268.2665521660326 1495.1582685170924 1073.7389528077158 
8.73234338607487 100.83778495324377 1467.089877542687 1388.5746565999282 850.3202661028873 
598.2937251319119 12.662921246511027 123.58381407782382 1218.0286685142923 1413.0849262780314 
8.036715492482195 401.4931947043372 18.00086575236215 940.6410878834516 24.203542552187763 
996.6487638042851 962.1672620104158 795.4891469147623 34.65353832307854 896.1175595491411 
