908.4455795865529 877.4998178407698 889.7439382635612 905.9979659521473 1466.6756090113797 
11.331606227607981 12.518270377260055 86.48463709494602 9.175595031810314 48.51233970974017 
105.83633568028903 762.5496263801084 1463.5206814301496 1441.9416246037943 8.449143733987974 
949.4851505371311 83.15434779425479 1498.0151163310657 72.48430265983046 8.123460487339084 
5.803738969808125 85.17379705253293 82.52178825922799 1387.544416269231 1469.2127423749032 
966.8948574393462 986.0656013450898 65.44848909778278 72.96517139271708 110.80308656731336 
871.2430974476404 8.184964528220151 159.09992490704795 1492.9208350769213 39.04849172565711 
6.515334749993662 831.4901441071139 1493.746588875446 104.10521258218108 1175.030515036588 
907.5427840592865 202.9069516526556 10.405836806972435 1.3226353779426936 1487.8399322550035 
998.068703432492 11.00799730328539 1456.1831469132458 1345.4597509645544 1468.7966191533455 
50.09354297158153 979.6273794971589 63.52248551504608 1065.958909516335 97.21456569303533 
989.6786897748076 979.2704970747221 1496.0560893173088 1445.4584539039295 284.51177293697583 
78.26818824787252 997.8655373049904 28.274510739678295 153.60237907710507 1255.2422621240526 
3.407718612573718 54.64255274845742 1465.6377382975948 1359.015284804633 1064.0363057485215 
71.31966666726997 28.635867724465804 1453.7157011373029 47.671116676946454 28.282136997732522 
13.569916074411047 959.7650386150929 1395.2154083925736 1472.1747756741559 1488.3489721858418 
929.449643507255 43.089719247607846 4.502977384383044 49.21979821312067 1.0139626553544723 
6.480613729822671 93.23291095944775 570.5710342817074 3.9523423201234253 1488.4818747742513 
980.5870766817213 122.57119451173115 121.96038768875039 1480.6889027145276 1425.1494946276675 
975.0719013462403 472.651669398207 1494.6465862219202 33.57152893730753 1481.842458758593 
899.4576072639219 947.0314439361758 60.744782862029155 1499.0276652387604 243.12554207980742 
883.278378448024 967.827281007165 1486.443686373724 187.11722394883273 57.114258575065854 
49.31601973770583 15.332683188792885 21.788055259908067 1458.6619345887605 108.20602642490567 
996.5626204565609 64.403611795267 1494.867690217735 1328.3957648195264 197.18065574513082 
37.02389309909149 929.0701683009735 890.6292943149176 60.2865484199695 48.87453046644241 
39.17418396104644 900.1720896368993 4.2686116322976915 1323.0218911458992 1431.4412012011198 
960.1563312413128 968.5015645048178 248.956170293331 58.30091870017201 1438.6054620515445 
998.2159468591389 991.0854368714315 42.31291430295603 1487.4377949564064 1298.7038865021923 
288.0214592506041 6.967925101859507 1481.428343814208 1303.2330498831955 36.70208586932306 
535.0600631690925 12.221764999443385 1356.697251489102 11.941672861917441 1130.1503812691294 
996.7063801679133 874.1287700827869 1484.0656297337248 1493.4632453144268 1481.9146776016084 
4.564793177812221 696.1968450673872 25.029343275373428 27.12928041117185 1.7467865926179549 
493.7956408079506 2.545411756238347 75.26862074859957 640.4067083932276 874.2248661481706 
924.9503790563012 999.5735673918686 1485.7312915727075 72.42015593630386 1481.787588604043 
956.7224004699759 637.222277715222 817.0331756658064 796.3696319833064 1.0048677722609978 
2.9058739016066815 560.3070668939316 613.2889104147233 1473.7030766467394 691.6807751727438 
121.535804119825 163.40102491235896 1459.7364558712427 608.148459503956 1473.3019241362958 
983.3268434820789 0.9100678417786057 660.7604288702651 0.4875094811354064 943.5832504580702 
24.867146653217652 976.0121668746986 1415.4397673972048 828.4936772828266 639.8461602505292 
526.8086205497098 367.50357689925823 1486.616312936731 1495.4065864138163 1492.3819608579768 
6.537537614519806 499.2540937597647 19.87688228391121 279.9047550125913 1476.5067469134106 
16.418123913179095 118.84632074639778 685.1983831059193 734.8902506276299 19.63231622226469 
271.3587063487054 975.0037390198187 743.8585805869775 47.62490524711105 1455.0154733779132 
611.7897508557202 532.8025511091978 13.106393926104632 786.2342566616079 47.89357493631513 
399.3911895084823 554.241452727135 1464.547355909807 17.13282176290315 327.2619200377633 
449.7044384606156 997.6909122689568 426.1302665369111 1471.2130312790225 1480.0359971803618 
417.45133514903483 990.9020751734608 978.8997810055522 1460.3188971965276 59.86356395966402 
997.575871922117 297.2987900347007 876.6167730884542 1456.1076350046071 756.7351320847033 
942.1853109317094 997.5934473512624 1075.1951549629127 6.363175934502586 705.192658887986 
952.0047705433698 14.67121770514057 960.8510918301567 687.3118554892167 1477.671426476746 
85.05271065367559 34.821203780894926 4.699319136224956 8.089219882549404 989.0455742275099 
975.1852803184271 552.0247989823504 4.338649632124603 675.8784261940342 1284.3526891296017 
520.0246349610553 25.29779391037046 673.2141162109123 5.634872633250798 43.09662872238401 
465.2591205431055 951.3361880838802 141.90449306010316 0.7284955321613107 625.8672190730911 
560.8982873632291 988.5362597559421 1464.6599899444295 1493.5838959167957 841.7868355532433 
411.41073833206764 52.052076600407894 147.60289360952007 1488.1348246527584 857.8641125316341 
4.448524963697853 76.58540511363444 1436.3845402226527 110.44442355143607 983.3576579882047 
988.5146586245364 34.46210722408083 5.413565936055409 781.2133271161633 53.67281009950814 
286.5546005499584 975.6402643700832 1483.3042220502339 787.4354387351503 1474.986125529153 
182.30228166355434 166.63389512698456 824.5415344339646 1489.8873030913917 1499.2440514251552 
14.845305084462023 57.55706981504694 742.6765859490289 1459.5128400262176 6.951000184691136 
805.7976215003827 560.2086756799018 1496.1126558180993 1427.8618014017432 10.661894314266007 
43.94898335242392 759.2437060031056 1455.492274261005 24.773281344426078 1.5606463402522142 
950.6166989951354 525.2833309261837 755.3307066387173 39.76009128670671 49.479560459305574 
28.22046630134767 463.45067828428233 22.600326729153075 1437.967821259586 96.57183007848558 
995.559077171884 359.2538630075444 1453.2386715536916 572.2360780585966 746.9253353592463 
994.5393958861155 5.5034391077850575 6.409898470798314 814.403172681643 1201.5181762288773 
987.1405915371892 986.8754279133473 277.1473801509447 720.7541036725263 675.2253287032739 
101.11099866613904 9.959549846155657 20.66424482228413 629.5492641597431 1475.2155817760424 
498.0546154030555 993.8813290847079 88.53340741947102 1482.2161421482351 416.74190092121086 
2.4851390135516294 981.1266271873817 713.710984800179 1470.916720132758 1485.707442771025 
475.57369903552006 966.4279430249071 1486.85442144362 25.769026453853428 1477.0028015399623 
32.02197935853535 991.5307246477091 16.785146369256932 320.32383136645393 453.4145098720021 
991.9748397216246 938.8084524907414 919.6351464212001 1493.878960167689 25.698873574162562 
11.006725487367142 292.9223534431934 1413.05030670312 709.2692817507136 55.76681894867863 
993.146584581874 480.5681525959656 566.6863983466399 1485.20885188371 1494.5669240752497 
488.6513577011703 532.4255186031637 47.376203134240015 21.16032440994331 1432.8803491919741 
639.2321236003426 34.83876270666153 978.3095191977662 1421.5365453489221 19.67090581043296 
582.8213487509579 498.4623781059545 44.43074906926925 8.09668353152776 2.591355291312991 
987.7084291564004 958.3156954927997 1489.6235245097591 812.5543252184275 881.9477374689794 
18.795580463519812 465.35689692424876 1466.6974649776737 1413.7455354897465 1455.929433215136 
961.4899900262056 321.03099533875843 3.802812177830517 1437.7287039106548 533.1552758458564 
451.0818067852569 962.1029051415014 1475.3490870399642 591.6976563041212 98.4008184230255 
20.017309041630572 1.0398936953196491 677.1249690134845 29.56337019324279 517.6793044768865 
804.7777518943179 972.584839864326 15.608490928522233 803.8579098579426 1458.3215530936866 
865.3481069356803 29.98733545673926 1487.4823413707015 56.07156323026102 1273.0248721327384 
363.1909910126553 4.057798435479154 54.685416826765476 714.7915230674578 2.1978684199452925 
11.52209738914134 934.0016427180987 594.961436478067 650.927512135176 1475.3968739786067 
611.0520879466541 34.043477206982196 1406.2133837107547 1336.2827986239638 865.0098778863595 
560.7739915087235 13.990049605757449 412.514247577708 74.50257468521232 1498.7990815045152 
561.400898205964 13.226084183514452 1482.6159002869747 33.482947099859494 172.91874287153226 
6.839194489526967 920.6541600487226 971.182244382089 1474.1786886648924 89.5476361134771 
12.104196035505277 517.7542526376083 49.760375026946576 1441.702256506839 1424.8467321395078 
556.8075957307177 960.1093500712133 486.04717093887905 9.03524731739147 13.098819909606652 
978.3740926101129 169.51945236587284 35.452839993873496 1.8964149949226572 535.185266761418 
70.2545845871867 6.455090320739321 776.8272201562079 806.7418893042051 1476.2102563283136 
948.7756803279312 32.17992154814642 767.0295439630022 490.02267925173373 41.887744627846615 
582.8931237516587 999.8285141469254 1477.8451390005127 1404.8808488823022 1495.7373132122955 
952.3049259859358 571.5554487900671 1467.1437388354927 14.43872831942633 86.0511116804134 
953.1029889162169 20.82685808079421 794.6180403012759 1434.9821742946924 1496.6498165636967 
