-0.567 6056.0 
0.62 2836.0 
-0.567 6056.0 
0.201 3104.0 
-0.101 3324.0 
-0.352 3630.0 
-0.459 4044.0 
-0.506 4358.0 
-0.44 3918.0 
-0.382 3716.0 
0.236 3083.0 
-0.23 3425.0 
-0.325 3567.0 
-0.209 3402.0 
0.582 2861.0 
0.139 3145.0 
0.112 3156.0 
-0.562 5655.0 
-0.001 3230.0 
-0.553 5184.0 
-0.088 3290.0 
-0.558 5436.0 
-0.563 5728.0 
-0.251 3448.0 
-0.497 4291.0 
-0.476 4110.0 
-0.564 5785.0 
0.336 3019.0 
-0.555 5277.0 
-0.548 5018.0 
0.299 3039.0 
-0.532 4712.0 
-0.556 5350.0 
-0.411 3834.0 
0.386 2989.0 
-0.525 4584.0 
0.264 3062.0 
0.55 2882.0 
-0.445 3989.0 
0.297 3041.0 
-0.167 3361.0 
-0.561 5589.0 
-0.138 3331.0 
-0.52 4506.0 
-0.51 4456.0 
-0.559 5528.0 
-0.538 4787.0 
-0.024 3247.0 
-0.397 3762.0 
-0.283 3505.0 
0.054 3195.0 
-0.402 3773.0 
0.524 2901.0 
-0.508 4425.0 
-0.147 3346.0 
-0.547 4975.0 
-0.566 5951.0 
-0.188 3384.0 
0.366 2996.0 
-0.566 5951.0 
-0.565 5854.0 
0.486 2926.0 
-0.554 5226.0 
0.041 3210.0 
0.508 2912.0 
-0.487 4188.0 
-0.065 3280.0 
0.353 3006.0 
-0.55 5095.0 
-0.455 3996.0 
-0.521 4540.0 
-0.557 5394.0 
-0.303 3530.0 
-0.537 4762.0 
0.547 2885.0 
-0.494 4235.0 
-0.355 3661.0 
0.596 2852.0 
0.249 3073.0 
-0.046 3257.0 
0.017 3216.0 
-0.264 3466.0 
0.403 2976.0 
-0.527 4644.0 
-0.55 5095.0 
0.094 3168.0 
-0.544 4921.0 
0.156 3130.0 
-0.529 4659.0 
0.43 2961.0 
0.608 2843.0 
-0.181 3371.0 
0.446 2953.0 
0.181 3115.0 
-0.37 3674.0 
-0.542 4861.0 
-0.059 3273.0 
-0.565 5854.0 
0.024 3211.0 
0.087 3173.0 
0.619 2836.0 
-0.565 5843.0 
0.619 2836.0 
-0.158 3351.0 
-0.54 4824.0 
-0.561 5585.0 
0.028 3208.0 
-0.329 3604.0 
-0.525 4635.0 
-0.138 3333.0 
0.321 3027.0 
0.339 3014.0 
-0.524 4561.0 
-0.564 5768.0 
-0.496 4261.0 
-0.195 3387.0 
-0.518 4508.0 
0.081 3175.0 
-0.042 3255.0 
-0.51 4447.0 
-0.56 5530.0 
0.0 3228.0 
-0.413 3815.0 
-0.111 3318.0 
-0.221 3413.0 
-0.548 5044.0 
-0.536 4753.0 
-0.563 5704.0 
0.284 3051.0 
-0.238 3432.0 
0.367 2997.0 
0.292 3045.0 
-0.358 3643.0 
-0.557 5355.0 
0.493 2918.0 
-0.544 4917.0 
0.254 3069.0 
-0.553 5182.0 
0.169 3120.0 
-0.466 4066.0 
-0.25 3459.0 
-0.55 5095.0 
-0.558 5414.0 
-0.068 3274.0 
-0.505 4340.0 
-0.379 3707.0 
-0.436 3922.0 
0.464 2934.0 
-0.284 3494.0 
-0.534 4705.0 
0.59 2855.0 
0.438 2958.0 
-0.457 4008.0 
-0.556 5303.0 
-0.486 4178.0 
-0.027 3244.0 
0.393 2979.0 
0.533 2907.0 
0.2 3103.0 
0.187 3118.0 
-0.552 5144.0 
-0.427 3868.0 
0.617 2837.0 
-0.547 4980.0 
0.126 3148.0 
-0.499 4284.0 
-0.442 3939.0 
0.407 2969.0 
-0.09 3292.0 
-0.267 3470.0 
0.056 3190.0 
-0.318 3552.0 
-0.012 3233.0 
-0.402 3780.0 
-0.554 5253.0 
-0.48 4134.0 
0.056 3190.0 
-0.465 4060.0 
-0.323 3562.0 
-0.48 4134.0 
-0.102 3301.0 
-0.449 3979.0 
-0.304 3525.0 
0.223 3085.0 
0.438 2958.0 
0.214 3090.0 
0.572 2870.0 
0.239 3076.0 
-0.073 3286.0 
-0.559 5460.0 
-0.367 3672.0 
-0.39 3747.0 
-0.504 4331.0 
-0.422 3853.0 
0.561 2874.0 
0.148 3133.0 
0.549 2882.0 
-0.486 4178.0 
-0.563 5704.0 
0.511 2915.0 
-0.567 6095.0 
0.624 2833.0 
-0.567 6095.0 
0.624 2833.0 
-0.566 5962.0 
-0.552 5212.0 
-0.492 4293.0 
-0.466 4072.0 
-0.007 3230.0 
-0.303 3523.0 
0.577 2864.0 
0.15 3131.0 
-0.105 3304.0 
0.051 3199.0 
-0.451 4004.0 
-0.274 3482.0 
0.422 2960.0 
0.281 3051.0 
-0.511 4456.0 
-0.518 4520.0 
-0.388 3751.0 
0.12 3151.0 
-0.504 4365.0 
-0.564 5793.0 
-0.422 3859.0 
-0.537 4781.0 
-0.193 3394.0 
-0.533 4704.0 
0.453 2945.0 
-0.548 5070.0 
0.189 3108.0 
-0.56 5539.0 
-0.037 3252.0 
-0.528 4671.0 
-0.486 4210.0 
0.168 3119.0 
-0.562 5677.0 
-0.365 3660.0 
-0.554 5325.0 
-0.128 3322.0 
-0.559 5457.0 
0.018 3215.0 
0.351 3006.0 
0.495 2916.0 
-0.33 3579.0 
-0.563 5708.0 
-0.141 3333.0 
-0.565 5846.0 
0.379 2987.0 
-0.438 3915.0 
0.301 3038.0 
0.47 2932.0 
-0.476 4134.0 
-0.508 4394.0 
0.507 2910.0 
-0.527 4589.0 
0.409 2979.0 
-0.448 3964.0 
-0.183 3369.0 
-0.542 4856.0 
0.092 3168.0 
0.527 2894.0 
-0.561 5584.0 
-0.556 5329.0 
-0.397 3791.0 
-0.557 5412.0 
0.107 3159.0 
-0.525 4571.0 
-0.244 3453.0 
-0.546 4994.0 
0.557 2877.0 
-0.339 3603.0 
-0.217 3411.0 
-0.539 4829.0 
-0.082 3287.0 
-0.377 3696.0 
-0.55 5130.0 
0.243 3079.0 
-0.312 3554.0 
0.013 3221.0 
-0.482 4190.0 
-0.547 5005.0 
-0.159 3357.0 
-0.544 4920.0 
0.077 3178.0 
-0.442 3922.0 
0.315 3029.0 
-0.265 3470.0 
-0.254 3462.0 
0.232 3090.0 
-0.415 3835.0 
0.257 3072.0 
-0.48 4144.0 
0.527 2894.0 
0.222 3095.0 
-0.167 3359.0 
-0.544 4920.0 
0.557 2877.0 
0.39 2980.0 
0.576 2866.0 
-0.567 6089.0 
0.624 2833.0 
-0.567 6089.0 
0.359 3003.0 
-0.332 3579.0 
-0.566 5950.0 
0.422 2982.0 
0.546 2890.0 
-0.138 3331.0 
-0.421 3877.0 
-0.289 3512.0 
0.572 2869.0 
0.451 2944.0 
-0.565 5846.0 
-0.173 3366.0 
-0.366 3677.0 
-0.561 5613.0 
-0.562 5662.0 
0.222 3087.0 
-0.553 5221.0 
0.323 3022.0 
-0.538 4784.0 
-0.465 4059.0 
-0.257 3458.0 
-0.543 4981.0 
0.283 3048.0 
-0.062 3271.0 
-0.527 4606.0 
-0.204 3415.0 
-0.499 4367.0 
-0.542 4865.0 
-0.548 5070.0 
-0.443 3981.0 
0.159 3125.0 
-0.343 3635.0 
0.427 2960.0 
0.044 3199.0 
0.257 3065.0 
0.494 2917.0 
-0.52 4521.0 
-0.479 4165.0 
0.193 3105.0 
0.309 3031.0 
-0.488 4213.0 
-0.086 3287.0 
-0.554 5288.0 
-0.56 5513.0 
-0.533 4683.0 
-0.409 3823.0 
-0.522 4567.0 
-0.375 3704.0 
-0.492 4239.0 
0.595 2852.0 
-0.472 4106.0 
0.513 2904.0 
0.019 3213.0 
-0.198 3398.0 
-0.547 4982.0 
-0.559 5512.0 
-0.563 5761.0 
-0.233 3429.0 
0.058 3189.0 
0.097 3164.0 
-0.558 5416.0 
-0.037 3254.0 
-0.007 3231.0 
-0.513 4421.0 
0.181 3112.0 
-0.018 3246.0 
-0.439 3934.0 
-0.385 3729.0 
0.478 2928.0 
0.13 3145.0 
-0.531 4670.0 
-0.51 4389.0 
-0.54 4805.0 
-0.276 3483.0 
-0.564 5786.0 
-0.55 5095.0 
-0.115 3312.0 
0.27 3055.0 
-0.399 3808.0 
-0.342 3625.0 
-0.047 3265.0 
-0.497 4298.0 
-0.556 5350.0 
-0.478 4127.0 
-0.552 5149.0 
-0.094 3297.0 
-0.268 3473.0 
-0.453 4021.0 
-0.391 3768.0 
-0.496 4295.0 
-0.557 5397.0 
0.147 3138.0 
0.603 2850.0 
-0.439 3934.0 
0.084 3173.0 
-0.555 5324.0 
0.236 3077.0 
0.618 2838.0 
-0.567 6083.0 
0.618 2838.0 
-0.567 6083.0 
-0.472 4118.0 
-0.564 5782.0 
-0.556 5307.0 
0.419 2963.0 
-0.487 4232.0 
-0.566 5954.0 
-0.565 5907.0 
-0.187 3379.0 
-0.266 3471.0 
0.262 3063.0 
-0.118 3319.0 
-0.528 4646.0 
-0.553 5193.0 
-0.451 3984.0 
-0.157 3354.0 
0.462 2941.0 
0.495 2921.0 
-0.56 5521.0 
-0.432 3920.0 
0.006 3225.0 
-0.283 3493.0 
-0.561 5610.0 
0.598 2851.0 
-0.547 4978.0 
-0.512 4473.0 
-0.421 3875.0 
-0.557 5385.0 
0.296 3045.0 
-0.563 5708.0 
-0.241 3441.0 
-0.396 3753.0 
0.404 2975.0 
0.3 3039.0 
-0.503 4325.0 
-0.519 4503.0 
-0.406 3789.0 
0.526 2899.0 
0.098 3170.0 
-0.548 5027.0 
-0.017 3238.0 
0.121 3155.0 
0.195 3103.0 
-0.443 3965.0 
-0.325 3566.0 
-0.534 4725.0 
0.578 2865.0 
-0.229 3420.0 
-0.306 3532.0 
0.332 3020.0 
0.07 3190.0 
0.465 2934.0 
-0.498 4288.0 
0.167 3130.0 
0.231 3087.0 
-0.539 4783.0 
-0.376 3708.0 
-0.562 5660.0 
-0.298 3528.0 
0.204 3098.0 
-0.509 4396.0 
-0.385 3721.0 
-0.352 3626.0 
-0.523 4564.0 
-0.465 4062.0 
0.084 3173.0 
-0.524 4588.0 
0.564 2872.0 
-0.544 4903.0 
-0.559 5464.0 
-0.465 4062.0 
-0.55 5089.0 
0.359 3002.0 
-0.136 3334.0 
0.03 3218.0 
0.246 3074.0 
-0.091 3292.0 
-0.506 4389.0 
0.355 3006.0 
-0.048 3262.0 
-0.49 4253.0 
-0.552 5154.0 
-0.205 3398.0 
-0.558 5432.0 
-0.361 3669.0 
-0.091 3292.0 
-0.364 3675.0 
-0.07 3275.0 
0.55 2884.0 
-0.144 3341.0 
0.152 3134.0 
0.333 3018.0 
0.382 2986.0 
0.382 2986.0 
-0.339 3597.0 
-0.535 4741.0 
-0.205 3398.0 
0.624 2833.0 
-0.567 6082.0 
0.624 2833.0 
-0.567 6082.0 
0.604 2848.0 
-0.471 4090.0 
0.536 2893.0 
-0.539 4799.0 
-0.51 4426.0 
-0.554 5247.0 
-0.565 5920.0 
-0.546 4967.0 
0.394 2979.0 
-0.557 5359.0 
-0.566 5951.0 
-0.458 4017.0 
-0.533 4678.0 
-0.55 5077.0 
-0.5 4333.0 
-0.388 3736.0 
-0.483 4173.0 
-0.24 3435.0 
-0.174 3370.0 
0.057 3190.0 
-0.404 3779.0 
-0.564 5778.0 
-0.211 3402.0 
-0.351 3637.0 
0.416 2969.0 
0.437 2954.0 
-0.552 5149.0 
0.302 3037.0 
-0.343 3603.0 
0.339 3017.0 
0.192 3106.0 
-0.516 4474.0 
0.093 3167.0 
-0.112 3313.0 
-0.544 4915.0 
-0.542 4848.0 
-0.562 5658.0 
-0.063 3274.0 
-0.367 3680.0 
-0.526 4612.0 
-0.563 5696.0 
-0.009 3234.0 
-0.559 5479.0 
0.079 3177.0 
-0.556 5317.0 
0.364 3001.0 
-0.087 3289.0 
-0.374 3702.0 
0.173 3118.0 
-0.561 5572.0 
0.262 3061.0 
0.236 3077.0 
0.487 2922.0 
0.536 2893.0 
-0.487 4205.0 
0.212 3092.0 
-0.424 3867.0 
0.475 2928.0 
-0.218 3410.0 
-0.56 5555.0 
-0.285 3501.0 
-0.153 3351.0 
0.514 2905.0 
0.12 3157.0 
-0.441 3937.0 
-0.095 3305.0 
0.149 3134.0 
0.506 2907.0 
0.133 3147.0 
-0.499 4293.0 
0.255 3069.0 
-0.252 3471.0 
-0.531 4655.0 
-0.564 5778.0 
-0.415 3833.0 
-0.413 3813.0 
-0.449 3984.0 
-0.312 3542.0 
0.035 3205.0 
0.159 3127.0 
-0.559 5479.0 
0.222 3086.0 
-0.135 3326.0 
-0.551 5117.0 
-0.327 3568.0 
-0.49 4258.0 
-0.136 3327.0 
-0.52 4531.0 
-0.436 3901.0 
0.286 3046.0 
0.027 3210.0 
-0.03 3246.0 
0.007 3222.0 
-0.327 3568.0 
0.623 2845.0 
-0.448 3961.0 
-0.565 5847.0 
0.624 2834.0 
0.624 2834.0 
-0.565 5847.0 
0.217 3099.0 
-0.554 5226.0 
0.167 3121.0 
0.082 3176.0 
0.391 2984.0 
-0.235 3433.0 
-0.512 4430.0 
-0.078 3287.0 
-0.27 3480.0 
0.002 3224.0 
-0.341 3599.0 
-0.517 4503.0 
-0.298 3517.0 
0.277 3053.0 
-0.563 5704.0 
0.303 3037.0 
-0.388 3731.0 
-0.257 3460.0 
0.567 2871.0 
0.341 3017.0 
-0.19 3383.0 
-0.504 4369.0 
-0.401 3772.0 
-0.526 4597.0 
0.427 2962.0 
-0.555 5327.0 
-0.428 3882.0 
-0.047 3262.0 
0.038 3203.0 
-0.52 4553.0 
-0.095 3307.0 
0.321 3026.0 
-0.207 3402.0 
-0.559 5471.0 
-0.551 5117.0 
-0.549 5077.0 
-0.558 5441.0 
-0.376 3698.0 
0.597 2854.0 
-0.56 5551.0 
-0.029 3244.0 
-0.548 5012.0 
-0.501 4333.0 
0.261 3071.0 
-0.437 3917.0 
0.545 2885.0 
-0.557 5366.0 
0.126 3146.0 
-0.537 4776.0 
0.478 2928.0 
0.098 3165.0 
-0.492 4245.0 
-0.147 3339.0 
-0.166 3367.0 
0.522 2899.0 
-0.561 5573.0 
-0.134 3327.0 
-0.462 4038.0 
-0.471 4092.0 
-0.564 5766.0 
0.362 3001.0 
0.13 3144.0 
-0.488 4211.0 
0.367 2995.0 
-0.527 4658.0 
-0.534 4714.0 
-0.463 4076.0 
-0.164 3361.0 
-0.562 5632.0 
0.156 3141.0 
-0.54 4828.0 
0.616 2839.0 
-0.545 4953.0 
0.452 2947.0 
-0.447 3975.0 
-0.359 3658.0 
0.244 3074.0 
0.02 3216.0 
0.555 2879.0 
-0.541 4840.0 
0.448 2954.0 
-0.482 4173.0 
-0.367 3675.0 
0.244 3074.0 
-0.544 4910.0 
-0.42 3839.0 
-0.115 3310.0 
-0.546 4978.0 
-0.456 4009.0 
-0.564 5766.0 
0.601 2849.0 
-0.202 3401.0 
-0.562 5632.0 
0.429 2958.0 
-0.476 4137.0 
0.518 2903.0 
0.623 2834.0 
-0.566 5954.0 
0.623 2834.0 
0.096 3165.0 
-0.198 3388.0 
-0.062 3273.0 
0.454 2944.0 
-0.385 3726.0 
0.518 2903.0 
-0.515 4473.0 
-0.099 3297.0 
-0.407 3790.0 
-0.511 4392.0 
-0.022 3242.0 
-0.365 3663.0 
0.276 3054.0 
0.075 3188.0 
0.217 3091.0 
0.382 2989.0 
0.418 2975.0 
-0.528 4653.0 
-0.493 4236.0 
-0.479 4141.0 
-0.547 4997.0 
-0.561 5605.0 
-0.498 4318.0 
-0.044 3255.0 
-0.488 4203.0 
-0.545 4934.0 
0.003 3223.0 
0.259 3078.0 
0.427 2963.0 
0.24 3086.0 
-0.326 3592.0 
0.302 3037.0 
-0.563 5719.0 
-0.239 3446.0 
-0.37 3718.0 
-0.558 5428.0 
-0.282 3492.0 
-0.557 5392.0 
0.482 2926.0 
-0.171 3366.0 
-0.46 4035.0 
0.589 2855.0 
-0.538 4769.0 
-0.504 4345.0 
-0.54 4823.0 
-0.349 3619.0 
-0.449 3968.0 
-0.565 5853.0 
-0.472 4092.0 
0.332 3026.0 
0.134 3145.0 
-0.556 5320.0 
0.169 3119.0 
-0.555 5296.0 
-0.144 3339.0 
0.482 2926.0 
-0.458 4018.0 
-0.559 5502.0 
0.016 3215.0 
-0.552 5137.0 
-0.191 3378.0 
0.049 3194.0 
-0.554 5226.0 
0.314 3032.0 
-0.56 5518.0 
-0.239 3446.0 
0.033 3207.0 
-0.299 3516.0 
0.373 3002.0 
-0.565 5853.0 
-0.564 5767.0 
0.533 2897.0 
-0.55 5065.0 
0.355 3007.0 
-0.422 3853.0 
-0.444 3951.0 
-0.271 3475.0 
-0.521 4527.0 
0.346 3014.0 
-0.552 5137.0 
-0.543 4877.0 
0.544 2883.0 
0.555 2878.0 
-0.549 5062.0 
-0.314 3545.0 
-0.554 5226.0 
-0.523 4543.0 
0.187 3110.0 
0.157 3131.0 
-0.562 5651.0 
0.569 2869.0 
0.148 3135.0 
0.192 3106.0 
-0.527 4595.0 
-0.303 3526.0 
-0.34 3599.0 
-0.535 4717.0 
0.622 2835.0 
-0.564 5804.0 
0.622 2835.0 
-0.239 3437.0 
0.556 2880.0 
-0.555 5325.0 
-0.489 4216.0 
0.59 2856.0 
-0.499 4280.0 
-0.563 5763.0 
-0.561 5568.0 
0.423 2959.0 
0.39 2981.0 
0.2 3099.0 
-0.554 5228.0 
0.33 3017.0 
0.063 3196.0 
-0.37 3693.0 
-0.047 3261.0 
0.231 3084.0 
0.16 3141.0 
-0.538 4759.0 
-0.344 3621.0 
-0.543 4883.0 
-0.484 4166.0 
-0.195 3389.0 
-0.548 5042.0 
0.294 3041.0 
-0.457 4026.0 
0.004 3233.0 
0.032 3210.0 
-0.551 5146.0 
-0.07 3276.0 
-0.322 3560.0 
0.367 3002.0 
-0.254 3454.0 
-0.179 3378.0 
0.458 2944.0 
-0.028 3249.0 
0.532 2893.0 
0.268 3073.0 
-0.407 3800.0 
-0.558 5420.0 
-0.309 3536.0 
-0.504 4327.0 
0.411 2968.0 
0.243 3075.0 
-0.562 5662.0 
-0.384 3719.0 
-0.557 5380.0 
-0.082 3285.0 
-0.545 4964.0 
0.502 2909.0 
-0.516 4474.0 
-0.156 3346.0 
-0.529 4613.0 
-0.45 3980.0 
-0.421 3853.0 
-0.398 3767.0 
-0.533 4693.0 
-0.562 5662.0 
-0.012 3240.0 
0.185 3109.0 
-0.101 3300.0 
0.17 3120.0 
-0.431 3898.0 
-0.513 4420.0 
0.026 3219.0 
0.11 3157.0 
-0.136 3327.0 
0.128 3145.0 
-0.56 5521.0 
-0.277 3483.0 
0.468 2931.0 
-0.165 3354.0 
-0.553 5193.0 
0.321 3031.0 
-0.195 3389.0 
-0.522 4556.0 
-0.54 4812.0 
-0.546 4977.0 
-0.478 4120.0 
-0.508 4363.0 
-0.386 3756.0 
-0.434 3914.0 
0.499 2911.0 
-0.293 3506.0 
0.368 3001.0 
-0.534 4697.0 
-0.358 3651.0 
-0.471 4114.0 
-0.444 3947.0 
-0.297 3517.0 
-0.511 4393.0 
0.08 3174.0 
-0.334 3585.0 
-0.524 4587.0 
-0.55 5086.0 
0.078 3192.0 
-0.467 4054.0 
-0.566 5951.0 
0.622 2834.0 
-0.566 5951.0 
0.622 2834.0 
-0.341 3602.0 
-0.563 5716.0 
0.426 2964.0 
-0.529 4626.0 
-0.289 3505.0 
-0.489 4244.0 
0.083 3173.0 
-0.55 5061.0 
0.198 3101.0 
-0.443 3944.0 
-0.545 4978.0 
-0.172 3365.0 
-0.565 5838.0 
-0.516 4474.0 
-0.54 4814.0 
-0.479 4147.0 
0.386 2984.0 
0.441 2949.0 
-0.081 3284.0 
-0.543 4894.0 
-0.564 5817.0 
-0.316 3546.0 
-0.493 4336.0 
-0.534 4749.0 
0.554 2880.0 
0.128 3150.0 
-0.486 4187.0 
-0.192 3381.0 
-0.098 3307.0 
0.226 3085.0 
-0.559 5475.0 
-0.243 3439.0 
0.363 3003.0 
-0.556 5330.0 
-0.451 3975.0 
-0.558 5438.0 
-0.43 3884.0 
0.527 2898.0 
-0.521 4535.0 
-0.47 4094.0 
-0.459 4013.0 
-0.002 3228.0 
-0.355 3639.0 
-0.43 3884.0 
-0.224 3418.0 
-0.56 5550.0 
-0.044 3256.0 
0.578 2864.0 
0.234 3078.0 
0.155 3139.0 
-0.561 5567.0 
-0.268 3497.0 
-0.206 3398.0 
-0.254 3456.0 
-0.114 3315.0 
-0.503 4364.0 
-0.544 4931.0 
0.54 2889.0 
0.257 3066.0 
0.286 3057.0 
-0.026 3244.0 
-0.412 3819.0 
0.604 2848.0 
0.583 2859.0 
-0.376 3694.0 
-0.513 4418.0 
-0.129 3326.0 
-0.47 4094.0 
0.133 3144.0 
0.051 3194.0 
-0.527 4591.0 
0.508 2912.0 
0.318 3028.0 
0.068 3183.0 
-0.553 5198.0 
-0.509 4409.0 
-0.151 3343.0 
0.384 2985.0 
0.464 2934.0 
-0.018 3238.0 
-0.562 5640.0 
-0.266 3471.0 
-0.551 5123.0 
-0.562 5640.0 
0.033 3208.0 
-0.412 3819.0 
-0.387 3733.0 
-0.404 3791.0 
0.256 3067.0 
-0.553 5198.0 
-0.151 3343.0 
-0.523 4561.0 
-0.315 3543.0 
-0.395 3754.0 
-0.555 5265.0 
-0.538 4770.0 
0.623 2833.0 
-0.566 5953.0 
-0.566 5953.0 
0.623 2833.0 
0.262 3062.0 
0.36 3010.0 
-0.022 3243.0 
-0.537 4751.0 
-0.565 5860.0 
-0.375 3689.0 
-0.265 3470.0 
-0.154 3346.0 
-0.389 3731.0 
-0.558 5460.0 
-0.355 3635.0 
-0.313 3540.0 
0.106 3159.0 
-0.29 3518.0 
-0.453 4021.0 
-0.563 5724.0 
-0.557 5358.0 
-0.468 4069.0 
-0.564 5771.0 
0.58 2861.0 
-0.492 4240.0 
-0.551 5131.0 
-0.544 4914.0 
-0.554 5244.0 
-0.531 4652.0 
0.325 3021.0 
0.417 2969.0 
-0.485 4185.0 
0.46 2936.0 
0.138 3144.0 
-0.556 5317.0 
0.304 3039.0 
0.388 2992.0 
-0.091 3292.0 
0.154 3132.0 
-0.001 3227.0 
-0.449 3969.0 
-0.395 3800.0 
-0.346 3610.0 
0.518 2902.0 
0.5 2913.0 
-0.56 5528.0 
-0.562 5627.0 
0.09 3172.0 
0.183 3123.0 
-0.064 3271.0 
0.053 3192.0 
-0.417 3830.0 
-0.23 3428.0 
-0.561 5618.0 
-0.511 4418.0 
-0.514 4481.0 
-0.059 3267.0 
0.602 2847.0 
0.394 2979.0 
0.561 2878.0 
-0.507 4398.0 
-0.546 4977.0 
-0.504 4339.0 
-0.432 3923.0 
-0.176 3365.0 
0.211 3092.0 
-0.538 4825.0 
-0.328 3573.0 
0.442 2950.0 
-0.441 3938.0 
0.232 3081.0 
-0.541 4863.0 
-0.405 3802.0 
-0.194 3385.0 
-0.479 4149.0 
-0.427 3880.0 
-0.55 5068.0 
-0.109 3318.0 
0.433 2956.0 
0.55 2880.0 
-0.547 5002.0 
-0.42 3869.0 
-0.129 3323.0 
-0.472 4119.0 
0.48 2926.0 
0.232 3081.0 
-0.549 5051.0 
-0.23 3428.0 
-0.559 5512.0 
0.319 3028.0 
-0.552 5196.0 
0.203 3098.0 
-0.129 3323.0 
0.611 2842.0 
-0.18 3372.0 
0.019 3214.0 
-0.496 4290.0 
-0.522 4549.0 
0.038 3202.0 
0.483 2922.0 
0.625 2832.0 
-0.566 5996.0 
0.625 2832.0 
-0.564 5785.0 
-0.503 4352.0 
-0.134 3359.0 
-0.562 5682.0 
-0.559 5463.0 
-0.512 4436.0 
-0.357 3640.0 
0.256 3066.0 
-0.385 3721.0 
-0.525 4574.0 
-0.409 3804.0 
-0.024 3241.0 
-0.461 4073.0 
-0.222 3418.0 
-0.316 3546.0 
0.51 2907.0 
-0.113 3309.0 
-0.56 5552.0 
-0.374 3687.0 
0.273 3055.0 
-0.561 5599.0 
-0.557 5370.0 
-0.539 4826.0 
-0.1 3305.0 
-0.565 5909.0 
0.006 3222.0 
-0.494 4265.0 
-0.444 3944.0 
-0.549 5060.0 
-0.424 3852.0 
-0.192 3382.0 
0.032 3205.0 
0.051 3195.0 
0.591 2855.0 
0.536 2892.0 
0.359 3011.0 
0.184 3109.0 
-0.544 4902.0 
0.327 3020.0 
-0.167 3361.0 
-0.454 4032.0 
-0.537 4788.0 
-0.254 3464.0 
-0.555 5269.0 
-0.551 5104.0 
-0.53 4652.0 
-0.268 3474.0 
-0.477 4130.0 
-0.283 3496.0 
-0.556 5337.0 
-0.074 3283.0 
0.222 3086.0 
0.297 3038.0 
-0.517 4501.0 
0.217 3101.0 
-0.339 3606.0 
-0.05 3267.0 
0.463 2938.0 
-0.545 4926.0 
0.369 2995.0 
-0.042 3254.0 
0.573 2865.0 
-0.304 3531.0 
-0.528 4633.0 
0.558 2877.0 
-0.294 3513.0 
-0.565 5909.0 
-0.552 5162.0 
-0.24 3436.0 
0.4 2975.0 
-0.487 4205.0 
-0.554 5231.0 
0.491 2917.0 
0.014 3217.0 
0.622 2835.0 
0.16 3139.0 
-0.173 3370.0 
0.121 3154.0 
-0.434 3903.0 
0.439 2955.0 
0.11 3156.0 
-0.07 3279.0 
0.135 3141.0 
0.178 3114.0 
0.096 3168.0 
-0.492 4257.0 
-0.516 4495.0 
-0.535 4724.0 
-0.535 4724.0 
-0.546 4995.0 
0.304 3034.0 
0.321 3025.0 
-0.553 5188.0 
0.547 2887.0 
0.163 3132.0 
-0.482 4155.0 
0.476 2932.0 
0.621 2836.0 
0.621 2836.0 
-0.566 5985.0 
-0.517 4487.0 
-0.447 3971.0 
0.501 2913.0 
-0.522 4616.0 
-0.293 3515.0 
-0.564 5864.0 
-0.563 5733.0 
-0.261 3463.0 
-0.226 3421.0 
-0.43 3875.0 
0.539 2893.0 
0.479 2929.0 
-0.548 5010.0 
0.451 2948.0 
-0.56 5561.0 
0.012 3220.0 
-0.481 4142.0 
-0.552 5163.0 
-0.488 4199.0 
0.086 3183.0 
0.289 3044.0 
-0.541 4887.0 
-0.504 4332.0 
0.057 3192.0 
0.142 3139.0 
0.168 3124.0 
0.201 3105.0 
-0.558 5497.0 
-0.565 5919.0 
-0.557 5376.0 
-0.177 3375.0 
-0.554 5239.0 
-0.561 5632.0 
-0.342 3636.0 
0.101 3177.0 
-0.167 3363.0 
-0.509 4386.0 
-0.536 4721.0 
-0.493 4248.0 
-0.112 3310.0 
0.552 2880.0 
-0.496 4292.0 
-0.54 4800.0 
-0.381 3706.0 
-0.39 3749.0 
-0.035 3263.0 
-0.562 5678.0 
-0.55 5097.0 
0.041 3204.0 
-0.545 4951.0 
-0.326 3567.0 
-0.124 3322.0 
-0.085 3289.0 
0.406 2980.0 
-0.557 5376.0 
-0.555 5280.0 
-0.396 3777.0 
0.601 2851.0 
0.342 3016.0 
-0.46 4064.0 
0.231 3097.0 
-0.406 3805.0 
0.581 2868.0 
-0.092 3293.0 
-0.201 3399.0 
0.314 3035.0 
-0.532 4664.0 
0.365 3004.0 
0.273 3056.0 
0.573 2870.0 
-0.202 3400.0 
0.207 3101.0 
-0.472 4101.0 
-0.061 3274.0 
-0.019 3239.0 
0.162 3128.0 
-0.312 3545.0 
-0.146 3339.0 
0.122 3159.0 
0.432 2957.0 
-0.307 3534.0 
-0.06 3270.0 
0.331 3028.0 
-0.413 3827.0 
-0.358 3645.0 
0.246 3074.0 
0.385 2985.0 
-0.544 4918.0 
-0.529 4650.0 
-0.335 3586.0 
0.124 3155.0 
0.359 3005.0 
-0.141 3335.0 
-0.514 4435.0 
-0.36 3664.0 
-0.551 5107.0 
-0.247 3455.0 
-0.566 5992.0 
0.612 2844.0 
0.612 2844.0 
-0.566 5992.0 
-0.416 3827.0 
0.451 2951.0 
-0.559 5482.0 
-0.231 3445.0 
-0.564 5782.0 
-0.557 5375.0 
0.591 2856.0 
0.108 3166.0 
-0.299 3517.0 
-0.433 3919.0 
0.414 2968.0 
-0.539 4818.0 
-0.513 4428.0 
-0.072 3278.0 
0.206 3098.0 
-0.359 3645.0 
-0.484 4163.0 
-0.267 3470.0 
0.325 3025.0 
0.368 2998.0 
-0.402 3789.0 
-0.499 4328.0 
-0.327 3571.0 
-0.152 3350.0 
-0.492 4240.0 
-0.514 4511.0 
-0.307 3561.0 
0.301 3039.0 
0.062 3187.0 
-0.373 3704.0 
-0.563 5714.0 
-0.46 4040.0 
0.515 2903.0 
0.537 2890.0 
0.561 2875.0 
-0.554 5231.0 
-0.136 3333.0 
-0.549 5058.0 
-0.537 4753.0 
-0.545 4961.0 
-0.531 4676.0 
-0.529 4617.0 
-0.543 4888.0 
-0.556 5312.0 
0.176 3120.0 
-0.051 3267.0 
0.389 2984.0 
-0.332 3627.0 
-0.548 5020.0 
-0.565 5887.0 
-0.565 5887.0 
-0.464 4076.0 
-0.495 4264.0 
-0.219 3413.0 
-0.561 5631.0 
-0.096 3296.0 
-0.526 4576.0 
-0.171 3371.0 
-0.521 4536.0 
0.476 2931.0 
-0.452 3982.0 
-0.47 4120.0 
-0.121 3317.0 
-0.534 4717.0 
-0.55 5130.0 
-0.392 3754.0 
-0.345 3632.0 
0.259 3066.0 
-0.003 3229.0 
0.237 3079.0 
-0.562 5661.0 
-0.181 3374.0 
-0.555 5268.0 
0.174 3123.0 
0.499 2914.0 
0.124 3148.0 
-0.04 3253.0 
0.015 3218.0 
0.401 2977.0 
-0.56 5562.0 
0.15 3136.0 
0.036 3203.0 
-0.478 4133.0 
0.348 3013.0 
-0.207 3403.0 
0.553 2879.0 
-0.505 4385.0 
-0.544 4917.0 
-0.552 5156.0 
0.15 3136.0 
0.056 3191.0 
-0.028 3245.0 
0.344 3014.0 
-0.444 3940.0 
-0.501 4381.0 
-0.56 5562.0 
-0.566 5950.0 
0.625 2833.0 
-0.566 5950.0 
0.625 2833.0 
-0.276 3482.0 
-0.56 5508.0 
-0.159 3348.0 
0.281 3049.0 
-0.495 4245.0 
-0.191 3380.0 
-0.305 3528.0 
-0.482 4155.0 
0.362 3000.0 
-0.441 3936.0 
-0.513 4428.0 
-0.448 3984.0 
-0.464 4045.0 
0.323 3023.0 
-0.505 4336.0 
-0.134 3326.0 
-0.564 5766.0 
0.381 2989.0 
-0.212 3402.0 
-0.549 5065.0 
-0.422 3875.0 
-0.558 5403.0 
-0.35 3623.0 
-0.554 5272.0 
-0.551 5110.0 
0.51 2908.0 
0.124 3147.0 
0.099 3167.0 
0.408 2971.0 
0.545 2886.0 
0.609 2849.0 
0.44 2949.0 
0.217 3091.0 
-0.5 4306.0 
-0.533 4705.0 
0.574 2873.0 
-0.522 4547.0 
-0.556 5311.0 
0.478 2933.0 
-0.394 3752.0 
-0.562 5680.0 
-0.547 4978.0 
-0.32 3555.0 
0.224 3088.0 
0.037 3206.0 
-0.415 3822.0 
-0.333 3583.0 
-0.081 3283.0 
-0.565 5850.0 
0.25 3070.0 
-0.058 3269.0 
0.173 3119.0 
-0.474 4112.0 
-0.561 5599.0 
-0.468 4096.0 
0.498 2915.0 
0.186 3108.0 
-0.23 3437.0 
-0.553 5186.0 
-0.563 5705.0 
-0.536 4742.0 
-0.537 4784.0 
0.312 3031.0 
0.25 3070.0 
0.548 2882.0 
0.156 3127.0 
-0.517 4475.0 
-0.104 3302.0 
-0.565 5850.0 
-0.543 4892.0 
0.023 3210.0 
0.08 3174.0 
-0.255 3455.0 
-0.519 4500.0 
-0.561 5599.0 
-0.53 4641.0 
-0.227 3433.0 
-0.545 4927.0 
-0.088 3294.0 
-0.541 4851.0 
-0.553 5186.0 
0.061 3195.0 
-0.54 4821.0 
0.009 3219.0 
0.059 3197.0 
-0.019 3244.0 
0.459 2945.0 
-0.358 3653.0 
-0.416 3861.0 
-0.557 5378.0 
-0.037 3259.0 
-0.007 3235.0 
0.139 3144.0 
-0.403 3788.0 
-0.526 4596.0 
-0.052 3260.0 
0.625 2833.0 
-0.564 5782.0 
-0.564 5782.0 
0.625 2833.0 
-0.483 4196.0 
-0.534 4698.0 
-0.42 3879.0 
-0.551 5152.0 
-0.56 5547.0 
0.079 3176.0 
0.269 3059.0 
0.537 2892.0 
-0.435 3920.0 
-0.497 4289.0 
0.512 2905.0 
-0.511 4397.0 
-0.559 5459.0 
0.04 3202.0 
-0.546 4968.0 
0.21 3094.0 
-0.135 3325.0 
-0.164 3354.0 
0.557 2876.0 
-0.562 5637.0 
0.234 3087.0 
-0.193 3387.0 
0.248 3071.0 
0.493 2916.0 
0.126 3150.0 
-0.396 3756.0 
-0.54 4805.0 
-0.334 3609.0 
-0.129 3320.0 
-0.367 3671.0 
0.329 3019.0 
-0.446 3954.0 
-0.299 3520.0 
-0.518 4515.0 
-0.513 4468.0 
-0.287 3500.0 
-0.555 5284.0 
-0.17 3359.0 
0.457 2941.0 
-0.548 5043.0 
-0.544 4927.0 
-0.477 4169.0 
-0.404 3784.0 
-0.523 4579.0 
-0.078 3289.0 
0.016 3217.0 
-0.561 5599.0 
0.139 3138.0 
-0.55 5085.0 
-0.385 3719.0 
-0.047 3258.0 
-0.543 4873.0 
0.391 2981.0 
0.601 2850.0 
0.008 3222.0 
-0.012 3233.0 
0.423 2959.0 
-0.554 5231.0 
-0.504 4344.0 
0.581 2863.0 
0.155 3127.0 
-0.475 4114.0 
-0.563 5712.0 
-0.349 3645.0 
0.609 2845.0 
-0.411 3820.0 
-0.541 4845.0 
-0.228 3423.0 
0.039 3203.0 
0.423 2959.0 
-0.071 3275.0 
-0.348 3641.0 
-0.23 3448.0 
0.317 3035.0 
0.102 3161.0 
0.576 2868.0 
-0.563 5712.0 
-0.498 4294.0 
-0.455 4031.0 
0.294 3044.0 
0.192 3106.0 
0.086 3174.0 
0.35 3010.0 
0.294 3044.0 
-0.101 3301.0 
-0.506 4355.0 
-0.324 3565.0 
-0.525 4596.0 
0.353 3007.0 
-0.1 3300.0 
-0.33 3577.0 
-0.558 5424.0 
-0.557 5359.0 
-0.273 3479.0 
0.444 2956.0 
-0.375 3688.0 
-0.567 6095.0 
0.622 2834.0 
0.622 2834.0 
-0.567 6095.0 
-0.545 4967.0 
-0.452 3974.0 
-0.532 4658.0 
-0.434 3900.0 
0.122 3152.0 
0.35 3013.0 
0.156 3135.0 
0.472 2929.0 
0.529 2895.0 
-0.56 5617.0 
-0.566 5933.0 
-0.541 4839.0 
-0.295 3542.0 
-0.128 3319.0 
-0.154 3342.0 
-0.565 5855.0 
-0.564 5782.0 
0.31 3032.0 
-0.34 3598.0 
0.45 2946.0 
-0.503 4383.0 
0.232 3080.0 
-0.511 4429.0 
-0.563 5707.0 
-0.424 3865.0 
-0.558 5407.0 
-0.464 4054.0 
-0.537 4744.0 
-0.109 3306.0 
-0.551 5133.0 
-0.559 5496.0 
-0.001 3228.0 
0.198 3102.0 
-0.325 3565.0 
-0.025 3243.0 
0.558 2891.0 
-0.5 4319.0 
0.23 3083.0 
-0.415 3823.0 
0.03 3209.0 
0.375 2995.0 
0.432 2960.0 
0.27 3056.0 
-0.46 4021.0 
0.417 2969.0 
-0.277 3491.0 
0.175 3116.0 
0.499 2913.0 
-0.553 5191.0 
0.011 3219.0 
-0.262 3465.0 
-0.522 4554.0 
-0.356 3638.0 
-0.495 4287.0 
-0.481 4184.0 
-0.283 3518.0 
-0.525 4585.0 
-0.207 3399.0 
-0.562 5654.0 
-0.556 5316.0 
-0.557 5373.0 
-0.405 3802.0 
0.097 3166.0 
-0.359 3649.0 
-0.472 4120.0 
-0.491 4241.0 
-0.555 5281.0 
-0.559 5496.0 
-0.396 3761.0 
-0.549 5054.0 
0.613 2842.0 
0.072 3183.0 
-0.092 3293.0 
-0.471 4118.0 
-0.519 4491.0 
0.365 3001.0 
-0.171 3358.0 
0.072 3183.0 
-0.249 3448.0 
-0.229 3429.0 
0.572 2869.0 
-0.55 5075.0 
-0.518 4478.0 
-0.372 3689.0 
0.4 2983.0 
0.1 3164.0 
-0.045 3272.0 
0.305 3035.0 
-0.566 5933.0 
0.046 3200.0 
-0.538 4768.0 
-0.229 3429.0 
-0.54 4816.0 
-0.067 3274.0 
-0.328 3572.0 
-0.083 3289.0 
-0.567 6056.0 
0.624 2833.0 
-0.567 6056.0 
0.409 2969.0 
0.34 3011.0 
-0.566 5980.0 
0.23 3083.0 
0.584 2858.0 
-0.132 3324.0 
-0.563 5724.0 
-0.549 5068.0 
-0.565 5847.0 
-0.506 4356.0 
0.543 2893.0 
-0.533 4685.0 
-0.451 3969.0 
-0.562 5649.0 
0.49 2921.0 
-0.466 4055.0 
0.566 2875.0 
-0.561 5580.0 
0.031 3215.0 
-0.152 3344.0 
0.052 3192.0 
-0.074 3282.0 
0.153 3131.0 
0.207 3095.0 
-0.359 3644.0 
0.62 2838.0 
0.12 3167.0 
-0.055 3268.0 
-0.564 5817.0 
0.091 3170.0 
-0.325 3564.0 
0.13 3143.0 
-0.545 4996.0 
-0.394 3757.0 
0.271 3057.0 
0.323 3026.0 
-0.096 3302.0 
-0.526 4584.0 
-0.556 5317.0 
0.464 2933.0 
-0.53 4630.0 
-0.466 4055.0 
0.19 3110.0 
-0.478 4161.0 
-0.537 4764.0 
-0.56 5510.0 
-0.559 5476.0 
-0.544 4957.0 
-0.185 3379.0 
-0.368 3702.0 
-0.037 3253.0 
-0.551 5153.0 
0.453 2941.0 
-0.514 4453.0 
-0.555 5286.0 
-0.433 3931.0 
-0.557 5401.0 
-0.424 3897.0 
-0.542 4846.0 
0.294 3044.0 
-0.238 3435.0 
-0.521 4532.0 
-0.499 4289.0 
-0.388 3728.0 
0.518 2901.0 
0.271 3057.0 
-0.448 3953.0 
0.009 3220.0 
-0.502 4321.0 
-0.419 3840.0 
0.429 2955.0 
-0.213 3413.0 
-0.364 3688.0 
-0.026 3243.0 
0.071 3181.0 
-0.344 3608.0 
-0.558 5407.0 
0.304 3037.0 
-0.095 3301.0 
-0.191 3396.0 
0.434 2953.0 
-0.205 3404.0 
-0.54 4808.0 
-0.287 3499.0 
-0.552 5163.0 
-0.515 4496.0 
-0.487 4214.0 
-0.278 3491.0 
0.174 3122.0 
-0.409 3804.0 
-0.409 3804.0 
-0.554 5225.0 
-0.553 5223.0 
0.077 3178.0 
-0.543 4895.0 
-0.514 4453.0 
-0.417 3832.0 
-0.567 6041.0 
0.619 2836.0 
0.619 2836.0 
0.13 3148.0 
0.075 3179.0 
-0.358 3645.0 
-0.468 4072.0 
-0.538 4771.0 
-0.484 4174.0 
-0.137 3329.0 
0.057 3190.0 
-0.324 3562.0 
0.029 3206.0 
0.155 3131.0 
-0.177 3370.0 
0.438 2953.0 
-0.07 3275.0 
-0.005 3229.0 
0.557 2875.0 
-0.286 3497.0 
0.315 3028.0 
-0.562 5640.0 
-0.031 3245.0 
0.595 2855.0 
-0.565 5849.0 
-0.528 4634.0 
-0.11 3310.0 
-0.047 3257.0 
0.213 3091.0 
0.302 3040.0 
-0.346 3615.0 
0.278 3060.0 
-0.296 3512.0 
0.346 3016.0 
0.355 3007.0 
0.482 2922.0 
-0.564 5805.0 
-0.45 3967.0 
-0.485 4186.0 
-0.375 3705.0 
0.504 2909.0 
0.174 3119.0 
-0.558 5439.0 
-0.426 3871.0 
-0.547 5008.0 
-0.546 4958.0 
-0.553 5194.0 
0.243 3074.0 
-0.519 4506.0 
-0.542 4884.0 
-0.533 4699.0 
-0.557 5355.0 
0.519 2899.0 
-0.559 5469.0 
-0.566 5938.0 
-0.561 5591.0 
-0.203 3394.0 
-0.408 3804.0 
-0.236 3431.0 
-0.44 3916.0 
0.192 3109.0 
-0.088 3291.0 
-0.26 3462.0 
0.466 2933.0 
-0.208 3415.0 
-0.26 3462.0 
-0.15 3359.0 
-0.237 3436.0 
0.454 2943.0 
0.411 2973.0 
0.383 2988.0 
-0.502 4339.0 
-0.522 4562.0 
-0.556 5334.0 
-0.566 5938.0 
-0.563 5728.0 
0.383 2988.0 
0.262 3062.0 
-0.498 4317.0 
-0.46 4021.0 
-0.525 4584.0 
0.411 2973.0 
-0.333 3582.0 
-0.515 4465.0 
-0.549 5067.0 
-0.51 4443.0 
-0.543 4902.0 
-0.496 4265.0 
-0.16 3363.0 
-0.437 3903.0 
-0.496 4265.0 
-0.455 3999.0 
-0.563 5728.0 
-0.382 3721.0 
-0.554 5264.0 
-0.402 3773.0 
-0.555 5267.0 
-0.507 4387.0 
0.204 3101.0 
-0.56 5540.0 
0.622 2836.0 
-0.567 6062.0 
0.622 2836.0 
0.273 3060.0 
0.213 3091.0 
-0.544 4926.0 
-0.035 3252.0 
-0.283 3502.0 
-0.548 5055.0 
-0.562 5678.0 
-0.307 3534.0 
-0.514 4449.0 
-0.439 3917.0 
-0.56 5540.0 
-0.462 4032.0 
-0.561 5629.0 
-0.543 4876.0 
-0.321 3558.0 
-0.539 4799.0 
-0.252 3453.0 
-0.552 5198.0 
-0.194 3389.0 
-0.556 5324.0 
-0.267 3474.0 
-0.064 3274.0 
0.359 3001.0 
-0.172 3362.0 
-0.551 5121.0 
0.146 3139.0 
-0.566 5940.0 
-0.089 3291.0 
0.341 3011.0 
-0.352 3629.0 
-0.454 3992.0 
-0.557 5394.0 
0.292 3048.0 
0.394 2980.0 
-0.563 5787.0 
0.08 3177.0 
0.383 2994.0 
-0.444 3960.0 
0.324 3029.0 
0.159 3125.0 
-0.471 4093.0 
0.211 3095.0 
0.123 3153.0 
0.053 3212.0 
-0.527 4593.0 
0.586 2861.0 
0.06 3190.0 
-0.559 5485.0 
-0.409 3827.0 
0.308 3037.0 
-0.483 4165.0 
-0.391 3742.0 
0.094 3166.0 
0.562 2874.0 
-0.4 3778.0 
0.178 3113.0 
-0.011 3234.0 
0.012 3220.0 
-0.425 3860.0 
-0.52 4526.0 
-0.494 4250.0 
-0.558 5439.0 
-0.532 4676.0 
-0.356 3673.0 
-0.109 3308.0 
0.111 3156.0 
-0.503 4336.0 
0.586 2861.0 
-0.536 4733.0 
-0.211 3414.0 
0.441 2958.0 
-0.33 3612.0 
0.552 2885.0 
0.509 2912.0 
0.491 2923.0 
-0.521 4529.0 
-0.383 3719.0 
-0.072 3284.0 
0.418 2971.0 
-0.564 5789.0 
-0.232 3429.0 
-0.127 3324.0 
-0.51 4398.0 
-0.138 3332.0 
-0.15 3342.0 
-0.555 5266.0 
-0.565 5865.0 
-0.566 5940.0 
-0.565 5865.0 
-0.476 4133.0 
-0.332 3616.0 
-0.006 3230.0 
-0.554 5250.0 
0.42 2966.0 
0.527 2900.0 
-0.537 4752.0 
-0.55 5077.0 
-0.565 5844.0 
0.624 2834.0 
-0.565 5844.0 
0.624 2834.0 
0.017 3214.0 
-0.059 3266.0 
-0.298 3515.0 
-0.44 3932.0 
0.533 2892.0 
-0.092 3292.0 
0.38 2987.0 
-0.323 3561.0 
-0.553 5252.0 
-0.373 3683.0 
0.097 3168.0 
-0.564 5774.0 
-0.551 5126.0 
0.264 3065.0 
-0.431 3891.0 
-0.455 4003.0 
-0.549 5040.0 
0.125 3148.0 
-0.018 3243.0 
-0.264 3470.0 
-0.517 4470.0 
-0.28 3493.0 
-0.496 4266.0 
-0.557 5365.0 
-0.559 5460.0 
-0.533 4691.0 
-0.418 3847.0 
0.285 3051.0 
-0.46 4051.0 
0.184 3117.0 
-0.173 3366.0 
-0.034 3249.0 
-0.518 4537.0 
-0.393 3747.0 
-0.56 5531.0 
-0.562 5635.0 
0.24 3078.0 
0.562 2875.0 
-0.157 3352.0 
-0.54 4808.0 
0.204 3114.0 
-0.482 4168.0 
-0.558 5415.0 
0.301 3039.0 
-0.524 4560.0 
-0.107 3303.0 
-0.327 3597.0 
-0.143 3339.0 
-0.471 4108.0 
0.606 2846.0 
-0.214 3407.0 
-0.246 3443.0 
-0.507 4411.0 
-0.546 4959.0 
-0.544 4900.0 
0.163 3125.0 
0.482 2924.0 
-0.528 4610.0 
-0.55 5116.0 
0.315 3028.0 
-0.343 3608.0 
-0.502 4329.0 
0.406 2975.0 
-0.547 4985.0 
0.077 3183.0 
0.581 2862.0 
-0.402 3783.0 
0.05 3196.0 
0.466 2935.0 
-0.509 4426.0 
0.512 2913.0 
-0.505 4343.0 
0.049 3198.0 
-0.488 4207.0 
-0.237 3433.0 
0.596 2859.0 
-0.12 3319.0 
-0.128 3329.0 
0.497 2922.0 
-0.351 3626.0 
-0.477 4134.0 
-0.563 5700.0 
-0.56 5531.0 
-0.413 3816.0 
-0.542 4861.0 
-0.19 3379.0 
-0.351 3626.0 
0.334 3018.0 
0.231 3087.0 
0.424 2960.0 
-0.538 4769.0 
-0.19 3379.0 
-0.562 5635.0 
0.455 2940.0 
-0.563 5700.0 
-0.555 5300.0 
0.624 2833.0 
-0.563 5706.0 
-0.563 5706.0 
0.624 2833.0 
-0.553 5207.0 
-0.557 5382.0 
-0.451 3970.0 
-0.434 3901.0 
0.076 3177.0 
0.039 3207.0 
-0.393 3743.0 
0.196 3102.0 
-0.021 3239.0 
-0.517 4484.0 
0.482 2922.0 
0.017 3215.0 
-0.562 5643.0 
-0.262 3464.0 
-0.559 5467.0 
-0.169 3362.0 
0.249 3071.0 
-0.541 4859.0 
-0.243 3449.0 
0.606 2846.0 
-0.549 5045.0 
-0.354 3640.0 
-0.152 3342.0 
-0.523 4558.0 
0.326 3022.0 
-0.282 3490.0 
0.111 3161.0 
-0.29 3509.0 
-0.539 4797.0 
0.515 2909.0 
-0.324 3565.0 
-0.374 3688.0 
0.267 3058.0 
-0.544 4913.0 
-0.535 4709.0 
-0.48 4147.0 
0.091 3170.0 
-0.546 4960.0 
0.539 2897.0 
-0.55 5072.0 
-0.425 3865.0 
-0.188 3385.0 
-0.561 5574.0 
-0.537 4762.0 
-0.411 3811.0 
-0.485 4183.0 
0.351 3017.0 
-0.454 4031.0 
-0.072 3278.0 
-0.492 4239.0 
-0.528 4633.0 
-0.531 4672.0 
-0.194 3401.0 
-0.367 3670.0 
0.584 2858.0 
-0.134 3328.0 
-0.093 3294.0 
0.393 2983.0 
-0.558 5420.0 
0.312 3036.0 
0.126 3146.0 
0.285 3053.0 
-0.337 3607.0 
-0.513 4435.0 
-0.418 3840.0 
-0.551 5140.0 
0.224 3088.0 
-0.56 5550.0 
-0.498 4294.0 
0.296 3039.0 
0.173 3119.0 
-0.122 3323.0 
0.559 2874.0 
-0.308 3535.0 
0.576 2865.0 
-0.109 3308.0 
0.141 3144.0 
0.357 3002.0 
-0.34 3615.0 
-0.552 5154.0 
0.551 2882.0 
-0.042 3258.0 
0.519 2905.0 
-0.031 3251.0 
-0.226 3426.0 
0.443 2948.0 
-0.464 4033.0 
-0.503 4343.0 
0.422 2960.0 
-0.215 3412.0 
0.463 2935.0 
0.153 3137.0 
0.444 2946.0 
0.374 2994.0 
0.024 3211.0 
-0.5 4304.0 
0.618 2840.0 
0.618 2840.0 
-0.566 5940.0 
-0.089 3295.0 
0.46 2940.0 
-0.444 3968.0 
-0.481 4186.0 
-0.494 4272.0 
0.507 2913.0 
-0.159 3348.0 
-0.565 5881.0 
-0.014 3239.0 
-0.399 3770.0 
-0.549 5045.0 
-0.055 3269.0 
-0.416 3835.0 
-0.561 5599.0 
0.192 3104.0 
0.025 3212.0 
0.215 3098.0 
-0.045 3262.0 
-0.553 5191.0 
0.428 2963.0 
0.053 3194.0 
-0.283 3502.0 
-0.329 3583.0 
-0.5 4310.0 
-0.466 4072.0 
0.555 2878.0 
-0.563 5766.0 
-0.119 3314.0 
-0.558 5411.0 
-0.435 3905.0 
-0.554 5255.0 
-0.559 5513.0 
-0.564 5786.0 
-0.53 4664.0 
0.303 3036.0 
-0.542 4927.0 
-0.307 3550.0 
0.513 2908.0 
0.329 3029.0 
-0.527 4599.0 
-0.119 3314.0 
-0.306 3528.0 
0.446 2947.0 
-0.19 3396.0 
-0.551 5127.0 
-0.174 3394.0 
-0.254 3452.0 
-0.508 4388.0 
-0.537 4774.0 
0.404 2972.0 
-0.544 4960.0 
-0.562 5667.0 
0.252 3070.0 
0.342 3017.0 
-0.271 3490.0 
-0.501 4380.0 
0.555 2878.0 
-0.332 3614.0 
0.117 3153.0 
0.085 3171.0 
-0.35 3623.0 
-0.231 3434.0 
-0.556 5315.0 
-0.56 5527.0 
-0.509 4462.0 
0.139 3138.0 
-0.541 4849.0 
-0.538 4800.0 
-0.163 3363.0 
-0.422 3856.0 
0.169 3121.0 
-0.43 3882.0 
-0.535 4705.0 
-0.557 5395.0 
-0.259 3464.0 
-0.477 4142.0 
0.002 3228.0 
0.094 3166.0 
-0.52 4548.0 
-0.381 3715.0 
0.273 3057.0 
0.011 3224.0 
0.37 2997.0 
0.167 3122.0 
0.139 3138.0 
-0.358 3655.0 
0.11 3157.0 
-0.477 4142.0 
-0.516 4509.0 
0.237 3084.0 
-0.562 5667.0 
-0.524 4567.0 
-0.217 3420.0 
0.267 3061.0 
-0.462 4056.0 
-0.458 4025.0 
-0.458 4025.0 
-0.566 5926.0 
0.618 2839.0 
-0.566 5926.0 
0.435 2957.0 
0.405 2972.0 
0.485 2921.0 
0.19 3108.0 
-0.555 5321.0 
-0.145 3340.0 
-0.522 4533.0 
-0.539 4796.0 
-0.354 3638.0 
-0.413 3827.0 
-0.423 3901.0 
-0.53 4640.0 
-0.535 4708.0 
-0.557 5415.0 
0.599 2851.0 
-0.116 3314.0 
0.087 3171.0 
0.047 3211.0 
0.113 3170.0 
0.574 2871.0 
-0.554 5230.0 
-0.255 3454.0 
-0.044 3258.0 
-0.564 5776.0 
0.255 3067.0 
-0.561 5642.0 
0.279 3055.0 
-0.103 3305.0 
-0.544 4909.0 
-0.563 5729.0 
0.525 2899.0 
0.499 2919.0 
-0.403 3792.0 
-0.542 4858.0 
-0.559 5462.0 
-0.474 4104.0 
-0.295 3512.0 
-0.328 3574.0 
-0.546 4975.0 
-0.56 5531.0 
-0.388 3766.0 
-0.504 4355.0 
-0.015 3237.0 
-0.487 4228.0 
-0.054 3267.0 
-0.328 3574.0 
-0.549 5086.0 
0.324 3031.0 
-0.28 3489.0 
0.241 3085.0 
0.368 3002.0 
-0.2 3393.0 
0.537 2891.0 
-0.516 4491.0 
0.131 3146.0 
-0.481 4179.0 
-0.55 5117.0 
-0.562 5654.0 
-0.079 3283.0 
-0.007 3231.0 
0.297 3049.0 
-0.508 4404.0 
0.16 3127.0 
0.223 3088.0 
-0.495 4259.0 
0.307 3038.0 
0.368 3002.0 
-0.454 4001.0 
-0.552 5172.0 
-0.502 4307.0 
-0.235 3431.0 
0.065 3186.0 
0.021 3212.0 
-0.077 3281.0 
-0.532 4662.0 
-0.565 5854.0 
-0.512 4458.0 
-0.548 5014.0 
-0.381 3736.0 
-0.369 3691.0 
-0.378 3715.0 
-0.308 3533.0 
-0.565 5854.0 
-0.471 4088.0 
-0.217 3409.0 
-0.17 3359.0 
-0.308 3533.0 
0.346 3009.0 
0.34 3016.0 
-0.56 5531.0 
-0.465 4053.0 
0.223 3088.0 
-0.496 4293.0 
0.017 3215.0 
0.152 3138.0 
-0.176 3367.0 
-0.51 4429.0 
-0.567 6036.0 
0.622 2835.0 
-0.567 6036.0 
0.2 3110.0 
0.151 3131.0 
0.072 3181.0 
-0.528 4613.0 
-0.431 3898.0 
-0.451 3976.0 
0.442 2950.0 
-0.374 3699.0 
0.524 2898.0 
0.411 2971.0 
-0.563 5718.0 
0.111 3164.0 
-0.051 3262.0 
-0.543 4872.0 
-0.562 5631.0 
-0.235 3433.0 
-0.156 3346.0 
-0.564 5782.0 
-0.255 3455.0 
-0.34 3608.0 
-0.521 4521.0 
0.463 2937.0 
-0.475 4115.0 
0.496 2915.0 
-0.556 5321.0 
-0.326 3565.0 
-0.179 3368.0 
-0.549 5055.0 
-0.495 4302.0 
-0.105 3304.0 
0.314 3029.0 
-0.363 3663.0 
0.282 3058.0 
-0.54 4821.0 
0.216 3093.0 
-0.408 3812.0 
0.016 3216.0 
0.582 2861.0 
-0.349 3642.0 
-0.478 4171.0 
-0.387 3770.0 
-0.559 5506.0 
0.291 3044.0 
-0.27 3480.0 
-0.514 4460.0 
-0.566 5964.0 
-0.565 5854.0 
0.6 2852.0 
-0.127 3321.0 
-0.218 3410.0 
-0.547 5023.0 
0.483 2923.0 
-0.457 4013.0 
0.135 3147.0 
-0.033 3246.0 
-0.561 5578.0 
0.372 2993.0 
-0.555 5292.0 
-0.491 4226.0 
-0.206 3395.0 
-0.296 3514.0 
-0.283 3494.0 
0.253 3066.0 
0.546 2883.0 
-0.558 5418.0 
-0.088 3290.0 
-0.389 3775.0 
-0.551 5141.0 
-0.558 5418.0 
0.045 3197.0 
-0.467 4065.0 
0.036 3206.0 
0.33 3023.0 
0.566 2879.0 
-0.017 3245.0 
-0.504 4337.0 
-0.48 4218.0 
-0.423 3866.0 
-0.537 4766.0 
-0.554 5220.0 
-0.529 4690.0 
0.236 3085.0 
-0.546 4952.0 
-0.314 3544.0 
0.119 3154.0 
0.343 3016.0 
-0.553 5209.0 
-0.077 3280.0 
-0.519 4499.0 
0.395 2988.0 
-0.546 4952.0 
-0.462 4057.0 
-0.308 3531.0 
-0.512 4404.0 
-0.124 3320.0 
-0.565 5854.0 
-0.566 5964.0 
-0.566 5999.0 
0.622 2835.0 
-0.566 5999.0 
0.226 3093.0 
-0.559 5510.0 
-0.513 4437.0 
0.173 3117.0 
0.259 3067.0 
-0.556 5317.0 
-0.565 5876.0 
-0.537 4750.0 
0.03 3212.0 
0.131 3145.0 
0.487 2922.0 
-0.377 3700.0 
-0.564 5813.0 
0.283 3051.0 
-0.173 3361.0 
-0.561 5635.0 
-0.521 4512.0 
-0.485 4171.0 
0.159 3128.0 
-0.196 3386.0 
0.528 2896.0 
-0.417 3830.0 
0.306 3042.0 
0.561 2876.0 
-0.499 4289.0 
-0.438 3915.0 
-0.355 3641.0 
-0.15 3359.0 
-0.522 4559.0 
-0.549 5049.0 
-0.551 5129.0 
0.054 3193.0 
-0.289 3519.0 
-0.25 3452.0 
-0.504 4337.0 
-0.409 3801.0 
0.336 3017.0 
-0.391 3743.0 
-0.557 5412.0 
0.086 3174.0 
-0.491 4255.0 
0.322 3030.0 
-0.554 5228.0 
-0.21 3402.0 
-0.546 4962.0 
-0.558 5419.0 
-0.464 4060.0 
-0.54 4847.0 
-0.121 3322.0 
-0.544 4921.0 
-0.562 5648.0 
-0.554 5228.0 
0.52 2904.0 
-0.425 3891.0 
0.445 2950.0 
-0.548 5014.0 
0.419 2972.0 
-0.222 3421.0 
0.475 2939.0 
-0.06 3269.0 
0.459 2940.0 
-0.459 4014.0 
-0.363 3664.0 
-0.48 4141.0 
-0.317 3555.0 
0.576 2867.0 
-0.563 5730.0 
-0.55 5124.0 
-0.104 3321.0 
-0.098 3298.0 
-0.563 5730.0 
-0.542 4872.0 
0.11 3164.0 
-0.274 3480.0 
-0.258 3460.0 
-0.529 4622.0 
-0.533 4687.0 
-0.445 3954.0 
-0.528 4609.0 
-0.475 4110.0 
-0.066 3271.0 
-0.472 4082.0 
-0.277 3493.0 
0.395 2980.0 
-0.399 3767.0 
0.611 2847.0 
-0.038 3254.0 
0.395 2980.0 
0.59 2858.0 
-0.532 4681.0 
0.005 3227.0 
0.112 3159.0 
-0.017 3236.0 
0.369 2995.0 
0.005 3227.0 
-0.449 4010.0 
-0.504 4337.0 
0.617 2838.0 
0.617 2838.0 
-0.566 5961.0 
0.36 2999.0 
-0.331 3576.0 
-0.561 5574.0 
-0.273 3482.0 
-0.479 4136.0 
-0.559 5489.0 
-0.081 3282.0 
0.416 2971.0 
-0.461 4083.0 
-0.545 4938.0 
0.28 3051.0 
-0.298 3544.0 
0.315 3035.0 
0.561 2873.0 
-0.551 5106.0 
-0.535 4743.0 
-0.552 5150.0 
-0.414 3861.0 
-0.024 3240.0 
0.243 3074.0 
0.112 3154.0 
-0.537 4832.0 
-0.296 3518.0 
-0.54 4861.0 
0.461 2939.0 
-0.563 5701.0 
-0.555 5341.0 
-0.398 3767.0 
0.266 3061.0 
-0.548 5017.0 
-0.244 3479.0 
-0.448 3955.0 
0.037 3209.0 
-0.351 3634.0 
-0.558 5414.0 
-0.235 3432.0 
-0.523 4555.0 
-0.554 5239.0 
0.054 3191.0 
-0.431 3882.0 
0.086 3179.0 
0.342 3011.0 
-0.21 3404.0 
-0.524 4596.0 
0.541 2887.0 
-0.565 5878.0 
-0.564 5782.0 
0.067 3186.0 
-0.533 4700.0 
0.509 2906.0 
0.14 3145.0 
0.098 3166.0 
-0.517 4504.0 
-0.554 5239.0 
-0.562 5663.0 
0.587 2862.0 
-0.132 3324.0 
-0.491 4248.0 
-0.547 4999.0 
-0.375 3691.0 
0.598 2852.0 
0.191 3109.0 
-0.565 5878.0 
-0.408 3805.0 
-0.17 3375.0 
0.487 2922.0 
-0.46 4026.0 
-0.564 5782.0 
-0.516 4481.0 
-0.19 3380.0 
-0.384 3732.0 
-0.513 4431.0 
0.434 2957.0 
-0.438 3937.0 
0.533 2898.0 
-0.045 3255.0 
-0.147 3340.0 
-0.525 4649.0 
0.164 3131.0 
-0.111 3307.0 
0.019 3216.0 
-0.456 4007.0 
0.141 3136.0 
0.181 3111.0 
0.416 2971.0 
0.487 2922.0 
0.208 3096.0 
-0.109 3306.0 
-0.499 4289.0 
-0.486 4234.0 
-0.433 3913.0 
-0.502 4340.0 
-0.53 4660.0 
0.517 2905.0 
-0.239 3438.0 
-0.375 3691.0 
0.45 2949.0 
0.624 2835.0 
-0.566 5960.0 
-0.566 5960.0 
0.624 2835.0 
0.13 3146.0 
0.228 3094.0 
-0.482 4165.0 
-0.551 5120.0 
0.463 2937.0 
0.331 3025.0 
-0.49 4245.0 
-0.049 3260.0 
-0.511 4450.0 
-0.072 3285.0 
0.17 3128.0 
-0.519 4519.0 
-0.522 4564.0 
-0.371 3700.0 
-0.149 3342.0 
0.508 2907.0 
0.568 2870.0 
-0.509 4393.0 
0.356 3010.0 
-0.503 4334.0 
-0.36 3665.0 
-0.439 3950.0 
-0.395 3791.0 
-0.411 3822.0 
-0.177 3370.0 
-0.558 5437.0 
-0.281 3491.0 
-0.557 5361.0 
0.537 2890.0 
-0.529 4635.0 
-0.561 5582.0 
0.443 2949.0 
0.264 3067.0 
-0.498 4285.0 
-0.554 5231.0 
0.112 3164.0 
-0.553 5199.0 
-0.221 3416.0 
-0.565 5846.0 
-0.327 3569.0 
-0.543 4877.0 
0.056 3192.0 
-0.463 4070.0 
-0.421 3856.0 
0.276 3057.0 
-0.029 3245.0 
0.074 3180.0 
-0.532 4664.0 
-0.328 3571.0 
-0.348 3619.0 
0.306 3042.0 
0.194 3106.0 
-0.103 3304.0 
-0.547 5045.0 
0.548 2882.0 
0.21 3105.0 
-0.093 3296.0 
-0.56 5511.0 
0.596 2853.0 
-0.385 3740.0 
-0.545 4954.0 
-0.243 3440.0 
-0.424 3900.0 
0.424 2960.0 
0.494 2917.0 
-0.541 4833.0 
0.591 2856.0 
-0.535 4725.0 
-0.454 3995.0 
-0.008 3232.0 
-0.435 3911.0 
-0.296 3515.0 
0.62 2837.0 
-0.565 5846.0 
-0.564 5761.0 
-0.475 4110.0 
0.178 3123.0 
-0.556 5312.0 
0.399 2978.0 
-0.544 4939.0 
-0.536 4744.0 
-0.547 5045.0 
-0.559 5487.0 
-0.349 3621.0 
-0.388 3749.0 
-0.264 3468.0 
-0.302 3525.0 
-0.563 5705.0 
-0.562 5632.0 
-0.202 3405.0 
0.041 3206.0 
-0.246 3443.0 
0.374 3001.0 
0.301 3049.0 
-0.262 3464.0 
0.387 2984.0 
0.622 2834.0 
-0.567 6066.0 
-0.567 6066.0 
0.622 2834.0 
-0.198 3391.0 
-0.242 3437.0 
-0.558 5422.0 
0.343 3020.0 
0.019 3212.0 
-0.565 5901.0 
-0.543 4920.0 
-0.482 4209.0 
0.054 3197.0 
-0.514 4435.0 
0.29 3044.0 
0.256 3068.0 
0.512 2906.0 
0.199 3106.0 
0.307 3033.0 
-0.536 4738.0 
-0.55 5100.0 
-0.438 3916.0 
-0.563 5737.0 
-0.556 5325.0 
0.135 3140.0 
-0.146 3336.0 
-0.165 3356.0 
-0.496 4267.0 
0.231 3095.0 
-0.539 4791.0 
-0.005 3228.0 
-0.524 4592.0 
-0.555 5276.0 
-0.362 3656.0 
-0.184 3373.0 
-0.345 3614.0 
-0.56 5525.0 
0.167 3124.0 
-0.463 4043.0 
-0.253 3450.0 
-0.48 4131.0 
0.122 3154.0 
-0.401 3777.0 
-0.02 3242.0 
-0.561 5633.0 
-0.562 5666.0 
-0.331 3581.0 
-0.559 5518.0 
-0.531 4649.0 
-0.27 3478.0 
-0.501 4297.0 
0.476 2926.0 
-0.467 4078.0 
-0.297 3521.0 
-0.548 5020.0 
-0.439 3954.0 
-0.1 3302.0 
-0.566 5997.0 
-0.52 4524.0 
-0.546 4955.0 
-0.037 3252.0 
-0.553 5202.0 
0.242 3084.0 
-0.454 3995.0 
-0.419 3849.0 
-0.551 5172.0 
-0.506 4388.0 
-0.419 3849.0 
-0.121 3326.0 
-0.41 3807.0 
0.611 2844.0 
0.176 3114.0 
-0.471 4124.0 
0.548 2881.0 
0.101 3162.0 
-0.317 3549.0 
-0.564 5819.0 
-0.564 5819.0 
0.574 2871.0 
-0.367 3681.0 
0.077 3195.0 
-0.314 3542.0 
-0.502 4358.0 
-0.448 3990.0 
-0.118 3322.0 
0.527 2895.0 
0.405 2972.0 
-0.523 4538.0 
0.435 2953.0 
0.595 2855.0 
0.367 2999.0 
0.588 2857.0 
-0.566 5997.0 
0.466 2935.0 
-0.336 3606.0 
-0.531 4649.0 
-0.547 5006.0 
-0.389 3730.0 
-0.062 3276.0 
-0.29 3505.0 
-0.566 5939.0 
0.618 2838.0 
-0.566 5939.0 
0.618 2838.0 
0.17 3121.0 
0.093 3169.0 
-0.512 4434.0 
-0.482 4156.0 
0.295 3049.0 
0.445 2949.0 
-0.065 3274.0 
0.325 3024.0 
0.134 3144.0 
-0.517 4478.0 
-0.563 5717.0 
0.421 2968.0 
-0.565 5854.0 
-0.311 3542.0 
-0.215 3411.0 
-0.327 3581.0 
-0.523 4556.0 
-0.548 5020.0 
-0.364 3656.0 
0.026 3213.0 
-0.561 5592.0 
0.225 3093.0 
0.123 3152.0 
-0.527 4594.0 
-0.183 3374.0 
-0.082 3286.0 
-0.562 5652.0 
0.261 3067.0 
0.069 3186.0 
-0.261 3487.0 
-0.035 3251.0 
-0.468 4058.0 
-0.285 3496.0 
-0.442 3923.0 
-0.238 3435.0 
0.525 2900.0 
0.598 2854.0 
-0.498 4328.0 
-0.388 3727.0 
-0.534 4768.0 
-0.555 5261.0 
0.001 3226.0 
-0.296 3516.0 
-0.542 4884.0 
-0.494 4248.0 
-0.252 3458.0 
-0.559 5487.0 
-0.504 4338.0 
-0.56 5523.0 
-0.165 3355.0 
0.471 2940.0 
0.399 2978.0 
-0.344 3606.0 
-0.53 4670.0 
0.559 2878.0 
-0.546 4951.0 
-0.49 4231.0 
0.276 3058.0 
-0.377 3707.0 
-0.55 5081.0 
-0.009 3236.0 
-0.452 3968.0 
0.218 3097.0 
-0.129 3322.0 
0.047 3211.0 
-0.558 5416.0 
-0.557 5398.0 
-0.426 3867.0 
0.55 2882.0 
0.189 3110.0 
-0.414 3827.0 
-0.53 4670.0 
-0.37 3674.0 
-0.222 3418.0 
-0.106 3307.0 
-0.029 3247.0 
-0.541 4821.0 
0.055 3194.0 
-0.564 5797.0 
-0.426 3867.0 
-0.552 5146.0 
-0.554 5219.0 
-0.395 3776.0 
-0.553 5187.0 
-0.544 4927.0 
0.598 2854.0 
0.363 3007.0 
-0.41 3810.0 
-0.399 3777.0 
-0.133 3333.0 
-0.556 5329.0 
-0.445 3937.0 
0.379 2996.0 
-0.474 4108.0 
-0.556 5329.0 
0.387 2987.0 
