0.612 2841.0 
0.612 2841.0 
-0.567 6093.0 
0.395 2982.0 
-0.561 5598.0 
-0.345 3617.0 
-0.318 3551.0 
-0.031 3249.0 
0.364 3003.0 
-0.566 5924.0 
-0.076 3282.0 
0.48 2926.0 
0.346 3023.0 
-0.248 3455.0 
-0.477 4125.0 
-0.564 5785.0 
0.138 3152.0 
-0.108 3304.0 
-0.555 5260.0 
0.093 3171.0 
-0.14 3332.0 
0.106 3158.0 
-0.178 3380.0 
-0.328 3574.0 
-0.393 3754.0 
-0.539 4836.0 
-0.375 3691.0 
-0.532 4722.0 
0.285 3054.0 
0.192 3106.0 
-0.438 3924.0 
-0.497 4354.0 
-0.56 5515.0 
-0.544 4937.0 
-0.512 4484.0 
-0.558 5406.0 
0.064 3190.0 
-0.495 4248.0 
0.017 3213.0 
-0.119 3313.0 
-0.542 4873.0 
-0.559 5479.0 
0.221 3087.0 
-0.456 4042.0 
-0.421 3846.0 
-0.467 4070.0 
-0.562 5695.0 
-0.268 3491.0 
-0.53 4636.0 
-0.557 5364.0 
-0.199 3389.0 
-0.289 3503.0 
-0.548 5011.0 
-0.005 3229.0 
0.45 2944.0 
-0.552 5158.0 
0.501 2920.0 
0.424 2971.0 
0.256 3066.0 
-0.51 4422.0 
0.315 3028.0 
-0.056 3266.0 
0.426 2965.0 
0.529 2895.0 
-0.563 5702.0 
-0.536 4752.0 
0.547 2884.0 
0.246 3077.0 
-0.289 3503.0 
0.152 3135.0 
-0.488 4197.0 
-0.554 5223.0 
-0.451 3971.0 
0.593 2857.0 
0.295 3042.0 
-0.547 4983.0 
-0.523 4580.0 
-0.452 3973.0 
0.45 2944.0 
-0.55 5080.0 
-0.481 4189.0 
-0.159 3357.0 
0.225 3084.0 
-0.222 3415.0 
-0.157 3355.0 
-0.001 3227.0 
0.185 3115.0 
-0.566 5924.0 
-0.565 5851.0 
0.171 3124.0 
-0.55 5080.0 
-0.406 3787.0 
-0.059 3271.0 
-0.518 4534.0 
-0.553 5175.0 
-0.494 4244.0 
-0.416 3824.0 
-0.399 3764.0 
-0.565 5851.0 
-0.363 3660.0 
-0.567 6042.0 
0.614 2841.0 
-0.567 6042.0 
0.614 2841.0 
-0.564 5764.0 
-0.076 3291.0 
0.128 3148.0 
-0.111 3324.0 
-0.548 5069.0 
-0.483 4174.0 
0.462 2942.0 
-0.422 3851.0 
-0.557 5371.0 
-0.146 3337.0 
0.233 3086.0 
-0.376 3694.0 
-0.559 5479.0 
0.096 3171.0 
0.437 2956.0 
-0.498 4293.0 
-0.435 3912.0 
0.584 2859.0 
0.064 3187.0 
-0.546 4968.0 
-0.561 5601.0 
-0.061 3269.0 
0.283 3052.0 
-0.411 3815.0 
-0.4 3777.0 
0.3 3040.0 
0.016 3216.0 
-0.019 3241.0 
-0.196 3387.0 
-0.553 5229.0 
-0.275 3488.0 
0.386 2990.0 
-0.211 3408.0 
-0.227 3425.0 
-0.562 5645.0 
-0.175 3364.0 
-0.002 3226.0 
-0.566 5925.0 
-0.539 4794.0 
0.259 3063.0 
-0.541 4864.0 
-0.467 4074.0 
-0.506 4379.0 
-0.533 4677.0 
0.164 3124.0 
-0.132 3325.0 
-0.556 5327.0 
-0.555 5270.0 
0.417 2964.0 
-0.512 4464.0 
-0.492 4245.0 
0.084 3176.0 
0.503 2913.0 
-0.504 4363.0 
0.331 3020.0 
-0.519 4486.0 
0.356 3004.0 
0.572 2868.0 
0.546 2883.0 
-0.441 3941.0 
0.202 3102.0 
0.527 2900.0 
-0.551 5133.0 
-0.456 4024.0 
0.251 3083.0 
-0.565 5854.0 
-0.535 4729.0 
-0.56 5513.0 
-0.036 3263.0 
-0.3 3548.0 
0.045 3210.0 
-0.526 4581.0 
-0.543 4898.0 
0.555 2879.0 
0.042 3215.0 
0.323 3027.0 
0.489 2924.0 
0.355 3005.0 
-0.243 3443.0 
0.406 2977.0 
-0.475 4114.0 
-0.179 3368.0 
-0.46 4044.0 
-0.342 3602.0 
-0.552 5153.0 
-0.544 4942.0 
0.518 2902.0 
-0.351 3635.0 
-0.389 3741.0 
-0.521 4539.0 
-0.319 3551.0 
-0.566 5925.0 
-0.565 5854.0 
-0.364 3657.0 
-0.451 3974.0 
-0.389 3741.0 
-0.567 6057.0 
0.621 2836.0 
-0.567 6057.0 
0.621 2836.0 
-0.219 3431.0 
0.35 3007.0 
-0.566 5971.0 
-0.565 5851.0 
-0.523 4563.0 
0.118 3153.0 
-0.185 3373.0 
-0.515 4489.0 
0.223 3088.0 
0.31 3038.0 
-0.316 3546.0 
-0.528 4633.0 
-0.552 5200.0 
-0.11 3319.0 
0.087 3171.0 
-0.546 4977.0 
-0.563 5710.0 
-0.557 5369.0 
-0.344 3612.0 
0.473 2929.0 
-0.564 5782.0 
0.206 3096.0 
-0.328 3576.0 
-0.39 3744.0 
0.18 3115.0 
0.434 2954.0 
0.434 2954.0 
-0.099 3298.0 
0.141 3145.0 
-0.537 4752.0 
-0.247 3451.0 
-0.293 3509.0 
-0.55 5089.0 
0.394 2981.0 
-0.554 5237.0 
-0.55 5089.0 
-0.477 4178.0 
-0.382 3714.0 
-0.37 3683.0 
0.051 3196.0 
-0.498 4311.0 
-0.141 3340.0 
-0.404 3796.0 
0.259 3074.0 
-0.035 3253.0 
0.6 2848.0 
-0.438 3980.0 
-0.009 3234.0 
0.564 2872.0 
-0.459 4019.0 
-0.512 4426.0 
-0.437 3915.0 
-0.558 5451.0 
0.484 2922.0 
-0.422 3852.0 
-0.43 3896.0 
-0.487 4199.0 
-0.464 4060.0 
-0.488 4251.0 
-0.264 3474.0 
-0.504 4369.0 
-0.453 3983.0 
0.073 3184.0 
0.017 3216.0 
-0.562 5638.0 
-0.533 4695.0 
0.267 3059.0 
-0.539 4822.0 
-0.561 5624.0 
-0.28 3491.0 
-0.357 3645.0 
-0.075 3282.0 
-0.002 3232.0 
0.544 2885.0 
0.025 3210.0 
-0.543 4900.0 
-0.489 4295.0 
-0.156 3366.0 
-0.559 5469.0 
-0.56 5553.0 
0.156 3128.0 
-0.18 3369.0 
-0.545 4952.0 
0.522 2898.0 
0.394 2981.0 
0.302 3042.0 
-0.414 3835.0 
0.511 2911.0 
-0.555 5310.0 
-0.475 4116.0 
0.165 3124.0 
-0.467 4100.0 
-0.042 3257.0 
-0.56 5553.0 
0.373 2992.0 
-0.361 3656.0 
-0.567 6126.0 
-0.567 6126.0 
0.625 2833.0 
0.39 2980.0 
0.433 2954.0 
0.243 3076.0 
-0.565 5859.0 
-0.543 4872.0 
-0.414 3855.0 
-0.437 3919.0 
-0.161 3356.0 
-0.51 4409.0 
-0.204 3394.0 
0.003 3226.0 
-0.516 4468.0 
-0.566 5981.0 
-0.562 5644.0 
-0.314 3543.0 
-0.453 4049.0 
-0.563 5722.0 
0.318 3026.0 
-0.564 5782.0 
-0.349 3619.0 
0.024 3213.0 
-0.559 5474.0 
-0.469 4076.0 
-0.489 4238.0 
0.045 3201.0 
0.364 2997.0 
0.518 2911.0 
0.17 3119.0 
-0.367 3664.0 
0.201 3113.0 
-0.566 5981.0 
-0.447 3993.0 
-0.128 3329.0 
-0.397 3763.0 
0.574 2867.0 
-0.549 5046.0 
0.214 3091.0 
0.487 2922.0 
-0.496 4264.0 
-0.482 4167.0 
-0.075 3278.0 
0.275 3054.0 
-0.277 3483.0 
-0.503 4341.0 
-0.536 4762.0 
-0.56 5546.0 
0.301 3037.0 
-0.219 3411.0 
-0.385 3731.0 
-0.02 3244.0 
-0.525 4600.0 
-0.528 4625.0 
-0.294 3512.0 
-0.561 5581.0 
-0.552 5173.0 
-0.477 4121.0 
-0.443 3954.0 
-0.553 5237.0 
-0.336 3608.0 
-0.095 3307.0 
0.526 2899.0 
0.351 3005.0 
0.558 2875.0 
-0.554 5269.0 
-0.545 4976.0 
0.594 2855.0 
0.602 2848.0 
-0.046 3257.0 
-0.551 5139.0 
0.459 2942.0 
-0.245 3446.0 
-0.557 5393.0 
0.276 3053.0 
-0.176 3367.0 
0.481 2925.0 
-0.256 3466.0 
-0.558 5413.0 
-0.497 4332.0 
-0.52 4531.0 
-0.089 3291.0 
-0.41 3804.0 
-0.38 3701.0 
-0.522 4536.0 
-0.117 3314.0 
-0.548 5028.0 
-0.531 4688.0 
-0.535 4724.0 
0.106 3159.0 
0.153 3141.0 
0.461 2938.0 
-0.406 3793.0 
-0.285 3499.0 
0.128 3144.0 
0.127 3145.0 
-0.372 3684.0 
0.622 2836.0 
0.064 3188.0 
0.618 2837.0 
-0.567 6103.0 
0.618 2837.0 
0.563 2874.0 
-0.496 4298.0 
-0.288 3501.0 
0.068 3185.0 
-0.479 4140.0 
-0.559 5467.0 
0.616 2838.0 
-0.314 3543.0 
-0.465 4056.0 
-0.07 3278.0 
-0.543 4873.0 
-0.565 5845.0 
-0.555 5283.0 
-0.544 4940.0 
-0.204 3394.0 
-0.566 5942.0 
-0.096 3296.0 
0.106 3164.0 
-0.538 4778.0 
0.024 3210.0 
-0.526 4589.0 
-0.018 3237.0 
-0.265 3483.0 
-0.458 4012.0 
-0.528 4654.0 
0.048 3197.0 
-0.504 4402.0 
0.001 3225.0 
-0.563 5717.0 
-0.551 5111.0 
0.443 2950.0 
-0.562 5639.0 
-0.52 4521.0 
0.352 3008.0 
-0.489 4217.0 
-0.564 5776.0 
0.537 2891.0 
0.372 2996.0 
-0.556 5344.0 
-0.143 3335.0 
0.39 2981.0 
-0.446 3959.0 
0.489 2922.0 
-0.561 5582.0 
-0.56 5524.0 
-0.36 3646.0 
0.512 2904.0 
-0.229 3435.0 
0.425 2966.0 
0.466 2938.0 
-0.546 5035.0 
-0.408 3798.0 
-0.328 3578.0 
0.147 3137.0 
-0.553 5181.0 
-0.484 4196.0 
0.13 3145.0 
0.332 3022.0 
-0.566 5942.0 
-0.164 3359.0 
-0.382 3709.0 
-0.045 3256.0 
-0.122 3316.0 
-0.044 3255.0 
0.29 3050.0 
-0.441 3937.0 
-0.117 3312.0 
0.23 3086.0 
-0.512 4469.0 
-0.549 5041.0 
-0.509 4408.0 
-0.534 4714.0 
-0.181 3376.0 
-0.391 3757.0 
-0.336 3592.0 
0.115 3152.0 
0.163 3129.0 
0.524 2899.0 
-0.156 3347.0 
-0.184 3390.0 
0.254 3076.0 
0.476 2926.0 
0.207 3101.0 
0.171 3119.0 
-0.552 5174.0 
-0.231 3439.0 
-0.516 4480.0 
-0.384 3734.0 
0.207 3101.0 
0.184 3110.0 
-0.248 3458.0 
-0.368 3682.0 
-0.345 3621.0 
-0.556 5344.0 
-0.434 3900.0 
0.324 3032.0 
0.303 3036.0 
-0.567 6088.0 
0.623 2834.0 
0.623 2834.0 
-0.566 5987.0 
-0.241 3437.0 
-0.2 3393.0 
-0.565 5841.0 
-0.022 3240.0 
0.218 3088.0 
-0.515 4499.0 
0.084 3178.0 
-0.547 5058.0 
-0.26 3463.0 
0.255 3065.0 
-0.443 3932.0 
-0.546 4960.0 
-0.281 3493.0 
-0.452 3995.0 
-0.501 4359.0 
-0.551 5114.0 
-0.561 5574.0 
-0.153 3345.0 
-0.557 5360.0 
-0.564 5781.0 
-0.562 5655.0 
0.055 3193.0 
0.455 2940.0 
-0.507 4411.0 
-0.079 3284.0 
0.011 3218.0 
-0.4 3774.0 
-0.482 4162.0 
0.135 3141.0 
-0.411 3806.0 
-0.533 4693.0 
-0.473 4108.0 
-0.176 3365.0 
0.187 3109.0 
-0.558 5444.0 
-0.529 4642.0 
-0.56 5514.0 
-0.512 4457.0 
-0.54 4831.0 
-0.096 3297.0 
0.282 3048.0 
0.343 3011.0 
-0.327 3574.0 
-0.526 4598.0 
-0.06 3272.0 
0.107 3161.0 
-0.432 3888.0 
-0.372 3684.0 
-0.534 4746.0 
0.502 2911.0 
0.574 2867.0 
-0.461 4036.0 
-0.498 4283.0 
-0.537 4787.0 
-0.298 3519.0 
-0.552 5193.0 
0.535 2893.0 
0.498 2920.0 
0.528 2898.0 
-0.184 3377.0 
-0.044 3255.0 
-0.42 3837.0 
0.268 3060.0 
0.163 3123.0 
-0.338 3601.0 
0.56 2876.0 
-0.543 4909.0 
-0.542 4883.0 
-0.378 3699.0 
-0.555 5286.0 
-0.554 5228.0 
0.599 2850.0 
0.163 3123.0 
0.414 2971.0 
0.618 2840.0 
-0.39 3742.0 
-0.131 3344.0 
-0.353 3662.0 
-0.108 3314.0 
-0.556 5307.0 
-0.563 5706.0 
0.365 3002.0 
-0.386 3731.0 
-0.488 4218.0 
0.39 2987.0 
-0.559 5469.0 
0.322 3025.0 
-0.492 4253.0 
-0.317 3551.0 
0.434 2954.0 
-0.526 4598.0 
0.114 3153.0 
-0.487 4191.0 
0.023 3213.0 
0.331 3017.0 
0.414 2971.0 
-0.565 5863.0 
0.623 2834.0 
-0.565 5863.0 
-0.561 5574.0 
0.082 3176.0 
-0.562 5668.0 
0.13 3145.0 
-0.302 3522.0 
-0.558 5415.0 
-0.556 5310.0 
0.156 3129.0 
-0.481 4178.0 
-0.141 3333.0 
-0.001 3227.0 
0.258 3068.0 
-0.245 3450.0 
-0.46 4021.0 
0.195 3112.0 
-0.534 4701.0 
-0.191 3384.0 
-0.415 3831.0 
-0.464 4094.0 
-0.474 4118.0 
0.473 2929.0 
-0.55 5087.0 
-0.114 3315.0 
0.365 3005.0 
-0.276 3483.0 
-0.563 5773.0 
-0.321 3563.0 
0.462 2941.0 
-0.37 3700.0 
-0.559 5464.0 
-0.39 3759.0 
0.285 3048.0 
-0.158 3352.0 
-0.382 3723.0 
-0.453 3985.0 
-0.084 3287.0 
-0.522 4535.0 
-0.526 4626.0 
-0.431 3890.0 
0.521 2904.0 
0.401 2976.0 
-0.525 4616.0 
0.439 2956.0 
-0.493 4328.0 
0.228 3085.0 
0.585 2860.0 
-0.282 3493.0 
-0.018 3237.0 
-0.222 3414.0 
-0.541 4876.0 
-0.564 5779.0 
-0.544 4893.0 
-0.36 3666.0 
0.307 3034.0 
0.337 3016.0 
-0.172 3364.0 
-0.489 4232.0 
0.273 3058.0 
-0.438 3936.0 
0.337 3016.0 
-0.444 3952.0 
0.407 2971.0 
-0.553 5218.0 
0.044 3201.0 
0.029 3209.0 
0.066 3187.0 
-0.036 3255.0 
-0.555 5263.0 
-0.357 3642.0 
-0.344 3626.0 
-0.54 4808.0 
0.578 2865.0 
-0.504 4354.0 
-0.536 4737.0 
-0.492 4257.0 
0.376 2994.0 
0.307 3034.0 
-0.54 4808.0 
-0.551 5155.0 
-0.064 3271.0 
-0.515 4466.0 
0.537 2888.0 
-0.342 3600.0 
0.5 2913.0 
-0.547 5002.0 
-0.402 3784.0 
-0.549 5036.0 
0.428 2959.0 
0.057 3195.0 
-0.096 3299.0 
-0.184 3375.0 
-0.233 3431.0 
0.559 2877.0 
-0.517 4495.0 
-0.514 4430.0 
-0.333 3582.0 
-0.546 4956.0 
-0.566 6013.0 
0.621 2835.0 
-0.566 6013.0 
0.215 3100.0 
-0.544 4914.0 
0.273 3056.0 
-0.235 3428.0 
0.147 3149.0 
-0.516 4470.0 
0.103 3159.0 
-0.54 4820.0 
-0.523 4570.0 
0.295 3040.0 
-0.565 5855.0 
-0.199 3396.0 
-0.564 5785.0 
-0.563 5708.0 
-0.532 4705.0 
-0.552 5156.0 
-0.548 5025.0 
-0.065 3274.0 
-0.147 3350.0 
0.515 2905.0 
0.022 3212.0 
-0.549 5045.0 
-0.537 4768.0 
-0.43 3902.0 
-0.095 3297.0 
-0.507 4364.0 
0.427 2958.0 
-0.013 3235.0 
-0.509 4427.0 
-0.553 5181.0 
-0.033 3248.0 
0.089 3169.0 
-0.559 5518.0 
-0.273 3480.0 
0.049 3194.0 
0.367 2998.0 
-0.5 4304.0 
0.006 3221.0 
0.452 2942.0 
-0.56 5559.0 
-0.554 5279.0 
-0.336 3610.0 
-0.102 3309.0 
-0.422 3844.0 
0.496 2921.0 
0.388 2984.0 
-0.49 4228.0 
-0.465 4072.0 
-0.169 3362.0 
-0.389 3733.0 
0.066 3183.0 
-0.459 4017.0 
0.325 3025.0 
-0.4 3783.0 
-0.474 4133.0 
-0.555 5289.0 
0.462 2936.0 
0.351 3005.0 
-0.311 3536.0 
-0.358 3642.0 
-0.385 3720.0 
-0.353 3627.0 
-0.329 3574.0 
0.542 2891.0 
-0.128 3321.0 
0.17 3123.0 
0.166 3134.0 
-0.561 5626.0 
-0.562 5641.0 
0.412 2967.0 
-0.47 4094.0 
-0.437 3938.0 
-0.373 3684.0 
-0.254 3455.0 
-0.486 4210.0 
-0.177 3373.0 
0.199 3105.0 
-0.286 3497.0 
-0.37 3676.0 
0.566 2871.0 
-0.193 3381.0 
-0.557 5368.0 
-0.13 3323.0 
-0.526 4606.0 
-0.529 4642.0 
-0.557 5368.0 
-0.501 4316.0 
-0.558 5442.0 
-0.558 5442.0 
-0.255 3458.0 
-0.309 3533.0 
0.275 3053.0 
0.337 3014.0 
-0.565 5855.0 
-0.448 3963.0 
-0.051 3260.0 
0.596 2851.0 
0.622 2836.0 
-0.566 5995.0 
0.622 2836.0 
-0.566 5995.0 
-0.565 5976.0 
-0.564 5770.0 
0.37 2999.0 
-0.245 3441.0 
0.558 2886.0 
-0.281 3493.0 
-0.546 4982.0 
0.125 3149.0 
0.595 2853.0 
-0.556 5341.0 
-0.542 4874.0 
0.051 3193.0 
0.024 3210.0 
-0.56 5545.0 
-0.478 4154.0 
-0.055 3264.0 
-0.317 3550.0 
-0.444 3945.0 
-0.562 5675.0 
0.224 3090.0 
-0.471 4096.0 
-0.552 5152.0 
-0.522 4571.0 
-0.52 4502.0 
-0.561 5623.0 
0.163 3125.0 
-0.366 3680.0 
0.401 2977.0 
-0.489 4253.0 
0.284 3048.0 
-0.487 4203.0 
0.006 3229.0 
-0.303 3523.0 
-0.497 4307.0 
-0.081 3289.0 
-0.548 5032.0 
-0.499 4349.0 
0.072 3180.0 
-0.557 5381.0 
-0.553 5228.0 
0.254 3068.0 
0.519 2910.0 
0.317 3028.0 
0.465 2937.0 
-0.398 3771.0 
-0.106 3307.0 
-0.535 4727.0 
-0.22 3412.0 
0.249 3070.0 
-0.558 5457.0 
-0.563 5763.0 
-0.333 3589.0 
0.19 3119.0 
-0.403 3790.0 
-0.144 3333.0 
0.455 2943.0 
-0.185 3378.0 
-0.235 3430.0 
0.504 2913.0 
-0.559 5476.0 
-0.012 3240.0 
-0.333 3589.0 
-0.411 3834.0 
-0.385 3730.0 
-0.285 3511.0 
0.205 3097.0 
-0.526 4624.0 
0.293 3042.0 
-0.379 3715.0 
0.344 3011.0 
-0.024 3242.0 
-0.09 3293.0 
-0.553 5228.0 
0.344 3011.0 
-0.425 3877.0 
-0.201 3394.0 
-0.463 4051.0 
-0.516 4451.0 
0.435 2953.0 
0.538 2889.0 
0.312 3035.0 
0.166 3123.0 
-0.509 4397.0 
-0.533 4686.0 
0.43 2958.0 
-0.127 3327.0 
-0.121 3318.0 
-0.536 4782.0 
-0.455 4015.0 
-0.51 4447.0 
-0.549 5096.0 
0.091 3178.0 
0.412 2968.0 
-0.354 3648.0 
-0.207 3402.0 
-0.449 3995.0 
0.624 2833.0 
-0.567 6101.0 
-0.567 6101.0 
0.624 2833.0 
-0.561 5572.0 
-0.558 5455.0 
-0.492 4226.0 
-0.181 3370.0 
-0.214 3411.0 
0.282 3049.0 
-0.482 4146.0 
0.348 3011.0 
-0.071 3287.0 
0.208 3095.0 
0.302 3039.0 
-0.565 5939.0 
-0.564 5787.0 
0.329 3023.0 
0.429 2959.0 
-0.141 3333.0 
-0.306 3531.0 
-0.498 4300.0 
0.381 2995.0 
-0.449 3997.0 
0.451 2946.0 
-0.391 3740.0 
0.234 3085.0 
-0.562 5690.0 
-0.111 3308.0 
-0.52 4570.0 
-0.547 5021.0 
-0.102 3304.0 
0.406 2974.0 
-0.55 5118.0 
-0.533 4699.0 
-0.379 3699.0 
-0.411 3809.0 
-0.471 4107.0 
-0.512 4432.0 
0.6 2855.0 
-0.023 3239.0 
0.471 2935.0 
0.006 3227.0 
-0.439 3948.0 
-0.359 3645.0 
-0.432 3889.0 
-0.4 3778.0 
-0.545 4922.0 
-0.242 3439.0 
-0.554 5237.0 
-0.555 5276.0 
0.512 2907.0 
0.532 2895.0 
0.548 2889.0 
-0.258 3459.0 
0.149 3134.0 
0.568 2870.0 
-0.557 5373.0 
-0.369 3672.0 
-0.327 3570.0 
-0.548 5045.0 
-0.228 3421.0 
0.249 3071.0 
-0.16 3368.0 
-0.556 5350.0 
-0.563 5703.0 
-0.527 4624.0 
-0.539 4805.0 
-0.508 4388.0 
-0.467 4059.0 
-0.344 3615.0 
0.172 3117.0 
-0.422 3846.0 
0.12 3151.0 
-0.529 4647.0 
0.183 3114.0 
-0.287 3530.0 
-0.566 6014.0 
0.39 2982.0 
0.488 2921.0 
-0.534 4762.0 
0.056 3192.0 
-0.283 3503.0 
-0.153 3344.0 
-0.564 5787.0 
0.016 3220.0 
0.105 3167.0 
-0.055 3264.0 
-0.519 4512.0 
0.078 3181.0 
0.154 3130.0 
0.497 2917.0 
-0.552 5164.0 
0.083 3178.0 
-0.566 6014.0 
-0.565 5939.0 
-0.516 4494.0 
-0.444 3982.0 
0.566 2873.0 
-0.467 4059.0 
0.625 2833.0 
-0.565 5844.0 
0.625 2833.0 
-0.474 4104.0 
0.556 2878.0 
-0.559 5531.0 
-0.202 3394.0 
-0.486 4193.0 
-0.442 3956.0 
0.525 2901.0 
-0.539 4805.0 
-0.177 3367.0 
-0.558 5414.0 
-0.564 5785.0 
-0.508 4386.0 
-0.563 5699.0 
-0.462 4048.0 
0.587 2857.0 
-0.543 4878.0 
-0.158 3352.0 
-0.398 3769.0 
0.319 3031.0 
0.056 3194.0 
-0.555 5272.0 
0.115 3157.0 
-0.226 3419.0 
0.427 2962.0 
-0.096 3307.0 
-0.56 5597.0 
-0.043 3256.0 
0.034 3208.0 
-0.545 4926.0 
0.6 2849.0 
-0.345 3615.0 
0.345 3013.0 
-0.55 5076.0 
-0.556 5344.0 
-0.492 4232.0 
-0.066 3274.0 
0.241 3092.0 
0.292 3046.0 
-0.423 3861.0 
-0.122 3318.0 
-0.53 4655.0 
0.247 3078.0 
-0.562 5647.0 
0.44 2949.0 
-0.265 3469.0 
-0.499 4311.0 
-0.554 5218.0 
-0.551 5154.0 
0.017 3218.0 
0.14 3139.0 
-0.533 4726.0 
0.376 2996.0 
0.272 3060.0 
0.078 3188.0 
-0.355 3648.0 
-0.278 3486.0 
0.185 3111.0 
-0.514 4433.0 
-0.379 3704.0 
-0.549 5041.0 
-0.536 4741.0 
-0.246 3460.0 
-0.434 3891.0 
-0.007 3236.0 
-0.138 3330.0 
0.149 3135.0 
-0.457 4000.0 
-0.525 4616.0 
-0.333 3585.0 
0.078 3188.0 
0.169 3124.0 
-0.321 3567.0 
-0.496 4283.0 
0.209 3096.0 
0.116 3155.0 
0.401 2979.0 
0.377 2994.0 
0.0 3226.0 
0.401 2979.0 
0.207 3097.0 
-0.519 4506.0 
-0.368 3677.0 
-0.557 5384.0 
0.46 2937.0 
0.506 2917.0 
-0.552 5175.0 
-0.306 3542.0 
-0.084 3288.0 
0.484 2923.0 
-0.294 3513.0 
-0.547 4989.0 
-0.29 3505.0 
0.484 2923.0 
-0.522 4555.0 
0.46 2937.0 
-0.513 4424.0 
-0.028 3247.0 
0.62 2837.0 
-0.566 5938.0 
0.62 2837.0 
-0.566 5938.0 
-0.565 5851.0 
-0.44 3919.0 
-0.503 4334.0 
0.587 2860.0 
-0.047 3259.0 
-0.51 4433.0 
0.145 3140.0 
0.176 3120.0 
-0.236 3438.0 
-0.421 3873.0 
-0.451 3970.0 
-0.474 4130.0 
0.558 2879.0 
0.442 2951.0 
-0.558 5411.0 
-0.555 5285.0 
0.065 3188.0 
-0.559 5513.0 
-0.203 3410.0 
-0.544 4892.0 
-0.258 3465.0 
-0.306 3531.0 
-0.458 4012.0 
-0.285 3512.0 
-0.562 5665.0 
0.502 2919.0 
0.483 2926.0 
-0.033 3247.0 
-0.276 3486.0 
-0.101 3306.0 
0.299 3041.0 
-0.078 3283.0 
0.208 3098.0 
-0.547 5003.0 
-0.315 3558.0 
-0.342 3605.0 
0.25 3074.0 
-0.541 4823.0 
-0.553 5243.0 
-0.558 5411.0 
-0.563 5714.0 
0.532 2898.0 
0.188 3108.0 
-0.551 5137.0 
0.315 3030.0 
-0.16 3369.0 
0.117 3154.0 
0.367 3002.0 
0.573 2872.0 
-0.392 3740.0 
0.039 3208.0 
0.087 3176.0 
-0.528 4610.0 
-0.56 5533.0 
0.331 3021.0 
-0.531 4685.0 
-0.397 3767.0 
-0.515 4454.0 
-0.185 3392.0 
0.019 3220.0 
-0.486 4181.0 
-0.496 4288.0 
0.046 3197.0 
0.129 3145.0 
-0.564 5767.0 
-0.537 4758.0 
-0.464 4060.0 
-0.491 4223.0 
-0.242 3450.0 
-0.081 3285.0 
0.01 3221.0 
-0.478 4162.0 
-0.535 4719.0 
-0.367 3673.0 
-0.011 3235.0 
0.519 2901.0 
-0.528 4610.0 
-0.116 3332.0 
-0.379 3698.0 
0.099 3165.0 
0.4 2986.0 
0.376 2992.0 
0.279 3052.0 
-0.545 4939.0 
-0.522 4538.0 
-0.549 5069.0 
-0.383 3710.0 
-0.404 3798.0 
0.403 2984.0 
-0.538 4797.0 
-0.141 3333.0 
-0.464 4060.0 
0.421 2965.0 
-0.552 5172.0 
0.463 2936.0 
0.343 3013.0 
0.623 2834.0 
-0.566 5970.0 
0.623 2834.0 
-0.566 5970.0 
0.341 3013.0 
-0.055 3266.0 
-0.565 5894.0 
-0.104 3303.0 
0.298 3043.0 
0.541 2890.0 
-0.013 3234.0 
0.427 2963.0 
0.38 2987.0 
-0.516 4477.0 
0.195 3103.0 
-0.047 3258.0 
-0.532 4661.0 
-0.397 3818.0 
-0.325 3565.0 
0.173 3125.0 
0.486 2932.0 
-0.203 3394.0 
-0.546 4962.0 
-0.222 3422.0 
0.38 2987.0 
-0.521 4523.0 
-0.297 3512.0 
0.279 3052.0 
0.519 2899.0 
-0.558 5442.0 
0.467 2949.0 
0.506 2921.0 
-0.544 4909.0 
-0.561 5578.0 
-0.553 5185.0 
-0.557 5358.0 
0.448 2954.0 
-0.358 3650.0 
0.05 3195.0 
0.253 3070.0 
0.568 2872.0 
-0.419 3836.0 
-0.56 5543.0 
-0.506 4357.0 
-0.564 5790.0 
0.614 2851.0 
0.155 3130.0 
-0.493 4294.0 
-0.51 4404.0 
-0.171 3365.0 
-0.548 5057.0 
-0.49 4227.0 
0.028 3213.0 
-0.547 5029.0 
-0.149 3341.0 
-0.526 4597.0 
0.07 3186.0 
-0.464 4039.0 
-0.501 4304.0 
-0.317 3549.0 
-0.37 3681.0 
-0.555 5275.0 
0.14 3144.0 
-0.375 3698.0 
-0.536 4773.0 
-0.303 3528.0 
-0.465 4123.0 
-0.24 3439.0 
-0.556 5331.0 
0.0 3226.0 
-0.523 4585.0 
0.215 3093.0 
-0.273 3481.0 
-0.154 3345.0 
0.093 3170.0 
-0.562 5655.0 
-0.549 5128.0 
-0.207 3399.0 
-0.126 3319.0 
-0.457 4000.0 
0.575 2866.0 
-0.348 3624.0 
-0.428 3886.0 
0.245 3076.0 
-0.438 3932.0 
-0.246 3447.0 
0.229 3082.0 
-0.126 3319.0 
-0.105 3305.0 
-0.171 3365.0 
-0.425 3857.0 
-0.563 5725.0 
-0.562 5655.0 
-0.431 3917.0 
0.591 2856.0 
-0.559 5475.0 
-0.386 3729.0 
-0.396 3760.0 
-0.542 4854.0 
-0.564 5790.0 
0.625 2832.0 
-0.567 6107.0 
0.625 2832.0 
-0.51 4477.0 
-0.565 5946.0 
-0.191 3381.0 
0.348 3008.0 
0.321 3025.0 
-0.526 4631.0 
0.009 3222.0 
-0.534 4703.0 
-0.415 3818.0 
-0.471 4097.0 
0.523 2902.0 
0.567 2871.0 
-0.506 4363.0 
0.601 2849.0 
-0.543 4880.0 
-0.216 3408.0 
0.287 3046.0 
-0.545 4947.0 
-0.457 4002.0 
-0.253 3452.0 
-0.096 3296.0 
0.549 2883.0 
-0.564 5799.0 
-0.435 3901.0 
-0.563 5701.0 
0.205 3098.0 
-0.231 3427.0 
-0.496 4285.0 
-0.547 5023.0 
-0.323 3563.0 
-0.118 3314.0 
-0.157 3345.0 
-0.552 5138.0 
0.173 3132.0 
-0.55 5077.0 
-0.562 5657.0 
0.496 2916.0 
0.258 3071.0 
-0.341 3600.0 
-0.348 3615.0 
0.385 2985.0 
0.042 3204.0 
-0.556 5314.0 
-0.539 4794.0 
-0.019 3237.0 
-0.557 5399.0 
-0.394 3746.0 
0.275 3054.0 
-0.553 5205.0 
-0.561 5579.0 
-0.559 5480.0 
-0.564 5799.0 
-0.54 4802.0 
-0.364 3657.0 
0.462 2936.0 
-0.075 3280.0 
-0.528 4632.0 
-0.288 3505.0 
0.385 2985.0 
0.41 2969.0 
0.437 2951.0 
-0.394 3746.0 
-0.554 5237.0 
-0.566 6022.0 
0.437 2951.0 
0.41 2969.0 
-0.558 5417.0 
0.212 3093.0 
0.118 3153.0 
-0.561 5579.0 
-0.445 3942.0 
0.617 2839.0 
0.139 3144.0 
-0.555 5288.0 
-0.267 3490.0 
-0.487 4195.0 
-0.381 3715.0 
-0.566 6022.0 
-0.455 3987.0 
0.082 3176.0 
-0.295 3511.0 
-0.265 3487.0 
-0.493 4238.0 
0.063 3197.0 
0.239 3076.0 
0.487 2928.0 
-0.154 3344.0 
0.231 3084.0 
0.066 3186.0 
0.154 3137.0 
-0.447 3951.0 
-0.024 3241.0 
-0.475 4140.0 
-0.485 4179.0 
-0.039 3254.0 
-0.423 3854.0 
-0.423 3854.0 
-0.566 5943.0 
-0.566 5943.0 
0.622 2834.0 
0.418 2971.0 
-0.415 3832.0 
0.458 2941.0 
0.138 3143.0 
-0.437 3915.0 
-0.555 5275.0 
-0.561 5606.0 
0.076 3178.0 
0.175 3117.0 
0.325 3023.0 
-0.131 3336.0 
-0.164 3353.0 
0.366 3000.0 
-0.539 4801.0 
-0.369 3731.0 
-0.564 5773.0 
-0.021 3240.0 
0.102 3164.0 
0.592 2856.0 
0.004 3225.0 
-0.404 3794.0 
0.245 3081.0 
-0.283 3526.0 
-0.262 3464.0 
-0.311 3541.0 
-0.355 3634.0 
-0.185 3372.0 
-0.454 3983.0 
0.021 3221.0 
0.527 2898.0 
0.562 2877.0 
-0.553 5186.0 
-0.495 4247.0 
-0.527 4617.0 
-0.543 4891.0 
-0.478 4127.0 
-0.556 5358.0 
-0.534 4691.0 
0.048 3199.0 
-0.445 3939.0 
-0.557 5384.0 
0.19 3108.0 
-0.461 4020.0 
0.209 3095.0 
-0.55 5092.0 
-0.545 4921.0 
-0.485 4185.0 
-0.563 5705.0 
0.563 2874.0 
-0.067 3280.0 
-0.505 4351.0 
-0.512 4460.0 
-0.549 5067.0 
-0.468 4056.0 
-0.367 3666.0 
0.3 3041.0 
0.276 3055.0 
-0.565 5851.0 
-0.324 3581.0 
-0.393 3752.0 
-0.093 3302.0 
0.042 3202.0 
0.507 2914.0 
-0.222 3425.0 
-0.086 3296.0 
0.376 2994.0 
-0.558 5464.0 
-0.488 4207.0 
-0.547 5002.0 
-0.518 4480.0 
-0.059 3268.0 
-0.523 4551.0 
-0.499 4295.0 
-0.565 5851.0 
-0.115 3313.0 
-0.275 3491.0 
-0.242 3438.0 
-0.51 4403.0 
-0.246 3442.0 
0.498 2920.0 
-0.212 3410.0 
-0.341 3610.0 
-0.559 5467.0 
0.478 2927.0 
-0.552 5166.0 
-0.52 4524.0 
-0.044 3256.0 
-0.036 3252.0 
0.251 3078.0 
-0.318 3559.0 
-0.181 3368.0 
-0.34 3596.0 
-0.563 5705.0 
0.394 2984.0 
-0.56 5536.0 
-0.501 4312.0 
-0.56 5536.0 
-0.566 5926.0 
0.625 2834.0 
-0.566 5926.0 
-0.553 5194.0 
-0.555 5284.0 
0.45 2949.0 
-0.55 5102.0 
0.47 2932.0 
-0.557 5362.0 
-0.523 4560.0 
0.57 2869.0 
0.276 3053.0 
0.072 3181.0 
-0.464 4064.0 
-0.07 3278.0 
-0.328 3578.0 
0.331 3020.0 
0.046 3196.0 
-0.564 5780.0 
-0.514 4464.0 
0.095 3165.0 
-0.108 3305.0 
-0.503 4394.0 
0.5 2913.0 
-0.261 3463.0 
0.143 3135.0 
-0.539 4804.0 
-0.485 4194.0 
-0.387 3741.0 
-0.498 4338.0 
0.587 2860.0 
-0.561 5589.0 
-0.439 3920.0 
-0.089 3295.0 
-0.563 5705.0 
-0.401 3772.0 
-0.422 3851.0 
0.2 3101.0 
-0.558 5442.0 
-0.206 3398.0 
-0.477 4135.0 
-0.562 5660.0 
0.611 2844.0 
-0.457 4031.0 
0.118 3155.0 
-0.374 3708.0 
0.536 2890.0 
-0.318 3551.0 
-0.187 3380.0 
-0.24 3443.0 
-0.349 3620.0 
0.4 2982.0 
-0.56 5536.0 
-0.432 3884.0 
0.417 2967.0 
0.513 2905.0 
-0.535 4725.0 
-0.496 4279.0 
-0.045 3257.0 
-0.368 3672.0 
-0.559 5480.0 
-0.512 4442.0 
-0.549 5038.0 
-0.545 4922.0 
-0.039 3254.0 
-0.531 4653.0 
-0.221 3414.0 
0.305 3036.0 
0.243 3074.0 
-0.449 3966.0 
-0.281 3522.0 
-0.543 4870.0 
0.217 3091.0 
-0.451 3978.0 
0.175 3116.0 
0.133 3144.0 
0.305 3036.0 
0.227 3085.0 
0.376 2992.0 
-0.534 4710.0 
-0.565 5848.0 
0.178 3114.0 
-0.479 4147.0 
0.353 3004.0 
-0.23 3428.0 
-0.546 4958.0 
-0.541 4846.0 
-0.277 3485.0 
-0.411 3814.0 
0.534 2893.0 
-0.3 3534.0 
0.379 2989.0 
-0.141 3340.0 
0.017 3223.0 
-0.565 5848.0 
-0.162 3354.0 
0.004 3224.0 
-0.154 3342.0 
-0.409 3809.0 
-0.359 3644.0 
-0.566 5982.0 
0.624 2833.0 
0.624 2833.0 
-0.566 5982.0 
0.118 3152.0 
0.455 2940.0 
0.479 2926.0 
0.515 2904.0 
0.415 2965.0 
0.067 3185.0 
-0.486 4247.0 
0.34 3013.0 
-0.494 4333.0 
-0.508 4420.0 
0.148 3145.0 
-0.526 4601.0 
-0.564 5797.0 
-0.244 3441.0 
-0.228 3421.0 
-0.075 3281.0 
0.302 3036.0 
-0.553 5206.0 
-0.543 4869.0 
-0.316 3558.0 
-0.405 3790.0 
-0.565 5856.0 
-0.157 3349.0 
-0.56 5515.0 
-0.557 5396.0 
-0.563 5716.0 
-0.555 5271.0 
-0.562 5675.0 
0.052 3195.0 
0.581 2862.0 
-0.51 4482.0 
-0.5 4360.0 
0.184 3109.0 
-0.425 3875.0 
-0.549 5060.0 
-0.022 3239.0 
-0.393 3753.0 
0.369 2994.0 
-0.302 3520.0 
-0.107 3310.0 
-0.188 3377.0 
-0.093 3296.0 
0.226 3085.0 
-0.127 3321.0 
-0.521 4510.0 
-0.292 3506.0 
-0.448 3985.0 
0.56 2875.0 
-0.456 4010.0 
-0.522 4559.0 
-0.538 4789.0 
0.254 3066.0 
0.538 2894.0 
-0.352 3626.0 
0.375 2990.0 
-0.257 3483.0 
0.001 3229.0 
-0.55 5146.0 
-0.483 4210.0 
-0.035 3250.0 
-0.54 4821.0 
0.246 3078.0 
-0.428 3916.0 
-0.268 3502.0 
-0.547 4978.0 
-0.471 4121.0 
-0.138 3338.0 
0.598 2851.0 
-0.052 3266.0 
-0.548 5032.0 
0.026 3208.0 
-0.544 4947.0 
-0.381 3712.0 
0.207 3096.0 
-0.35 3623.0 
0.009 3223.0 
-0.561 5595.0 
-0.561 5595.0 
-0.532 4678.0 
-0.558 5447.0 
-0.206 3403.0 
0.276 3055.0 
-0.468 4095.0 
-0.334 3590.0 
-0.536 4728.0 
-0.44 3945.0 
0.4 2975.0 
-0.329 3585.0 
-0.556 5325.0 
-0.189 3379.0 
-0.559 5473.0 
-0.385 3727.0 
0.324 3027.0 
-0.477 4162.0 
-0.415 3831.0 
-0.463 4051.0 
0.622 2835.0 
-0.567 6095.0 
0.622 2835.0 
-0.567 6095.0 
0.305 3038.0 
0.268 3059.0 
-0.564 5775.0 
0.344 3011.0 
-0.34 3601.0 
0.422 2961.0 
-0.312 3541.0 
0.588 2858.0 
-0.425 3861.0 
-0.132 3338.0 
0.237 3083.0 
-0.033 3250.0 
0.465 2937.0 
-0.464 4054.0 
-0.548 5046.0 
-0.558 5450.0 
-0.301 3523.0 
-0.413 3825.0 
0.22 3090.0 
-0.56 5514.0 
-0.202 3394.0 
-0.177 3366.0 
0.363 3000.0 
-0.543 4890.0 
-0.511 4461.0 
-0.566 5962.0 
0.016 3217.0 
-0.435 3939.0 
-0.501 4322.0 
-0.278 3485.0 
-0.453 3992.0 
-0.541 4820.0 
-0.55 5114.0 
-0.529 4723.0 
-0.253 3453.0 
-0.528 4629.0 
-0.507 4360.0 
-0.466 4108.0 
-0.565 5890.0 
-0.556 5343.0 
-0.563 5693.0 
0.621 2836.0 
-0.104 3303.0 
-0.557 5372.0 
-0.562 5664.0 
-0.119 3313.0 
-0.547 4972.0 
-0.164 3354.0 
-0.52 4522.0 
0.075 3178.0 
0.046 3197.0 
0.104 3159.0 
-0.24 3437.0 
-0.383 3725.0 
-0.271 3475.0 
-0.227 3421.0 
-0.078 3285.0 
0.193 3109.0 
-0.388 3741.0 
-0.553 5236.0 
-0.211 3416.0 
-0.555 5261.0 
-0.545 4945.0 
-0.49 4246.0 
0.098 3169.0 
0.502 2922.0 
0.506 2911.0 
-0.007 3231.0 
-0.01 3236.0 
0.548 2884.0 
0.132 3158.0 
-0.086 3289.0 
-0.515 4474.0 
-0.401 3780.0 
-0.056 3265.0 
-0.351 3630.0 
0.527 2899.0 
-0.561 5586.0 
-0.057 3269.0 
0.478 2926.0 
-0.552 5164.0 
-0.534 4736.0 
-0.372 3683.0 
-0.448 3970.0 
0.032 3206.0 
-0.479 4141.0 
-0.494 4258.0 
-0.566 5962.0 
-0.561 5586.0 
-0.565 5890.0 
-0.4 3775.0 
0.569 2869.0 
0.402 2976.0 
0.192 3110.0 
0.566 2872.0 
-0.485 4190.0 
-0.566 5998.0 
0.622 2834.0 
-0.566 5998.0 
0.622 2834.0 
-0.509 4543.0 
-0.505 4379.0 
-0.481 4159.0 
-0.035 3250.0 
-0.494 4258.0 
-0.376 3690.0 
0.524 2896.0 
-0.393 3760.0 
-0.34 3608.0 
0.439 2950.0 
0.358 3004.0 
-0.564 5788.0 
0.251 3076.0 
0.224 3098.0 
-0.556 5338.0 
-0.252 3451.0 
-0.064 3271.0 
-0.534 4703.0 
-0.558 5423.0 
-0.549 5046.0 
-0.546 4989.0 
-0.232 3428.0 
-0.179 3369.0 
-0.415 3829.0 
0.559 2874.0 
-0.539 4822.0 
-0.206 3395.0 
0.409 2976.0 
-0.565 5878.0 
-0.559 5467.0 
-0.098 3298.0 
-0.551 5110.0 
-0.45 4024.0 
-0.545 4923.0 
-0.522 4556.0 
-0.076 3282.0 
-0.543 4878.0 
-0.461 4047.0 
-0.307 3530.0 
-0.561 5645.0 
-0.56 5539.0 
0.323 3025.0 
-0.332 3578.0 
0.058 3193.0 
-0.427 3865.0 
0.372 2997.0 
-0.5 4294.0 
-0.554 5241.0 
0.508 2906.0 
0.146 3142.0 
0.152 3133.0 
0.298 3040.0 
-0.471 4145.0 
0.48 2927.0 
-0.01 3241.0 
-0.526 4616.0 
-0.504 4376.0 
0.178 3125.0 
-0.565 5878.0 
0.096 3172.0 
0.267 3065.0 
0.021 3214.0 
-0.553 5189.0 
0.323 3025.0 
-0.562 5716.0 
0.009 3227.0 
-0.282 3496.0 
0.121 3154.0 
-0.552 5158.0 
0.079 3176.0 
0.207 3106.0 
-0.47 4087.0 
0.198 3112.0 
-0.405 3793.0 
0.121 3154.0 
0.41 2975.0 
-0.563 5727.0 
-0.213 3422.0 
-0.133 3326.0 
-0.448 3962.0 
0.46 2937.0 
-0.529 4636.0 
-0.56 5539.0 
-0.538 4766.0 
-0.268 3474.0 
0.034 3204.0 
-0.561 5645.0 
-0.535 4758.0 
0.276 3053.0 
0.067 3185.0 
-0.443 3938.0 
0.616 2839.0 
-0.15 3350.0 
-0.366 3661.0 
-0.111 3309.0 
-0.139 3343.0 
-0.566 6039.0 
-0.566 6039.0 
0.62 2836.0 
-0.565 5843.0 
-0.12 3317.0 
-0.433 3902.0 
0.014 3219.0 
-0.551 5121.0 
-0.242 3457.0 
0.516 2907.0 
0.277 3053.0 
-0.156 3347.0 
-0.223 3422.0 
-0.563 5716.0 
-0.505 4341.0 
-0.268 3472.0 
0.31 3038.0 
0.533 2891.0 
-0.493 4228.0 
0.561 2873.0 
0.483 2924.0 
0.232 3081.0 
-0.205 3397.0 
-0.548 5033.0 
0.102 3179.0 
-0.547 4992.0 
-0.514 4433.0 
0.363 3000.0 
-0.54 4811.0 
-0.326 3568.0 
-0.557 5405.0 
0.133 3141.0 
-0.443 3965.0 
-0.416 3848.0 
-0.35 3621.0 
-0.016 3237.0 
0.061 3191.0 
0.147 3132.0 
-0.486 4196.0 
0.582 2860.0 
-0.47 4069.0 
-0.481 4141.0 
-0.282 3507.0 
0.172 3126.0 
-0.091 3297.0 
-0.057 3267.0 
-0.561 5615.0 
0.404 2973.0 
0.182 3111.0 
-0.556 5332.0 
-0.187 3376.0 
-0.554 5261.0 
-0.562 5646.0 
0.109 3160.0 
-0.375 3696.0 
0.462 2935.0 
-0.541 4882.0 
-0.386 3724.0 
-0.459 4034.0 
-0.536 4761.0 
-0.531 4693.0 
0.438 2951.0 
-0.474 4111.0 
-0.527 4624.0 
-0.522 4551.0 
0.205 3096.0 
-0.362 3657.0 
-0.309 3541.0 
0.614 2840.0 
0.26 3065.0 
-0.552 5203.0 
-0.502 4307.0 
-0.564 5800.0 
0.399 2976.0 
-0.296 3513.0 
0.324 3024.0 
0.334 3017.0 
-0.542 4911.0 
-0.021 3248.0 
0.379 2992.0 
0.432 2956.0 
-0.558 5458.0 
-0.53 4631.0 
-0.56 5540.0 
0.039 3201.0 
0.039 3201.0 
0.202 3098.0 
-0.555 5302.0 
-0.073 3279.0 
-0.365 3675.0 
-0.453 4011.0 
-0.451 3982.0 
-0.176 3368.0 
0.061 3191.0 
0.579 2864.0 
0.47 2932.0 
-0.414 3828.0 
-0.403 3778.0 
-0.04 3255.0 
-0.306 3528.0 
0.623 2835.0 
-0.567 6081.0 
0.623 2835.0 
-0.567 6081.0 
-0.566 5964.0 
-0.554 5232.0 
-0.454 4043.0 
0.219 3088.0 
0.18 3114.0 
0.327 3026.0 
0.283 3050.0 
0.079 3176.0 
0.423 2960.0 
-0.335 3584.0 
0.561 2876.0 
-0.213 3410.0 
-0.52 4502.0 
-0.35 3640.0 
-0.496 4306.0 
-0.438 3952.0 
-0.533 4740.0 
0.537 2894.0 
-0.021 3242.0 
0.5 2918.0 
0.385 2989.0 
-0.247 3446.0 
-0.532 4663.0 
0.116 3163.0 
-0.302 3522.0 
-0.424 3862.0 
0.409 2972.0 
-0.557 5360.0 
-0.176 3369.0 
-0.543 4927.0 
-0.563 5700.0 
0.461 2940.0 
-0.393 3755.0 
0.159 3127.0 
0.518 2902.0 
0.593 2854.0 
-0.55 5121.0 
-0.552 5160.0 
-0.558 5448.0 
-0.514 4432.0 
-0.565 5852.0 
0.012 3218.0 
-0.561 5576.0 
-0.266 3471.0 
-0.471 4128.0 
0.586 2858.0 
-0.126 3323.0 
-0.547 4978.0 
0.03 3207.0 
-0.549 5045.0 
-0.56 5548.0 
-0.559 5476.0 
-0.153 3342.0 
-0.189 3385.0 
-0.283 3495.0 
-0.05 3260.0 
-0.512 4409.0 
-0.407 3801.0 
0.341 3012.0 
-0.375 3700.0 
-0.318 3554.0 
-0.504 4358.0 
-0.557 5360.0 
-0.11 3309.0 
0.368 2999.0 
-0.094 3299.0 
-0.473 4178.0 
-0.413 3815.0 
-0.469 4078.0 
0.143 3139.0 
-0.204 3397.0 
-0.156 3346.0 
0.477 2930.0 
-0.49 4228.0 
0.357 3008.0 
0.244 3073.0 
0.045 3201.0 
0.241 3076.0 
-0.562 5656.0 
-0.527 4619.0 
0.267 3061.0 
-0.564 5779.0 
0.062 3190.0 
-0.542 4863.0 
-0.051 3263.0 
-0.083 3288.0 
-0.523 4559.0 
0.132 3144.0 
-0.25 3447.0 
-0.54 4855.0 
-0.365 3674.0 
-0.565 5852.0 
-0.564 5779.0 
-0.312 3550.0 
-0.503 4337.0 
-0.548 5021.0 
-0.565 5848.0 
0.625 2832.0 
-0.565 5848.0 
0.625 2832.0 
-0.106 3307.0 
0.281 3054.0 
-0.483 4174.0 
0.084 3178.0 
-0.133 3325.0 
-0.353 3627.0 
0.25 3076.0 
-0.309 3548.0 
0.047 3201.0 
0.313 3034.0 
-0.485 4288.0 
-0.365 3660.0 
-0.264 3468.0 
-0.069 3282.0 
0.008 3222.0 
-0.523 4551.0 
-0.563 5721.0 
0.108 3165.0 
-0.418 3830.0 
0.497 2916.0 
-0.515 4510.0 
-0.564 5780.0 
-0.537 4777.0 
-0.239 3454.0 
-0.553 5182.0 
-0.562 5642.0 
-0.554 5261.0 
-0.559 5483.0 
0.413 2966.0 
-0.55 5085.0 
-0.278 3502.0 
-0.294 3517.0 
0.534 2892.0 
-0.231 3423.0 
-0.443 3949.0 
-0.561 5598.0 
0.516 2908.0 
-0.376 3718.0 
0.437 2958.0 
-0.209 3399.0 
-0.556 5333.0 
0.157 3132.0 
-0.175 3376.0 
-0.543 4938.0 
-0.551 5140.0 
-0.157 3352.0 
-0.05 3263.0 
0.596 2852.0 
-0.514 4441.0 
-0.024 3241.0 
-0.393 3772.0 
-0.534 4715.0 
0.472 2930.0 
-0.329 3587.0 
-0.541 4843.0 
-0.547 5007.0 
-0.452 3987.0 
-0.533 4686.0 
0.561 2874.0 
-0.525 4629.0 
-0.427 3880.0 
-0.474 4122.0 
0.45 2947.0 
-0.329 3587.0 
0.373 2996.0 
0.618 2837.0 
0.135 3141.0 
-0.435 3908.0 
-0.469 4064.0 
0.554 2881.0 
-0.548 5022.0 
0.228 3082.0 
-0.024 3241.0 
-0.462 4046.0 
0.023 3215.0 
0.195 3103.0 
0.221 3092.0 
0.395 2978.0 
0.335 3017.0 
-0.557 5408.0 
0.169 3119.0 
0.596 2852.0 
-0.557 5408.0 
-0.528 4634.0 
-0.555 5304.0 
0.195 3103.0 
-0.211 3402.0 
-0.54 4829.0 
0.034 3205.0 
-0.543 4938.0 
-0.501 4315.0 
-0.56 5527.0 
0.329 3024.0 
0.467 2941.0 
-0.473 4106.0 
-0.162 3356.0 
0.619 2837.0 
-0.566 5959.0 
-0.566 5959.0 
0.619 2837.0 
0.449 2944.0 
-0.565 5873.0 
0.397 2976.0 
0.257 3066.0 
-0.461 4030.0 
0.014 3227.0 
-0.47 4083.0 
-0.564 5772.0 
0.038 3205.0 
-0.306 3529.0 
-0.431 3884.0 
0.061 3190.0 
0.292 3044.0 
-0.181 3373.0 
-0.562 5628.0 
-0.287 3498.0 
-0.528 4608.0 
-0.217 3413.0 
-0.522 4544.0 
-0.503 4366.0 
0.531 2894.0 
-0.558 5433.0 
-0.479 4150.0 
-0.552 5170.0 
-0.496 4269.0 
-0.549 5071.0 
-0.272 3479.0 
0.483 2940.0 
-0.365 3664.0 
-0.54 4801.0 
-0.322 3563.0 
-0.544 4903.0 
-0.554 5264.0 
-0.5 4294.0 
0.166 3128.0 
-0.234 3443.0 
-0.547 4988.0 
-0.448 3961.0 
-0.542 4859.0 
-0.339 3594.0 
0.361 3001.0 
0.581 2861.0 
-0.448 3961.0 
-0.487 4202.0 
0.614 2840.0 
0.082 3175.0 
0.586 2859.0 
0.227 3085.0 
-0.559 5486.0 
-0.038 3254.0 
-0.378 3704.0 
-0.536 4756.0 
0.147 3134.0 
-0.156 3353.0 
-0.402 3779.0 
-0.016 3235.0 
0.237 3080.0 
-0.531 4659.0 
-0.557 5360.0 
-0.255 3457.0 
0.204 3097.0 
0.122 3154.0 
-0.56 5531.0 
-0.546 4965.0 
-0.099 3296.0 
-0.106 3307.0 
-0.354 3632.0 
-0.05 3260.0 
0.552 2881.0 
0.182 3111.0 
-0.412 3823.0 
0.106 3166.0 
-0.563 5713.0 
-0.556 5342.0 
0.134 3146.0 
-0.392 3746.0 
-0.064 3275.0 
-0.555 5278.0 
-0.125 3320.0 
-0.08 3283.0 
0.51 2908.0 
0.352 3008.0 
0.487 2921.0 
-0.55 5106.0 
-0.017 3244.0 
0.327 3032.0 
-0.199 3401.0 
-0.195 3395.0 
0.552 2881.0 
-0.125 3320.0 
-0.424 3854.0 
0.309 3033.0 
0.094 3168.0 
-0.534 4714.0 
0.386 2986.0 
-0.151 3344.0 
0.625 2833.0 
-0.567 6072.0 
0.625 2833.0 
-0.566 5987.0 
-0.553 5182.0 
-0.5 4299.0 
-0.31 3536.0 
-0.549 5081.0 
-0.201 3392.0 
-0.515 4463.0 
0.107 3159.0 
-0.509 4385.0 
0.303 3037.0 
-0.436 3904.0 
0.15 3138.0 
0.282 3052.0 
-0.555 5281.0 
0.408 2971.0 
-0.565 5846.0 
0.433 2965.0 
0.507 2908.0 
-0.275 3480.0 
-0.255 3454.0 
-0.518 4571.0 
0.591 2856.0 
0.21 3098.0 
-0.172 3384.0 
-0.563 5701.0 
0.387 2984.0 
0.232 3079.0 
0.452 2948.0 
-0.562 5655.0 
-0.124 3320.0 
-0.535 4742.0 
0.327 3021.0 
0.085 3175.0 
-0.539 4794.0 
0.567 2871.0 
0.34 3012.0 
-0.54 4851.0 
-0.56 5554.0 
0.608 2844.0 
-0.547 4988.0 
0.47 2935.0 
-0.404 3781.0 
-0.421 3847.0 
0.556 2879.0 
0.173 3118.0 
-0.079 3284.0 
-0.558 5421.0 
-0.561 5579.0 
-0.557 5366.0 
-0.49 4241.0 
-0.442 3943.0 
-0.461 4030.0 
-0.362 3652.0 
-0.376 3693.0 
-0.545 4923.0 
-0.533 4684.0 
-0.548 5029.0 
-0.008 3234.0 
-0.474 4092.0 
-0.412 3821.0 
-0.512 4424.0 
-0.528 4614.0 
-0.479 4154.0 
-0.049 3263.0 
-0.03 3247.0 
0.365 3008.0 
0.062 3187.0 
0.258 3065.0 
-0.559 5469.0 
0.532 2896.0 
-0.453 3990.0 
-0.564 5784.0 
-0.544 4896.0 
-0.144 3336.0 
-0.222 3414.0 
0.254 3067.0 
0.369 2999.0 
-0.531 4653.0 
0.534 2894.0 
-0.486 4194.0 
-0.336 3587.0 
-0.289 3502.0 
0.214 3092.0 
-0.336 3587.0 
-0.446 3979.0 
-0.394 3756.0 
0.1 3165.0 
-0.474 4092.0 
0.049 3198.0 
0.491 2925.0 
0.016 3219.0 
-0.289 3502.0 
-0.358 3640.0 
-0.059 3280.0 
-0.141 3333.0 
-0.524 4578.0 
0.035 3206.0 
-0.565 5851.0 
0.623 2834.0 
-0.565 5851.0 
0.623 2834.0 
0.348 3009.0 
-0.277 3484.0 
-0.515 4467.0 
-0.403 3785.0 
-0.442 3938.0 
-0.506 4375.0 
-0.3 3523.0 
-0.154 3346.0 
-0.564 5780.0 
-0.56 5549.0 
-0.342 3603.0 
0.289 3044.0 
-0.561 5604.0 
-0.357 3665.0 
-0.417 3835.0 
-0.552 5150.0 
0.299 3038.0 
0.204 3097.0 
0.609 2843.0 
0.41 2968.0 
-0.464 4066.0 
-0.559 5462.0 
0.022 3213.0 
0.384 2989.0 
-0.491 4241.0 
0.485 2924.0 
-0.557 5368.0 
-0.53 4684.0 
-0.545 4957.0 
-0.535 4721.0 
-0.257 3457.0 
-0.332 3583.0 
-0.562 5685.0 
0.509 2905.0 
-0.234 3427.0 
-0.517 4510.0 
-0.433 3895.0 
-0.392 3742.0 
-0.526 4630.0 
-0.522 4554.0 
-0.555 5279.0 
0.435 2952.0 
-0.563 5709.0 
-0.499 4299.0 
-0.558 5430.0 
-0.55 5079.0 
-0.446 4013.0 
0.11 3157.0 
0.01 3221.0 
-0.556 5316.0 
-0.392 3742.0 
-0.368 3677.0 
-0.122 3325.0 
0.256 3072.0 
-0.008 3232.0 
0.236 3080.0 
0.049 3197.0 
0.195 3106.0 
-0.211 3403.0 
-0.314 3563.0 
0.561 2876.0 
0.535 2891.0 
-0.459 4030.0 
0.386 2984.0 
-0.187 3375.0 
0.119 3153.0 
-0.525 4593.0 
-0.541 4840.0 
0.162 3124.0 
0.463 2940.0 
-0.19 3379.0 
0.46 2944.0 
-0.083 3286.0 
-0.214 3407.0 
-0.474 4117.0 
-0.554 5219.0 
-0.019 3239.0 
0.533 2892.0 
0.5 2914.0 
0.429 2966.0 
-0.549 5059.0 
0.583 2860.0 
0.256 3072.0 
0.088 3170.0 
0.137 3139.0 
-0.313 3543.0 
-0.553 5203.0 
-0.368 3677.0 
-0.502 4349.0 
0.067 3184.0 
-0.542 4900.0 
0.236 3080.0 
-0.537 4779.0 
-0.06 3270.0 
-0.485 4179.0 
-0.54 4820.0 
0.622 2835.0 
-0.567 6078.0 
0.622 2835.0 
-0.565 5842.0 
-0.566 6018.0 
0.408 2983.0 
0.445 2949.0 
0.186 3114.0 
-0.358 3645.0 
0.042 3208.0 
-0.555 5299.0 
-0.491 4288.0 
-0.562 5644.0 
-0.471 4076.0 
-0.482 4180.0 
-0.503 4355.0 
-0.038 3266.0 
-0.104 3303.0 
-0.072 3284.0 
0.218 3095.0 
0.162 3123.0 
0.34 3013.0 
0.38 2994.0 
-0.553 5216.0 
-0.475 4112.0 
-0.49 4228.0 
-0.559 5464.0 
-0.523 4544.0 
-0.563 5737.0 
0.363 3000.0 
-0.543 4927.0 
-0.25 3461.0 
-0.326 3567.0 
-0.436 3924.0 
-0.414 3818.0 
-0.534 4743.0 
-0.56 5531.0 
-0.547 5003.0 
-0.371 3692.0 
-0.561 5580.0 
-0.281 3492.0 
-0.549 5100.0 
-0.269 3477.0 
-0.238 3434.0 
0.473 2935.0 
-0.552 5173.0 
-0.174 3368.0 
-0.564 5769.0 
-0.401 3768.0 
0.108 3157.0 
-0.018 3243.0 
-0.115 3312.0 
0.013 3215.0 
-0.517 4482.0 
-0.528 4625.0 
-0.313 3540.0 
-0.34 3607.0 
-0.511 4437.0 
0.547 2889.0 
-0.298 3516.0 
-0.533 4689.0 
0.494 2922.0 
0.315 3035.0 
0.065 3190.0 
0.585 2865.0 
0.46 2944.0 
0.323 3031.0 
0.524 2897.0 
0.256 3074.0 
-0.16 3351.0 
-0.456 4003.0 
0.524 2897.0 
-0.425 3877.0 
-0.539 4796.0 
-0.546 4987.0 
-0.133 3329.0 
-0.217 3411.0 
-0.2 3397.0 
0.592 2856.0 
0.494 2922.0 
-0.063 3271.0 
-0.551 5108.0 
-0.222 3422.0 
-0.52 4516.0 
0.564 2872.0 
-0.337 3601.0 
-0.542 4870.0 
-0.147 3340.0 
-0.456 4003.0 
-0.2 3397.0 
0.259 3069.0 
0.278 3060.0 
0.085 3180.0 
-0.45 3968.0 
-0.557 5368.0 
-0.38 3704.0 
0.131 3148.0 
-0.531 4656.0 
0.232 3085.0 
-0.419 3843.0 
0.625 2832.0 
-0.567 6099.0 
-0.567 6099.0 
0.625 2832.0 
-0.521 4575.0 
-0.531 4674.0 
-0.565 5842.0 
0.437 2954.0 
0.388 2981.0 
-0.423 3847.0 
0.229 3085.0 
0.314 3030.0 
-0.026 3245.0 
-0.561 5607.0 
0.422 2964.0 
-0.555 5328.0 
0.287 3056.0 
0.524 2897.0 
-0.052 3263.0 
0.189 3110.0 
-0.437 3918.0 
-0.551 5114.0 
0.163 3126.0 
0.101 3162.0 
-0.535 4738.0 
-0.566 5985.0 
-0.552 5195.0 
-0.087 3290.0 
0.545 2883.0 
-0.498 4307.0 
-0.382 3717.0 
-0.56 5553.0 
-0.564 5794.0 
-0.367 3689.0 
0.208 3095.0 
-0.23 3441.0 
-0.559 5474.0 
-0.112 3309.0 
0.261 3069.0 
-0.301 3553.0 
0.592 2853.0 
-0.549 5050.0 
0.025 3209.0 
-0.071 3277.0 
0.144 3135.0 
-0.27 3488.0 
-0.514 4431.0 
-0.566 5985.0 
-0.41 3818.0 
-0.466 4067.0 
0.35 3009.0 
-0.215 3417.0 
-0.003 3230.0 
-0.541 4833.0 
0.476 2926.0 
-0.486 4187.0 
-0.563 5710.0 
0.047 3195.0 
-0.557 5403.0 
-0.546 4998.0 
-0.153 3353.0 
-0.348 3618.0 
-0.329 3571.0 
-0.543 4902.0 
-0.492 4239.0 
-0.33 3575.0 
-0.248 3461.0 
-0.197 3391.0 
-0.359 3645.0 
0.069 3182.0 
0.126 3147.0 
-0.519 4505.0 
-0.178 3367.0 
-0.394 3755.0 
-0.47 4105.0 
-0.134 3327.0 
-0.563 5710.0 
-0.516 4493.0 
0.545 2883.0 
-0.404 3783.0 
0.269 3063.0 
-0.479 4154.0 
-0.554 5251.0 
-0.45 4005.0 
-0.299 3518.0 
0.499 2913.0 
0.597 2852.0 
-0.123 3324.0 
-0.444 3951.0 
-0.148 3346.0 
-0.537 4804.0 
-0.543 4902.0 
-0.503 4349.0 
-0.558 5425.0 
-0.258 3463.0 
0.485 2925.0 
-0.475 4133.0 
0.057 3191.0 
0.334 3017.0 
0.617 2841.0 
-0.566 5948.0 
0.619 2837.0 
-0.566 5948.0 
0.346 3021.0 
0.226 3083.0 
0.485 2920.0 
0.044 3198.0 
0.28 3054.0 
0.159 3134.0 
-0.538 4767.0 
-0.127 3336.0 
0.183 3113.0 
0.387 2987.0 
-0.564 5786.0 
-0.557 5396.0 
-0.491 4217.0 
-0.545 4941.0 
-0.534 4719.0 
-0.251 3465.0 
-0.462 4035.0 
-0.415 3824.0 
-0.399 3765.0 
-0.334 3601.0 
-0.562 5655.0 
0.119 3151.0 
0.434 2956.0 
-0.561 5601.0 
-0.541 4859.0 
0.092 3167.0 
0.558 2879.0 
-0.556 5325.0 
-0.554 5230.0 
0.133 3142.0 
0.003 3226.0 
0.469 2932.0 
0.333 3029.0 
-0.473 4112.0 
-0.175 3364.0 
-0.42 3848.0 
-0.232 3425.0 
-0.099 3309.0 
0.539 2894.0 
-0.509 4388.0 
0.078 3187.0 
0.45 2949.0 
-0.546 5023.0 
-0.552 5163.0 
-0.498 4284.0 
-0.211 3402.0 
-0.528 4613.0 
-0.471 4080.0 
-0.318 3563.0 
0.522 2901.0 
0.408 2970.0 
-0.046 3265.0 
-0.438 3920.0 
-0.548 5048.0 
-0.555 5278.0 
-0.386 3735.0 
-0.191 3386.0 
-0.518 4508.0 
-0.157 3355.0 
-0.275 3493.0 
-0.347 3621.0 
0.576 2865.0 
-0.142 3351.0 
-0.275 3493.0 
-0.375 3691.0 
-0.524 4553.0 
0.28 3054.0 
0.305 3034.0 
-0.543 4885.0 
-0.022 3240.0 
-0.074 3280.0 
-0.302 3527.0 
-0.24 3443.0 
-0.565 5873.0 
-0.483 4169.0 
0.587 2857.0 
-0.549 5117.0 
-0.499 4308.0 
-0.353 3650.0 
-0.53 4644.0 
-0.012 3235.0 
-0.315 3546.0 
-0.565 5873.0 
-0.563 5729.0 
-0.074 3280.0 
-0.516 4450.0 
-0.56 5529.0 
-0.453 3988.0 
-0.04 3253.0 
-0.447 3962.0 
0.224 3087.0 
-0.559 5466.0 
-0.097 3298.0 
0.025 3211.0 
0.305 3034.0 
-0.512 4449.0 
-0.485 4170.0 
-0.567 6076.0 
-0.567 6076.0 
0.62 2836.0 
-0.566 5921.0 
-0.555 5288.0 
-0.561 5573.0 
0.189 3107.0 
-0.268 3483.0 
0.223 3093.0 
-0.228 3429.0 
-0.182 3373.0 
-0.554 5217.0 
-0.001 3227.0 
0.372 2994.0 
-0.565 5866.0 
-0.563 5710.0 
-0.361 3649.0 
-0.377 3696.0 
-0.562 5642.0 
-0.075 3294.0 
-0.331 3581.0 
-0.152 3353.0 
-0.459 4053.0 
0.336 3015.0 
-0.097 3297.0 
-0.054 3273.0 
-0.31 3537.0 
-0.552 5144.0 
-0.115 3320.0 
-0.543 4884.0 
-0.557 5398.0 
-0.448 3993.0 
-0.542 4847.0 
-0.537 4780.0 
0.115 3154.0 
-0.546 4963.0 
0.02 3216.0 
-0.192 3399.0 
0.608 2844.0 
-0.467 4079.0 
0.076 3180.0 
0.242 3077.0 
0.486 2920.0 
-0.347 3635.0 
-0.475 4124.0 
0.532 2894.0 
-0.485 4195.0 
0.429 2956.0 
0.034 3205.0 
0.282 3051.0 
-0.559 5473.0 
0.403 2974.0 
-0.523 4558.0 
0.166 3123.0 
-0.495 4267.0 
-0.547 4991.0 
-0.401 3774.0 
-0.491 4227.0 
-0.303 3524.0 
-0.134 3328.0 
0.55 2880.0 
-0.55 5095.0 
-0.025 3244.0 
-0.42 3838.0 
-0.527 4621.0 
-0.041 3253.0 
0.312 3032.0 
0.052 3198.0 
-0.389 3754.0 
0.403 2974.0 
-0.384 3729.0 
-0.445 3967.0 
0.582 2860.0 
-0.564 5780.0 
-0.21 3413.0 
-0.428 3867.0 
0.586 2858.0 
0.504 2912.0 
0.061 3186.0 
0.437 2951.0 
-0.558 5405.0 
0.131 3145.0 
0.169 3121.0 
0.139 3140.0 
-0.534 4704.0 
0.262 3060.0 
-0.503 4368.0 
0.309 3034.0 
0.354 3009.0 
-0.438 3930.0 
-0.499 4306.0 
-0.142 3344.0 
-0.559 5473.0 
-0.517 4518.0 
-0.508 4407.0 
-0.501 4325.0 
-0.564 5780.0 
-0.548 5058.0 
-0.431 3895.0 
-0.285 3507.0 
0.624 2833.0 
-0.567 6104.0 
0.624 2833.0 
0.072 3183.0 
0.419 2963.0 
0.468 2935.0 
-0.028 3242.0 
-0.565 5849.0 
0.016 3216.0 
-0.56 5510.0 
-0.476 4112.0 
-0.145 3337.0 
0.372 3002.0 
-0.563 5713.0 
0.106 3159.0 
-0.566 6001.0 
-0.558 5403.0 
-0.555 5268.0 
0.01 3220.0 
-0.263 3464.0 
-0.547 4996.0 
-0.564 5797.0 
0.155 3128.0 
0.339 3014.0 
-0.167 3360.0 
0.508 2908.0 
0.543 2887.0 
0.171 3117.0 
-0.562 5633.0 
-0.461 4028.0 
-0.538 4767.0 
-0.481 4163.0 
0.304 3034.0 
-0.561 5586.0 
-0.182 3375.0 
-0.421 3877.0 
-0.553 5182.0 
-0.552 5149.0 
-0.489 4207.0 
-0.438 3928.0 
-0.289 3502.0 
0.129 3143.0 
-0.095 3305.0 
-0.534 4718.0 
0.533 2896.0 
0.328 3021.0 
-0.549 5067.0 
-0.412 3872.0 
0.249 3081.0 
0.572 2866.0 
-0.303 3533.0 
0.289 3044.0 
-0.521 4529.0 
-0.566 6001.0 
-0.556 5321.0 
-0.506 4355.0 
0.194 3102.0 
-0.359 3646.0 
-0.388 3745.0 
-0.541 4830.0 
0.4 2975.0 
-0.084 3286.0 
-0.495 4250.0 
-0.22 3413.0 
-0.406 3803.0 
-0.531 4666.0 
0.226 3086.0 
-0.393 3791.0 
-0.516 4503.0 
-0.502 4312.0 
0.593 2861.0 
-0.512 4427.0 
-0.544 4909.0 
-0.528 4638.0 
-0.557 5367.0 
-0.118 3313.0 
-0.442 3943.0 
-0.509 4397.0 
-0.118 3313.0 
-0.498 4282.0 
-0.382 3719.0 
-0.202 3392.0 
0.119 3150.0 
0.219 3095.0 
0.486 2922.0 
-0.052 3263.0 
-0.548 5044.0 
-0.348 3621.0 
0.202 3099.0 
0.491 2920.0 
0.272 3056.0 
0.261 3068.0 
-0.449 3983.0 
0.607 2845.0 
-0.542 4857.0 
-0.372 3708.0 
-0.45 3994.0 
-0.254 3452.0 
-0.204 3394.0 
-0.229 3424.0 
