PV_Cap;Biomass_CHP_Cap;HP_Cap;Oil_boiler_Cap;NGas_boiler_Cap;Biomass_boiler_Cap;SolarThermal;NumberOfConCars;NumberOfEVCars;AnnualPV;AnnualCHPelec;AnnualHPelec;AnnualElecCar;AnnualOilBoilerheat;AnnualNGasBoilerheat;AnnualBiomassBoilerheat;AnnualmCHPheat;AnnualHPheat;AnnualSolarThermalheat;AnnualImport;AnnualExport;OilConsumption;BiomassConsumption;NGasConsuption;DieselCost;BiomassCost;TotalElectricityExchangeCost;TotalVariableCost;FixedOperationCosts;AdditionalCost;InvestmentCost;CO2-Emission;Total Local System Emission;AnnualCost;LoadFollowingCapacity;ESD;oilBoilerFuelDemand;NGasBoilerFuelDemand;biomassBoilerFuelDemand;AnnualmCHPheat;AnnualHPheat;AnnualSolarThermal;transOilDemand;OilSolarInput;NGasSolarInput;BiomassBoilerSolarInput;BiomassCHPSolarInput;HPSolarInput;OilSolarUtilization;nGasSolarUtilization;biomassBoilerSolarUtilization;biomassCHPSolarUtilization;HPSolarUtilization;Annual MaximumImportElectr.;Annual MaximumExportElectr.;
KWe;KWe;KWe;KWth;KWth;KWth;GWh;1000 units;1000 units;GWh;GWh;GWh;GWh;GWh;GWh;GWh;GWh;GWh;GWh;GWh;GWh;GWh;GWh;GWh;KEuro;KEuro;KEuro;KEuro;KEuro;KEuro;KEuro;Kt;kt;KEuro;;;GWh;GWh;GWh;GWh;GWh;GWh;GWh;GWh;GWh;GWh;GWh;GWh;GWh;GWh;GWh;GWh;GWh;KW;KW;
38180;14299;7007;2;3;5609;42.45653898506453;0.002170244948433074;19.377674716291878;49.87;12.37;31.36;36.25;0.01;0.01;25.27;64.44;160.1;23.97;25.51;165.04;0.02;94.96;0.01;;;-8019;-4305;31876;33731.0;92347;-35.581;2.9331419048000003;153649.0;0.8152918021564263;0.10167746149137193;0.012294922272331657;0.012541869868100727;30.823120314623583;64.44;160.1;23.97;0.01536989174929787;0.011110074699929863;0.011324062402265724;4.119174834990672;37.192137051604014;1.1227929613676488;0.0035740389912788054;0.0035869233017193558;3.755449979445917;19.08523023667562;1.1227929613676606;36287;69405;
38282;17429;6964;2;2;2699;46.09661701537989;0.0023393252106381312;19.37750563602967;50.00;15.20;31.24;36.25;0.01;0.01;12.16;78.54;159.11;25.36;24.13;166.74;0.02;97.07;0.00;;;-8209;-4413;32043;33714.0;92935;-36.366;2.7749021624;154279.0;0.8170804794520548;0.09466845653367888;0.012404710902114362;0.0073114487963560895;14.834145742436434;78.54;159.11;25.36;0.016567335074260312;0.012400444278912995;0.006601511839274492;1.9468815242019812;43.39769044671795;0.7330430883417725;0.003646114743535888;0.0031261405478952777;1.788032507693437;22.827324547249543;0.7330430883417738;35822;69436;
38725;19897;6999;1;16;40;50.62186831670704;0.0020110423592938046;19.377833918881016;50.58;17.47;30.97;36.25;0.01;0.07;0.18;89.67;159.92;28.54;23.10;168.82;0.02;97.25;0.05;;;-8399;-4592;32179;33677.0;93597;-37.153;2.663795688;154861.0;0.8225260360862297;0.08933485604104137;0.005818690784630012;0.07380206973314812;0.22228684833839452;89.67;159.92;28.54;0.014242403092754654;0.005816589642429991;0.04297446558928193;0.009727814645650808;47.67875535933489;2.8845940874947846;0.0029714733056740755;0.021270459632896185;0.00972781464565099;25.618530677991515;2.8845940874948806;35491;69789;
38729;16049;6999;1;4;3900;45.331153942889564;0.0016320478640343453;19.378212913376274;50.59;13.90;30.97;36.25;0.01;0.02;17.58;72.33;159.92;25.18;24.70;166.85;0.02;97.52;0.01;;;-8178;-4365;31978;33678.0;92792;-36.253;2.839262056;154083.0;0.8209402991471305;0.09732120543607134;0.005818690784630012;0.018053655367979704;21.435463183263728;72.33;159.92;25.18;0.011558326177877637;0.005305163975846301;0.015782471263499118;0.922054445262158;41.50323657771038;2.88477528467768;0.002854056865119584;0.006632224167059705;0.9220544452621795;21.368779663853704;2.884775284677756;36035;69791;
38296;14182;7977;7;13;798;3.035701237483952;0.013272622280964059;19.366572338959347;50.02;17.10;35.70;36.23;0.03;0.06;3.6;63.91;182.25;2.96;26.55;166.64;0.12;98.80;0.04;;;-8051;-4168;31743;34355.0;89522;-35.693;3.0833950439999995;151452.0;0.8115862880188203;0.10243358399299142;0.03548106436687788;0.05823692806066752;4.3850764386299375;63.91;182.25;2.96;0.09399803825601556;0.03545330688215088;0.05091061199839471;0.5095502587721232;1.2027328813292453;1.2370541785020377;0.010845242273391772;0.02027111439404326;0.487275757388092;1.2027328813292713;1.2370541785020386;36799;70010;
37516;11607;8329;2;17;1587;3.3088561052110537;0.002823581359965541;19.377021379880343;49.00;14.05;37.12;36.24;0.01;0.08;7.15;52.31;190.3;3.26;28.44;163.02;0.03;86.37;0.05;;;-7714;-4331;31584;34563.0;89409;-34.310;3.2791146912;151225.0;0.7995155969432496;0.11155949324193207;0.012553136275761155;0.078801152224865;8.71943630361381;52.31;190.3;3.26;0.019996885549411956;0.012535683788033955;0.0686402561462063;0.3448366735483036;0.7794379904444434;2.1034055012840667;0.0036529847954351992;0.02709909833456196;0.3448366735483104;0.779437990444454;2.103405501284127;37352;69498;
38038;14411;6985;4;20;5590;39.24765756876801;0.002717776492544308;19.377127184747767;49.68;12.49;31.27;36.24;0.02;0.09;25.19;64.94;159.6;21.27;25.44;164.99;0.03;98.84;0.06;;;-8021;-4149;31876;33718.0;92070;-35.573;2.9381152512;153515.0;0.8151271295265815;0.10132364897085328;0.021653483514053565;0.090971540709897;30.720414547554267;64.94;159.6;21.27;0.019247564897848044;0.01956676211741613;0.08213826284781356;1.046254649592819;37.058002119415676;1.0416957747942859;0.0069705900424294805;0.030912218152613923;1.0462546495928307;19.140362612031577;1.0416957747942885;36259;69335;
39682;5025;7637;0;2;11696;1.8642465514253463;0.001992195405956891;19.37785276583435;51.83;6.12;34.20;36.25;0.0;0.01;52.71;22.64;174.48;1.86;30.18;162.58;0.02;97.62;0.01;;;-7573;-3757;31328;34141.0;88514;-33.766;3.4656343663999998;150226.0;0.8148461278322625;0.12405716250991786;0.0020739158829745827;0.008258379467428361;64.27715648867114;22.64;174.48;1.86;0.014108927084527297;0.0020710736237592154;0.006603744902517696;0.5405697882444654;0.20614128665440268;1.1088606580002014;0.0;0.0031265382757459798;0.5405697882444764;0.20614128665440787;1.1088606580002185;37924;70272;
34888;13351;7987;6;13;1578;3.5462418469519204;0.012334315859688685;19.36751064538062;45.57;16.29;35.59;36.23;0.03;0.06;7.11;60.17;182.48;3.47;27.28;162.21;0.11;97.98;0.04;;;-7745;-3894;31651;34340.0;89218;-34.378;3.1661015744;151315.0;0.7964107090320682;0.10543773313072821;0.03082526984924782;0.05913841171553403;8.671252724375089;60.17;182.48;3.47;0.08735285834990122;0.0032776373770513905;0.052511530595622;1.0007745955136198;0.45021944221133137;2.0394586412542957;0.003269935586327837;0.020416974389010054;0.9585378613436587;0.45021944221133753;2.0394586412543156;36922;68450;
34943;19089;6954;2;6;1087;49.23722171374268;0.0017633120449630994;19.378081649195348;45.64;16.62;31.22;36.25;0.01;0.03;4.9;86.02;158.88;26.39;23.86;163.55;0.02;97.49;0.02;;;-8042;-4229;32081;33711.0;93082;-35.622;2.7439422128000004;154645.0;0.8023375288980221;0.09277069297201376;0.00888173315357802;0.025819724662529814;5.976035762317763;86.02;158.88;26.39;0.012487952233633167;0.008589486454937978;0.016242295681847332;0.7098483431143157;47.882808484913106;0.6197331035784691;0.003388258761924881;0.00864095009056569;0.674266716313303;25.082277753602632;0.6197331035784849;35582;67830;
32862;9592;7820;2;42;6158;3.843859290291047;0.01673743998504117;19.36310752125527;42.92;11.64;34.71;36.22;0.01;0.19;27.75;43.23;178.66;3.74;29.03;157.56;0.13;97.95;0.13;;;-7358;-3498;31442;34211.0;88642;-32.722;3.3887679144;150797.0;0.7871667229159635;0.1152808459597294;0.009067186061628573;0.19673762727884195;33.84436089664415;43.23;178.66;3.74;0.11853622371806007;0.0019024502861791563;0.170672248473752;0.46738805205959927;0.5433405780868147;2.6605559613847016;0.0016280020635303031;0.06503290099656923;0.4673880520596086;0.5433405780868268;2.6605559613847194;37364;67319;
39748;13915;7010;19;43;5924;33.53242679362473;0.0016320478640343453;19.378212913376274;51.92;12.72;31.02;36.25;0.09;0.19;26.7;62.71;160.15;22.66;25.32;167.59;0.08;98.84;0.13;;;-8182;-4298;31866;33682.0;91698;-36.241;2.9503552736000005;152948.0;0.8265918244922443;0.10070827341400096;0.10041189220463362;0.19837833377624675;32.55808805462871;62.71;160.15;22.66;0.011558326177877637;0.10037563324675045;0.17342196293818002;3.780091728861091;26.586004407802786;2.8925330607759236;0.032189752068951596;0.06526067135340653;3.6145978297451777;16.055850522204647;2.892533060775978;36343;70278;
1372;71;8094;3;167;14164;0.4411589210995378;16.94353795296786;2.4363070082724523;1.79;0.09;36.42;4.56;0.01;0.75;63.83;0.32;184.93;0.42;31.94;137.73;120.01;78.29;0.65;;;-5922;18207;27187;29889.0;72568;5.118;35.7644473712;147851.0;0.8193056159157852;0.3206078575620413;0.01368255914353299;0.7746655279240192;77.83976681745312;0.32;184.93;0.42;119.99583013671366;0.002964639052114477;0.14878654477748704;0.025170078255071122;0.001061785792877216;0.26317587322198793;0.0021022160701585305;0.12510175018546377;0.025170078255071473;0.0010617857928772257;0.26317587322199687;29923;53748;
38264;17306;6988;3;3;2698;44.50157115263889;0.0023382549907284525;19.37750670624958;49.98;15.06;31.34;36.25;0.01;0.01;12.16;77.99;159.67;23.71;24.23;166.57;0.03;98.29;0.01;;;-8193;-4349;32032;33730.0;92801;-36.299;2.7863688104;154214.0;0.8164313222079588;0.09511367333509903;0.013256608714049647;0.012389071422674749;14.827235443602394;77.99;159.67;23.71;0.016559755669837976;0.011845282928551222;0.011541240775023921;0.16837892084127776;43.544604523201286;0.7652011848927462;0.00361659698591261;0.003599626608884795;0.16837892084127687;22.770975964999614;0.7652011848927516;35852;69424;
38725;19603;6983;1;16;417;49.92705998677682;0.0020110423592938046;19.377833918881016;50.58;17.21;30.90;36.25;0.01;0.07;1.88;88.34;159.54;28.17;23.19;168.73;0.02;97.87;0.05;;;-8387;-4556;32164;33665.0;93503;-37.106;2.6741156712;154776.0;0.8227728714738917;0.08979964377507586;0.0058554390582821626;0.07376910994131577;2.290489587791833;88.34;159.54;28.17;0.014242403092754654;0.005853324646198691;0.04295527331669323;0.02537138421874461;46.97500396373752;2.8778760408576596;0.002979344389704755;0.021266590306859116;0.02537138421874516;25.239385287724954;2.877876040857777;35524;69792;
4313;106;7941;0;2;15071;2.003840026088946;16.517632055895074;2.862212905345238;5.63;0.10;35.67;5.35;0.0;0.01;67.92;0.48;181.43;1.90;30.82;140.41;116.98;81.89;0.01;;;-6149;17530;27328;29897.0;73179;3.212;34.699020913599995;147934.0;0.8266788973108675;0.31169670780766645;0.0010642817931773812;0.009761873590262293;82.82556333861926;0.48;181.43;1.90;116.97952198305451;1.2258740226843388E-4;0.005429273511135476;1.2056992817877576;0.22745745859662955;0.5651314247911547;0.0;0.002883932844762453;1.2056992817877825;0.12989507208515383;0.5651314247911667;29791;54808;
39735;17262;6957;9;11;2885;46.94678046984769;0.001345283211693687;19.378499678028618;51.90;15.05;31.00;36.25;0.04;0.05;13.0;77.79;158.96;26.36;24.02;168.62;0.04;97.11;0.03;;;-8326;-4523;32059;33679.0;93103;-36.865;2.7722888495999998;154318.0;0.8255056564964004;0.09433220267063047;0.04841193997723857;0.051528081826332;15.857388556454797;77.79;158.96;26.36;0.00952743023353586;0.04769871825141288;0.0492468192351526;2.166228433908002;42.89988917875278;1.7837173197003466;0.014483781962871858;0.017450677968964306;1.9570791757908705;22.59004226203078;1.7837173197003902;35842;70207;
37516;13351;7987;7;45;1544;2.77251517862235;0.012315846958902275;19.36752911428141;49.00;16.16;35.85;36.23;0.03;0.2;6.96;60.17;182.48;2.64;27.04;165.01;0.11;97.11;0.15;;;-7924;-4098;31689;34378.0;89364;-35.133;3.1605816192000002;151333.0;0.8062890969394181;0.10512917890174735;0.03757178219025688;0.20826467675550686;8.487689379466003;60.17;182.48;2.64;0.0872220597476418;0.03754386345597342;0.1097658153894354;1.0221292063952891;0.8990650096090079;0.7040112837726442;0.010955779882341917;0.05795612466156412;0.9669152023537069;0.8990650096090179;0.7040112837726675;36922;69575;
39014;9640;7810;21;28;6153;4.829484206865235;0.01673743998504117;19.36310752125527;50.96;11.77;34.63;36.22;0.09;0.13;27.73;43.44;178.45;4.73;28.29;165.07;0.19;97.40;0.09;;;-7843;-3998;31540;34199.0;89216;-34.817;3.3129147192;150957.0;0.8160027008777851;0.11257781744082287;0.10892645444281392;0.1298212987883378;33.81756976877117;43.44;178.45;4.73;0.11853622371806007;0.10831888880262208;0.0640650344887924;1.4823361153546681;0.28613802118324516;2.888626147035908;0.03264259617417476;0.03584709160014912;1.4823361153546757;0.2861380211832516;2.8886261470359402;37352;70313;
32846;13375;7987;7;13;1550;2.4502159484353183;0.012236245460266764;19.367608715780044;42.90;16.21;35.90;36.23;0.03;0.06;6.98;60.27;182.49;2.33;27.54;159.42;0.11;97.37;0.04;;;-7565;-3740;31619;34384.0;88967;-33.600;3.1959148592;151230.0;0.7847548690396238;0.10663264434209335;0.036533697953459225;0.06097522522598881;8.515657782644714;60.27;182.49;2.33;0.08665831397415524;0.036449166440866404;0.052813748877177116;1.054548871453341;0.8345010147003138;0.47190314696361985;0.010899176386226827;0.020443578005233037;0.9885376107269468;0.8345010147003411;0.4719031469636282;36919;67328;
39912;19897;6999;7;10;40;50.60881734459381;0.0020110423592938046;19.377833918881016;52.13;17.47;30.97;36.25;0.03;0.04;0.18;89.67;159.92;28.53;22.98;170.25;0.04;97.25;0.03;;;-8490;-4681;32197;33677.0;93690;-37.546;2.6530357103999997;154883.0;0.8281404020057429;0.08892145960719687;0.037820901005293686;0.04509905644244977;0.22228684833839452;89.67;159.92;28.53;0.014242403092754654;0.009897063782030768;0.026260887481921694;0.009309946500184612;47.67875535933489;2.8845940874947846;0.006706237513310683;0.012478642082228961;0.009309946500184822;25.618530677991515;2.8845940874948806;35491;70358;
39296;14593;6964;2;3;5534;43.9587448452451;0.0017973324857923233;19.37804762875452;51.33;13.06;30.80;36.25;0.01;0.01;24.94;65.76;159.11;26.89;25.06;167.30;0.02;95.59;0.01;;;-8181;-4444;31913;33651.0;92569;-36.272;2.8805419887999997;153689.0;0.8250128667009778;0.09927849969409014;0.008951003054685202;0.015290313531667763;30.41550417576387;65.76;159.11;26.89;0.012728888397629813;0.008945434794597251;0.01002335975571027;9.556983062499647;31.42526585330967;2.957527134885471;0.003419621383891464;0.0035027412931962565;6.059825033935748;17.867958113342105;2.957527134885503;36223;70076;
39916;18962;6964;2;5;1163;48.66644128865117;0.0023053047698132103;19.377539656470496;52.14;16.53;31.28;36.25;0.01;0.02;5.24;85.45;159.11;26.14;23.36;169.39;0.02;97.30;0.02;;;-8414;-4608;32149;33721.0;93424;-37.238;2.6886089728;154686.0;0.8249871597329224;0.09109894398870456;0.012225652371366398;0.023139567440509764;6.39066817068402;85.45;159.11;26.14;0.016326398910294138;0.012157872147663363;0.020824380298070398;0.7777979517300273;47.31604470674843;0.5396163777269789;0.0036334908997115714;0.007059129263241096;0.7333067875693223;24.858795637402242;0.5396163777269942;35605;70206;
37908;12862;8088;1;19;1550;2.4177794800076544;0.012236245460266764;19.367608715780044;49.51;15.59;36.36;36.23;0.01;0.08;6.98;57.96;184.8;2.30;27.40;164.81;0.09;93.92;0.06;;;-7888;-4198;31664;34450.0;89367;-35.013;3.177861552;151283.0;0.805236698785086;0.10677995117648595;0.007661639834165575;0.08687078250824189;8.515657782644714;57.96;184.8;2.30;0.08665831397415524;0.007648933077294821;0.07520135880015431;1.054548871453341;0.8025002735567904;0.4778800431200734;0.0032859093058508555;0.027651629429434985;0.9885376107269468;0.8025002735568069;0.4778800431200855;37044;69703;
1300;616;7829;45;203;14881;0.9057735223654726;15.8962984967001;3.483546464540212;1.70;0.75;35.22;6.52;0.2;0.92;67.06;2.77;178.88;0.81;31.71;137.31;112.74;85.56;0.86;;;-5920;17236;27433;29999.0;73302;3.273;33.8440740808;147970.0;0.8131825835939379;0.3088681186513859;0.23549763497107493;0.9453624418218438;81.78251615261073;2.77;178.88;0.81;112.57917558347978;0.16892983843344916;0.08666730133604045;0.3111547195787117;0.032353572268145225;0.3066680907491262;0.06749679901632387;0.08666730133604186;0.31115471957870555;0.03235357226814527;0.30666809074913876;29590;53814;
32846;11794;7987;6;14;3131;3.6965556708857634;0.012236245460266764;19.367608715780044;42.90;14.26;35.90;36.23;0.03;0.06;14.11;53.15;182.49;3.46;28.30;158.23;0.11;93.88;0.04;;;-7445;-3756;31542;34384.0;88920;-33.102;3.2820613839999995;151090.0;0.7829499664204164;0.11091512247182803;0.02938842317949145;0.06576381120143238;17.20727173642663;53.15;182.49;3.46;0.08665831397415524;0.02932042437282137;0.05696138713921762;2.2626780440241667;0.8756926683859382;0.47190314696361985;0.010453694561071208;0.020781779100902533;2.0767873295717183;0.8756926683859418;0.4719031469636282;37143;67227;
37516;13351;7987;2;3;1591;3.9921467788827503;0.012330232267503355;19.36751472897281;49.00;16.16;35.59;36.23;0.01;0.02;7.17;60.17;182.48;3.92;27.02;165.25;0.09;97.33;0.01;;;-7939;-4120;31691;34340.0;89465;-35.232;3.1252882896;151376.0;0.8080948178035557;0.10457865067580806;0.009115245692828365;0.015479593951792884;8.74593171735913;60.17;182.48;3.92;0.08732393794168551;0.009094154876698787;0.0137449949673549;1.053228015987326;0.8990650096090079;2.017014603442363;0.0034320508111839354;0.006344642027433679;0.9962608049152165;0.8990650096090179;2.0170146034423717;36922;69666;
39469;16049;6999;6;2;3897;45.26074341057058;0.0016320478640343453;19.378212913376274;51.55;13.90;30.97;36.25;0.03;0.01;17.56;72.33;159.92;25.10;24.62;167.74;0.03;97.61;0.01;;;-8235;-4416;31989;33677.0;92846;-36.496;2.8330887376;154096.0;0.8244117773111045;0.09705375659779757;0.03320804283501606;0.009698623888627675;21.41628713966755;72.33;159.92;25.10;0.011558326177877637;0.030277276981627806;0.00847851859902217;0.8339757526018745;41.50323657771038;2.88477528467768;0.01052282656142307;0.00337789606921031;0.8339757526018642;21.368779663853704;2.884775284677756;36035;70146;
1193;829;7778;45;203;14928;0.7766038302829941;15.847135533129338;3.532709428110974;1.56;0.97;34.99;6.61;0.2;0.92;67.28;3.73;177.71;0.74;31.56;137.38;112.41;87.29;0.86;;;-5934;17231;27455;29979.0;73316;3.128;33.7378741088;147981.0;0.813345529825237;0.30740629309124273;0.23549763497107493;0.9453624418218438;82.04284882274634;3.73;177.71;0.74;112.23099855917528;0.0902323463265387;0.08666730133604045;0.1230005862397306;0.17170788715616578;0.3049957092245186;0.05283375670034127;0.08666730133604186;0.12300058623973223;0.17170788715616797;0.3049957092245308;29502;53791;
38651;14458;8059;1;4;119;6.703997874427347;0.0023040920773538397;19.37754086916296;50.48;16.21;36.14;36.25;0.0;0.02;0.54;65.16;184.12;6.68;26.62;165.82;0.02;90.63;0.01;;;-7999;-4454;31766;34421.0;89927;-35.498;3.0604216976;151660.0;0.8068763102725367;0.10335771857199126;0.004565179695349806;0.02018447683119935;0.6558627467335195;65.16;184.12;6.68;0.016317810501027628;0.003984474406968327;0.01975449281795425;0.08766686437336152;5.710196168498652;0.8823958743304104;0.0;0.006984350441784485;0.08006088213822253;5.7101961684986415;0.8823958743304247;36809;69723;
39854;13351;7987;7;1;1589;4.599996501699881;0.01013345253479304;19.369711508705517;52.06;15.65;35.85;36.23;0.03;0.0;7.16;60.17;182.48;4.51;26.85;167.36;0.10;94.45;0.00;;;-8073;-4367;31728;34379.0;89704;-35.815;3.104794988;151444.0;0.8153574877198875;0.10463250146230543;0.03648856981323414;0.0032452278100406776;8.731361648057602;60.17;182.48;4.51;0.07176612419665779;0.03640414271793733;0.0021312989118203824;1.068996947754869;2.783075975063338;0.7093881372519164;0.010896787616066717;0.0;1.005983941451365;2.7830759750633867;0.7093881372519277;36924;70516;
39891;13351;7987;7;12;1577;3.7293364352502723;0.012069450288232192;19.36777551095208;52.10;16.16;35.85;36.23;0.03;0.06;7.11;60.17;182.48;3.11;26.82;167.89;0.11;96.67;0.04;;;-8106;-4308;31727;34378.0;89634;-35.947;3.1123549936;151431.0;0.8174566522524035;0.10420289104666036;0.03648856981323414;0.05780447530940858;8.666822050405912;60.17;182.48;3.11;0.08547705388628922;0.03640414271793733;0.03796300985222558;2.0441199110903057;0.9014612343378873;0.7093881372519164;0.010896787616066717;0.01845443005964235;1.46862191232013;0.901461234337886;0.7093881372519277;36922;70713;
39487;7980;7814;44;53;7745;5.1397157897174015;0.01673743998504117;19.36310752125527;51.58;9.68;34.66;36.22;0.2;0.24;34.9;35.96;178.54;5.05;29.05;164.33;0.30;94.35;0.17;;;-7749;-4000;31465;34203.0;89123;-34.390;3.446061244;150791.0;0.8159837967846745;0.11748608438524583;0.22767108470677788;0.2439769263988159;42.56254771120199;35.96;178.54;5.05;0.11853622371806007;0.05157077425870576;0.14520352114529705;1.646676663805396;0.45742774298151273;2.8388370875264894;0.03881103932654932;0.07249245502818012;1.6466766638053907;0.45742774298152855;2.8388370875265196;37589;70417;
37516;13351;7987;7;45;1544;2.77251517862235;0.012315846958902275;19.36752911428141;49.00;16.16;35.85;36.23;0.03;0.2;6.96;60.17;182.48;2.64;27.04;165.01;0.11;97.11;0.15;;;-7924;-4098;31689;34378.0;89364;-35.133;3.1605816192000002;151333.0;0.8062890969394181;0.10512917890174735;0.03757178219025688;0.20826467675550686;8.487689379466003;60.17;182.48;2.64;0.0872220597476418;0.03754386345597342;0.1097658153894354;1.0221292063952891;0.8990650096090079;0.7040112837726442;0.010955779882341917;0.05795612466156412;0.9669152023537069;0.8990650096090179;0.7040112837726675;36922;69575;
39296;14593;6964;2;3;5534;43.9587448452451;0.0017973324857923233;19.37804762875452;51.33;13.06;30.80;36.25;0.01;0.01;24.94;65.76;159.11;26.89;25.06;167.30;0.02;95.59;0.01;;;-8181;-4444;31913;33651.0;92569;-36.272;2.8805419887999997;153689.0;0.8250128667009778;0.09927849969409014;0.008951003054685202;0.015290313531667763;30.41550417576387;65.76;159.11;26.89;0.012728888397629813;0.008945434794597251;0.01002335975571027;9.556983062499647;31.42526585330967;2.957527134885471;0.003419621383891464;0.0035027412931962565;6.059825033935748;17.867958113342105;2.957527134885503;36223;70076;
4251;98;7943;0;2;15071;0.813148586265351;16.97058450070794;2.409260460532374;5.55;0.09;35.68;4.51;0.0;0.01;67.92;0.44;181.47;0.71;30.60;140.94;120.19;83.30;0.01;;;-6191;18104;27237;29775.0;72741;3.874;35.528794288;147857.0;0.8315075133301018;0.3150814528966744;0.0010642817931773812;0.009761873590262293;82.82556333861926;0.44;181.47;0.71;120.1873764924637;1.188049035202416E-4;0.005429273511135476;0.009875887068811401;0.2176588199179848;0.5800658008638991;0.0;0.002883932844762453;0.009875887068811564;0.12154758877233343;0.5800658008639068;29795;54787;
38710;20067;6965;2;2;54;51.152296889351966;0.0014202859500031637;19.378424675290308;50.56;17.61;30.82;36.25;0.01;0.01;0.24;90.43;159.14;28.79;22.99;168.98;0.02;98.08;0.01;;;-8415;-4581;32190;33655.0;93640;-37.231;2.6421823752;154904.0;0.823269577150699;0.08876045731296121;0.012294922272331657;0.010624327032292167;0.297020669063395;90.43;159.14;28.79;0.010058607126517405;0.012290707363189667;0.006239070169776644;0.03714329722604091;48.22232656903367;2.8742972455592875;0.003640450079192745;0.003058558373662778;0.03452357493648022;25.869483556706417;2.8742972455593425;35450;69789;
1306;9;7408;40;52;17778;2.17908672660365;8.272387387105486;11.107457574134825;1.71;0.01;33.19;20.78;0.18;0.24;80.12;0.04;169.27;1.95;35.56;128.20;58.72;96.74;0.17;;;-5191;8880;28908;31764.0;78784;-7.952;19.754540028799997;148336.0;0.7440930570701563;0.2450675518336973;0.20900492060389245;0.24227330497824823;97.70567453790278;0.04;169.27;1.95;58.58587471421976;0.20779435584401781;0.15686756056719048;0.8363581961160798;3.061206913177921E-4;0.9777604933850441;0.06479627734435815;0.07474633751943559;0.8363581961160953;3.0612069131779945E-4;0.9777604933850714;33232;53907;
1944;277;7354;12;57;17812;2.2462526802974163;2.217634699746913;17.1622102614934;2.54;0.34;32.98;32.10;0.05;0.26;80.27;1.25;168.01;2.21;39.17;121.86;15.75;98.18;0.21;;;-4631;1980;30107;33368.0;83311;-16.854;8.729486021600001;148766.0;0.6965266663783035;0.1907549512769716;0.06006027029037188;0.26495846865109185;97.88835762465642;1.25;168.01;2.21;15.705510707077613;0.01773732367621835;0.08656662441758917;1.3021499101584582;0.009677620740890515;0.8301212013042601;0.01164530344098563;0.05842690553232951;1.3021499101585066;0.009677620740890623;0.8301212013042866;37034;54147;
32579;294;7349;33;10;17846;2.2233235381400966;0.031612307626404955;19.348232653613906;42.55;0.36;32.95;36.19;0.15;0.04;80.42;1.32;167.9;2.20;32.94;151.60;0.36;98.47;0.03;;;-6753;-2845;30997;33954.0;87370;-30.165;3.8781138511999997;149476.0;0.784442082890542;0.14074474445016963;0.16886128377841722;0.04513204919543788;98.0773614766827;1.32;167.9;2.20;0.22388152384096252;0.04438294046114499;0.028051927707866024;1.309786285160194;0.010324742662374408;0.8307776421485171;0.031498049205501165;0.012779313963374934;1.3097862851601756;0.010324742662374636;0.8307776421485096;38425;66639;
1337;81;7336;14;27;18124;2.1907807203972895;4.604393061773789;14.775451899466523;1.75;0.10;32.92;27.64;0.06;0.12;81.68;0.36;167.62;2.12;37.77;123.94;32.67;98.48;0.08;;;-4826;4746;29627;32717.0;81469;-13.260;13.0509529496;148559.0;0.7134159791767768;0.21279342753760302;0.0728615688706802;0.12392650237247867;99.60384632369075;0.36;167.62;2.12;32.60877210278815;0.008980448122812871;0.10848032027461471;1.3777190524943765;9.196284132710317E-4;0.6946812710922143;0.008444272920273145;0.04113096045891987;1.3777190524944132;9.196284132710297E-4;0.694681271092222;35528;53924;
37805;272;7355;4;37;17839;2.2502272766514215;0.004435829876833797;19.375409131363476;49.38;0.33;33.00;36.24;0.02;0.17;80.39;1.23;168.04;2.19;32.26;157.62;0.05;98.18;0.12;;;-7147;-3293;31080;33968.0;87811;-31.939;3.7361406448;149566.0;0.8067983853834714;0.13774937231400797;0.01946591241716777;0.17271161973949853;98.03899820212546;1.23;168.04;2.19;0.031414990770724634;0.00423959810708673;0.10615635262701152;1.3966460792897022;0.009573236619099874;0.7336120100085213;0.003468041811432453;0.05201365906678031;1.3966460792897317;0.00957323661909998;0.7336120100085383;38449;69135;
13745;503;7345;43;2;17650;4.2096519345685826;0.003339908414229849;19.376505052826083;17.95;0.52;32.63;36.24;0.2;0.01;79.54;2.27;167.83;4.00;36.94;131.43;0.17;98.46;0.01;;;-5334;-1461;30730;33915.0;86069;-24.054;4.2817797712;149253.0;0.7165290663035152;0.15536893696503265;0.22503187887978884;0.009651059114046642;97.00069482239154;2.27;167.83;4.00;0.023653565380417213;0.20389419656068258;0.005649278930748484;1.152029091101636;0.44379154888414135;2.4042878190913743;0.07029553354807343;0.0029346509368305524;1.1520290911016249;0.37545067758639805;2.404287819091393;38412;58285;
3545;337;7350;21;63;17754;1.8163205275584051;5.79777552991107E-4;19.37926518368732;4.63;0.41;33.01;36.25;0.09;0.28;80.01;1.52;167.94;1.78;40.25;120.92;0.09;98.46;0.23;;;-4521;-639;30563;33971.0;85044;-20.503;4.68632582;148939.0;0.6847516675872032;0.16888336064382722;0.10849306644452855;0.29315309114302424;97.568965929033;1.52;167.94;1.78;0.004106042608038318;0.025181300850883322;0.08535803093727551;1.1129318760785938;0.03237584755687509;0.5604734721347773;0.018303597502151464;0.0598137309927315;1.1129318760786167;0.03237584755687493;0.5604734721347887;38440;54689;
4426;370;7344;12;62;17764;1.8212353620965827;0.003311413523635474;19.376533547716676;5.78;0.45;32.99;36.24;0.05;0.28;80.05;1.67;167.79;1.78;39.92;121.81;0.07;98.72;0.22;;;-4593;-704;30578;33967.0;85113;-20.823;4.6424858816;148954.0;0.6872184923939831;0.16750639440987217;0.06158400647827589;0.2878819094887306;97.62374540918904;1.67;167.79;1.78;0.02345176171573879;0.0143405456310053;0.09858789553146285;1.137187383240369;0.025315445870855238;0.5458040918228902;0.010313687945122812;0.06494008220953923;1.1371873832403834;0.025315445870855238;0.5458040918228916;38430;54997;
1303;11;7345;26;6;18157;2.6357824874368956;7.940301206234078;11.439543755006234;1.70;0.01;32.92;21.40;0.12;0.03;81.82;0.05;167.82;2.55;35.64;127.93;56.32;97.95;0.02;;;-5172;8513;28977;31813.0;79037;-8.533;19.0947133472;148340.0;0.7420496302681123;0.24142343290309598;0.13444189449363317;0.026325150575382476;99.78335252610931;0.05;167.82;2.55;56.23400717267037;0.11966875307024304;0.008673736485451708;1.5624894961221196;7.161223094956687E-4;0.9442343794495857;0.04198936778614677;0.006216762597583872;1.5624894961221492;7.161223094956762E-4;0.9442343794496173;33411;53918;
952;396;7335;27;27;17802;2.200917664316748;6.858925323084777;12.520919638155537;1.24;0.42;32.99;23.42;0.12;0.12;80.22;1.79;167.59;2.09;36.25;126.39;48.66;98.38;0.11;;;-5052;7319;29200;32116.0;79804;-10.006;17.1426599;148439.0;0.7309005932051049;0.23172598092295613;0.13919231681972488;0.12484279660210679;97.83381166807938;1.79;167.59;2.09;48.5755950306187;0.13746717451285675;0.01705275601764806;1.4587613761153493;0.26427588501090127;0.3233604726599926;0.04313600794079172;0.016288987394125484;1.458761376115372;0.24958641637446405;0.3233604726599967;34042;53773;
36659;3962;7354;20;11;14161;6.927686117222733;0.0047007926713876465;19.375144168568923;47.88;4.37;32.92;36.24;0.09;0.05;63.82;17.85;168.03;6.88;30.57;158.55;0.11;97.36;0.03;;;-7313;-3490;31255;33957.0;88458;-32.609;3.5403542936;150180.0;0.803842393845369;0.12727004851358006;0.10158936850063371;0.04995656352152248;77.82720919119991;17.85;168.03;6.88;0.03329148377803445;0.045143247828000416;0.043118207956319626;3.9125154767269064;1.8139563835398869;1.1129528011716194;0.025025904165684964;0.016956904395039624;3.9125154767268935;1.8139563835399157;1.112952801171624;37927;68667;
952;3;7335;5;22;18222;1.856736265741717;6.968892280802236;12.410952680438074;1.24;0.00;32.99;23.21;0.02;0.1;82.12;0.01;167.59;1.84;36.39;126.32;49.37;98.34;0.09;;;-5038;7455;29159;32086.0;79657;-9.768;17.3437132072;148357.0;0.7319058971706174;0.2339022558963284;0.026202425587694877;0.10134144883697538;100.14191610113176;0.01;167.59;1.84;49.354392021869515;0.026129421914173383;0.012177229881677765;1.493176610905552;0.001892530380321319;0.3233604726599926;0.00735647039042784;0.012011002634895506;1.4931766109055662;0.0016229838685011563;0.3233604726599967;34027;53768;
4550;150;7393;12;72;17721;2.0436966765719733;0.003311413523635474;19.376533547716676;5.94;0.17;33.19;36.24;0.05;0.33;79.86;0.68;168.92;1.93;40.12;121.69;0.07;96.99;0.23;;;-4573;-751;30566;33995.0;85143;-20.741;4.6664191776;148953.0;0.6869746115309501;0.1687090129646865;0.06158400647827589;0.3352261655457457;97.39208629758834;0.68;168.92;1.93;0.02345176171573879;0.014293682034741859;0.21423390300710632;1.1214772149395076;0.03713957739360462;0.6565522991970132;0.010294377143825589;0.10251119288640231;1.121477214939529;0.03713957739360506;0.6565522991970142;38487;55020;
961;56;7335;28;48;18122;2.7896685597557944;6.300502519178321;13.079342442061991;1.26;0.06;32.87;24.46;0.12;0.21;81.66;0.25;167.59;2.67;36.76;125.63;44.71;97.97;0.17;;;-4978;6690;29292;32251.0;80233;-10.722;16.1621398048;148466.0;0.7267722878625132;0.22800847392691884;0.14248920509402627;0.22068319849328608;99.59084417793758;0.25;167.59;2.67;44.620788891072785;0.13342278757103485;0.06876475995811793;1.5953925795127502;0.0447637118969202;0.9473247208169714;0.04289467056468946;0.046743961721823754;1.5953925795127641;0.039267832681972176;0.9473247208169724;34447;53802;
1855;55;7411;13;29;17768;1.01023892538957;3.8394483919197624;15.54039656932055;2.42;0.07;33.24;29.07;0.06;0.13;80.07;0.25;169.33;0.99;38.29;123.36;27.24;97.87;0.10;;;-4764;3837;29775;32968.0;82009;-14.421;11.6695795192;148589.0;0.7076875930303826;0.2061939552618092;0.06501015279213737;0.1357370174121862;97.646111134337;0.25;169.33;0.99;27.19135745641495;0.016412159017995923;0.044881582855966384;0.11709933987512558;0.004942265476542946;0.8269035781639392;0.012045605343815014;0.02981877915440886;0.11709933987512502;0.004942265476543016;0.8269035781639548;36059;54091;
1303;19;7346;43;4;18131;2.2277357626266276;5.175658490167603;14.204186471072708;1.70;0.02;32.91;26.57;0.2;0.02;81.71;0.09;167.84;2.21;37.43;124.57;36.83;98.33;0.01;;;-4880;5405;29512;32558.0;81046;-12.412;14.105966346400002;148521.0;0.718116937807527;0.21801195651872796;0.22435169590574083;0.016914274390567124;99.64113400179787;0.09;167.84;2.21;36.65453099321598;0.06330102341594111;0.005572996001914491;1.182301199134605;4.7103887668100835E-4;0.9760895051974859;0.04365810626564604;0.004057984124879822;1.1823011991346175;4.710388766810087E-4;0.9760895051974873;35176;53920;
7715;383;7341;12;72;17753;1.8311318179039513;0.003311413523635474;19.376533547716676;10.08;0.46;32.98;36.24;0.05;0.33;80.01;1.72;167.73;1.78;38.84;125.05;0.07;98.77;0.26;;;-4847;-953;30629;33965.0;85377;-21.919;4.5246460832;149018.0;0.696426294990014;0.16344831584920266;0.06158400647827589;0.3352261655457457;97.56774061848743;1.72;167.73;1.78;0.02345176171573879;0.02118257473411173;0.11464077079375504;1.1234998876851359;0.026192329985634484;0.545616254705314;0.012797081504926755;0.07595947219199586;1.1234998876851578;0.026192329985635136;0.545616254705323;38427;56133;
1297;44;7413;38;3;17768;2.217743144171226;8.704212484412988;10.675632476827323;1.69;0.05;33.25;19.97;0.17;0.01;80.07;0.2;169.38;2.20;35.29;128.72;61.80;96.32;0.01;;;-5235;9343;28826;31653.0;78473;-7.364;20.5125800792;148295.0;0.747777321843797;0.24843421851085046;0.19540924158982553;0.014997032014275033;97.6505874496809;0.2;169.38;2.20;61.64410323586123;0.04933210289187444;0.004941432873167456;1.3346501544686138;0.0016763859295791253;0.8271430680079911;0.03530257989108709;0.002761027872545781;1.3346501544686176;0.0016763859295791592;0.8271430680079996;32954;53898;
39826;9293;7324;12;106;8895;13.464579774226454;0.0033247984519131843;19.3765201627884;52.02;9.56;32.53;36.24;0.05;0.48;40.08;41.88;167.35;12.10;27.68;165.37;0.06;98.69;0.34;;;-7901;-4003;31582;33902.0;89747;-35.034;3.2599681664;151228.0;0.821909059945504;0.11223030016332038;0.06025894992150879;0.4931127607623168;48.88359112659838;41.88;167.35;12.10;0.023546555116294363;0.04303727600577774;0.31554491164460785;2.688016260711775;8.013229791601523;2.404751534262771;0.01694953025326575;0.14981776734361976;2.688016260711799;6.841225353257438;2.4047515342628385;37158;70210;
11754;371;7344;12;67;17755;2.040227356974711;0.003311413523635474;19.376533547716676;15.35;0.39;32.99;36.24;0.05;0.3;80.01;1.67;167.8;1.99;37.64;129.04;0.07;98.38;0.24;;;-5152;-1275;30690;33967.0;85717;-23.246;4.3840463072;149099.0;0.708251890881278;0.15892002462305296;0.06158400647827589;0.31119637914849513;97.57793744956757;1.67;167.8;1.99;0.02345176171573879;0.014281765488161922;0.10657215721456213;1.1366537811590804;0.23688651613308756;0.5458331369798188;0.01028946384797998;0.06992636872753089;1.1366537811590758;0.22639281831946348;0.5458331369798227;38430;57512;
32579;294;7349;33;10;17846;2.2233235381400966;0.031612307626404955;19.348232653613906;42.55;0.36;32.95;36.19;0.15;0.04;80.42;1.32;167.9;2.20;32.94;151.60;0.36;98.47;0.03;;;-6753;-2845;30997;33954.0;87370;-30.165;3.8781138511999997;149476.0;0.784442082890542;0.14074474445016963;0.16886128377841722;0.04513204919543788;98.0773614766827;1.32;167.9;2.20;0.22388152384096252;0.04438294046114499;0.028051927707866024;1.309786285160194;0.010324742662374408;0.8307776421485171;0.031498049205501165;0.012779313963374934;1.3097862851601756;0.010324742662374636;0.8307776421485096;38425;66639;
32579;294;7349;33;10;17846;2.2233235381400966;0.031612307626404955;19.348232653613906;42.55;0.36;32.95;36.19;0.15;0.04;80.42;1.32;167.9;2.20;32.94;151.60;0.36;98.47;0.03;;;-6753;-2845;30997;33954.0;87370;-30.165;3.8781138511999997;149476.0;0.784442082890542;0.14074474445016963;0.16886128377841722;0.04513204919543788;98.0773614766827;1.32;167.9;2.20;0.22388152384096252;0.04438294046114499;0.028051927707866024;1.309786285160194;0.010324742662374408;0.8307776421485171;0.031498049205501165;0.012779313963374934;1.3097862851601756;0.010324742662374636;0.8307776421485096;38425;66639;
9464;1;7344;1;46;18158;2.429165284762924;0.002054910751210278;19.3777900504891;12.36;0.00;32.90;36.25;0.0;0.21;81.83;0.0;167.8;2.36;38.51;126.62;0.02;98.21;0.15;;;-4957;-1104;30638;33954.0;85532;-22.438;4.4508061448;149020.0;0.7019042761200374;0.16235965322806845;0.0031994671414023682;0.21504332310121835;99.7901679955299;0.0;167.8;2.36;0.01455308343114631;8.194976936990215E-4;0.1326146282001685;1.3021719050283955;5.481044726280269E-4;0.9930111493680329;0.0;0.06454120768786747;1.3021719050283862;0.0;0.9930111493680456;38483;56737;
35022;180;7350;0;8;17989;2.4674323219906453;0.026067947512288258;19.353777013728024;45.74;0.20;32.93;36.20;0.0;0.04;81.07;0.81;167.92;2.45;32.65;154.35;0.19;98.26;0.03;;;-6931;-3058;31030;33952.0;87579;-30.987;3.7988605719999997;149503.0;0.794932834551947;0.13942886519213188;0.0021345355755218653;0.03810749124690341;98.8636399826348;0.81;167.92;2.45;0.1846158110767767;7.281961895679386E-4;0.030238431848394618;1.402580801604592;0.08213219444485714;0.9517526979032337;0.0;0.013096631635542704;1.4025808016046297;0.08213219444485846;0.9517526979032512;38445;67804;
39918;13722;7336;4;81;4440;21.51924014776826;0.0029032085567763364;19.376941752683535;52.14;13.29;32.57;36.24;0.02;0.36;20.01;61.84;167.61;15.98;25.81;167.32;0.04;97.88;0.29;;;-8137;-4280;31818;33906.0;90849;-36.025;3.0285418488;152293.0;0.822109654350417;0.10245029782427552;0.022709993737967768;0.37458092366242585;24.40008226960793;61.84;167.61;15.98;0.020560813319945692;0.005263556029974383;0.12270120355422875;0.2909152076747049;18.60256611712912;2.497794063380236;0.003927238810060805;0.08197900489143123;0.2909152076747087;13.109358413245973;2.497794063380245;36538;70258;
36646;361;7355;10;7;17774;2.6454295574174833;0.004727056946470601;19.37511790429384;47.87;0.41;32.96;36.24;0.04;0.03;80.1;1.63;168.04;2.60;32.36;156.33;0.07;98.11;0.02;;;-7065;-3220;31067;33962.0;87759;-31.598;3.7326072928;149568.0;0.8018783732098083;0.13786629434764452;0.0497491839681413;0.03442244505164539;97.68288474239493;1.63;168.04;2.60;0.03347749000059944;0.04141495317757544;0.029109380015699397;1.524002554877188;0.11590008371130606;0.9350025856357144;0.014102475917824946;0.01043810380102497;1.524002554877232;0.11590008371130783;0.9350025856357247;38436;68588;
1944;277;7354;12;57;17812;2.2462526802974163;2.217634699746913;17.1622102614934;2.54;0.34;32.98;32.10;0.05;0.26;80.27;1.25;168.01;2.21;39.17;121.86;15.75;98.18;0.21;;;-4631;1980;30107;33368.0;83311;-16.854;8.729486021600001;148766.0;0.6965266663783035;0.1907549512769716;0.06006027029037188;0.26495846865109185;97.88835762465642;1.25;168.01;2.21;15.705510707077613;0.01773732367621835;0.08656662441758917;1.3021499101584582;0.009677620740890515;0.8301212013042601;0.01164530344098563;0.05842690553232951;1.3021499101585066;0.009677620740890623;0.8301212013042866;37034;54147;
1250;3;7345;1;60;18138;2.3319693167756306;1.3662398580044754;18.013605103235836;1.63;0.00;32.91;33.69;0.0;0.27;81.74;0.01;167.81;2.30;40.18;120.10;9.68;98.11;0.22;;;-4471;1077;30249;33587.0;83861;-17.761;7.2302991664;148774.0;0.6887542434790082;0.18502470241478056;0.0053810456816105814;0.2803694113635911;99.6805785184067;0.01;167.81;2.30;9.675847298373496;0.001378277797794822;0.08731168370935136;1.3011281138647306;0.002096139119904589;0.9400551022838491;0.0;0.05967001991712879;1.3011281138647526;0.0017227324891994622;0.9400551022838725;37612;53899;
1099;278;7354;40;1;17839;2.3513781709707664;6.558052856067216;12.821792105173095;1.44;0.34;32.95;23.98;0.18;0.0;80.39;1.25;168.01;2.34;36.45;126.18;46.61;98.26;0.00;;;-5028;6967;29254;32193.0;80047;-10.468;16.597593196;148461.0;0.7291517216642753;0.22906887665807849;0.20806694842276852;0.0037658191361133035;98.03630472581742;1.25;168.01;2.34;46.444786131953634;0.044397697114605256;0.0012407800952547305;1.3556100202906474;0.00997350986007478;0.9401561636101843;0.03404969641626197;0.0;1.3556100202906827;0.009973509860074638;0.9401561636102089;34261;53861;
1645;311;7355;10;11;17819;1.7808533421862087;2.5340982869455084;16.8457466742948;2.15;0.38;33.03;31.51;0.04;0.05;80.3;1.4;168.04;1.75;39.03;121.91;17.98;98.65;0.04;;;-4641;2363;30042;33290.0;83018;-16.341;9.2734327144;148713.0;0.6977671797095165;0.1935224424997144;0.04946149694404499;0.05099879111731767;97.93023206796082;1.4;168.04;1.75;17.946737477976786;0.04342129881752788;0.017530651362964396;1.1268319700450657;0.022478326600165317;0.5705910953604855;0.01423325474848257;0.011568896605715542;1.126831970045086;0.022478326600165778;0.570591095360503;36827;54032;
1250;5;7343;44;30;18131;1.5915660657077908;2.8716789510757863;16.508166010164526;1.63;0.00;33.06;30.88;0.2;0.14;81.71;0.02;167.78;1.56;39.10;121.70;20.51;98.08;0.11;;;-4622;2807;29956;33200.0;82687;-15.579;9.971459368000001;148650.0;0.6989784829384916;0.19872269853344868;0.2262076538888737;0.14082843885357985;99.64069941574539;0.02;167.78;1.56;20.337517499413824;0.06337485329629133;0.03412489640286557;1.3001638531962172;0.0035128670246721365;0.1903895957877444;0.04368736788376581;0.026305544865934668;1.3001638531962292;0.0031063430170649056;0.19038959578774792;36649;53862;
953;7;7333;14;41;18199;1.88390598437711;0.46242322849778733;18.917421732742525;1.25;0.01;32.98;35.39;0.06;0.18;82.01;0.03;167.55;1.77;40.97;118.75;3.34;98.39;0.12;;;-4348;89;30419;33842.0;84462;-18.923;5.6128856856;148812.0;0.681166837256909;0.17743206269739803;0.07434842597453147;0.18954716793991763;100.01790090616099;0.03;167.55;1.77;3.2749275465441796;0.009163708561671542;0.1826825872255161;1.3736834282373929;3.0645857075962805E-4;0.3180698017817697;0.008557641603741045;0.06320851713869892;1.3736834282374328;3.0645857075962393E-4;0.3180698017817766;38182;53769;
32527;3616;7354;13;28;14500;6.315139286005668;0.0034668042810330193;19.37637815695928;42.49;3.99;33.03;36.24;0.06;0.13;65.34;16.29;168.02;6.26;31.30;153.40;0.07;96.98;0.09;;;-6966;-3158;31174;33972.0;88044;-31.104;3.6270608240000004;150032.0;0.7846885886651372;0.13057351611373982;0.06553737431129265;0.13234053022401263;79.6867073226612;16.29;168.02;6.26;0.024552254598703943;0.02743109961485137;0.07997072781738718;4.005995832683313;1.6555843229429315;0.5461573029471856;0.01595491307668994;0.039534654527211145;4.005995832683324;1.6555843229430007;0.5461573029471893;37976;66642;
35159;4165;7429;9;38;13562;4.082754916022077;0.026212597724834794;19.353632363515477;45.92;4.60;33.29;36.20;0.04;0.17;61.12;18.77;169.74;3.97;30.78;156.70;0.21;98.80;0.12;;;-7192;-3284;31228;34004.0;88140;-32.037;3.6104342544;150088.0;0.7957555178268251;0.1281696637065235;0.04462219823011532;0.17694773861072646;74.53087793292035;18.77;169.74;3.97;0.18564023834705248;0.038544516907353873;0.14040866925719717;1.0573713301858083;1.9004598102022259;0.9459705894694915;0.013897566795707259;0.05705944057198843;1.0573713301858148;1.900459810202267;0.9459705894695026;37923;67924;
39918;13809;7339;5;81;4336;22.129480416842377;0.0029032085567763364;19.376941752683535;52.14;13.32;32.59;36.24;0.02;0.36;19.54;62.23;167.68;16.22;25.79;167.30;0.04;97.51;0.28;;;-8137;-4295;31823;33910.0;90909;-36.028;3.0252485192;152347.0;0.8218694134672682;0.10235068649374117;0.02451372784512264;0.3749442640167465;23.828349369034;62.23;167.68;16.22;0.020560813319945692;0.005681612311527329;0.1487426535002478;0.24181555706351499;19.26101931666882;2.4722212772982672;0.004102953292160328;0.09097559145555455;0.24181555706351418;13.41038748098482;2.472221277298321;36528;70255;
1864;34;7347;0;9;18146;2.486209477222361;0.0047007926713876465;19.375144168568923;2.43;0.04;32.92;36.24;0.0;0.04;81.77;0.15;167.87;2.46;40.99;119.19;0.03;98.13;0.03;;;-4375;-533;30523;33957.0;84932;-19.931;4.7151790152;148879.0;0.6808347855655204;0.17157934100362848;0.0021345355755218653;0.0404485844423407;99.72556048574253;0.15;167.87;2.46;0.03329148377803445;7.281961895679386E-4;0.03491173836991837;1.4830671403763744;0.015842127718436034;0.951660274568064;0.0;0.013602839671650664;1.483067140376355;0.015834664898479324;0.9516602745680898;38478;54112;
36203;396;7335;27;27;17802;2.1330419994055796;0.010390342371310545;19.369454618869;47.29;0.42;32.99;36.23;0.12;0.12;80.22;1.79;167.59;2.02;32.38;155.75;0.16;98.47;0.11;;;-7031;-3148;31062;33967.0;87671;-31.404;3.7779006224;149552.0;0.7994305868355075;0.13839045264868174;0.13919231681972488;0.12484279660210679;97.83381166807938;1.79;167.59;2.02;0.07358544370785841;0.13711784193018872;0.01705275601764806;1.391235043786849;0.26427588501090127;0.3233604726599926;0.043115617211259;0.016288987394125484;1.3912350437868701;0.24958641637446405;0.3233604726599967;38417;68327;
37113;455;7354;0;8;17694;2.573637360016729;0.003876186909947025;19.375968774330364;48.48;0.50;32.95;36.24;0.0;0.04;79.74;2.05;168.02;2.55;32.25;156.93;0.03;98.34;0.03;;;-7107;-3258;31079;33961.0;87800;-31.788;3.7109939799999996;149582.0;0.8039949001274967;0.13727442937144388;0.0021345355755218653;0.03810749124690341;97.238871287793;2.05;168.02;2.55;0.027451543314935826;7.281961895679386E-4;0.032891108123754606;1.3795301696550346;0.20811208708112863;0.9523757989672433;0.0;0.01341086082649803;1.3795301696550593;0.20811208708113163;0.9523757989672688;38423;68811;
39867;5946;7335;1;145;12160;9.043210127945892;0.002679052310001555;19.37716590893031;52.07;6.33;32.84;36.24;0.01;0.66;54.8;26.8;167.59;8.59;29.24;163.45;0.02;97.48;0.45;;;-7686;-3831;31408;33945.0;89071;-34.134;3.4518478752;150593.0;0.8192950380543389;0.12113032683831647;0.006903194587339557;0.6757556025980406;66.82545251545632;26.8;167.59;8.59;0.018973316364662013;0.0012114624294155656;0.5241428579648503;3.7008492051533666;3.731745180318449;1.0852614220798116;0.0011956004576869845;0.2192511315039201;3.7008492051535242;3.5852693619443103;1.0852614220798456;37637;70147;
952;111;7335;27;27;18087;2.7233176556674845;6.858925323084777;12.520919638155537;1.24;0.14;32.78;23.42;0.12;0.12;81.51;0.5;167.59;2.63;36.35;126.41;48.66;98.72;0.11;;;-5046;7337;29187;32087.0;79820;-9.987;17.154126548;148431.0;0.7321308083307092;0.2321280618841871;0.13914724547652704;0.12408351073911325;99.400976067754;0.5;167.59;2.63;48.5755950306187;0.13698288755503343;0.01694904225184269;1.1797954332268659;0.003990571751680797;1.3855997208820616;0.04310771200358822;0.016217858983338846;1.1797954332268852;0.003990571751680917;1.3855997208820845;34082;53827;
14222;207;7346;4;27;17958;2.419391702880677;0.010576590332739494;19.36926837090757;18.58;0.19;32.94;36.23;0.02;0.12;80.93;0.93;167.84;2.25;37.02;131.51;0.09;98.35;0.08;;;-5332;-1467;30718;33958.0;85925;-24.059;4.286953089600001;149134.0;0.7162954777286638;0.15642163402081893;0.020730077098486434;0.12446874682310986;98.69136439871211;0.93;167.84;2.25;0.07490447039549437;0.006000498113958912;0.08498239903194549;1.1667322530200526;0.3440339338703201;0.8176426188444;0.004233339678294548;0.03846630746571138;1.1667322530200719;0.2217041485463379;0.8176426188444271;38449;58371;
14926;5;7343;1;74;18131;2.1121266089807347;0.00371282042201696;19.376132140818296;19.50;0.01;32.90;36.24;0.0;0.33;81.71;0.02;167.77;2.08;36.92;132.17;0.03;98.45;0.27;;;-5377;-1501;30720;33955.0;85941;-24.233;4.2964864416;149115.0;0.7187672688629116;0.15645348104418927;0.0053810456816105814;0.3436564961106074;99.64540434883457;0.02;167.77;2.08;0.02629456551076631;0.0014422504773768242;0.10702033130911577;1.0070674959475048;0.0037446997065487815;0.9928518315401886;0.0;0.07304985272996153;1.007067495947507;0.0032253250137481383;0.9928518315401939;38481;58623;
1305;44;7400;41;18;17818;1.9807635252074052;4.509914942120861;14.86993001911945;1.70;0.05;33.27;27.81;0.18;0.08;80.3;0.2;169.08;1.81;38.02;123.57;32.08;96.58;0.05;;;-4789;4600;29638;32792.0;81545;-13.267;12.9156195696;148575.0;0.7112548967824287;0.2130410078668018;0.21103249680321387;0.08287929712604335;97.92460489780426;0.2;169.08;1.81;31.939668611594147;0.185875873089421;0.07251351858282297;1.3450513792747252;0.0011897206430760482;0.37613303361736017;0.06342785101382607;0.027436667677241375;1.345051379274713;0.0011897206430760603;0.37613303361736783;35626;53881;
952;468;7333;28;19;17746;2.4188715237233773;6.858925323084777;12.520919638155537;1.24;0.49;32.95;23.42;0.13;0.09;79.97;2.11;167.55;2.30;36.20;126.46;48.67;98.49;0.08;;;-5059;7314;29204;32109.0;79828;-10.039;17.132926576;148455.0;0.7311218985976267;0.23134000666012947;0.1455190360460315;0.08886075387472676;97.52790222512775;2.11;167.55;2.30;48.5755950306187;0.14375955150914654;0.006274066833221394;1.4542000810747266;0.3213218403810784;0.4933159839252041;0.04642163392746571;0.006274066833221488;1.4542000810747588;0.30038271593046145;0.493315983925206;34031;53783;
38625;271;7355;4;37;17839;2.2467596522533233;0.004435829876833797;19.375409131363476;50.45;0.33;33.00;36.24;0.02;0.17;80.39;1.22;168.04;2.19;32.16;158.59;0.04;98.18;0.12;;;-7210;-3356;31092;33968.0;87876;-32.212;3.723673996799999;149580.0;0.8104950074357339;0.13733720788156709;0.01861065471476971;0.17347870654474212;98.03899820212546;1.22;168.04;2.19;0.031414990770724634;0.008461735422043728;0.10516513141129463;1.3966460792897022;0.0028461976735893405;0.7336405084566932;0.0051153792773064154;0.05181725644576861;1.3966460792897317;0.0028461976735893644;0.7336405084567085;38449;69528;
1105;56;7335;40;5;18150;2.4628832449799205;7.900021971397275;11.479822989843036;1.44;0.07;32.87;21.47;0.18;0.02;81.79;0.25;167.59;2.45;35.69;127.74;56.11;98.35;0.02;;;-5159;8503;28984;31819.0;79037;-8.529;19.0444466712;148343.0;0.7413472442730777;0.24116478502698277;0.2081848314918047;0.02233796581643168;99.74993711283203;0.25;167.59;2.45;55.948745603632645;0.052090687933355646;0.007396734716455914;1.4629689224730407;0.0020115890806528106;0.9384153107764154;0.03732040182961409;0.004767180705675413;1.462968922473082;0.002011589080652852;0.9384153107764306;33425;53854;
1299;58;7397;1;57;17821;2.4866055730414685;11.130000195127936;8.249844766112375;1.70;0.07;33.15;15.43;0.01;0.26;80.31;0.26;169.0;2.39;33.79;131.87;78.83;96.69;0.18;;;-5500;12094;28358;30986.0;76698;-3.980;24.9115803592;148136.0;0.771624202338255;0.2681080325218176;0.006864686379874993;0.26617401342609054;97.93939772923224;0.26;169.0;2.39;78.82377438191556;0.006860671809302033;0.17169600581301658;1.3476844102367322;0.0020658396720649244;0.9582986455103525;0.003170381187501453;0.08128975290641949;1.3476844102367471;0.002065839672064917;0.9582986455103566;31394;53909;
1250;10;7342;44;30;18131;1.7798808301361468;0.02456484383189407;19.355280117408416;1.63;0.01;33.05;36.20;0.2;0.14;81.71;0.04;167.76;1.70;41.23;118.51;0.35;97.97;0.09;;;-4321;-428;30508;33970.0;84805;-19.599;4.8406989704;148855.0;0.6787049626104691;0.17343290879572246;0.2262076538888737;0.14082843885357985;99.64069941574539;0.04;167.76;1.70;0.173970680501857;0.06337485329629133;0.10607510150489265;1.412729008512464;0.007338221429034278;0.1903636453934648;0.04368736788376581;0.045870276510113925;1.4127290085124822;0.006373123271473078;0.1903636453934661;38467;53863;
968;40;7411;40;3;17781;2.6211262691333053;13.47146223433391;5.908382726906402;1.26;0.05;33.21;11.05;0.18;0.02;80.13;0.18;169.33;2.48;32.60;134.55;95.54;96.24;0.01;;;-5718;14765;27898;30361.0;74959;-0.548;29.192127248;147983.0;0.7945524551979845;0.28728242193525894;0.20964304242514029;0.015761793917788286;97.72021693459443;0.18;169.33;2.48;95.40624268977618;0.20075892814881172;0.010009053047937722;1.4289087539550598;0.003301829489884312;0.9781477044916117;0.06437996893510635;0.005555333445276599;1.4289087539551046;0.003301829489884343;0.9781477044916199;29908;53791;
1864;70;7408;13;42;17756;1.0281849601004331;3.6961391261969077;15.683705835043401;2.43;0.08;33.22;29.34;0.06;0.19;80.02;0.31;169.27;1.00;38.37;123.22;26.23;97.91;0.15;;;-4751;3678;29804;33002.0;82117;-14.625;11.4177528376;148601.0;0.7066515065378055;0.2049553616371321;0.06501015279213737;0.1944038207086016;97.57942182548993;0.31;169.27;1.00;26.17642690563912;0.01769534230712642;0.0639702764467083;0.11701936460573695;0.0029237387564507765;0.8265762379844107;0.012575697007111536;0.04296844907157675;0.11701936460573899;0.002923738756450853;0.8265762379844235;36147;54096;
4758;377;7344;12;62;17757;1.7996740540992668;0.003311413523635474;19.376533547716676;6.22;0.46;32.99;36.24;0.05;0.28;80.02;1.7;167.79;1.76;39.80;122.14;0.07;98.77;0.22;;;-4619;-729;30584;33967.0;85138;-20.937;4.6287259039999995;148960.0;0.6881108183904138;0.1670307624927514;0.06158400647827589;0.2878819094887306;97.5873208994891;1.7;167.79;1.76;0.02345176171573879;0.0143405456310053;0.09858789553146285;1.1366170346582722;0.004324486455636002;0.5458040918228902;0.010313687945122812;0.06494008220953923;1.1366170346583002;0.004324486455636077;0.5458040918228916;38429;55113;
27507;180;7350;0;41;17956;2.5707028784998767;0.026067947512288258;19.353777013728024;35.93;0.20;32.94;36.20;0.0;0.19;80.92;0.81;167.92;2.48;33.88;145.76;0.19;98.08;0.13;;;-6354;-2479;30916;33954.0;86987;-28.462;3.9599003424;149378.0;0.7636131774707757;0.14446140784802877;0.0012623995215185935;0.19111443638068062;98.68356927725335;0.81;167.92;2.48;0.1846158110767767;4.3066722889239194E-4;0.15164999507048782;1.4000261342431255;0.08213219444485714;0.9364638875125139;0.0;0.06320496360209416;1.4000261342431544;0.08213219444485846;0.9364638875125206;38445;64202;
38160;816;7247;4;25;17851;7.438163660410409;0.0033026497689114037;19.376542311471397;49.84;0.85;32.52;36.24;0.02;0.11;80.44;3.68;165.59;7.33;31.76;158.58;0.04;95.50;0.08;;;-7236;-3492;31128;33899.0;88272;-32.322;3.6688074048000003;149807.0;0.8104057563758674;0.13530852526798906;0.022265321891989664;0.1167755791384374;98.10233185068664;3.68;165.59;7.33;0.02338969592840745;0.02083038142031748;0.0658706912431743;6.012807423030984;0.6208602738465404;0.7177948908693932;0.007059533934578815;0.033085010762980475;6.012807423031238;0.558057536929457;0.7177948908694166;38317;69312;
1421;18;7350;21;26;18110;2.1925300143024096;5.79777552991107E-4;19.37926518368732;1.86;0.02;32.94;36.25;0.09;0.12;81.61;0.08;167.93;2.18;41.16;118.75;0.09;98.20;0.10;;;-4339;-480;30516;33959.0;84875;-19.745;4.763672316799999;148870.0;0.6796005099872503;0.17249807856266403;0.10849306644452855;0.12208322741501852;99.52746337594304;0.08;167.93;2.18;0.004106042608038318;0.02582624177707145;0.03554724209791625;1.184466750651799;0.0016772045527668582;0.9450125752228561;0.01857010039773387;0.02521504887994174;1.1844667506518183;0.0016772045527668794;0.9450125752228732;38485;53959;
32578;337;7354;33;9;17778;2.2143597270198754;0.031612307626404955;19.348232653613906;42.55;0.41;32.98;36.19;0.15;0.04;80.12;1.52;168.01;2.19;32.93;151.61;0.36;98.40;0.03;;;-6755;-2849;30998;33958.0;87376;-30.172;3.8769671864;149483.0;0.7843420605236315;0.14065571107755898;0.16882447887260657;0.04395016074543154;97.70564085224734;1.52;168.01;2.19;0.22388152384096252;0.043528981951509636;0.027317322256764746;1.3048220959888492;0.011826013824215742;0.8268653129985359;0.031149604095364002;0.012660818924338462;1.304822095988865;0.011826013824216055;0.8268653129985238;38422;66640;
3562;23;7345;25;7;18146;2.060506486219336;0.010779973769341167;19.36906498747097;4.65;0.03;32.98;36.23;0.11;0.03;81.78;0.1;167.81;2.04;40.41;120.78;0.18;98.20;0.02;;;-4502;-635;30547;33962.0;85026;-20.446;4.686672456799999;148900.0;0.684982151963284;0.1697256977929413;0.1319530304028294;0.03280198399600311;99.72672707327165;0.1;167.81;2.04;0.07634485223185108;0.031192703295480136;0.021296612789478964;1.3793222835396786;7.081474299621203E-4;0.6279867391647365;0.02254302092379239;0.009624405377227892;1.3793222835396837;7.081474299621294E-4;0.6279867391647327;38475;54683;
1306;18;7405;33;8;17839;2.4674696048735827;8.32163715562285;11.058207805617462;1.71;0.02;33.18;20.68;0.15;0.04;80.39;0.08;169.18;2.35;35.52;128.27;59.04;96.52;0.03;;;-5197;8909;28899;31750.0;78771;-7.923;19.8079533696;148329.0;0.7446015365731691;0.24515793814224024;0.16889620611863612;0.038898340584149586;98.03630472581742;0.08;169.18;2.35;58.934666499836595;0.15213622048406716;0.023816718652275325;1.346971816701826;6.558527403567141E-4;0.9438889962950573;0.05266681639330933;0.01200241733360352;1.346971816701865;6.558527403567325E-4;0.9438889962950803;33197;53907;
