32.910967466399995 148055.0 
2.9331419048000003 153649.0 
3.9675669624000003 149585.0 
33.5210341704 148054.0 
33.7332874496 147988.0 
2.7749021624 154279.0 
2.663795688 154861.0 
2.839262056 154083.0 
3.0833950439999995 151452.0 
3.2791146912 151225.0 
2.9381152512 153515.0 
3.7071139912000004 150195.0 
3.4656343663999998 150226.0 
3.1661015744 151315.0 
2.7439422128000004 154645.0 
3.798673996799999 149859.0 
4.162020073599999 149541.0 
3.3887679144 150797.0 
4.2638199616 149438.0 
2.9503552736000005 152948.0 
35.7644473712 147851.0 
2.7863688104 154214.0 
2.6741156712 154776.0 
34.699020913599995 147934.0 
4.507459508 149236.0 
2.7722888495999998 154318.0 
3.1605816192000002 151333.0 
3.8441138511999995 149682.0 
30.9031139912 148062.0 
3.3129147192 150957.0 
3.1959148592 151230.0 
33.7332874496 147988.0 
4.5107794912 149150.0 
3.733060684 149895.0 
4.817619009600001 148939.0 
2.6530357103999997 154883.0 
2.8805419887999997 153689.0 
2.6886089728 154686.0 
3.177861552 151283.0 
33.8440740808 147970.0 
3.2820613839999995 151090.0 
7.5118858256 148805.0 
11.1699660664 148789.0 
29.7689004824 148099.0 
3.1252882896 151376.0 
2.8330887376 154096.0 
21.026339916799998 148370.0 
32.8953275 148058.0 
33.7378741088 147981.0 
3.0604216976 151660.0 
3.104794988 151444.0 
3.1123549936 151431.0 
4.4546599 149408.0 
3.8242471192000003 149755.0 
29.4663141032 148210.0 
3.7712207455999995 149866.0 
33.5210341704 148054.0 
3.446061244 150791.0 
4.8266723168 148900.0 
14.751886385599999 148672.0 
3.1605816192000002 151333.0 
29.7213138232 148134.0 
2.8805419887999997 153689.0 
27.903727164 148362.0 
19.208033190400002 148478.0 
4.7611391048 148952.0 
33.543167438400005 147995.0 
16.4716331064 148572.0 
30.9031139912 148062.0 
35.528794288 147857.0 
2.6421823752 154904.0 
30.907700650400002 148060.0 
29.761580499199997 148107.0 
