1305.672815828821 7.278029175687897E-4 0.0016684253392342586 0.3223482729260109 0.3225020830992075 0.573144810825357 0.9942079604806582 0.6474818205054591 0.008559975662330983 0.012069845681401126 0.005776470371000443 
34404.284524461 8.216162298801976E-4 0.0021243382339543706 0.1625651992802667 0.32968606366781705 0.9996382716693465 0.2728433311468893 0.7231084706604081 0.05498810948136706 0.2909950074444485 0.004488017906810655 
39755.14610237603 8.216162298801976E-4 0.002675890286104229 0.16732823972653318 0.32968606366781705 0.9996382716693465 0.2651980593052206 0.8737291513375239 0.05498810948136706 0.2909950074444485 0.00644430486736249 
1944.1469254699764 2.0914359250970033E-4 0.0012378408170996742 0.3225172726623537 0.3275131754401526 0.8855700494930593 0.2953254054712734 0.3267177111126183 0.013302398178457828 0.011747588174187007 0.004940782711406512 
39854.11059235165 1.1085585055037805E-4 0.001341527958475273 0.1310276776415361 0.33637030850231897 0.9998284361679354 0.786458113676821 0.6891162434008666 0.1148694870916643 0.5168342825392216 0.014754788492688246 
32578.687499637123 5.880135962504922E-4 7.632380908053063E-4 0.32266299958167866 0.32796421283858185 0.9983688049264775 0.2628366874160751 0.6215522717878633 0.013354623997216604 0.01181130961025656 0.004948008402083876 
1336.8202049342678 2.5372064088013035E-4 7.348634014521136E-4 0.32764470163963016 0.3291052725617071 0.7624133180124725 0.12325356510991409 0.8753601384517553 0.013831986447763176 0.0038184211246364425 0.004144472289914193 
39854.11059235165 3.8294149064730743E-4 0.0015410358085291653 0.1310276776415361 0.32436469610473256 0.9998284361679354 0.2464695400755802 0.7814419962221921 0.0691239030955356 0.42698630500280577 0.014754788492688246 
37804.772772454766 6.778475745651601E-5 7.383349941972843E-4 0.3225121843607634 0.3274267623169681 0.9997711111783554 0.2177960126517192 0.6146451106597661 0.014245821610806945 0.011813175561545049 0.004365810479784786 
13744.822883617575 7.836124504699658E-4 8.210825406902078E-4 0.3191871158194328 0.3282640261196737 0.9998276607258257 0.906068053893831 0.5853532616463033 0.011876503495268807 0.29650708638230133 0.01432603071605731 
39917.55583360663 7.825007662600234E-5 0.0015333861291409903 0.1590785965802094 0.32922751648007786 0.9998689542235909 0.19368356129469377 0.6635015417111709 0.05980943141863336 0.39082364566494737 0.014869231005519956 
34404.284524461 8.216162298801976E-4 0.0021243382339543706 0.1625651992802667 0.32968606366781705 0.9996382716693465 0.2728433311468893 0.7231084706604081 0.05498810948136706 0.2909950074444485 0.004488017906810655 
39855.29501022852 7.555899869305114E-4 0.0025150038131029223 0.13123251811342188 0.34276564984921465 0.9999093535577417 0.1811051727819053 0.7695036678615381 0.06871368419788457 0.4905541465225429 0.001764183689242329 
3544.666484799763 3.777976617304669E-4 0.0015159600793126535 0.32174711626650065 0.3278239708211049 0.9999700834782657 0.2321005542207462 0.29117220154308665 0.01140661751901816 0.032309958321911664 0.003337413894744139 
4426.062442912353 2.1444959028218068E-4 0.001332146725264844 0.32174309467409207 0.3284155950801626 0.9998291310621804 0.2328615244619398 0.3424595026014379 0.011648676031367761 0.02300864615320028 0.003252926221307206 
1302.7840023059186 4.681574135825363E-4 5.70364410292915E-4 0.32806936005314286 0.3282706671060151 0.5902804577583216 0.8901150457673017 0.32948478150635185 0.015658819397887824 0.021573584295689938 0.005626308277400401 
952.2328551092527 4.846994701935665E-4 9.693997291754892E-4 0.32206980626065596 0.3292175937501167 0.6460794533288255 0.9876060522140568 0.13659383225768176 0.014910605558991064 0.2242229164334661 0.0019294933968511327 
36658.74203135344 3.537574071227639E-4 5.477130051690207E-4 0.2559844386567217 0.3274429403228002 0.9997574390981564 0.444369804579687 0.8631139717555486 0.05027182032333883 0.15394551037592147 0.006623471011701472 
952.2328551092527 9.124283646051289E-5 4.846994701935665E-4 0.3291605368178082 0.3292175937501167 0.6404051583106046 0.997213858187397 0.12016040841558195 0.014910605558991064 0.20115393613821195 0.0019294933968511327 
4549.87628311916 2.1444959028218068E-4 0.0015159600793126535 0.32116657953185196 0.32387385531371005 0.9998291310621804 0.2321005542207462 0.639072736635385 0.01151507537802153 0.08319525411751447 0.0038866875178705934 
961.3199516427412 4.961799889201203E-4 0.0013529791505375055 0.32822014303906144 0.3292225627139749 0.6748940700103987 0.9363711972636198 0.3115994349710768 0.016019470390895414 0.2708136826803046 0.005652732749904875 
1855.398273348695 2.2638021505427277E-4 7.533771206331256E-4 0.3212377316281433 0.3222354657420738 0.8018844629769403 0.25245532140913357 0.33065101703006045 0.001199221745902668 0.030040374442312417 0.004883307364416877 
1303.013561719725 7.812438978465998E-4 8.469133109063585E-4 0.32787913345769726 0.32822582032578523 0.7329360219073517 0.2821508576540309 0.32948478150635185 0.011865593572161395 0.008239738979734224 0.005815731727091883 
7714.800166186322 2.1444959028218068E-4 0.0015159600793126535 0.32174309467409207 0.32864671917893573 0.9998291310621804 0.34396227113908223 0.3419803779550463 0.01151507537802153 0.02300864615320028 0.003252926221307206 
1297.3052081300639 6.804596549117364E-4 7.38685403606288E-4 0.3212377316281433 0.3220391699139995 0.5508626358042898 0.25245532140913357 0.32949405378770397 0.013667610091504627 0.01268522032666639 0.004883307364416877 
39825.92818741909 2.0983544040871217E-4 0.0021243382339543706 0.1625651992802667 0.33018394492794806 0.9998284403998813 0.7142055422777296 0.6399041694982668 0.05498810948136706 0.28992061941397856 0.014369864936145062 
11754.143444515521 2.1444959028218068E-4 0.001422664799111993 0.3216832664187302 0.32837985647958406 0.9998291310621804 0.23190705354968902 0.3424595026014379 0.011648676031367761 0.21452638779948202 0.003252926221307206 
32578.687499637123 5.880135962504922E-4 7.632380908053063E-4 0.32266299958167866 0.32796421283858185 0.9983688049264775 0.2628366874160751 0.6215522717878633 0.013354623997216604 0.01181130961025656 0.004948008402083876 
32578.687499637123 5.880135962504922E-4 7.632380908053063E-4 0.32266299958167866 0.32796421283858185 0.9983688049264775 0.2628366874160751 0.6215522717878633 0.013354623997216604 0.01181130961025656 0.004948008402083876 
9463.625709067619 1.1141276068764251E-5 8.46043707257452E-4 0.32836740840600265 0.3283793626018766 0.9998939666052375 0.2561356805620529 0.6166879598384385 0.013049100238880512 0.27805907366618204 0.005917906795424808 
38521.605575811234 1.571059729701935E-5 0.0034110454288485016 0.10028524147889845 0.32987708851691644 0.9997673349956121 0.18529290773212587 0.7878586728384811 0.09814222717909826 0.3926200438767026 0.014911303860247128 
39855.29501022852 7.555899869305114E-4 0.0025150038131029223 0.13123251811342188 0.34276564984921465 0.9999093535577417 0.1811051727819053 0.7695036678615381 0.06871368419788457 0.4905541465225429 0.001764183689242329 
35021.524438507186 7.43294088498248E-6 1.5538469604627092E-4 0.3246357912993144 0.32788252675008867 0.9986548939083659 0.3411497085917176 0.7935036093684539 0.014187023680808764 0.153412453941201 0.005667831875356343 
39917.55583360663 7.90813902979185E-5 0.0015333861291409903 0.0816169094283665 0.32913442399500376 0.9998501944384703 0.23177267641313753 0.32756928023597826 0.01192271421301972 0.455786035048157 0.014902500678102075 
36645.786802427894 1.7323803254996368E-4 3.0688265190673613E-4 0.3209119318384415 0.3274214963834284 0.9997560838615621 0.8324750252003533 0.8456511433753591 0.01560153100408758 0.10797566943922085 0.005564265675943856 
1944.1469254699764 2.0914359250970033E-4 0.0012378408170996742 0.3225172726623537 0.3275131754401526 0.8855700494930593 0.2953254054712734 0.3267177111126183 0.013302398178457828 0.011747588174187007 0.004940782711406512 
1249.8440082945945 1.8738031312044533E-5 0.0011072680065869539 0.32826894902281134 0.32832012878243894 0.9295020233269691 0.2561356805620529 0.3114165817330303 0.013052975145248263 0.24837961788633656 0.005601818146715216 
1099.069411538066 7.245366839889874E-4 7.391574195078391E-4 0.3225041665260171 0.3275153510766347 0.6616044726269317 0.2133817862527313 0.32948478150635185 0.013827632774225258 0.012069845681401126 0.005595715830216252 
1645.0769973189654 1.7223624055923446E-4 3.702382713941614E-4 0.32178710624981177 0.3274054743822323 0.8692405283936118 0.8778808062895814 0.3437464100401295 0.01150647707301537 0.024263188831619972 0.0033955465635161805 
1250.1759714378888 7.877067678647139E-4 0.0013344710397506106 0.3283652648314221 0.32844932099701074 0.8518213661244894 0.28016228543453586 0.24231537806327189 0.013048521947556334 0.25344645955100537 0.0011347558962811824 
953.4626980648575 2.5889821725040975E-4 9.948122138150916E-4 0.32926361922250863 0.32938546336994623 0.9761389614095142 0.12325356510991409 0.9637843140100228 0.013734375704667238 0.015253207966014731 0.0018983990321421302 
32527.293862799008 2.2821612092068766E-4 7.420262166511241E-4 0.2622818116976877 0.32750144772249706 0.9998211128990987 0.418556585507344 0.6042799411640625 0.05027182032333883 0.15394551037592147 0.0032506066555507075 
34361.03821333103 8.208704185622423E-4 0.001601362908125248 0.1589833287402694 0.33015452747732554 0.9998284403998813 0.9035021668589668 0.6399041694982668 0.05999524348647204 0.28992061941397856 0.014369864936145062 
39842.75980250076 4.999018726876004E-6 0.0015333861291409903 0.16266046712020668 0.32925693393070044 0.9998689542235909 0.19368356129469377 0.6635015417111709 0.05480229741352837 0.39082364566494737 0.014869231005519956 
39998.14296719997 5.117541562163079E-5 0.0016145961164272598 0.15523910434020877 0.33654231043750116 0.9998163777175951 0.21661421612781562 0.24777134843427817 0.1036582415461635 0.3779790660500522 0.004247730594481932 
35159.05846619588 1.5538469604627092E-4 8.423815998743396E-4 0.24546021663427509 0.3205865453566612 0.9986474299573985 0.8637969090760831 0.7935036093684539 0.014187023680808764 0.153412453941201 0.005572903461921309 
39917.55583360663 8.536240484012446E-5 0.001541077807082536 0.07974811624211248 0.3288366349886254 0.9998501944384703 0.23177267641313753 0.3967060381369225 0.010148229460567045 0.46894256003756146 0.014743382259215778 
1863.5474349132048 7.43294088498248E-6 1.644739547701509E-4 0.32747379031047325 0.3280901953703776 0.9997574390981564 0.3411497085917176 0.8631139717555486 0.014871484633956046 0.15586241761739153 0.005669033079333549 
38981.529606494536 1.8583509036619377E-4 5.258229414987863E-4 0.2576069282223937 0.3305018504156764 0.9997574390981564 0.9664526268318638 0.6153857919580444 0.11295917713591991 0.1620063105198652 0.006623471011701472 
36202.86706219597 4.846994701935665E-4 9.693997291754892E-4 0.32206980626065596 0.3292175937501167 0.9994638583336404 0.9850963405385161 0.13659383225768176 0.014220390885994404 0.2242229164334661 0.0019294933968511327 
37113.483097409735 7.43294088498248E-6 1.5538469604627092E-4 0.319303137081534 0.32750144772249706 0.9997999887554467 0.3411497085917176 0.8631139717555486 0.014187023680808764 0.15394551037592147 0.005668328692123546 
39867.30699010223 2.4038501805096922E-5 0.0026476493508288696 0.22197550342813505 0.32922751648007786 0.9998617609008039 0.17549301473224946 0.7756396779393422 0.05538083268942148 0.21100882612986027 0.0064758555896572935 
952.2328551092527 4.845425214720562E-4 9.662948646394428E-4 0.3272102925253754 0.3292175937501167 0.6460794533288255 0.9844455568338311 0.13659383225768176 0.011869052799065976 0.01205637277514987 0.008267879775558871 
34484.730226254105 8.216162298801976E-4 0.0021243382339543706 0.1625651992802667 0.3274508275434797 0.9996382716693465 0.7696357815090074 0.7085737983365517 0.05498810948136706 0.2909950074444485 0.0043655369273614 
39854.11059235165 1.1085585055037805E-4 0.001341527958475273 0.1310276776415361 0.33637030850231897 0.9998284361679354 0.786458113676821 0.6891162434008666 0.1148694870916643 0.5168342825392216 0.014754788492688246 
34838.0559724886 7.505972547867712E-5 0.0021243382339543706 0.1624759766176673 0.3297826814349497 0.9996360294334637 0.27234396401308186 0.7119709956961712 0.05871380437560765 0.28870948179511197 0.004495686310264374 
14222.272459640577 7.218686789818763E-5 5.554348843023525E-4 0.3244704156998 0.32821075079020506 0.9994542479388306 0.28945855268415893 0.6827609436183941 0.011822029821236093 0.5578081598246223 0.004871564980855161 
14926.196659418014 1.8738031312044533E-5 0.0013529791505375055 0.32839921500566216 0.32848711682110543 0.9998084184662239 0.26802420249016534 0.3114165817330303 0.010106512212264239 0.25835284311088763 0.005917906795424808 
1304.7472707529066 7.348634014521136E-4 0.0010566410119718945 0.3224550400521556 0.3232497205394552 0.7672883889865636 0.8807926547101832 0.8749292175166973 0.013735581375880384 0.009079178216221423 0.002224595537495145 
952.2328551092527 5.067305529941059E-4 8.517310783642826E-4 0.3209481120606119 0.32938081044477163 0.6460794533288255 0.9879089046719056 0.07060559988120724 0.014910605558991064 0.23108288022096085 0.002944335122136514 
38625.12254509747 6.480655460234409E-5 7.383349941972843E-4 0.3225121843607634 0.32740063502720934 0.9997711111783554 0.4546715605511912 0.6062134858272727 0.014245821610806945 0.0035309203089123886 0.004365810479784786 
34484.730226254105 8.216162298801976E-4 0.0021243382339543706 0.1625651992802667 0.32742897914331726 0.9996384090603567 0.27287360353727436 0.6642209247566943 0.05478012673744786 0.2753280632824228 0.0043655369273614 
1105.0470446169418 7.249471797865437E-4 8.116739923143164E-4 0.32820099688905724 0.32921171871763955 0.5923588662759006 0.2502136565862447 0.33112839267642347 0.014666364358888817 0.012069845681401126 0.005599479343325697 
1298.5548792636494 2.3904407422715513E-5 0.001057320966113509 0.3225042715663794 0.32354767494155195 0.42569198993139856 0.9994151851445495 0.6450517223789467 0.013760391032448478 0.01200710944618078 0.005670243497684032 
1250.1759714378888 7.877067678647139E-4 0.0013344710397506106 0.3283652648314221 0.32854085438583247 0.9987324540582743 0.28016228543453586 0.7532221642759213 0.014178232557540861 0.25344645955100537 0.0011347558962811824 
967.6549657907435 7.30025003641819E-4 7.912199287949355E-4 0.3215187971236694 0.32223378148559656 0.30487254870837033 0.9576226610072169 0.6350199158892571 0.014622447624235722 0.028006071435606947 0.005776470371000443 
1863.6847988803656 2.2638021505427277E-4 9.811500921249722E-4 0.3212466235827659 0.32250376735568476 0.8092792210882396 0.27219351973691375 0.3290587407877929 0.001199221745902668 0.014104175698904861 0.004883307364416877 
4758.435737711904 2.1444959028218068E-4 0.001332146725264844 0.3216235457709783 0.3284155950801626 0.9998291310621804 0.2328615244619398 0.3424595026014379 0.011647179410006968 0.003861248959766018 0.003252926221307206 
38521.605575811234 1.571059729701935E-5 0.0034110454288485016 0.10028524147889845 0.32987708851691644 0.999768746636226 0.1860792937914452 0.7854130146513862 0.05361498249277258 0.3926200438767026 0.002292812430060246 
39842.75980250076 1.5943407974751102E-4 0.0015333861291409903 0.16266046712020668 0.32925693393070044 0.9998689542235909 0.19368356129469377 0.6635015417111709 0.05480229741352837 0.3545191385671164 0.014869231005519956 
27507.12358147256 4.395963751685784E-6 7.463948561998934E-4 0.3246357912993144 0.32788252675008867 0.9986548939083659 0.3411497085917176 0.7935036093684539 0.014187023680808764 0.153412453941201 0.005576784687300343 
38159.73959630452 7.753294126653461E-5 5.309123511459946E-4 0.32251262912013035 0.3372333368840982 0.9998295832719242 0.9355526734069617 0.5640793368713215 0.061291177381823866 0.25577569546012385 0.004334886552198343 
1421.4388314158614 3.777976617304669E-4 8.517839353158334E-4 0.3275109256591122 0.32783685861124245 0.9999700834782657 0.23804509010053793 0.29117220154308665 0.011900903634786079 0.03120698811760441 0.005627311064050879 
32577.81867218764 5.878854331538893E-4 7.585212637777629E-4 0.3214382582908464 0.3275102954651691 0.9983688049264775 0.25783572525851667 0.6215522717878633 0.013354623997216604 0.01181130961025656 0.004921382975057455 
3561.90686177493 4.594906197985174E-4 5.868438237535407E-4 0.327899989037021 0.3283188089487784 0.999443753353502 0.23639247389964668 0.6492477037996828 0.01383101926654283 0.010253932532783777 0.0037421855275264274 
1305.6229797422443 5.881352038233006E-4 7.391574195078391E-4 0.3225041665260171 0.322833699375141 0.5706035227698609 0.9007675422691472 0.6122810972039314 0.013739520481407 0.012069845681401126 0.005579093178415262 
