1 678.0
2 627.0
3 591.0
4 556.0
5 556.0
6 480.0
7 468.0
8 466.0
9 460.0
10 365.0
11 353.0
12 353.0
13 353.0
14 353.0
15 342.0
16 299.0
17 282.0
18 282.0
19 282.0
20 243.0
21 243.0
22 243.0
23 243.0
24 243.0
25 243.0
26 243.0
27 243.0
28 243.0
29 243.0
30 211.0
31 211.0
32 211.0
33 198.0
34 198.0
35 198.0
36 198.0
37 198.0
38 196.0
39 178.0
40 94.0
41 94.0
42 94.0
43 94.0
44 94.0
45 94.0
46 81.0
47 81.0
48 81.0
49 74.0
50 74.0
51 74.0
52 74.0
53 74.0
54 74.0
55 74.0
56 74.0
57 74.0
58 74.0
59 74.0
60 74.0
61 74.0
62 74.0
63 74.0
64 74.0
65 74.0
66 74.0
67 74.0
68 74.0
69 74.0
70 74.0
