1 934.0
2 934.0
3 758.0
4 758.0
5 704.0
6 668.0
7 635.0
8 635.0
9 627.0
10 618.0
11 463.0
12 463.0
13 463.0
14 463.0
15 463.0
16 463.0
17 463.0
18 463.0
19 463.0
20 461.0
21 461.0
22 461.0
23 347.0
24 347.0
25 347.0
26 347.0
27 298.0
28 298.0
29 298.0
30 287.0
31 287.0
32 287.0
33 287.0
34 285.0
35 283.0
36 264.0
37 264.0
38 264.0
39 264.0
40 264.0
41 262.0
42 262.0
43 223.0
44 223.0
45 202.0
46 162.0
47 162.0
48 162.0
49 160.0
50 160.0
51 160.0
52 44.0
53 36.0
54 36.0
55 36.0
56 36.0
57 36.0
58 36.0
59 36.0
60 36.0
61 36.0
62 36.0
63 21.0
64 21.0
65 20.0
66 20.0
67 20.0
68 20.0
69 20.0
70 20.0
