1 718.0
2 718.0
3 709.0
4 681.0
5 681.0
6 574.0
7 453.0
8 453.0
9 453.0
10 453.0
11 453.0
12 437.0
13 437.0
14 437.0
15 437.0
16 403.0
17 403.0
18 403.0
19 403.0
20 403.0
21 403.0
22 395.0
23 391.0
24 357.0
25 357.0
26 357.0
27 353.0
28 353.0
29 353.0
30 353.0
31 353.0
32 353.0
33 353.0
34 290.0
35 288.0
36 288.0
37 288.0
38 253.0
39 253.0
40 253.0
41 253.0
42 238.0
43 238.0
44 238.0
45 238.0
46 238.0
47 235.0
48 235.0
49 219.0
50 219.0
51 216.0
52 163.0
53 163.0
54 163.0
55 159.0
56 159.0
57 159.0
58 131.0
59 131.0
60 115.0
61 110.0
62 110.0
63 110.0
64 110.0
65 96.0
66 87.0
67 87.0
68 87.0
69 87.0
70 87.0
