1 990.0
2 683.0
3 683.0
4 683.0
5 683.0
6 683.0
7 565.0
8 565.0
9 565.0
10 565.0
11 565.0
12 565.0
13 553.0
14 496.0
15 496.0
16 496.0
17 485.0
18 485.0
19 485.0
20 454.0
21 454.0
22 454.0
23 421.0
24 421.0
25 313.0
26 313.0
27 313.0
28 307.0
29 307.0
30 307.0
31 307.0
32 307.0
33 307.0
34 307.0
35 307.0
36 307.0
37 307.0
38 156.0
39 156.0
40 156.0
41 156.0
42 155.0
43 155.0
44 155.0
45 155.0
46 155.0
47 155.0
48 155.0
49 155.0
50 118.0
51 118.0
52 118.0
53 118.0
54 118.0
55 118.0
56 103.0
57 103.0
58 103.0
59 75.0
60 75.0
61 75.0
62 75.0
63 75.0
64 75.0
65 75.0
66 43.0
67 43.0
68 43.0
69 43.0
70 43.0
