39603.24559761984 2.6338727307565315E-4 2.6892895523397827E-4 0.0019545918213286495 0.3126611795632481 0.9993603038818211 0.9998161460199652 0.5836376248344551 0.4701636083695755 0.02815074951455107 0.2550270876241275 0.02023146236538222 
39931.49332540959 2.260318735833911E-4 5.36307509965684E-4 0.32546802952178605 0.32607153268479994 0.016924796598551894 0.017171577843857422 0.47757795587393476 0.1381788731061044 0.004505587151449532 0.036615879473784065 0.008813794269004603 
39603.24559761984 2.6338727307565315E-4 2.6892895523397827E-4 0.0019545918213286495 0.3126611795632481 0.9993603038818211 0.9998161460199652 0.5836376248344551 0.4701636083695755 0.008671319121401816 0.2550270876241275 0.02023146236538222 
39342.09626723197 1.2771276057267964E-5 7.437005402755407E-4 0.3220998840366355 0.3397315399848596 0.5461477940931871 0.5663510662583091 0.735017372060252 0.15561098754938252 0.015565122619732466 0.1297108862388039 0.004605290865772244 
39492.72470552101 9.094487793508035E-5 5.175275414231693E-4 0.3237971086734112 0.34204208165832134 0.7148167615309293 0.7159960465751175 0.6303976328959431 0.1638590420477147 0.0033845340856182744 0.09989699100998428 0.0010121416114539702 
39866.58678382947 9.589071156436673E-5 0.0013240951816737075 0.32288797151510007 0.3382392894662742 0.3362328877177059 0.3366680192252883 0.866934682238194 0.014845922400501504 0.0042876227093445575 0.10059841198390546 0.0019982425174627236 
39918.11666736634 2.9605526174612297E-4 3.122371972568356E-4 0.3362381836217004 0.3391836855191106 0.44813201228833605 0.4502681186620606 0.3232443918436255 0.6325475659664141 0.0017652350257892687 0.01216232620195036 0.004281648579841202 
39612.70822277699 1.6026982335224055E-4 2.30817705734885E-4 0.3125109190934878 0.3358422236576758 0.36694820827678276 0.3688613620327261 0.6136985746652344 0.5163621294726315 0.0010613138488474434 0.0954291324582748 0.002095775321609278 
39742.56808614146 2.143504621463973E-4 3.1587462175912103E-4 0.3199783453708852 0.3377008587691928 0.07761968882594787 0.09798939329994905 0.47757795587393476 0.6369981583108163 0.006067574825182704 0.002696258629426889 0.002839398026006302 
39843.282550464035 3.259613105705222E-4 3.624212629847046E-4 0.3239482251421466 0.33603030839788167 0.20388952987586595 0.20405577446540749 0.6625499870405283 0.4905046800288013 0.003176548414761969 0.06923172094289319 0.0020738519924174735 
39994.62763072557 7.134617864554461E-5 2.881125025085143E-4 0.33920318970596464 0.33976591893716135 0.9815260049587278 0.9870929690361234 0.7380822020656282 0.4669580572979085 0.003515779066589648 0.5729712993896602 0.0018434933990483513 
39937.96757599513 1.422260256378857E-4 0.0011748452932789015 0.3197764194104051 0.3248457783022668 0.7958249470073105 0.808037148386941 0.32349625281815325 0.08399385220424915 0.0020671227005476258 0.0017442014820479163 0.004356347450656877 
39870.40217337019 4.1050368294034005E-5 2.148390898634153E-4 0.3081871007614676 0.3378418896400336 0.8910783146487808 0.9015962592424547 0.6674371495877751 0.013736878017864648 0.010772983983214149 0.19294245569714719 0.0020470695868304288 
39615.27106712571 2.2233233179163572E-4 3.2385628770205453E-4 0.325078519962274 0.3378771057963259 0.25428990917022565 0.2571570285538609 0.6654925168059151 0.27158333549098285 0.002266990067130023 0.06877771559398073 0.0017706224071628578 
39809.49480008459 9.595500635064296E-5 1.7130434904439183E-4 0.3229279657143506 0.3279093109950085 0.8770751543168205 0.8780566921084278 0.18445304407948687 0.10982061917315403 0.004299683449220733 0.214609376451943 0.0010404157755159607 
39717.97760939613 3.431234032780922E-6 6.351596350048408E-4 0.31527453336177075 0.3269756524461051 0.5361241519627477 0.5502803642787892 0.6310588439563826 0.46748297841428754 0.0011008957328770821 0.43323309143705346 0.0015081728120450533 
39492.72470552101 9.094487793508035E-5 5.175275414231693E-4 0.3237971086734112 0.34204208165832134 0.7148167615309293 0.7159960465751175 0.6303976328959431 0.1638590420477147 0.0033845340856182744 0.09989699100998428 0.0010121416114539702 
39875.837149686755 1.422260256378857E-4 7.054278344253064E-4 0.32119144210301076 0.3278818107162571 0.7712728621115613 0.774566311291971 0.6612178213085171 0.0801482933618285 0.0010025529785612853 0.17705129017478866 0.004431846900974996 
39710.451113568466 2.0773024934952668E-5 2.683912273899855E-4 0.3228240750073204 0.3381117829413078 0.07892772666886488 0.08278268204670236 0.47740202901411327 0.4698322370195498 0.006041867669889534 0.10182812555635076 0.010146001084344448 
39890.27697177189 6.445484969093952E-5 3.6541832889564613E-4 0.3303241720680881 0.3394586929560552 0.05421552771262872 0.057528159590716 0.6860315311984224 0.48612325065096773 0.0034497067011229274 0.15269420847237117 0.011066291359477114 
39615.27106712571 2.2233233179163572E-4 3.2385628770205453E-4 0.325078519962274 0.3378771057963259 0.25428990917022565 0.2571570285538609 0.6654925168059151 0.27158333549098285 0.002266990067130023 0.06877771559398073 0.0017706224071628578 
39710.85709428501 5.963174167162755E-6 6.561051802066077E-4 0.32308266313685663 0.3271322872423814 0.5241859501313859 0.5251502938082018 0.51688712008489 0.009503598024313664 0.00553538154250371 0.43367252304005405 3.17085701856748E-4 
39347.99619090073 1.2771276057267964E-5 2.1791636766800164E-4 0.3124897051353045 0.3397636662505114 0.48132567411059757 0.4848495890082869 0.7393574214515571 0.1575499408981513 0.015489447208768985 0.08827921465493589 0.0018396099640940492 
39944.58531339205 1.7646818617025363E-4 3.238814667573229E-4 0.32285803364658866 0.3377008587691928 0.07324382265432054 0.08931454056302353 0.5489628799553468 0.5423886053514314 0.0032883209077849483 0.15604256338855654 0.0029953124166607666 
39858.34088207521 3.9497756144613474E-5 3.196138299154279E-4 0.31539134234472777 0.33551792346318665 0.8975400191716468 0.9015803921488038 0.459041444915285 0.003270611151020991 0.010311189715742245 0.1256549707218368 8.03495912727159E-4 
39996.27617604541 5.0444623048162074E-5 2.6892895523397827E-4 0.019802455886963444 0.3126611795632481 0.9994628791552843 0.999825046475207 0.5329419193824885 0.531490962650824 0.003482565280007467 0.2550270876241275 0.021378898820340275 
39620.61586583971 2.2672210824021538E-4 4.981664364233431E-4 0.3238182739171397 0.33766614834307135 0.7546366932252095 0.7558133517544998 0.5493369414655785 0.15391419772842604 0.0033845340856182744 0.08256677622526967 0.0010121416114539702 
39574.555174093104 7.0945946014876115E-6 7.369461921531099E-5 0.3335622410377506 0.3395338221262189 0.22328295789982702 0.22468684138893613 0.6632306101175403 0.11141683769207855 0.005127260883833816 0.07292199966704013 0.0064349402975962715 
39998.60414699337 1.5372063330281512E-4 2.0744687910764222E-4 0.2556702366100139 0.3282733481997783 0.9992857659375789 0.9995387346536563 0.4593990239985127 0.10301628418989286 0.00218555151525031 0.23701500349037136 0.0023365281964118512 
39991.42288664284 2.1482427736432851E-4 3.034965611235131E-4 0.1267787621392345 0.3208609416489541 0.9992743189839037 0.9998199982949769 0.5875284021945933 0.1683744533061787 4.652002788828077E-4 0.20643435397097312 0.019516213602316836 
39901.31420062743 1.0105665516108692E-4 5.73912298095683E-4 0.32317589414390946 0.32323039518095753 0.35329528382994146 0.35464974773584557 0.4551646053294825 0.6932830745840497 8.4833908623213E-5 0.04860773326109943 0.0010866329925296753 
39710.99181873811 5.963174167162755E-6 6.510033421211448E-4 0.3229685148317298 0.3271322872423814 0.48185922341560117 0.4823826447676082 0.43944569283176227 0.15996616295390859 0.00553538154250371 0.4332875234969183 0.001555853313771754 
39675.85171823759 4.0442472742912704E-5 1.0105665516108692E-4 0.32317589414390946 0.32323039518095753 0.35329528382994146 0.35464974773584557 0.4551646053294825 0.6839618742212492 0.004994236401834502 0.04745637270391431 0.02026837020675241 
39032.721785065034 3.150417061491906E-4 6.449444040569929E-4 0.33510325893537984 0.34328822364004036 0.015791265692098433 0.027919154763599602 0.47620851488345267 0.08137587285489323 1.91026708511826E-4 0.10920132231910476 0.0014787105211256264 
39910.22439633882 3.259613105705222E-4 3.485691210640927E-4 0.31554840106012777 0.3359700236862209 0.8939666864970598 0.8947084282482674 0.45714417609114233 0.0935243390744811 0.003944836813521116 0.16529972010652186 7.694247972521956E-4 
39984.37446988635 2.6753836130961287E-4 2.9575556483622627E-4 0.31981495390137515 0.33910721245788006 0.5235678737985925 0.5340936129856839 0.3053901428874317 0.6355263045711413 0.0019500344481874164 0.008565841305034927 0.004336002112794555 
39615.27106712571 1.00433545715811E-4 3.254400712728322E-4 0.32598274051143317 0.33929786855387045 0.25428990917022565 0.255017651333494 0.6654925168059151 0.4421648117733558 0.002266990067130023 0.06877771559398073 0.0017667410721190612 
39235.57649139774 4.964655005673916E-5 3.2177871634935017E-4 0.047647975742819204 0.3123926783682971 0.9982611272463966 0.9999455519163312 0.42430801242842126 0.13865851071513924 0.006061549183751364 0.20564542162482172 0.020055475397010025 
39984.096545624474 2.9575556483622627E-4 7.34988324127903E-4 0.31973152133483074 0.3392526994886526 0.4502681186620606 0.4552722014477533 0.673259343192821 0.5857347822279817 0.0035961557815776097 0.003115491926152369 0.004336002112794555 
39998.28787315483 9.287825808174605E-5 3.240473385341688E-4 0.1267787621392345 0.3208609416489541 0.9992860547441059 0.9995296605677705 0.5298219458495246 0.21971530522742166 0.0020477506538517237 0.20580261169513792 0.0010942009369484117 
39995.83682782205 3.4597108928220645E-5 4.278342799180026E-5 0.32660101744834125 0.3303241720680881 0.0499766677886756 0.05421552771262872 0.5571650717967374 0.4746336997708804 0.0036392329801016275 0.2400594424338915 0.008376403686416883 
39925.632342401084 1.7555906152966303E-4 3.240111954137904E-4 0.3365404817025541 0.34281154481246967 0.7405864244070517 0.74159303877395 0.5295643890305397 0.16856342193621887 0.0022292198699965355 0.0035971454011460846 0.0018466444512793105 
39991.355608050646 2.7868296762861524E-4 3.4968917669513506E-4 0.21400425006811646 0.32638756315834594 0.9981595832822221 0.9998901050692165 0.26365949121887056 0.35044583890709446 0.010300874273171081 0.20813210475572264 0.002605923007161868 
39925.632342401084 1.7436332745351675E-4 3.231910729960275E-4 0.3358088858395572 0.34281154481246967 0.7405864244070517 0.7461433816815883 0.527154589572325 0.487169784370466 0.005305372440331663 0.040701745751064625 0.0018466640960489054 
39936.786008765754 2.3173116862292077E-4 2.8801620785616873E-4 0.18681795301055693 0.3234841092751944 0.9993176338232296 0.9998237531750033 0.46948233115238536 0.03552665284899481 4.6712367880275766E-4 0.21123723949383363 0.001847335649242382 
39608.78748314398 1.6925001218478966E-4 0.0013324268617758176 0.31199416349109543 0.3378655130721205 0.07892772666886488 0.08443048228647106 0.47955145897083734 0.42558823205974283 0.006218949083263932 0.08944145872497829 0.010322914874232904 
39884.55239528945 6.294980509243027E-5 3.6381605744504236E-4 0.31539437229617784 0.33945275098208466 0.23024823755138232 0.23153447901951973 0.634498446540884 0.5990980348169627 0.003527154581546125 0.1506408164297506 0.0014437940847059649 
39999.53846378806 5.619674852748777E-5 2.2986713520665487E-4 0.14190480268646727 0.3208609416489541 0.9995208948515666 0.9995325756246108 0.6531982309046932 0.1737954482596179 0.002161935724157685 0.2070410560988728 0.0020357528318368664 
39840.719813225995 4.1050368294034005E-5 2.139717048725262E-4 0.30826735391303933 0.335511890436613 0.9994489245926047 0.9995279608197211 0.7776854477886774 0.5804854721224506 0.010772983983214149 0.19798983686394245 0.0020618725452888455 
39888.82584935994 4.1050368294034005E-5 2.139717048725262E-4 0.3081871007614676 0.335511890436613 0.8910783146487808 0.9015962592424547 0.08910770032346146 0.003164827468609757 0.010772983983214149 0.19021135901187633 0.0020618725452888455 
39742.22158679295 2.6565968193464375E-4 3.1587462175912103E-4 0.32285803364658866 0.3377008587691928 0.07761968882594787 0.09798939329994905 0.4417660720735993 0.4759549206504414 0.006218949083263932 0.027457005529945025 0.002839398026006302 
39933.192403812915 3.9618795435555055E-5 4.7850300149608556E-4 0.21551619054656931 0.326398782267571 0.997348023843109 0.9981218510974129 0.26189684392270746 0.11050248406911682 0.010794873257159842 0.12564809760923557 8.03495912727159E-4 
39984.37446988635 1.956942280510308E-4 6.912149159653328E-4 0.31981495390137515 0.33923510603900037 0.5307080629580088 0.5340936129856839 0.3184602362340885 0.6355263045711413 0.001995614967710996 0.002441270512445484 0.004336002112794555 
39913.13027091613 2.9605526174612297E-4 3.122371972568356E-4 0.3362381836217004 0.3391836855191106 0.44813201228833605 0.45214284798646015 0.3232443918436255 0.6325475659664141 0.001761761333893696 0.002327151819892118 0.004281648579841202 
39741.653599426136 3.2553775258403815E-4 6.474417118029313E-4 0.31749013682848437 0.3212620110867454 0.34007388746654343 0.34085110688089504 0.24076425142216645 0.13553361818665066 0.0027055440670005607 0.2630446854301324 0.002306178413583944 
39658.90156040156 3.184438878987763E-5 6.127581648418935E-4 0.33504240647065064 0.33807243218856414 0.01929596858253632 0.02533912595439128 0.2095318759278437 0.08577791813061753 0.005349956971504987 0.10805000993378025 0.02090495835548194 
39983.18226676183 2.4565483712827804E-4 3.203750176387895E-4 0.034260002633967404 0.31254009836045854 0.9983349033192251 0.9998865022417058 0.6572069782949951 0.19552706820374813 9.626615128435732E-4 0.223376246411573 0.02091735352151195 
39613.68506873055 1.51420371545425E-4 3.217877926434673E-4 0.10197126631589717 0.3129045730085223 0.9971445696336274 0.9998620407944124 0.557779842255386 0.41343484786503637 0.005351496770333753 0.206304404727849 0.004513530654214588 
39874.74816334192 1.7725338982026498E-4 3.1170521158456065E-4 0.32128741680841083 0.3352420754124336 0.7892225736412224 0.7960654899859236 0.2522306098569208 0.16088374648969014 0.002091974545820075 0.08948912683542633 0.0010088074664256904 
39791.31227300625 3.80524434521325E-5 2.863220529853197E-4 0.09575709109163293 0.3241473248478549 0.9995758944288309 0.9997250893163766 0.5937061650106027 0.15886142081881524 0.18684330968392895 0.18195086042937927 0.011421433998294934 
39936.786008765754 1.3554324009605907E-4 2.3132282721786442E-4 0.17649777918914056 0.32329978673217646 0.9992766212729903 0.9998237531750033 0.4653278821753477 0.3621657268361979 4.6712367880275766E-4 0.21123723949383363 0.002269882649393568 
39875.837149686755 1.422260256378857E-4 7.054278344253064E-4 0.32119144210301076 0.3278818107162571 0.7944752201712268 0.8035498634677608 0.3966828444806897 0.0706484026253703 0.0010025529785612853 0.17705129017478866 0.004458423712082114 
39888.46510540049 3.80524434521325E-5 3.288035965921421E-4 0.09600871688932573 0.32425023361489086 0.9997332496915955 0.9998698139716828 0.2955779196263505 0.15886142081881524 0.031883299426949674 0.23117795346168662 0.011351544144270647 
39785.7371088377 2.6971098076355836E-4 7.02415262734417E-4 0.3145087811927749 0.3269965970381066 0.48132567411059757 0.4848495890082869 0.5392410232525904 0.15528184682787213 0.009632354478696661 0.08795632353599508 0.004153010260497862 
39717.97760939613 3.431234032780922E-6 1.2151771239853727E-4 0.3163513711896805 0.32496834034669686 0.5275871886082601 0.5389211438131998 0.2552858377563919 0.46748297841428754 0.0012654009022288895 0.09096860987622388 0.007803891925281565 
39894.43280883021 2.1182343325018983E-5 2.877284178168017E-5 0.28571938399871677 0.32511661351822657 0.9983584364061167 0.999992918722025 0.5936525952028053 0.5133823511554444 0.003499888880835052 0.03625187602984822 8.774088072338471E-4 
39235.57649139774 4.964655005673916E-5 3.2177871634935017E-4 0.047647975742819204 0.3123926783682971 0.9998146587672126 0.9999727668670962 0.42430801242842126 0.13865851071513924 0.010593888878084455 0.20564542162482172 0.00476920941796963 
39925.632342401084 1.7807291554261252E-4 3.231910729960275E-4 0.3358088858395572 0.34386274207424866 0.7405864244070517 0.7418555122512043 0.527154589572325 0.16856342193621887 0.005305372440331663 0.040701745751064625 0.0018466640960489054 
39937.96757599513 6.337681942834394E-5 0.001133097827996656 0.3211850198755407 0.3248457783022668 0.7940146581445322 0.7944752201712268 0.6564218819941646 0.09892330254750135 0.0012522213741776329 0.17342637587216234 0.00106472912675266 
39710.99181873811 8.92081640852774E-6 6.510033421211448E-4 0.3197259506316492 0.3271322872423814 0.48185922341560117 0.4823826447676082 0.43944569283176227 0.15996616295390859 0.0022199903991419086 0.4545062294585591 0.004372892695609039 
39785.34505342198 1.2496825993474207E-4 2.3627784750246622E-4 0.32430623665088876 0.32544893871448327 0.45361341990005705 0.4544588337434159 0.4520302627294904 0.06276326082248379 0.001920038975128291 0.11740446358137208 0.02138561801627068 
39742.631073109325 1.022114199312044E-4 2.355101792794197E-4 0.3174426080864304 0.3279093109950085 0.8781087454195078 0.8790024274270016 0.17580064952186025 0.10269100493716665 0.0029519938317767187 0.17581377935728293 0.0010404157755159607 
39890.37638810223 6.139184355317445E-5 3.6476178700932773E-4 0.31589020517346433 0.33945275098208466 0.23024823755138232 0.23153447901951973 0.6299024876215147 0.57567352765787 0.0019464424615184346 0.1376721229176264 7.054056194372182E-4 
39632.09700336832 4.418309656203587E-5 3.1593267395962324E-4 0.31554999329810857 0.33355239543880455 0.9001883324681808 0.9002941264920795 0.42862389929931705 0.008272551357305966 0.0016209870216880792 0.12836093649983388 8.13769677978484E-4 
39717.97760939613 3.431234032780922E-6 1.2151771239853727E-4 0.3163513711896805 0.32496834034669686 0.5275871886082601 0.5389211438131998 0.2552858377563919 0.46748297841428754 0.0012654009022288895 0.09096860987622388 0.007803891925281565 
39601.88346211214 2.8387822607811445E-4 3.342915336800005E-4 0.3215782686323106 0.3379455930994978 0.9993281999109707 0.9994773369559607 0.5467844086879704 0.09418775736110305 0.0010813246642968624 0.011406053213354224 0.0018363684885983386 
39889.78698613457 2.8309800571329833E-5 0.0011300531391690571 0.27769727507811515 0.3304806586253756 0.9998697793125921 0.999956173699307 0.6630281561046224 0.4676705215088459 0.010758012886589273 0.02091256468535091 0.007681285095597953 
39874.74816334192 9.065007613389225E-5 8.534670885480753E-4 0.3209058950440731 0.3345670043397705 0.7892225736412224 0.7946283961824837 0.2347894204346501 0.16053255101504016 0.002091974545820075 0.08948912683542633 0.0010088074664256904 
39910.22439633882 3.259613105705222E-4 3.4993116994531275E-4 0.3238240938295508 0.3359700236862209 0.20303246077767245 0.20710242002500012 0.5614503684830433 0.0935243390744811 0.003944836813521116 0.16298826878602168 0.0020754502946244103 
39884.37827379492 5.594831807919224E-4 6.127581648418935E-4 0.33504240647065064 0.33807243218856414 0.01929596858253632 0.02533912595439128 0.2095318759278437 0.09393357102860034 2.0982936339497267E-4 0.10920132231910476 0.0014787105211256264 
39829.9617040751 1.6026982335224055E-4 2.2187168122199597E-4 0.3125109190934878 0.3210123386833268 0.36694820827678276 0.3688613620327261 0.6090154285716264 0.496759906791435 4.7801725356936544E-4 0.10446365165473906 0.0021041110862699357 
39603.24559761984 2.6338727307565315E-4 2.6892895523397827E-4 0.006523941672973987 0.3126611795632481 0.9994628791552843 0.999825046475207 0.48800382896280836 0.4701636083695755 0.02815074951455107 0.2550270876241275 0.02023146236538222 
39933.192403812915 3.706441770057387E-5 4.7850300149608556E-4 0.20997934905860233 0.326398782267571 0.9981218510974129 0.999538029099577 0.26189684392270746 0.11050248406911682 0.010794873257159842 0.12564809760923557 8.03495912727159E-4 
39760.0080623632 2.8902171562887234E-5 2.716825481645055E-4 0.10690677833304756 0.32491391071614595 0.9983555282257752 0.999306654262112 0.6214020368502101 0.15214697373825053 0.03934240722897131 0.22263746852993438 0.011692680765113383 
39713.27258272605 2.5108400254959307E-5 2.796869379339975E-4 0.31643460415257674 0.339036149116562 0.07892772666886488 0.08278268204670236 0.47740202901411327 0.4698322370195498 0.006131073373753891 0.1219068434817791 0.010146001084344448 
39991.42288664284 2.1482427736432851E-4 3.017490184856407E-4 0.174663318042369 0.32307704587616976 0.9994799771050431 0.9996952924926585 0.5989328702208125 0.357727757999812 0.0016390825596786186 0.2065264131202093 0.02005834682526174 
39202.710837434846 2.1334149143038359E-4 3.3502376918815387E-4 0.2556702366100139 0.3275716837662541 0.9993598878637414 0.999492359283176 0.4534001630606464 0.09591486818068345 0.00400473865538678 0.04017484513546213 0.0026878192202267137 
39888.24115363362 2.6739123693831344E-4 4.474479065280203E-4 0.047647975742819204 0.3123926783682971 0.9978675276694324 0.998378528468089 0.7242775549855553 0.47065537416422343 0.010283023928116149 0.20564542162482172 0.0048359664163084674 
39998.28787315483 7.134617864554461E-5 2.881125025085143E-4 0.33920318970596464 0.3426340440636385 0.9815260049587278 0.9870929690361234 0.5298219458495246 0.4669580572979085 0.0056810485770184445 0.2070410560988728 0.0018440109576229845 
39819.13732023328 2.8387822607811445E-4 3.2534550905823106E-4 0.3215782686323106 0.3231157081251488 0.9993281999109707 0.9994773369559607 0.5421012625943645 0.07420241951999779 4.980274589883107E-4 0.011406053213354224 0.001844704253258995 
39884.37827379492 5.594831807919224E-4 6.127581648418935E-4 0.33504240647065064 0.33807243218856414 0.01929596858253632 0.02533912595439128 0.2095318759278437 0.07389512819371125 4.482700746888109E-5 0.10920132231910476 1.0493260920834205E-4 
39711.32994749059 3.1069977517542494E-5 3.203750176387895E-4 0.03588115569609633 0.31254009836045854 0.9983349033192251 0.9998865022417058 0.6572069782949951 0.19552706820374813 9.626615128435732E-4 0.223376246411573 0.02091735352151195 
39710.99181873811 5.963174167162755E-6 6.561051802066077E-4 0.32308266313685663 0.3271322872423814 0.5255089447701824 0.5275954512936872 0.5168806910008887 0.009503598024313664 0.00553538154250371 0.4332875234969183 0.001555853313771754 
39986.02173424259 2.9531576149325375E-4 6.912149159653328E-4 0.31981495390137515 0.3376609581810438 0.5304047499783255 0.5320687252340544 0.3184602362340885 0.6355263045711413 0.001995614967710996 0.002441270512445484 0.004309539887717384 
39874.74816334192 2.1316804938910675E-5 8.438927297109305E-4 0.3209058950440731 0.3345670043397705 0.7944752201712268 0.8046138947260959 0.25116909456347714 0.16053255101504016 0.002091974545820075 0.2318618228690087 5.3115483937620726E-5 
39802.16563205626 1.265203971113505E-4 3.259613105705222E-4 0.3238240938295508 0.33510890247502656 0.20303246077767245 0.20710242002500012 0.570740970694451 0.155231998960167 9.391518857700277E-4 0.1386754936443978 0.0020754502946244103 
39849.39898200409 6.446948060614778E-5 6.693737565739962E-4 0.32124437266203026 0.3248457783022668 0.7940146581445322 0.7944752201712268 0.6564218819941646 0.09892330254750135 0.005508184079297375 0.08121114947495493 0.001496258000517484 
39839.16278549291 2.2563285877614942E-4 3.2539570378759154E-4 0.2530419704975613 0.3231157081251488 0.9993281999109707 0.9994802520128011 0.6654775476573217 0.17413104487066597 0.0016469057724223315 0.011406053213354224 0.002036446127472877 
39616.050263518606 2.246313153377613E-4 3.259613105705222E-4 0.3239500386898839 0.33772480893898216 0.20388952987586595 0.20405577446540749 0.6625499870405283 0.4905046800288013 0.003176548414761969 0.06990212086139674 0.0020738519924174735 
39847.84865249083 3.645120554702598E-4 4.981664364233431E-4 0.32381646036940237 0.33597164780197086 0.7546366932252095 0.7558133517544998 0.5493369414655785 0.15391419772842604 0.0033845340856182744 0.08189637630676487 0.0010121416114539702 
39819.90497278593 4.219121836865529E-5 6.817411961473809E-5 0.33929396541401363 0.34804964504841973 0.3742543627181136 0.3776513876533554 0.46703601647758874 0.37823597135029596 0.015737045696754916 0.04933278963691729 7.232551064601262E-4 
39819.90497278593 4.219121836865529E-5 6.817411961473809E-5 0.33929396541401363 0.34804964504841973 0.3742543627181136 0.3776513876533554 0.46703601647758874 0.37823597135029596 0.015737045696754916 0.04933278963691729 7.232551064601262E-4 
39738.8229237817 6.736145920318449E-5 7.656404435832647E-5 2.7369486737081027E-4 0.35385472350138336 0.9998239155519535 0.9999744385881623 0.44859209333955335 0.5126760041094011 0.010399017010109951 0.833784247606099 0.3342082476922469 
39438.88103955486 1.1111482045861505E-4 6.780970134047195E-4 0.33542170421527795 0.3486208957661811 0.597106758134888 0.6459075681290813 0.06500141738789325 0.7532362762400173 0.02415219635410633 0.06735446840136895 6.84332463727987E-5 
39870.314268764276 3.4274666426675597E-4 0.0010925454181157012 0.33256958955441096 0.3343423762550336 0.8816787750983922 0.8818983125294008 0.4067867188189895 0.6759306009639178 0.00877926392476959 0.067164858412921 9.84961580411546E-5 
37853.20064605936 1.1034172610372317E-4 1.306519697307031E-4 0.003255076991618802 0.3548124843447437 0.999797931939884 0.9998354185477266 0.1076811298666171 0.737537184312204 0.02478946702959718 0.7392604397998063 0.27246204912079736 
39733.07776172337 1.0744571046988327E-4 1.4956202783425265E-4 0.0019778420281507604 0.3539773800745213 0.9992111600477315 0.9998074609162274 0.4330122308770946 0.5182512491738052 0.023143936334964543 0.5974132884509987 0.043338663367176455 
39456.097559857124 1.1987536899473234E-4 6.221870968798426E-4 0.32209639239104204 0.3470625938080707 0.42653331947820783 0.4297807753809193 0.11955695938715913 0.6892371137082505 0.03025932211292248 0.0018038849565664983 0.0029604261640410836 
39552.29105221336 1.577317362686568E-4 7.915719488793011E-4 0.33242689914952456 0.33535788201806366 0.9019688812482201 0.912528672498031 0.14822621104673003 0.7633744975093535 0.002163580749294099 0.5885417229386811 2.2690117679369752E-4 
39604.481729754596 5.706847054066645E-5 6.414768406478113E-4 0.3320771403902237 0.33274473296634516 0.5133296832209868 0.5139586538320962 0.476593058754033 0.562956226297117 0.002403389559515731 0.09482054642677674 1.491769776376516E-4 
39693.32079775617 1.0018243083555469E-4 0.004626230499207995 0.3467333752936167 0.3475625908666714 0.9941200126604904 0.994284586359828 0.07761545089533406 0.6692860460044403 5.70018326010991E-4 0.3618595978912909 0.0015994556217761963 
39446.396827624994 1.2847698947758557E-4 6.780970134047195E-4 0.33542170421527795 0.3504542929051412 0.6364588506474762 0.638224974956779 0.493638927614901 0.5731808815028981 0.024108146825485635 0.06735446840136895 0.0032706561391586727 
39633.64450984238 1.0888608796561855E-4 3.582388311226362E-4 0.0022024692929037606 0.3144167228065735 0.9991186185709668 0.9999436144894976 0.4646704366335742 0.6009488248972595 0.024876260280344845 0.2553762744386393 0.05673012129153359 
39933.74716581537 1.1034172610372317E-4 1.306519697307031E-4 0.003255076991618802 0.3548124843447437 0.999797931939884 0.9998354185477266 0.1076811298666171 0.737537184312204 0.02478946702959718 0.7392604397998063 0.32095451237550504 
38891.28134624915 1.590340789143927E-4 3.6045076212588725E-4 0.3298558075743474 0.34925921360431705 0.5985205455266054 0.6012762085259981 0.06182087302958941 0.6394269274200147 0.023245787712455893 0.16821496320609802 2.2089179688689666E-4 
39800.41166508256 1.274692377524152E-4 5.960052072864551E-4 0.315526421304503 0.34539963631062087 0.6120179782963682 0.639185609132445 0.14502134515366155 0.30750427138491765 0.030278458124604272 0.05916911063544031 0.0016529116825844644 
39819.90497278593 4.219121836865529E-5 6.75786197415428E-4 0.33929396541401363 0.347458731262093 0.42431881365121693 0.42569873600797575 0.1244566311731263 0.36778286919558045 0.015439077239404603 0.04933278963691729 0.0015690311185148896 
39825.05513874507 4.6674709392398035E-5 7.047480759832833E-5 0.05182116422285516 0.3538307715893605 0.99982889331334 0.9999629930521032 0.1678390414418779 0.5081945024614913 0.029727882732851457 0.5987756269863496 0.013620036917683348 
39847.57946741441 1.1429519087110091E-4 0.001542587398148993 0.32963296492604 0.34093923107099977 0.5304743484518498 0.5382525525217945 0.07762314000595415 0.8714574222278088 0.010874087965298153 0.07749021967585844 9.147921364680851E-4 
39202.35207876274 2.9091440541739966E-5 9.007138802593791E-4 0.34710397868047405 0.3493130572758331 0.5708535951981271 0.5730831357333327 0.3206636219350287 0.6031745872626455 0.02351322801486427 0.18953767031490332 2.2966401475866074E-4 
39548.305902376385 1.5712010303876544E-4 5.93541072672328E-4 0.33222506432637994 0.3399847523663192 0.6002757360070098 0.6012466112318302 0.14329110695030428 0.6784231447118615 6.035504771361088E-4 0.3850371453581396 0.001531007129231207 
39864.58744565681 2.944100675697181E-5 9.007138802593791E-4 0.32461367871000263 0.34710397868047405 0.5706838729346375 0.5730831357333327 0.31335797808435656 0.6201208142403032 0.02351322801486427 0.18953767031490332 7.651627634670504E-4 
39859.725986732235 7.047480759832833E-5 7.636494425947935E-5 0.020022087496678782 0.3538307715893605 0.99982889331334 0.9999629930521032 0.10667218050449721 0.5125330230858365 0.029727882732851457 0.6110852949984825 0.013620036917683348 
39860.206725770135 8.076111427956936E-5 1.1111949704101211E-4 0.003256288824818844 0.3548124843447437 0.999797931939884 0.9998304877283483 0.1076811298666171 0.4862863355638981 0.031132945473893312 0.7392604397998063 0.29368908910894215 
39862.92057022906 3.845740295710094E-5 3.0710213075771527E-4 0.06608199262002445 0.31358023862194406 0.9986126846701329 0.9999592569050202 0.12840072511923378 0.6358645156703533 0.018361187372629203 0.2453714955003269 0.002673127731943215 
39930.708132988184 3.442136717101324E-5 2.3186935673289203E-4 0.3292981274463007 0.34084577896988594 0.8844623257946544 0.8851697407618082 0.13836026036214932 0.6288785197681102 0.020228889222045993 0.08433087288669588 0.002923085146296995 
39843.47948263404 3.552184194217333E-4 5.136647676769407E-4 0.3293252088089435 0.34093923107099977 0.5195781100497279 0.5207179163233602 0.15152041850902395 0.5260345072055734 0.00921369872015777 0.07749021967585844 8.961050045045733E-4 
39917.289111802194 4.66215233233767E-5 6.777552129002184E-5 0.02530539184522676 0.31435528798554696 0.9986269217104815 0.9997960891363094 0.43575042449986867 0.4917031493524288 0.030549693011816505 0.24430376259347622 0.0015440244303328203 
39859.725986732235 7.047480759832833E-5 7.689499224844827E-5 0.04797344199654223 0.3538307715893605 0.99982889331334 0.9999629930521032 0.1678390414418779 0.5125330230858365 0.029727882732851457 0.5987756269863496 0.013620036917683348 
39987.0442468054 1.7680102213864146E-4 5.690894087554626E-4 0.3337225600849356 0.3347187484897204 0.9002647050328031 0.9005176002393529 0.4671807492040604 0.7664188552333877 0.02808406364964003 0.08982115023627044 1.3843610496065283E-4 
39908.64601727424 3.703681542833682E-5 3.1263289346705747E-4 0.12741969825329513 0.3059701939317651 0.9990501123582348 0.9990802652264734 0.18237896861041025 0.5375963347947061 0.015822976092315477 0.12996689864578237 0.0017305227284266176 
39667.10549587138 1.8033195747794658E-4 8.284597804360555E-4 0.3282708467933357 0.34634169571143897 0.8903064436626753 0.9011252520008651 0.3732646335642744 0.6715040711481922 0.014693466322162218 0.07081924776762984 1.6257350507853981E-4 
39604.01851826884 1.387622271535891E-4 3.8994000404421757E-4 0.0012210618867029444 0.3144167228065735 0.9992169818078959 0.999806604612852 0.46268364967168185 0.4498104333762718 0.07819589953855709 0.25937413714052404 0.0016612170852460702 
39316.00890314771 1.5846898564171689E-4 7.228482203563485E-4 0.335625526121987 0.33819224830249256 0.5293592671615147 0.5319598004128709 0.1419726191128652 0.3217927352288382 0.0019950823436206324 0.30070942480210794 8.007569267225027E-5 
39693.32079775617 1.0018243083555469E-4 0.004626230499207995 0.3467333752936167 0.3475625908666714 0.9941200126604904 0.994284586359828 0.07761545089533406 0.6692860460044403 5.70018326010991E-4 0.3618595978912909 0.0015994556217761963 
39514.621079400065 1.2067265129734432E-4 6.206697248132868E-4 0.32531647553077425 0.33542170421527795 0.6010693420701779 0.6438732193864349 0.14554136266089412 0.4383026101427153 5.540770549338474E-4 0.06797833041337159 4.2767961069453227E-5 
39881.231288736424 1.1007167165122499E-4 0.0010581778892405137 0.2830611865659538 0.3416155159029179 0.9985227094360111 0.99992503186211 0.4471064989967272 0.5901996288218019 0.02367464964647509 0.12366662645973936 0.019518699559676 
39976.51707809699 6.84175156974834E-5 1.8457314471226251E-4 0.3466821999771746 0.3499124446936821 0.9986235766379763 0.9995033334086968 0.4214720262781192 0.6001247204464585 0.02203032413039022 0.3565623078290208 0.0025986568609420117 
39878.40660779482 2.641253840317251E-4 6.754541357745343E-4 0.3380977748770009 0.33920410164397646 0.5338334057600393 0.5349425668163073 0.2530976882371023 0.38152492820117573 0.03141726470588148 0.22848664714680267 0.002418857387811682 
39903.02310600089 5.928916075516834E-5 8.319909036281656E-4 0.14827805615238882 0.31303195583765614 0.9995173643100511 0.9999677616291948 0.18171854073749868 0.5187212438615123 0.023955377476052992 0.10160906888468124 0.0018426177721277655 
39492.77629396262 2.9119110582494147E-5 1.3577589107225297E-4 0.3148543968285772 0.3358225396365109 0.8994291009019483 0.9002647050328031 0.18152538963799417 0.7135513005291207 0.003828979605709819 0.06505475721632947 1.3693329689496228E-4 
39976.51707809699 6.84175156974834E-5 2.0979983863684594E-4 0.3106235573507032 0.3466821999771746 0.9986235766379763 0.9999281279788064 0.31617832404045715 0.617256574297788 0.030568859964721445 0.3565623078290208 3.2520851139385826E-5 
39724.84423069994 1.6420496048841308E-4 4.125753558787749E-4 0.11693534905850933 0.31359108488444126 0.9975993044267061 0.9990873336488979 0.4179767530539992 0.6914966320163445 0.002639199860384727 0.18130234347002566 0.003476639862734871 
39924.82218422779 7.636494425947935E-5 2.3376192549838016E-4 0.015268809844127984 0.3536102588646563 0.9991211493080859 0.9999629930521032 0.10667218050449721 0.5125330230858365 0.024276723629020152 0.6190661450228712 0.013083574324292135 
39446.396827624994 1.1100740043028916E-4 6.780970134047195E-4 0.33542170421527795 0.3504542929051412 0.6011212160261337 0.6450503108033498 0.493638927614901 0.33465986367352185 0.02415219635410633 0.06735446840136895 6.84332463727987E-5 
39781.59194319087 1.0757589332373161E-4 3.67179857680403E-4 0.07244056888772205 0.3131185703824147 0.9996645354532372 0.999806604612852 0.46497464244383174 0.4485053531099652 0.005414324445666419 0.23285692703402844 0.0016612170852460702 
39917.289111802194 4.66215233233767E-5 3.060144877873502E-4 0.3311165556036574 0.3505887454027301 0.9990669611232652 0.9997960891363094 0.21111726019921428 0.5990992665281404 0.026326022829304137 0.2755630745328205 0.0016057149009241723 
39819.90497278593 4.219121836865529E-5 6.75786197415428E-4 0.33929396541401363 0.347458731262093 0.42431881365121693 0.42569873600797575 0.1244566311731263 0.36778286919558045 0.015439077239404603 0.04933278963691729 0.0015690311185148896 
39546.86737237538 5.706847054066645E-5 3.7690831321892976E-4 0.33238996646511576 0.33656908211513853 0.5133296832209868 0.5139586538320962 0.476593058754033 0.6110585725283912 0.0035708022837616215 0.0961012236268962 0.0026866726298186076 
39316.00890314771 2.641253840317251E-4 7.228482203563485E-4 0.33618486531503833 0.35306858842990263 0.5321849696896379 0.5345289359229806 0.2530976882371023 0.7187943995174355 0.031234070621723474 0.38829940212767866 0.002418857387811682 
39841.916472679666 1.2095333468496703E-4 6.221870968798426E-4 0.32220388989826376 0.3470625938080707 0.42561496198821713 0.4265782014356812 0.11214032215244535 0.6892371137082505 0.03025932211292248 0.001651066529438014 0.001076921336740509 
39768.03125008979 3.4274666426675597E-4 4.951562568069692E-4 0.3303886910890446 0.3343423762550336 0.8816787750983922 0.8818983125294008 0.3970560327208774 0.7558627147387817 0.00877926392476959 0.4078412793979364 0.0017065188152567035 
39819.90497278593 4.219121836865529E-5 6.75786197415428E-4 0.33929396541401363 0.3480356938027261 0.42316188889911416 0.42569873600797575 0.11156887056858675 0.5275891066744387 0.015785297084749187 0.04933278963691729 0.0015690311185148896 
39948.52865368883 1.7459871850837553E-4 6.104260607220476E-4 0.11135189863289352 0.31031405669096074 0.9994689812439785 0.9999442295539643 0.41851860909591937 0.6689815675118167 4.6514252623809475E-4 0.24548423764283536 0.00259583348234853 
39917.289111802194 4.66215233233767E-5 6.777552129002184E-5 0.011500002312356955 0.31435528798554696 0.9986269217104815 0.9997960891363094 0.46148360758117446 0.5386343777591589 0.030549693011816505 0.24430376259347622 0.0015440244303328203 
39903.02310600089 4.278208679370601E-5 9.573011807576659E-5 0.33809647207965465 0.34835514445509164 0.9993234332602492 0.9999677616291948 0.18171854073749868 0.36511746650412874 0.023955377476052992 0.10160906888468124 0.0018426177721277655 
39434.05721776515 4.111420084078748E-5 6.75786197415428E-4 0.33918646790679197 0.347458731262093 0.42427393169374356 0.429864549400678 0.11898550780330053 0.5275891066744387 0.015439077239404603 0.05037258572112005 0.002881816331871261 
39724.84423069994 1.1227267451858218E-4 3.148203173996315E-4 0.11693534905850933 0.31359108488444126 0.9986085273604188 0.9990550226304917 0.5284363395477766 0.3676035118996767 0.024492848858633377 0.19543249031223725 0.003476639862734871 
39406.79425013062 2.1625761199023922E-4 0.0010072457580137671 0.31429033369504744 0.3328748545391995 0.5730831357333327 0.5736837778136721 0.4366939189506238 0.607348699970647 0.004743701374541692 0.049338194802322585 2.4826150383177497E-4 
39919.32758771308 2.654537433148865E-4 6.94679318339999E-4 0.17339796108461786 0.3202172380209403 0.9986244964961232 0.999499601313033 0.19337033182638175 0.5991959668352747 0.06881980880069571 0.05043319036296101 0.0027675348543653236 
39936.062159146466 9.149530983727935E-5 3.829811334603841E-4 0.0019778420281507604 0.3539773800745213 0.999056763539144 0.999796221444001 0.4330318804967092 0.5182512491738052 0.02394205776955301 0.5923559574164232 0.026972581619854788 
39813.15993808145 6.352861670143583E-5 8.946541644806579E-4 0.10034126778387306 0.3141245874087515 0.9994689812439785 0.9999442295539643 0.41851860909591937 0.592328388846263 0.031291065377287305 0.2453714955003269 0.0024926509260480966 
39875.559114619224 2.5819574762729543E-4 9.710064836363478E-4 0.30491934714260027 0.34089976903096275 0.9986222231108706 0.99992503186211 0.46703601647758874 0.5466826189073399 0.024381803817673464 0.039082772805021704 0.0027714567763136616 
39936.062159146466 7.840107668511408E-5 3.948079764012159E-4 0.002394453719471282 0.3539773800745213 0.999056763539144 0.999796221444001 0.10231375939313483 0.70639332315228 0.02394205776955301 0.5923559574164232 0.026972581619854788 
39935.27746825838 6.777552129002184E-5 7.679984816329252E-5 0.01601055541353111 0.31435528798554696 0.9993246051950557 0.9999640806882831 0.43575042449986867 0.4917031493524288 0.030549693011816505 0.24430376259347622 0.02672571818160674 
39916.346398200105 1.0141826885777479E-4 7.469971409884008E-4 0.17876735424932222 0.3158402111216063 0.998219828422126 0.999499601313033 0.19337033182638175 0.6198321041994851 0.030524324119416295 0.05043319036296101 0.0016266096836553107 
39876.069041480376 2.2852163456479543E-5 6.666423054874449E-4 0.1989960247971695 0.31656944995417985 0.998286327972215 0.9995231647167835 0.4895471620316594 0.6933676117922518 0.030277939007694737 0.05016372152285982 2.6278273934151903E-4 
39819.015346767905 2.654537433148865E-4 6.94679318339999E-4 0.09924852559170272 0.3202172380209403 0.9985803584937879 0.9999333753793931 0.19337033182638175 0.754087346050299 0.06881980880069571 0.23776780334592051 0.0027675348543653236 
39923.79520175313 1.1007167165122499E-4 9.872491421590154E-4 0.2617296315155207 0.34046296680963384 0.9990540831696973 0.99992503186211 0.5397524815168439 0.6066698584177674 0.024288069883747952 0.19427270961883486 0.0034459394379198157 
39202.32448398006 1.1007167165122499E-4 9.872491421590154E-4 0.2538901278513233 0.34046296680963384 0.9986131580077321 0.99992503186211 0.5397524815168439 0.5078607057465814 0.02428620276766634 0.19647640365061914 0.002793019881877708 
39724.84423069994 1.1227267451858218E-4 3.148203173996315E-4 0.09862351796485065 0.31359108488444126 0.9986127003157848 0.9990550226304917 0.4440077892613792 0.3676035118996767 0.024492848858633377 0.20848367752984343 0.003476639862734871 
39871.29182301801 1.7685546142930518E-4 4.136252316593302E-4 0.1916430302684956 0.3170359911459997 0.9986245726506083 0.9995034522452327 0.4668869689879671 0.6844711097776156 0.03027904716321519 0.04936910488604292 0.0029304756016825073 
39923.79520175313 2.526902180537035E-4 9.872491421590154E-4 0.2617296315155207 0.33974601599413595 0.9990540831696973 0.99992503186211 0.5397524815168439 0.8632321886315625 0.024288069883747952 0.19427270961883486 0.0017820502242075257 
39794.54468114538 6.484827635056868E-5 6.251924042990689E-4 0.20867435998252978 0.3158366784960774 0.9986376936886648 0.9997328981356804 0.4172063436973047 0.6964357095828897 0.004650234505320939 0.07277906686051189 0.0027777085255493656 
39963.45460632601 6.517087237027912E-5 1.388348816859978E-4 0.3132228767696575 0.3490571638460561 0.9985989235531033 0.9994688924941613 0.06849577312974686 0.5323918190253963 0.029948735652025556 0.25627360026222995 0.0031837038044513237 
39572.455239574614 4.674454086231032E-5 6.501672993621077E-5 0.021286621749171702 0.31435528798554696 0.9986269217104815 0.9997960891363094 0.4590856930456299 0.5386343777591589 0.030549693011816505 0.24430376259347622 0.0015440244303328203 
39859.725986732235 7.047480759832833E-5 7.689499224844827E-5 0.04797344199654223 0.3538307715893605 0.99982889331334 0.9999629930521032 0.1678390414418779 0.5125330230858365 0.029727882732851457 0.5987756269863496 0.013620036917683348 
39876.069041480376 1.0919070874857359E-4 6.666423054874449E-4 0.21043719766488655 0.3172949773505778 0.9986226818945976 0.999924718927642 0.5052896701957652 0.6933676117922518 0.02391088409247185 0.05016372152285982 0.002608088327231698 
39875.559114619224 1.1007167165122499E-4 9.872491421590154E-4 0.2538901278513233 0.34046296680963384 0.9990540831696973 0.99992503186211 0.5397524815168439 0.5078607057465814 0.02428620276766634 0.2455571172254261 0.002783927916049565 
39988.31018316849 1.7685546142930518E-4 4.136252316593302E-4 0.192431864384986 0.3170359911459997 0.998219828422126 0.9995034522452327 0.4671827581884972 0.6844711097776156 0.027731543560800823 0.04936910488604292 0.0029304756016825073 
39796.517938424906 1.1259407588509211E-4 6.300185919930683E-4 0.09862351796485065 0.31277365430963167 0.9986346949822333 0.9990550226304917 0.4440077892613792 0.3676035118996767 0.024492848858633377 0.20848367752984343 0.00345675333736871 
39893.15539105158 1.7459871850837553E-4 8.730822807894145E-4 0.09213100604909946 0.3137285497891158 0.9994689812439785 0.9994979023111661 0.050485271402469056 0.592328388846263 0.030903369348681348 0.24548423764283536 0.002792870384317013 
39919.852251739634 2.654537433148865E-4 6.94679318339999E-4 0.17339796108461786 0.3158402111216063 0.998219828422126 0.999499601313033 0.19337033182638175 0.6198321041994851 0.030524324119416295 0.05043319036296101 0.0022483839956490732 
39870.314268764276 3.4274666426675597E-4 0.0010918179353107762 0.33256958955441096 0.3343423762550336 0.8816787750983922 0.8818983125294008 0.4012621873231882 0.6759306009639178 0.00877926392476959 0.4078412793979364 0.0017065188152567035 
39935.27746825838 5.2274424471349286E-5 6.777552129002184E-5 0.01601055541353111 0.31435528798554696 0.9993246051950557 0.9999640806882831 0.4173451015925765 0.5304972713825888 0.03052682009527654 0.24430376259347622 0.003062200030337414 
39918.218763644734 5.646830751713258E-5 6.201958760649367E-4 0.17339796108461786 0.3165042388669401 0.998219828422126 0.999499601313033 0.19337033182638175 0.6140820958308261 0.0314293881795158 0.07977026761231479 0.0028348153053034415 
39202.35207876274 2.9091440541739966E-5 9.007138802593791E-4 0.34710397868047405 0.3493130572758331 0.5708535951981271 0.5730831357333327 0.3206636219350287 0.6031745872626455 0.02351322801486427 0.18953767031490332 2.2966401475866074E-4 
39919.852251739634 2.654537433148865E-4 6.94679318339999E-4 0.17339796108461786 0.3158402111216063 0.998219828422126 0.999499601313033 0.19337033182638175 0.6198321041994851 0.030524324119416295 0.05043319036296101 0.0022483839956490732 
39875.559114619224 1.1002445449206038E-4 9.710064836363478E-4 0.30491934714260027 0.34101050859069265 0.9986222231108706 0.99992503186211 0.46703601647758874 0.5994747517422763 0.023675692032130154 0.08984108609555419 0.0027796600944219696 
39546.86737237538 5.706847054066645E-5 3.7690831321892976E-4 0.33238996646511576 0.33656908211513853 0.5133296832209868 0.5139586538320962 0.476593058754033 0.5531614385059497 0.002579983735903858 0.09482054642677674 8.481091307772988E-4 
39919.32758771308 2.654537433148865E-4 6.94679318339999E-4 0.1760636543111421 0.3202172380209403 0.9985477795824024 0.9995115520548363 0.19337033182638175 0.5991959668352747 0.06881980880069571 0.05043319036296101 0.0027675348543653236 
39262.38431907039 1.7459871850837553E-4 6.237127965234131E-4 0.09213100604909946 0.31031405669096074 0.9994689812439785 0.9999442295539643 0.41851860909591937 0.6689815675118167 4.6514252623809475E-4 0.24548423764283536 0.002500430541766603 
39819.90497278593 4.219121836865529E-5 6.75786197415428E-4 0.33929396541401363 0.347458731262093 0.42431881365121693 0.42569873600797575 0.11156887056858675 0.5275891066744387 0.015439077239404603 0.04933278963691729 0.0015690311185148896 
39918.218763644734 5.646830751713258E-5 6.201958760649367E-4 0.17339796108461786 0.3165042388669401 0.998219828422126 0.999499601313033 0.1860230544944088 0.6140820958308261 0.0314293881795158 0.07977026761231479 0.0028348153053034415 
39935.27746825838 5.2274424471349286E-5 6.777552129002184E-5 0.01601055541353111 0.31435528798554696 0.9993246051950557 0.9999640806882831 0.4173451015925765 0.5976080434431441 0.03052682009527654 0.24430376259347622 0.003062200030337414 
39935.27746825838 6.777552129002184E-5 7.679984816329252E-5 0.01419779243472194 0.31435528798554696 0.9994013197340946 0.99994996844486 0.43575042449986867 0.4917031493524288 0.030549693011816505 0.24430376259347622 0.02672571818160674 
39604.01851826884 1.387622271535891E-4 3.8994000404421757E-4 0.0012210618867029444 0.3144167228065735 0.9992169818078959 0.999806604612852 0.46268364967168185 0.4485053531099652 0.07819589953855709 0.25937413714052404 0.0016612170852460702 
39935.27746825838 6.777552129002184E-5 7.679984816329252E-5 0.01601055541353111 0.31435528798554696 0.9993246051950557 0.9999640806882831 0.43575042449986867 0.4917031493524288 0.030549693011816505 0.24430376259347622 0.02672571818160674 
39693.32079775617 1.0018243083555469E-4 0.004626230499207995 0.3467333752936167 0.3475625908666714 0.9941200126604904 0.994284586359828 0.07761545089533406 0.6692860460044403 5.70018326010991E-4 0.3618595978912909 0.0015994556217761963 
39604.01851826884 1.387622271535891E-4 3.8994000404421757E-4 0.0012210618867029444 0.3144167228065735 0.9992169818078959 0.999806604612852 0.46268364967168185 0.4485053531099652 0.07819589953855709 0.25937413714052404 0.0016612170852460702 
