39819.90497278593 4.219121836865529E-5 6.817411961473809E-5 0.33929396541401363 0.34804964504841973 0.3742543627181136 0.3776513876533554 0.46703601647758874 0.37823597135029596 0.015737045696754916 0.04933278963691729 7.232551064601262E-4 
39819.90497278593 4.219121836865529E-5 6.817411961473809E-5 0.33929396541401363 0.34804964504841973 0.3742543627181136 0.3776513876533554 0.46703601647758874 0.37823597135029596 0.015737045696754916 0.04933278963691729 7.232551064601262E-4 
39738.8229237817 6.736145920318449E-5 7.656404435832647E-5 2.7369486737081027E-4 0.35385472350138336 0.9998239155519535 0.9999744385881623 0.44859209333955335 0.5126760041094011 0.010399017010109951 0.833784247606099 0.3342082476922469 
39438.88103955486 1.1111482045861505E-4 6.780970134047195E-4 0.33542170421527795 0.3486208957661811 0.597106758134888 0.6459075681290813 0.06500141738789325 0.7532362762400173 0.02415219635410633 0.06735446840136895 6.84332463727987E-5 
39870.314268764276 3.4274666426675597E-4 0.0010925454181157012 0.33256958955441096 0.3343423762550336 0.8816787750983922 0.8818983125294008 0.4067867188189895 0.6759306009639178 0.00877926392476959 0.067164858412921 9.84961580411546E-5 
37853.20064605936 1.1034172610372317E-4 1.306519697307031E-4 0.003255076991618802 0.3548124843447437 0.999797931939884 0.9998354185477266 0.1076811298666171 0.737537184312204 0.02478946702959718 0.7392604397998063 0.27246204912079736 
39733.07776172337 1.0744571046988327E-4 1.4956202783425265E-4 0.0019778420281507604 0.3539773800745213 0.9992111600477315 0.9998074609162274 0.4330122308770946 0.5182512491738052 0.023143936334964543 0.5974132884509987 0.043338663367176455 
39456.097559857124 1.1987536899473234E-4 6.221870968798426E-4 0.32209639239104204 0.3470625938080707 0.42653331947820783 0.4297807753809193 0.11955695938715913 0.6892371137082505 0.03025932211292248 0.0018038849565664983 0.0029604261640410836 
39552.29105221336 1.577317362686568E-4 7.915719488793011E-4 0.33242689914952456 0.33535788201806366 0.9019688812482201 0.912528672498031 0.14822621104673003 0.7633744975093535 0.002163580749294099 0.5885417229386811 2.2690117679369752E-4 
39604.481729754596 5.706847054066645E-5 6.414768406478113E-4 0.3320771403902237 0.33274473296634516 0.5133296832209868 0.5139586538320962 0.476593058754033 0.562956226297117 0.002403389559515731 0.09482054642677674 1.491769776376516E-4 
39693.32079775617 1.0018243083555469E-4 0.004626230499207995 0.3467333752936167 0.3475625908666714 0.9941200126604904 0.994284586359828 0.07761545089533406 0.6692860460044403 5.70018326010991E-4 0.3618595978912909 0.0015994556217761963 
39446.396827624994 1.2847698947758557E-4 6.780970134047195E-4 0.33542170421527795 0.3504542929051412 0.6364588506474762 0.638224974956779 0.493638927614901 0.5731808815028981 0.024108146825485635 0.06735446840136895 0.0032706561391586727 
39633.64450984238 1.0888608796561855E-4 3.582388311226362E-4 0.0022024692929037606 0.3144167228065735 0.9991186185709668 0.9999436144894976 0.4646704366335742 0.6009488248972595 0.024876260280344845 0.2553762744386393 0.05673012129153359 
39933.74716581537 1.1034172610372317E-4 1.306519697307031E-4 0.003255076991618802 0.3548124843447437 0.999797931939884 0.9998354185477266 0.1076811298666171 0.737537184312204 0.02478946702959718 0.7392604397998063 0.32095451237550504 
38891.28134624915 1.590340789143927E-4 3.6045076212588725E-4 0.3298558075743474 0.34925921360431705 0.5985205455266054 0.6012762085259981 0.06182087302958941 0.6394269274200147 0.023245787712455893 0.16821496320609802 2.2089179688689666E-4 
39800.41166508256 1.274692377524152E-4 5.960052072864551E-4 0.315526421304503 0.34539963631062087 0.6120179782963682 0.639185609132445 0.14502134515366155 0.30750427138491765 0.030278458124604272 0.05916911063544031 0.0016529116825844644 
39819.90497278593 4.219121836865529E-5 6.75786197415428E-4 0.33929396541401363 0.347458731262093 0.42431881365121693 0.42569873600797575 0.1244566311731263 0.36778286919558045 0.015439077239404603 0.04933278963691729 0.0015690311185148896 
39825.05513874507 4.6674709392398035E-5 7.047480759832833E-5 0.05182116422285516 0.3538307715893605 0.99982889331334 0.9999629930521032 0.1678390414418779 0.5081945024614913 0.029727882732851457 0.5987756269863496 0.013620036917683348 
39847.57946741441 1.1429519087110091E-4 0.001542587398148993 0.32963296492604 0.34093923107099977 0.5304743484518498 0.5382525525217945 0.07762314000595415 0.8714574222278088 0.010874087965298153 0.07749021967585844 9.147921364680851E-4 
39202.35207876274 2.9091440541739966E-5 9.007138802593791E-4 0.34710397868047405 0.3493130572758331 0.5708535951981271 0.5730831357333327 0.3206636219350287 0.6031745872626455 0.02351322801486427 0.18953767031490332 2.2966401475866074E-4 
39548.305902376385 1.5712010303876544E-4 5.93541072672328E-4 0.33222506432637994 0.3399847523663192 0.6002757360070098 0.6012466112318302 0.14329110695030428 0.6784231447118615 6.035504771361088E-4 0.3850371453581396 0.001531007129231207 
39864.58744565681 2.944100675697181E-5 9.007138802593791E-4 0.32461367871000263 0.34710397868047405 0.5706838729346375 0.5730831357333327 0.31335797808435656 0.6201208142403032 0.02351322801486427 0.18953767031490332 7.651627634670504E-4 
39859.725986732235 7.047480759832833E-5 7.636494425947935E-5 0.020022087496678782 0.3538307715893605 0.99982889331334 0.9999629930521032 0.10667218050449721 0.5125330230858365 0.029727882732851457 0.6110852949984825 0.013620036917683348 
39860.206725770135 8.076111427956936E-5 1.1111949704101211E-4 0.003256288824818844 0.3548124843447437 0.999797931939884 0.9998304877283483 0.1076811298666171 0.4862863355638981 0.031132945473893312 0.7392604397998063 0.29368908910894215 
39862.92057022906 3.845740295710094E-5 3.0710213075771527E-4 0.06608199262002445 0.31358023862194406 0.9986126846701329 0.9999592569050202 0.12840072511923378 0.6358645156703533 0.018361187372629203 0.2453714955003269 0.002673127731943215 
39930.708132988184 3.442136717101324E-5 2.3186935673289203E-4 0.3292981274463007 0.34084577896988594 0.8844623257946544 0.8851697407618082 0.13836026036214932 0.6288785197681102 0.020228889222045993 0.08433087288669588 0.002923085146296995 
39843.47948263404 3.552184194217333E-4 5.136647676769407E-4 0.3293252088089435 0.34093923107099977 0.5195781100497279 0.5207179163233602 0.15152041850902395 0.5260345072055734 0.00921369872015777 0.07749021967585844 8.961050045045733E-4 
39917.289111802194 4.66215233233767E-5 6.777552129002184E-5 0.02530539184522676 0.31435528798554696 0.9986269217104815 0.9997960891363094 0.43575042449986867 0.4917031493524288 0.030549693011816505 0.24430376259347622 0.0015440244303328203 
39859.725986732235 7.047480759832833E-5 7.689499224844827E-5 0.04797344199654223 0.3538307715893605 0.99982889331334 0.9999629930521032 0.1678390414418779 0.5125330230858365 0.029727882732851457 0.5987756269863496 0.013620036917683348 
39987.0442468054 1.7680102213864146E-4 5.690894087554626E-4 0.3337225600849356 0.3347187484897204 0.9002647050328031 0.9005176002393529 0.4671807492040604 0.7664188552333877 0.02808406364964003 0.08982115023627044 1.3843610496065283E-4 
39908.64601727424 3.703681542833682E-5 3.1263289346705747E-4 0.12741969825329513 0.3059701939317651 0.9990501123582348 0.9990802652264734 0.18237896861041025 0.5375963347947061 0.015822976092315477 0.12996689864578237 0.0017305227284266176 
39667.10549587138 1.8033195747794658E-4 8.284597804360555E-4 0.3282708467933357 0.34634169571143897 0.8903064436626753 0.9011252520008651 0.3732646335642744 0.6715040711481922 0.014693466322162218 0.07081924776762984 1.6257350507853981E-4 
39604.01851826884 1.387622271535891E-4 3.8994000404421757E-4 0.0012210618867029444 0.3144167228065735 0.9992169818078959 0.999806604612852 0.46268364967168185 0.4498104333762718 0.07819589953855709 0.25937413714052404 0.0016612170852460702 
39316.00890314771 1.5846898564171689E-4 7.228482203563485E-4 0.335625526121987 0.33819224830249256 0.5293592671615147 0.5319598004128709 0.1419726191128652 0.3217927352288382 0.0019950823436206324 0.30070942480210794 8.007569267225027E-5 
39693.32079775617 1.0018243083555469E-4 0.004626230499207995 0.3467333752936167 0.3475625908666714 0.9941200126604904 0.994284586359828 0.07761545089533406 0.6692860460044403 5.70018326010991E-4 0.3618595978912909 0.0015994556217761963 
39514.621079400065 1.2067265129734432E-4 6.206697248132868E-4 0.32531647553077425 0.33542170421527795 0.6010693420701779 0.6438732193864349 0.14554136266089412 0.4383026101427153 5.540770549338474E-4 0.06797833041337159 4.2767961069453227E-5 
39881.231288736424 1.1007167165122499E-4 0.0010581778892405137 0.2830611865659538 0.3416155159029179 0.9985227094360111 0.99992503186211 0.4471064989967272 0.5901996288218019 0.02367464964647509 0.12366662645973936 0.019518699559676 
39976.51707809699 6.84175156974834E-5 1.8457314471226251E-4 0.3466821999771746 0.3499124446936821 0.9986235766379763 0.9995033334086968 0.4214720262781192 0.6001247204464585 0.02203032413039022 0.3565623078290208 0.0025986568609420117 
39878.40660779482 2.641253840317251E-4 6.754541357745343E-4 0.3380977748770009 0.33920410164397646 0.5338334057600393 0.5349425668163073 0.2530976882371023 0.38152492820117573 0.03141726470588148 0.22848664714680267 0.002418857387811682 
39903.02310600089 5.928916075516834E-5 8.319909036281656E-4 0.14827805615238882 0.31303195583765614 0.9995173643100511 0.9999677616291948 0.18171854073749868 0.5187212438615123 0.023955377476052992 0.10160906888468124 0.0018426177721277655 
39492.77629396262 2.9119110582494147E-5 1.3577589107225297E-4 0.3148543968285772 0.3358225396365109 0.8994291009019483 0.9002647050328031 0.18152538963799417 0.7135513005291207 0.003828979605709819 0.06505475721632947 1.3693329689496228E-4 
39976.51707809699 6.84175156974834E-5 2.0979983863684594E-4 0.3106235573507032 0.3466821999771746 0.9986235766379763 0.9999281279788064 0.31617832404045715 0.617256574297788 0.030568859964721445 0.3565623078290208 3.2520851139385826E-5 
39724.84423069994 1.6420496048841308E-4 4.125753558787749E-4 0.11693534905850933 0.31359108488444126 0.9975993044267061 0.9990873336488979 0.4179767530539992 0.6914966320163445 0.002639199860384727 0.18130234347002566 0.003476639862734871 
39924.82218422779 7.636494425947935E-5 2.3376192549838016E-4 0.015268809844127984 0.3536102588646563 0.9991211493080859 0.9999629930521032 0.10667218050449721 0.5125330230858365 0.024276723629020152 0.6190661450228712 0.013083574324292135 
39446.396827624994 1.1100740043028916E-4 6.780970134047195E-4 0.33542170421527795 0.3504542929051412 0.6011212160261337 0.6450503108033498 0.493638927614901 0.33465986367352185 0.02415219635410633 0.06735446840136895 6.84332463727987E-5 
39781.59194319087 1.0757589332373161E-4 3.67179857680403E-4 0.07244056888772205 0.3131185703824147 0.9996645354532372 0.999806604612852 0.46497464244383174 0.4485053531099652 0.005414324445666419 0.23285692703402844 0.0016612170852460702 
39917.289111802194 4.66215233233767E-5 3.060144877873502E-4 0.3311165556036574 0.3505887454027301 0.9990669611232652 0.9997960891363094 0.21111726019921428 0.5990992665281404 0.026326022829304137 0.2755630745328205 0.0016057149009241723 
39819.90497278593 4.219121836865529E-5 6.75786197415428E-4 0.33929396541401363 0.347458731262093 0.42431881365121693 0.42569873600797575 0.1244566311731263 0.36778286919558045 0.015439077239404603 0.04933278963691729 0.0015690311185148896 
39546.86737237538 5.706847054066645E-5 3.7690831321892976E-4 0.33238996646511576 0.33656908211513853 0.5133296832209868 0.5139586538320962 0.476593058754033 0.6110585725283912 0.0035708022837616215 0.0961012236268962 0.0026866726298186076 
39316.00890314771 2.641253840317251E-4 7.228482203563485E-4 0.33618486531503833 0.35306858842990263 0.5321849696896379 0.5345289359229806 0.2530976882371023 0.7187943995174355 0.031234070621723474 0.38829940212767866 0.002418857387811682 
39841.916472679666 1.2095333468496703E-4 6.221870968798426E-4 0.32220388989826376 0.3470625938080707 0.42561496198821713 0.4265782014356812 0.11214032215244535 0.6892371137082505 0.03025932211292248 0.001651066529438014 0.001076921336740509 
39768.03125008979 3.4274666426675597E-4 4.951562568069692E-4 0.3303886910890446 0.3343423762550336 0.8816787750983922 0.8818983125294008 0.3970560327208774 0.7558627147387817 0.00877926392476959 0.4078412793979364 0.0017065188152567035 
39819.90497278593 4.219121836865529E-5 6.75786197415428E-4 0.33929396541401363 0.3480356938027261 0.42316188889911416 0.42569873600797575 0.11156887056858675 0.5275891066744387 0.015785297084749187 0.04933278963691729 0.0015690311185148896 
39948.52865368883 1.7459871850837553E-4 6.104260607220476E-4 0.11135189863289352 0.31031405669096074 0.9994689812439785 0.9999442295539643 0.41851860909591937 0.6689815675118167 4.6514252623809475E-4 0.24548423764283536 0.00259583348234853 
39917.289111802194 4.66215233233767E-5 6.777552129002184E-5 0.011500002312356955 0.31435528798554696 0.9986269217104815 0.9997960891363094 0.46148360758117446 0.5386343777591589 0.030549693011816505 0.24430376259347622 0.0015440244303328203 
39903.02310600089 4.278208679370601E-5 9.573011807576659E-5 0.33809647207965465 0.34835514445509164 0.9993234332602492 0.9999677616291948 0.18171854073749868 0.36511746650412874 0.023955377476052992 0.10160906888468124 0.0018426177721277655 
39434.05721776515 4.111420084078748E-5 6.75786197415428E-4 0.33918646790679197 0.347458731262093 0.42427393169374356 0.429864549400678 0.11898550780330053 0.5275891066744387 0.015439077239404603 0.05037258572112005 0.002881816331871261 
39724.84423069994 1.1227267451858218E-4 3.148203173996315E-4 0.11693534905850933 0.31359108488444126 0.9986085273604188 0.9990550226304917 0.5284363395477766 0.3676035118996767 0.024492848858633377 0.19543249031223725 0.003476639862734871 
39406.79425013062 2.1625761199023922E-4 0.0010072457580137671 0.31429033369504744 0.3328748545391995 0.5730831357333327 0.5736837778136721 0.4366939189506238 0.607348699970647 0.004743701374541692 0.049338194802322585 2.4826150383177497E-4 
39919.32758771308 2.654537433148865E-4 6.94679318339999E-4 0.17339796108461786 0.3202172380209403 0.9986244964961232 0.999499601313033 0.19337033182638175 0.5991959668352747 0.06881980880069571 0.05043319036296101 0.0027675348543653236 
39936.062159146466 9.149530983727935E-5 3.829811334603841E-4 0.0019778420281507604 0.3539773800745213 0.999056763539144 0.999796221444001 0.4330318804967092 0.5182512491738052 0.02394205776955301 0.5923559574164232 0.026972581619854788 
39813.15993808145 6.352861670143583E-5 8.946541644806579E-4 0.10034126778387306 0.3141245874087515 0.9994689812439785 0.9999442295539643 0.41851860909591937 0.592328388846263 0.031291065377287305 0.2453714955003269 0.0024926509260480966 
39875.559114619224 2.5819574762729543E-4 9.710064836363478E-4 0.30491934714260027 0.34089976903096275 0.9986222231108706 0.99992503186211 0.46703601647758874 0.5466826189073399 0.024381803817673464 0.039082772805021704 0.0027714567763136616 
39936.062159146466 7.840107668511408E-5 3.948079764012159E-4 0.002394453719471282 0.3539773800745213 0.999056763539144 0.999796221444001 0.10231375939313483 0.70639332315228 0.02394205776955301 0.5923559574164232 0.026972581619854788 
39935.27746825838 6.777552129002184E-5 7.679984816329252E-5 0.01601055541353111 0.31435528798554696 0.9993246051950557 0.9999640806882831 0.43575042449986867 0.4917031493524288 0.030549693011816505 0.24430376259347622 0.02672571818160674 
39916.346398200105 1.0141826885777479E-4 7.469971409884008E-4 0.17876735424932222 0.3158402111216063 0.998219828422126 0.999499601313033 0.19337033182638175 0.6198321041994851 0.030524324119416295 0.05043319036296101 0.0016266096836553107 
39876.069041480376 2.2852163456479543E-5 6.666423054874449E-4 0.1989960247971695 0.31656944995417985 0.998286327972215 0.9995231647167835 0.4895471620316594 0.6933676117922518 0.030277939007694737 0.05016372152285982 2.6278273934151903E-4 
39819.015346767905 2.654537433148865E-4 6.94679318339999E-4 0.09924852559170272 0.3202172380209403 0.9985803584937879 0.9999333753793931 0.19337033182638175 0.754087346050299 0.06881980880069571 0.23776780334592051 0.0027675348543653236 
39923.79520175313 1.1007167165122499E-4 9.872491421590154E-4 0.2617296315155207 0.34046296680963384 0.9990540831696973 0.99992503186211 0.5397524815168439 0.6066698584177674 0.024288069883747952 0.19427270961883486 0.0034459394379198157 
39202.32448398006 1.1007167165122499E-4 9.872491421590154E-4 0.2538901278513233 0.34046296680963384 0.9986131580077321 0.99992503186211 0.5397524815168439 0.5078607057465814 0.02428620276766634 0.19647640365061914 0.002793019881877708 
39724.84423069994 1.1227267451858218E-4 3.148203173996315E-4 0.09862351796485065 0.31359108488444126 0.9986127003157848 0.9990550226304917 0.4440077892613792 0.3676035118996767 0.024492848858633377 0.20848367752984343 0.003476639862734871 
39871.29182301801 1.7685546142930518E-4 4.136252316593302E-4 0.1916430302684956 0.3170359911459997 0.9986245726506083 0.9995034522452327 0.4668869689879671 0.6844711097776156 0.03027904716321519 0.04936910488604292 0.0029304756016825073 
39923.79520175313 2.526902180537035E-4 9.872491421590154E-4 0.2617296315155207 0.33974601599413595 0.9990540831696973 0.99992503186211 0.5397524815168439 0.8632321886315625 0.024288069883747952 0.19427270961883486 0.0017820502242075257 
39794.54468114538 6.484827635056868E-5 6.251924042990689E-4 0.20867435998252978 0.3158366784960774 0.9986376936886648 0.9997328981356804 0.4172063436973047 0.6964357095828897 0.004650234505320939 0.07277906686051189 0.0027777085255493656 
39963.45460632601 6.517087237027912E-5 1.388348816859978E-4 0.3132228767696575 0.3490571638460561 0.9985989235531033 0.9994688924941613 0.06849577312974686 0.5323918190253963 0.029948735652025556 0.25627360026222995 0.0031837038044513237 
39572.455239574614 4.674454086231032E-5 6.501672993621077E-5 0.021286621749171702 0.31435528798554696 0.9986269217104815 0.9997960891363094 0.4590856930456299 0.5386343777591589 0.030549693011816505 0.24430376259347622 0.0015440244303328203 
39859.725986732235 7.047480759832833E-5 7.689499224844827E-5 0.04797344199654223 0.3538307715893605 0.99982889331334 0.9999629930521032 0.1678390414418779 0.5125330230858365 0.029727882732851457 0.5987756269863496 0.013620036917683348 
39876.069041480376 1.0919070874857359E-4 6.666423054874449E-4 0.21043719766488655 0.3172949773505778 0.9986226818945976 0.999924718927642 0.5052896701957652 0.6933676117922518 0.02391088409247185 0.05016372152285982 0.002608088327231698 
39875.559114619224 1.1007167165122499E-4 9.872491421590154E-4 0.2538901278513233 0.34046296680963384 0.9990540831696973 0.99992503186211 0.5397524815168439 0.5078607057465814 0.02428620276766634 0.2455571172254261 0.002783927916049565 
39988.31018316849 1.7685546142930518E-4 4.136252316593302E-4 0.192431864384986 0.3170359911459997 0.998219828422126 0.9995034522452327 0.4671827581884972 0.6844711097776156 0.027731543560800823 0.04936910488604292 0.0029304756016825073 
39796.517938424906 1.1259407588509211E-4 6.300185919930683E-4 0.09862351796485065 0.31277365430963167 0.9986346949822333 0.9990550226304917 0.4440077892613792 0.3676035118996767 0.024492848858633377 0.20848367752984343 0.00345675333736871 
39893.15539105158 1.7459871850837553E-4 8.730822807894145E-4 0.09213100604909946 0.3137285497891158 0.9994689812439785 0.9994979023111661 0.050485271402469056 0.592328388846263 0.030903369348681348 0.24548423764283536 0.002792870384317013 
39919.852251739634 2.654537433148865E-4 6.94679318339999E-4 0.17339796108461786 0.3158402111216063 0.998219828422126 0.999499601313033 0.19337033182638175 0.6198321041994851 0.030524324119416295 0.05043319036296101 0.0022483839956490732 
39870.314268764276 3.4274666426675597E-4 0.0010918179353107762 0.33256958955441096 0.3343423762550336 0.8816787750983922 0.8818983125294008 0.4012621873231882 0.6759306009639178 0.00877926392476959 0.4078412793979364 0.0017065188152567035 
39935.27746825838 5.2274424471349286E-5 6.777552129002184E-5 0.01601055541353111 0.31435528798554696 0.9993246051950557 0.9999640806882831 0.4173451015925765 0.5304972713825888 0.03052682009527654 0.24430376259347622 0.003062200030337414 
39918.218763644734 5.646830751713258E-5 6.201958760649367E-4 0.17339796108461786 0.3165042388669401 0.998219828422126 0.999499601313033 0.19337033182638175 0.6140820958308261 0.0314293881795158 0.07977026761231479 0.0028348153053034415 
39202.35207876274 2.9091440541739966E-5 9.007138802593791E-4 0.34710397868047405 0.3493130572758331 0.5708535951981271 0.5730831357333327 0.3206636219350287 0.6031745872626455 0.02351322801486427 0.18953767031490332 2.2966401475866074E-4 
39919.852251739634 2.654537433148865E-4 6.94679318339999E-4 0.17339796108461786 0.3158402111216063 0.998219828422126 0.999499601313033 0.19337033182638175 0.6198321041994851 0.030524324119416295 0.05043319036296101 0.0022483839956490732 
39875.559114619224 1.1002445449206038E-4 9.710064836363478E-4 0.30491934714260027 0.34101050859069265 0.9986222231108706 0.99992503186211 0.46703601647758874 0.5994747517422763 0.023675692032130154 0.08984108609555419 0.0027796600944219696 
39546.86737237538 5.706847054066645E-5 3.7690831321892976E-4 0.33238996646511576 0.33656908211513853 0.5133296832209868 0.5139586538320962 0.476593058754033 0.5531614385059497 0.002579983735903858 0.09482054642677674 8.481091307772988E-4 
39919.32758771308 2.654537433148865E-4 6.94679318339999E-4 0.1760636543111421 0.3202172380209403 0.9985477795824024 0.9995115520548363 0.19337033182638175 0.5991959668352747 0.06881980880069571 0.05043319036296101 0.0027675348543653236 
39262.38431907039 1.7459871850837553E-4 6.237127965234131E-4 0.09213100604909946 0.31031405669096074 0.9994689812439785 0.9999442295539643 0.41851860909591937 0.6689815675118167 4.6514252623809475E-4 0.24548423764283536 0.002500430541766603 
39819.90497278593 4.219121836865529E-5 6.75786197415428E-4 0.33929396541401363 0.347458731262093 0.42431881365121693 0.42569873600797575 0.11156887056858675 0.5275891066744387 0.015439077239404603 0.04933278963691729 0.0015690311185148896 
39918.218763644734 5.646830751713258E-5 6.201958760649367E-4 0.17339796108461786 0.3165042388669401 0.998219828422126 0.999499601313033 0.1860230544944088 0.6140820958308261 0.0314293881795158 0.07977026761231479 0.0028348153053034415 
39935.27746825838 5.2274424471349286E-5 6.777552129002184E-5 0.01601055541353111 0.31435528798554696 0.9993246051950557 0.9999640806882831 0.4173451015925765 0.5976080434431441 0.03052682009527654 0.24430376259347622 0.003062200030337414 
39935.27746825838 6.777552129002184E-5 7.679984816329252E-5 0.01419779243472194 0.31435528798554696 0.9994013197340946 0.99994996844486 0.43575042449986867 0.4917031493524288 0.030549693011816505 0.24430376259347622 0.02672571818160674 
39604.01851826884 1.387622271535891E-4 3.8994000404421757E-4 0.0012210618867029444 0.3144167228065735 0.9992169818078959 0.999806604612852 0.46268364967168185 0.4485053531099652 0.07819589953855709 0.25937413714052404 0.0016612170852460702 
39935.27746825838 6.777552129002184E-5 7.679984816329252E-5 0.01601055541353111 0.31435528798554696 0.9993246051950557 0.9999640806882831 0.43575042449986867 0.4917031493524288 0.030549693011816505 0.24430376259347622 0.02672571818160674 
39693.32079775617 1.0018243083555469E-4 0.004626230499207995 0.3467333752936167 0.3475625908666714 0.9941200126604904 0.994284586359828 0.07761545089533406 0.6692860460044403 5.70018326010991E-4 0.3618595978912909 0.0015994556217761963 
39604.01851826884 1.387622271535891E-4 3.8994000404421757E-4 0.0012210618867029444 0.3144167228065735 0.9992169818078959 0.999806604612852 0.46268364967168185 0.4485053531099652 0.07819589953855709 0.25937413714052404 0.0016612170852460702 
