1352.0735617421155 1.7737473595561787E-4 1.8883129028406654E-4 0.31767028986729823 0.31776738352238965 2.287707976573669E-4 0.7249198271388684 0.30805120789103646 0.002334243296883996 0.14358881133418128 1.9910080155518465E-4 
39696.31811380448 8.27175460887731E-6 2.501562578855834E-4 0.1247670762078768 0.2823339973527685 0.9996192459422607 0.7427272765007659 0.0856125048745072 0.005418621675686186 0.10799827788595497 0.12147978713547802 
1411.4192826393664 1.7294597282657606E-6 1.765392670310512E-4 0.31774814052996275 0.3177974726990439 0.10351124402699607 0.7496381585971506 0.33307781352983895 0.0022438067455521384 0.14636314711770324 0.001618525051938473 
39696.31811380448 1.3264626827282043E-5 2.501562578855834E-4 0.12907321759039944 0.2823339973527685 0.9996192459422607 0.7372102412251611 0.12130489737125616 0.005418621675686186 0.10799827788595497 0.033824421689538926 
1854.814952980622 1.4730304221673016E-5 2.4077332589888091E-4 0.31769609199150495 0.32185433830936255 0.13206331894193948 0.9053841734692772 0.3045957898986983 7.284468957269308E-5 0.1156650058395506 3.1599893744457233E-4 
1092.5933007806943 4.960124193058688E-5 2.1506759597181714E-4 0.31804883518764737 0.3214684155977988 0.5071320237535735 0.7840129183136224 0.24457547042630629 6.47041776093856E-5 0.07894842730097784 0.0016111849831224395 
2271.102489514323 2.206871990502904E-5 6.983840829646973E-4 0.31845735707506606 0.3221731452242069 0.48515081145301003 0.7899751183219532 0.40503021551420576 2.05199418208047E-4 0.06836419321859215 0.0013185210699951208 
7930.639233450734 7.03900197124376E-6 3.128819505777823E-4 0.31793051939524625 0.3214684155977988 0.9684760585972653 0.9092840878978663 0.25337499321952417 0.0016301134978036883 0.1304286016971565 6.783581111199748E-5 
1991.3846080089604 4.992242670572426E-5 0.0012460290773639582 0.31692649581485927 0.3188345786104584 0.2499376178981252 0.27353403802304094 0.6008015182440198 2.05199418208047E-4 0.07045656846065985 7.394752606786705E-5 
1331.580489682937 2.3929372565483558E-4 6.757302897935765E-4 0.3176308277893683 0.3178977342463483 0.9081458658977505 0.7029150512320351 0.24221355924537646 4.124993951830682E-6 0.016381524839938245 0.0011822497664595961 
1619.9721622981679 3.705776978859261E-5 1.7783356769715222E-4 0.3177050194956237 0.3190166376241451 0.2701821717833412 0.7127304965013448 0.30093623630787514 1.8000519423200245E-4 0.16018613365402995 9.365422287022313E-5 
942.8058255052133 1.4728572728730078E-5 1.806544804355394E-4 0.3172860724009137 0.318040520247586 0.9678021274507328 0.9239242454110093 0.189318834348786 4.620116805184984E-4 0.004221646258669047 3.8825579710666567E-4 
1351.3433223974328 9.849511012601569E-5 3.1860484349224177E-4 0.3151122279755052 0.3222494021108054 0.17125561625185004 0.5791584283529131 0.2246043760398372 0.028516407154234813 0.010106802965948562 0.004661172547245606 
1377.150811892965 1.1453223746088118E-4 6.766103039580531E-4 0.3176772537746125 0.3180129614392858 0.5240237414164117 0.91390047944592 0.1061758391803393 0.0011931954023461588 0.30953018571403945 2.0443292490381786E-4 
1342.2930774358088 1.1266159012363332E-4 1.828022803441537E-4 0.31766572766039375 0.31776738352238965 0.9241036367556059 0.7496381585971506 0.30805120789103646 0.02089481460306747 0.14636314711770324 0.001648489052978748 
1366.2926664196696 1.7616901778895347E-4 1.8865063298103304E-4 0.317642496426424 0.3223590153662143 0.09015235050525594 0.2517690559760487 0.29943474234080125 0.002334243296883996 0.1410800357223665 0.0017841291173067374 
958.7345673730947 3.936779226559634E-5 3.569425577597011E-4 0.3180428756357834 0.31973971067025003 0.3236681929046699 0.8226040284131872 0.025003943098302138 7.165300186596276E-5 0.0210307607314704 0.001314310170168139 
1859.5545629436888 1.4132911562505357E-4 2.1444445375558242E-4 0.31752156631591466 0.31961138936040756 0.21461804626532416 0.4936639544887123 0.19442443396283768 9.641337117100199E-5 0.14256632284426185 1.7286461097002599E-4 
1629.615228611346 2.4695113712073333E-5 3.186446343607019E-4 0.31784687120675537 0.3185772413528016 0.6941490004192398 0.8887358206317354 0.3735832126505196 8.724762087493005E-4 0.03459185168511676 0.0018969232480323438 
1843.515287698895 3.47238425065172E-6 8.673636633791332E-5 0.317482633608225 0.319111778006524 0.7476080514455838 0.5667236470750018 0.20688174422632385 1.5885765495854388E-4 0.03354358687462685 0.0010132457427407644 
1659.5233714535264 1.0588971890006666E-6 3.360720461462676E-5 0.3176267768236178 0.31946929910667715 0.8624398534573633 0.5382063099746854 0.30463048004254245 7.99708529204327E-6 0.15081198295225054 0.001618664521202592 
34535.35958473606 1.5046032760417595E-5 2.9479031128381965E-4 0.3172718790499208 0.3183924034510433 0.9987979403065488 0.7847526186327889 0.3324048459266722 6.897592561376769E-4 0.01704604761612763 4.548948535974505E-4 
1854.5700131088033 1.1112188313088672E-5 6.925154390895871E-4 0.31784549910213394 0.3189191636675946 0.823232299165465 0.3914355348920051 0.2698098683724442 8.876717728142274E-5 0.16997716219224562 1.2886724774319484E-4 
34274.142542174595 1.713204230449961E-5 2.0263882913931197E-4 0.31730696152436516 0.3191147115321874 0.9866271825382752 0.48258817747684685 0.028754348350271755 0.0015707138769499938 0.13702408769567173 1.9756281798931428E-4 
5839.3113122613595 6.002209015453057E-5 3.5928514758528935E-4 0.3182572101883771 0.32190166686359417 0.1861820759586799 0.07576328964534429 0.186785665539971 8.518240412221719E-5 0.19293840900255024 0.0017845378882465773 
1857.775431376835 5.759857100413207E-5 1.7890167152277193E-4 0.3179113652450874 0.31793815084440213 0.19814413000113054 0.48480469708958107 0.2759835857749984 4.852385691807501E-4 0.08985368785220668 2.433193397850911E-4 
2271.102489514323 7.967316590742635E-6 2.460174218056404E-4 0.318427843148439 0.3221731452242069 0.5301324248035182 0.7899751183219532 0.40503021551420576 2.05199418208047E-4 0.0653306718926833 0.0013185210699951208 
4272.572701712076 2.419775574603647E-5 8.11291581333991E-4 0.31770994253381996 0.3215160044337959 0.34425356306115273 0.6677378175709903 0.31857023520121824 1.6833200491531966E-4 0.009062492106307815 9.025703880330315E-5 
39916.30819447834 2.5404751514175995E-4 2.7274668822764526E-4 0.19759500430575216 0.2886532347110869 0.9997594409383328 0.7875169200109118 0.20955623940793555 1.0039520943223824E-4 0.00437557880032681 0.023913146075911995 
3686.4320790311504 4.751941773951623E-5 5.081201714217653E-5 0.3140856889450363 0.31900171215745576 0.39705983783037097 0.3023586774324727 0.253331902909964 0.0016304792401996312 0.05825985776110504 3.087302511786041E-4 
1993.6823022990397 1.8271944801579953E-4 1.9010169129303077E-4 0.3128365562301908 0.3194927218705651 0.23001662640094422 0.931019799494818 0.31091157902933947 5.376346271271853E-4 0.017544032345682595 6.159509702511785E-4 
1813.7996611009596 1.4871239848949537E-4 2.707950206400423E-4 0.3178204606485504 0.319587322025504 0.3826108254996861 0.9011403936548628 0.2991200401950741 1.441861180148632E-4 0.039382385270728876 0.0014246846959609753 
5325.676554565287 1.8065052802799504E-5 2.4582610703574625E-4 0.31787801837751845 0.3180051791710568 0.6237956322779271 0.8268721616937642 0.37742597378613757 0.006558849259985412 0.007238336321826067 0.001939740548504382 
1659.5233714535264 1.0588971890006666E-6 2.3992882819082114E-4 0.3176267768236178 0.31946929910667715 0.8498417687222936 0.5382063099746854 0.028444722864450295 9.820110471638087E-6 0.06285874836970945 0.001618664521202592 
1813.7996611009596 1.9094251021125843E-4 3.8133540901057406E-4 0.3178309227487102 0.319587322025504 0.4712872335916938 0.5592608890453091 0.2993927938112122 0.004096209932214703 0.039382385270728876 0.0016609893191410396 
22746.235112936534 5.489956501210361E-5 2.9989052056771505E-4 0.31666699230376255 0.32175502828879754 0.9953542764778337 0.7443522611111912 0.6379490919369779 4.638544613354723E-5 0.10653366016379284 0.005832592044955956 
1903.700614534565 1.4285302074549488E-5 1.6077308286271882E-4 0.31797166629245477 0.3195003259589482 0.5768006027772562 0.9205946074987146 0.07213066190389755 0.0013181705219868257 0.06155393166493892 1.1600969988036225E-4 
1366.2926664196696 4.8823010973860306E-5 1.8865063298103304E-4 0.31766726588115596 0.31776738352238965 0.24206196268189806 0.5332989896604657 0.3094752160015759 0.0025701477153928206 0.18002381820781915 1.292463007929014E-4 
1958.1785024412206 1.0807103766925841E-5 1.8268758015984793E-4 0.3172268079912969 0.31989774304241814 0.9387261744935317 0.7380231050517749 0.27617930854918005 0.0015424313712793713 0.020806372192689403 6.064450075514102E-5 
2142.9347783838043 2.170051819488043E-5 3.761017433313731E-4 0.3174939065545689 0.3190461945316235 0.029384622908995683 0.7596692323645169 0.14369623359227895 2.2443906083692634E-4 0.026913486736011526 0.0011106798297710854 
4272.572701712076 2.419775574603647E-5 8.11291581333991E-4 0.3173113851198295 0.3215160044337959 0.3571577328065988 0.5423423578220302 0.23732835633789134 2.920792976694584E-4 0.009062492106307815 1.7238653436644417E-4 
1586.058958471194 5.877919577173217E-5 2.268899623812627E-4 0.31846791050817774 0.3194420266423612 0.8141902634663507 0.751068620977472 0.2701215225337314 7.6166398497548614E-6 0.15748080711892679 1.826095577736539E-4 
5590.8651840933235 9.284023997156328E-6 3.128819505777823E-4 0.3176618364572257 0.3192505564730177 0.7578362583308171 0.9444105710228716 0.2440907893496994 3.729548562337443E-5 0.11686261521427808 4.455602850387955E-5 
1297.381352463481 1.4947142800602441E-5 2.098710903129908E-5 0.31824328911136657 0.3187278194167136 0.4416181406960342 0.9406256970595022 0.7778913287800676 0.0011090830244586884 0.001845300638383257 5.572807380961027E-5 
1282.1687684667634 4.3960170679524665E-5 6.456986097682472E-5 0.3178488111916609 0.322940939620198 0.020250010518070766 0.3874285208512675 0.799494937533203 2.4704995767643078E-5 0.0907939576128028 2.3364215169007592E-4 
1533.3635986204918 1.9094251021125843E-4 3.264388296896521E-4 0.31480473273090454 0.31955415864744585 0.34102309878615683 0.3471049038231676 0.2985683727681351 9.945477740127032E-5 0.036817343921765285 1.355324921089037E-4 
39916.30819447834 2.5404751514175995E-4 2.7274668822764526E-4 0.20967750601721258 0.2893214833810057 0.9997594409383328 0.702811779139209 0.20955623940793555 9.39332782735831E-4 0.00437557880032681 0.0011013068908300727 
1859.5545629436888 1.4132911562505357E-4 2.0854828138613897E-4 0.31752156631591466 0.31961138936040756 0.22065407476068416 0.4936639544887123 0.19442443396283768 4.34016075998082E-5 0.14514296879231406 0.0015958585735928589 
1967.8778389346626 7.526593975262606E-6 1.9987889485506918E-4 0.3182496764734697 0.31946639436235114 0.5554185523512228 0.9082514578935769 0.3634854905315172 1.7205446180495337E-5 0.022804190764260795 2.0211284282177315E-4 
1338.6632346494569 6.742709743001006E-6 1.93267307047586E-4 0.3169115177111061 0.31880954068591666 0.6098073969439654 0.9406256970595022 0.7632301952337338 0.0011090830244586884 0.01654131716388816 4.0258846580924843E-4 
2263.764041924445 5.126062112548776E-5 1.1971778179585947E-4 0.31832594900378214 0.3194909769714973 0.16726724608350182 0.9192448897725053 0.19148511452250228 0.0019904155906100016 0.15274665201731705 0.0017513905370672217 
1857.495485367948 1.9776448071583328E-4 0.0012209950020837896 0.3143184172139849 0.31683318350282513 0.012410767271466297 0.27937758604980495 0.38465127332713034 4.678119332882025E-4 0.06899199407531754 5.7900529507338636E-5 
1843.515287698895 3.47238425065172E-6 8.673636633791332E-5 0.3174014973546146 0.3190111998637185 0.7422880634610889 0.5669399687073519 0.20688174422632385 1.5885765495854388E-4 0.03354358687462685 0.0010132457427407644 
4932.115380837529 4.2036193630674905E-5 5.6832439209859265E-5 0.31844878277114375 0.3190492141576175 0.7932711160842295 0.7412034247827751 0.31523269590686304 3.7986579039155063E-6 0.2342194932204098 0.0015988424347602019 
2049.395730412787 2.7375769066604096E-5 7.53201533633874E-5 0.3109821101938139 0.3190537394116552 0.6980100505055666 0.3559737475750784 0.2672388580442136 0.006287219457393166 0.2904764300201329 0.00170093612322591 
1299.9875454984367 3.2182442507385265E-5 4.2797008994550456E-5 0.3170424947177657 0.3194686957936801 0.07023288160375402 0.9214406683398588 0.2061151811045811 1.7205446180495337E-5 0.03367454741754826 2.294044738381174E-4 
39980.68835934979 8.961730309191411E-6 8.320294836223104E-4 0.22815881810563376 0.28608672350452147 0.9992645634080262 0.756570231672396 0.2533665247063001 0.00569860054710753 0.016100790726252395 0.001803125872948395 
38959.425668851225 3.0183237003113226E-5 2.1617924033229635E-4 0.12907321759039944 0.2823339973527685 0.9994048271928981 0.7372102412251611 0.12130489737125616 0.0053992760714652 0.02192471272568998 0.0016126506268939289 
1141.4616159440302 1.8662373351893756E-4 1.947678658044379E-4 0.3167139219432496 0.31784687120675537 0.6707842323007168 0.3979976056256891 0.44021625735592873 0.0011303239120766546 0.017540503339313604 5.887170122334151E-4 
1439.4418743483384 1.4285302074549488E-5 1.6077308286271882E-4 0.3173667050526729 0.3195003259589482 0.45434395272181466 0.9082514578935769 0.07213066190389755 0.0013181705219868257 0.0020069966798961746 1.1600969988036225E-4 
5059.9065307052915 1.765392670310512E-4 1.8865063298103304E-4 0.317642496426424 0.3177419599418751 0.045905490078632705 0.2517690559760487 0.18357436284983678 0.002334243296883996 0.14636314711770324 2.2841694768891113E-4 
1821.8465788269518 1.093234151616103E-5 4.934581677354174E-5 0.31677546634106696 0.32300281593072366 0.7293555608777869 0.9529378226988723 0.08644332848668133 2.3227035317656335E-4 0.025897606507949034 1.9323745495535352E-4 
1890.5034937195173 1.6492451940330043E-5 2.944054470318869E-4 0.3181943013432068 0.31912585267281407 0.3678434205116778 0.2886890510263784 0.3248282252147013 3.8931746166691664E-5 0.1140054239212981 2.6321613249569864E-4 
1439.4418743483384 1.4285302074549488E-5 1.6077308286271882E-4 0.3173667050526729 0.3195003259589482 0.45434395272181466 0.9637719217918839 0.07213066190389755 0.0013181705219868257 0.0020069966798961746 1.1600969988036225E-4 
5059.9065307052915 1.765392670310512E-4 1.8865063298103304E-4 0.29796769850506416 0.3177419599418751 0.045905490078632705 0.2517690559760487 0.18388999344168838 0.002304669209634242 0.14636314711770324 0.0017445214420675876 
1156.2914808915336 3.59376471577551E-4 3.7362899181064553E-4 0.3181138093798523 0.32189498152070006 0.2769336719156632 0.7561918087469476 0.4773855056928662 7.386157062954906E-4 0.07051301519384948 0.0017845378882465773 
1276.26986573969 2.4476283171554894E-5 2.5479401012051063E-4 0.31769432303184997 0.3182458172645782 0.9969064040646145 0.860846292757125 0.32675798468801803 4.197860402922706E-4 0.1677646184277545 3.4798472201451986E-4 
2101.7779226527155 1.8640522349227991E-4 3.3325377025926104E-4 0.31923740886416463 0.3193935652304354 0.6489533811370217 0.3354688799846306 0.18251679404138865 0.002374041926731233 0.16961942342341652 2.2913623439341804E-4 
1785.4969359445936 2.61939138670675E-5 0.0013223933836016824 0.3176291728427665 0.3214684155977988 0.5862098786977361 0.3328724538522116 0.027461928098408722 6.475432255045627E-5 0.1304286016971565 0.001877642317691293 
1342.6128350033152 3.8055099472878916E-5 2.24282318276639E-4 0.31843347311333153 0.31970980198444127 0.9552550900763062 0.42744996872758345 0.2415276518262635 5.491890648834895E-6 0.15865366236185893 0.0015571043938305356 
1893.4982156049846 1.646760347729998E-4 3.5535043906212676E-4 0.302358879372904 0.31725788506911434 0.8910736498483345 0.7787740489438664 0.32395437196369353 3.949464061965254E-5 0.11306776374581042 0.0015790596340901752 
1333.6862539413914 2.4476283171554894E-5 2.6370193862767767E-4 0.31691404586431776 0.31769432303184997 0.5443735474986764 0.860846292757125 0.30760980305599706 4.197860402922706E-4 0.02212102038455077 0.0016639607241016562 
1633.7599829414187 4.642419206302098E-6 2.535988901303679E-4 0.31065409271880357 0.31954667610692944 0.14386219984142704 0.7547927393430852 0.023345082091940778 3.413662784371058E-4 0.03039453960782571 7.870190150784107E-6 
1282.1687684667634 4.3189240550107695E-5 7.016359394215486E-5 0.3178488111916609 0.3182607280495111 0.41726635129494427 0.3874285208512675 0.7889884302322743 2.4704995767643078E-5 0.08844667755677717 2.3364215169007592E-4 
2289.893327914864 3.7029963483077745E-5 2.1410230231889703E-4 0.31778951627680735 0.31947999360741614 0.9487570897523205 0.8939911155021152 0.19097024888257336 0.0019237036002291708 0.14576726670868917 0.0013600340445250013 
1366.2926664196696 1.1592594216171853E-4 1.828022803441537E-4 0.31766572766039375 0.31776738352238965 0.29750191937619497 0.7496381585971506 0.30805120789103646 0.0209879549279219 0.14636314711770324 0.001648489052978748 
1983.8188049466257 7.526593975262606E-6 1.8949131346361733E-4 0.31304719695245875 0.31946639436235114 0.47147804540365934 0.9082514578935769 0.3634854905315172 1.7205446180495337E-5 0.022804190764260795 5.566351967112334E-4 
1517.9378805166064 9.151875697447503E-5 3.607574306194509E-4 0.31745854039911786 0.3194897643306778 0.7174254454813003 0.8887514842782529 0.03174537828483215 2.1138167634395704E-5 0.38416590382402566 1.2997444548044844E-4 
1533.3635986204918 1.9094251021125843E-4 3.2054265705139424E-4 0.31480473273090454 0.3215510475767508 0.3066779771676026 0.3471049038231676 0.2985683727681351 4.644293957661687E-5 0.011377245969674422 0.0015504546399532407 
1325.3564438828757 5.962482201165775E-5 3.1842363634983163E-4 0.3176683751277457 0.31776609964550206 0.7121365888368397 0.8923811163725549 0.3135700477199339 3.079661288227162E-4 0.11137339166429511 0.0016491272652584322 
2007.763973448714 2.2439081992794356E-5 2.1022670570281578E-4 0.3140856889450363 0.32207723064470567 0.7848537866142818 0.8036428577428092 0.10971643275443851 0.0016304792401996312 0.07820048583936849 1.8621562613713465E-4 
2264.133170860852 1.656816434674161E-4 2.0787705522951993E-4 0.31833091565060206 0.3194383963479489 0.1574458343980118 0.29331588481084925 0.3078291025886328 4.641791271693082E-4 0.14456232173876604 0.0013346667676233728 
1331.580489682937 2.389234764111347E-4 2.947943465988281E-4 0.3176308277893683 0.32240853152964477 0.8424751332217555 0.7029150512320351 0.30358106416723074 4.124993951830682E-6 0.010444177320819311 0.0012334562004277844 
1613.4067493489385 5.877919577173217E-5 2.2536225141970317E-4 0.31846791050817774 0.3188839236136548 0.8050724240828081 0.751068620977472 0.2701215225337314 5.899984839529906E-6 0.15748080711892679 0.0014947009120639208 
2539.403603137787 8.323206746823385E-5 1.9324918398158338E-4 0.3174804887918633 0.3194780731941041 0.00231200604772952 0.5107256687502831 0.0207449617244055 7.18587216342672E-5 0.15711547757412708 1.424559277531332E-4 
15258.855098090888 1.5177352602554285E-5 3.346010206617443E-4 0.31803010032134976 0.31901469651735626 0.986481940416058 0.7533569047666809 0.693399637967237 0.0012036867140640846 0.11330040808426017 0.0017072410686040807 
1297.381352463481 1.4947142800602441E-5 2.098710903129908E-5 0.31824328911136657 0.3187278194167136 0.4251218594690522 0.9406256970595022 0.7778913287800676 0.0011090830244586884 0.15023455131503333 2.125701109613655E-4 
15614.757522968875 5.2952411658533654E-5 5.771389945638682E-5 0.31666699230376255 0.3190202476756409 0.9994775543727387 0.07584197726631414 0.6465118095186535 0.0012178034123699701 0.16057785880081654 0.005832592044955956 
8302.630819696478 1.1112188313088672E-5 6.925154390895871E-4 0.31784549910213394 0.3189191636675946 0.823232299165465 0.3914355348920051 0.2698098683724442 8.876717728142274E-5 0.16997716219224562 1.2886724774319484E-4 
5032.333739170525 4.188284082401472E-5 7.53201533633874E-5 0.3109821101938139 0.3189635439245564 0.6466702230945692 0.914967700526473 0.19488442677116716 4.3205525066863275E-4 0.0341749159906164 2.047815486996304E-4 
39980.68835934979 3.190245209461696E-5 7.2777671513588E-4 0.14998699840485197 0.2823339973527685 0.9994048271928981 0.7372102412251611 0.12130489737125616 0.051766733804364674 0.02192471272568998 0.0016126506268939289 
1821.8465788269518 2.1853440813760706E-5 6.400140190618731E-5 0.31677546634106696 0.32300281593072366 0.07755435086296097 0.7579283985714285 0.19314189761882838 2.3227035317656335E-4 0.03359700715319158 2.0313023282098985E-4 
4206.404970027475 1.4672232790520655E-4 8.191162415213072E-4 0.3178309227487102 0.32179134713005936 0.3826108254996861 0.5595231425620139 0.2993927938112122 1.441861180148632E-4 0.039382385270728876 2.9599025936280303E-4 
1377.1760251896203 1.5162082140415567E-4 3.0158415565991343E-4 0.2968807078898973 0.3177327269807563 0.8847724743974787 0.6254719018450705 0.3210148830829813 0.0010559416460516563 0.1574676464306327 0.0017537794796890788 
1623.998627127273 3.938651976116496E-5 2.531628202060011E-4 0.3176280649903465 0.31949710844925483 0.6788843060076042 0.559092093922974 0.023345082091940778 3.007276774338232E-4 0.01152647939418739 1.4858665659223474E-5 
15258.855098090888 1.5856397259636E-5 1.1564946902189484E-4 0.31811123657496015 0.31911519612889533 0.9972860199973634 0.7620336447645281 0.6636172258744613 0.0012036867140640846 0.029233596657997483 0.0017072410686040807 
39980.68835934979 3.403136014603722E-5 7.233975253342079E-4 0.2823339973527685 0.3182422751474648 0.9972772544131991 0.8075226388471443 0.12130489737125616 0.0011603766010122745 0.18279905862481038 2.97929037517298E-4 
1633.7599829414187 3.938651976116496E-5 2.531628202060011E-4 0.3176280649903465 0.3195002117367254 0.6788843060076042 0.5725287369686746 0.023345082091940778 3.007276774338232E-4 0.03366319466662574 1.3018501085124406E-5 
1983.8188049466257 7.526593975262606E-6 1.8949131346361733E-4 0.31304719695245875 0.31946639436235114 0.5448815433698747 0.9082514578935769 0.3634854905315172 1.7205446180495337E-5 0.022804190764260795 5.566351967112334E-4 
1338.6632346494569 6.742709743001006E-6 1.93267307047586E-4 0.3169115177111061 0.31880954068591666 0.6185010075831086 0.9406256970595022 0.7632301952337338 0.0011090830244586884 0.01654131716388816 4.0258846580924843E-4 
5805.376641694071 9.284023997156328E-6 3.128819505777823E-4 0.3176618364572257 0.3192505564730177 0.7684450785639368 0.9431542164428826 0.09784148202327814 3.729548562337443E-5 0.1162920362429451 6.876378081563286E-5 
5325.676554565287 2.2761274282581863E-4 2.462320332164566E-4 0.3175591207141543 0.31787801837751845 0.6318800854461177 0.7479595338949209 0.37742597378613757 0.006102317710125203 0.007280855393534187 0.0019403041321764075 
2263.760162045456 3.418226202442802E-5 2.1410230231889703E-4 0.31489326076979274 0.3183309204734275 0.036446969270639784 0.9573819585229832 0.19097024888257336 0.0019237036002291708 0.036857791059932456 0.0012995249722079995 
2271.2865225853047 2.4350948781371867E-5 6.983840829646973E-4 0.31845735707506606 0.3221731452242069 0.5657819894885943 0.7897735358882545 0.3714850991283054 2.05199418208047E-4 0.06781198408119607 0.0013170985608595756 
5577.864586470462 2.7466341340179823E-5 1.5539890524286597E-4 0.3176618364572257 0.3214505422578798 0.7578362583308171 0.9443559765164723 0.2440907893496994 3.729548562337443E-5 0.11686261521427808 4.455602850387955E-5 
1476.3572525200361 1.8670330973494326E-4 2.062057882752668E-4 0.31781997532290174 0.3192253910115199 0.14309540098407691 0.32045993373114445 0.31091157902933947 5.30586209804278E-4 0.147054715059089 2.504222075998525E-4 
1630.668328836255 1.5162082140415567E-4 3.082179546967048E-4 0.31852146092143324 0.3190223718528323 0.8822982852720015 0.625893551180048 0.34343997829491524 0.0012686635859559471 0.1574676464306327 2.717632303755698E-4 
2263.760162045456 3.418226202442802E-5 2.1410230231889703E-4 0.31489326076979274 0.3183309204734275 0.036446969270639784 0.9573819585229832 0.19097024888257336 0.0019237036002291708 0.036857791059932456 0.0012995249722079995 
1338.6632346494569 6.742709743001006E-6 1.93267307047586E-4 0.3169115177111061 0.31880954068591666 0.6185010075831086 0.9406256970595022 0.7632301952337338 0.0011090830244586884 0.01654131716388816 4.0258846580924843E-4 
39577.317665964714 1.3403873783801545E-5 2.965188684476496E-4 0.31780627387115407 0.31821703313743877 0.9987979403065488 0.7838769477279914 0.33412211019921856 0.007499599867746441 0.31099686002326044 0.0031282921538358516 
1079.2386743979787 1.765392670310512E-4 2.3636268864081028E-4 0.31766726588115596 0.31776738352238965 0.8739035788054984 0.7249198271388684 0.3203779139143131 1.908455607379715E-4 0.14636314711770324 0.0017333249236105382 
37670.73980691879 3.403136014603722E-5 7.04184638156004E-4 0.282330147244798 0.318245863198122 0.9983122275470763 0.7352180897357808 0.12130489737125616 0.005496307284085099 0.16738375544651346 2.9812925788209903E-4 
1041.5975082757836 3.579243386910406E-5 2.7502181024162116E-4 0.31805599424508546 0.3194426730153038 0.3328995135049815 0.5657315245233239 0.05585086840122894 7.165300186596276E-5 0.0210307607314704 0.001858712744180505 
1377.1760251896203 1.5162082140415567E-4 3.0158415565991343E-4 0.3165555058112572 0.3177327269807563 0.8847724743974787 0.6254719018450705 0.3206992543948576 0.0010855163402018009 0.1574676464306327 9.086526637227914E-5 
1368.1187861915294 1.9094251021125843E-4 2.9190106428193E-4 0.3178309227487102 0.319587322025504 0.29310083820031285 0.3471049038231676 0.3005361801328303 0.001274788490782902 0.023922644625812114 0.0015412312783963204 
1901.808288858571 4.2036193630674905E-5 5.6832439209859265E-5 0.31844878277114375 0.3190492141576175 0.7846774880392893 0.8071459729357935 0.31378490438734136 3.7986579039155063E-6 0.10492340670790512 0.0014998929879325832 
1041.5975082757836 3.776713412425381E-5 3.3654655883035337E-4 0.31804553214492565 0.3194426730153038 0.3328995135049815 0.9076821125135317 0.05585086840122894 7.165300186596276E-5 0.0210307607314704 0.001419288988451586 
1431.659191407205 9.963233719623942E-6 1.6077308286271882E-4 0.31705761557071865 0.3173667050526729 0.7268444753260901 0.7577448373582686 0.17683896208131383 0.002281293575145073 0.08890214372988928 6.488689917632368E-5 
5805.376641694071 2.7279541780485608E-5 3.128819505777823E-4 0.3180175526104471 0.3214684155977988 0.5926727093676091 0.9431542164428826 0.24383672932868103 3.729548562337443E-5 0.1304286016971565 2.0049937358624937E-4 
1894.5925462834034 5.7226163228148483E-5 1.6657273226852027E-4 0.3019195857604516 0.3172698731174456 0.07023288160375402 0.9082514578935769 0.2061151811045811 3.933066663593125E-5 0.03959949476411897 2.297336571160228E-4 
