14999.531770068632 13.468843710036365 
5568.969961879473 13.472897426612263 
5568.969961879473 13.472897426612263 
10031.673940794668 13.43068246390247 
12589.882698955895 13.223808102195534 
9919.974184279374 13.473744658862609 
11012.19218829009 13.488010371903398 
10392.131457253348 13.46735328753104 
12058.315566099947 13.4766865036553 
12463.418037293784 13.333672124168237 
14052.372124293448 13.47468253582615 
6468.363493381126 13.474929552745259 
6879.419418634325 13.4776855931839 
9413.466784484162 13.467587340517909 
8931.765411554046 13.4756974302706 
6683.600530102348 13.47684462621201 
12739.475348181642 13.463589779840929 
13030.228754552247 13.457278510606029 
6657.645941315348 13.525107827229974 
9769.399214791432 13.463146288878656 
14496.96371090058 13.45997178277247 
10205.990226701455 13.478153969318791 
12167.946948858042 13.133076250249976 
10723.712588094886 13.464666417622457 
7417.027166946079 13.455141995887482 
6156.901744285495 13.490793609769902 
14412.144942144248 13.594104829473816 
11180.27994551757 13.131931079242168 
8332.825226780422 13.468026565439606 
7536.007935689659 13.14330220262533 
14302.679079165311 13.461809530026997 
8822.032497698485 13.4756974302706 
11337.893732252316 13.518039984958317 
9275.397280660429 13.477099852626646 
10244.445158422935 13.457278510606029 
11918.34423511768 13.477099852626646 
5822.158918013502 13.45892367219591 
7152.542137933132 13.46968974945616 
13406.38495248402 13.47286371616994 
10810.487295204248 13.467587340517909 
7762.719795752111 13.430812987970635 
9061.14465262851 13.033087949232431 
5735.587945599912 13.33210242366033 
12271.44056770616 13.463589779840929 
13855.538012657546 13.45997178277247 
13855.538012657546 13.45997178277247 
13159.273069286688 13.474772524626662 
7321.410189893524 13.467327268018169 
11211.696184322525 13.470252961550065 
7869.466316249709 13.455968441885643 
6431.449421629157 13.570441682494746 
8460.544990822664 13.139781903104382 
9509.597278818826 13.508035136637487 
14206.333978962914 13.463431789339 
13732.073806173492 13.45441168598292 
14795.623212828457 13.47009535434903 
12343.070624406826 13.445500731773484 
8576.432587354286 13.478081281056035 
7050.440518263452 13.491002998637859 
5922.1355608271115 13.45586480046187 
8634.210048086745 13.089029881276977 
14669.65859726467 13.231658359271352 
6086.332486299931 13.489197490918228 
7972.460878602635 13.45586480046187 
14738.027689339859 13.461809530026997 
8259.174554591347 13.453698929310809 
11734.950523341118 13.474778374622039 
9653.410037069229 13.042208436563017 
13492.55818092023 13.475247274410545 
14878.974274708236 13.471779051740441 
7699.027475207566 13.333672124168237 
12941.981572495444 13.463759237798412 
11629.745675121 13.275298184461606 
9703.43171791047 13.477105586179059 
10605.379210047025 13.13052212334145 
6037.911453476827 13.634447470706853 
8147.312960462468 13.45397407143202 
11608.484905116191 13.478153969318791 
8481.918224277082 13.430537845849425 
10926.421943309539 13.495801316068967 
11874.463435626263 13.434557705944215 
8715.93836739503 13.135883032006381 
10892.269800688046 13.46928831450049 
13313.650431672682 13.466813420148725 
14088.394036330888 13.471406811286231 
13573.422572025996 13.460983237440784 
12803.566035649774 13.474441858014798 
8199.536374596946 13.333672124168237 
9146.190251821174 13.45397407143202 
12848.850791906812 13.44283413211376 
13187.82815669543 13.434557705944215 
7615.30693737062 13.468026565439606 
7231.651643524722 13.4746172179582 
11510.71670605331 13.46958625039198 
12905.112287197255 13.468843710036365 
5959.7258367101595 13.489197490918228 
14606.121733475537 13.460064881412944 
9107.345732969852 13.495801316068967 
5649.548251364404 13.479281712035576 
7257.9380796301975 13.4746172179582 
14999.953464646313 13.463934875757015 
14999.953464646313 13.463829618365123 
5566.023108052501 13.46469994606991 
9655.766049393718 13.456729220268715 
9361.940459384075 13.477639620838854 
10828.067641257187 13.465436247024966 
12057.457818423562 13.44999403151277 
10659.327572342561 13.458726440266569 
7681.829297583352 13.46440893083535 
6616.885941046463 13.47683748352705 
6840.687817231941 13.483309892291093 
6278.723083671017 13.464615723534797 
8396.224317068816 13.464349756893355 
8230.796432956753 13.478300934716938 
13427.466555994264 13.458725120173515 
13580.204917241557 13.478764046985363 
11874.828068613417 13.479490545895757 
10175.448042334267 13.456484811399177 
6703.8737259765185 13.465024789655086 
9059.709358953507 13.476114442039203 
10948.560161654106 13.454060489923064 
11347.778178355547 13.479490545895757 
14316.10812380717 13.288163316417513 
12238.07174513333 13.45649733493737 
14194.604728691387 13.46641367302392 
14621.373766497458 13.473847254289828 
8725.993578181915 13.463979321356193 
7464.767193358639 13.47012147888233 
5990.5007998982255 13.454789559605638 
12151.586174032704 13.438785850311922 
6439.902387543032 13.46579395550439 
12965.54061078395 13.479512105287851 
13980.909417213295 13.463991540679185 
6457.725204556268 13.463934875757015 
10306.377567192849 13.479493461528982 
14503.264524430595 13.473847254289828 
11845.802974466096 12.756717164797145 
13235.865426266228 13.478764046985363 
11233.269763627397 13.47012147888233 
8472.132683661788 13.47683748352705 
12375.087809688392 13.623781336113893 
11185.780636879217 13.034550752000438 
10575.369677334791 13.49654332823849 
12494.672049415398 13.47893373541632 
14959.52423197986 13.464407898622005 
10084.482919776972 13.47683748352705 
8922.842127191325 13.463979321356193 
6954.989192624179 13.47683748352705 
7808.724175122668 13.479455351348337 
8627.823469452083 13.034550752000438 
12565.606800010759 13.455615135557888 
13031.3046259048 13.470278425017373 
12860.35689937642 13.456484811399177 
8565.540285591955 13.456484811399177 
10448.562996501902 13.478912176024226 
14098.320582097713 13.463991540679185 
14396.695848265346 13.463565424212538 
10347.03894685773 13.483887135794925 
11707.380535409258 13.479490545895757 
12408.337533919024 13.093339727855122 
9145.252518103394 13.478764046985363 
13832.166078878226 13.478764046985363 
11553.13777695179 13.474608204242479 
13106.500010400508 13.470278425017373 
11448.047044058267 13.47012147888233 
11068.26836215119 13.478411009141407 
13654.632752031068 13.478764046985363 
5898.183473849825 13.466810768490014 
13164.810781544402 13.46222034301208 
9755.959262768061 13.473717035279527 
13931.187972499483 13.437653911019332 
8815.746971588156 13.465436247024966 
5655.790304045542 13.464101594980168 
9892.24146018432 13.458628069650024 
5793.93211720964 13.463934875757015 
11669.5914131991 13.46742197616949 
6193.586896840231 13.463515514155329 
13722.271849458326 13.46440893083535 
7919.211371525313 13.471119873308105 
7197.681406312657 13.470427739184096 
7164.905399184088 13.473847254289828 
7919.211371525313 13.471119873308105 
7075.631598394825 13.455689413183737 
12714.848528160077 13.478764046985363 
10494.962076808159 13.49860326779067 
9994.826980806702 13.483887135794925 
13333.272659371263 13.478764046985363 
8157.503006580454 13.47012147888233 
14690.300916849683 13.479492945070172 
7362.088350780249 13.456352488233598 
7287.334391944638 13.478760550556432 
11050.535916235382 13.498548070427061 
7553.7826304270275 13.47012147888233 
7836.675353839381 13.47843100191997 
9784.098564848955 13.455615135557888 
9314.865405497469 13.479490545895757 
14455.723592071296 13.478764046985363 
6179.833990659676 13.674455430290577 
12769.780697572698 13.463877013615791 
14787.065666229475 13.483309892291093 
