-0.567 6074.0 
0.625 2833.0 
-0.567 6074.0 
0.625 2833.0 
0.409 2969.0 
0.154 3130.0 
0.365 3001.0 
-0.537 4785.0 
-0.128 3323.0 
-0.565 5848.0 
-0.081 3287.0 
0.572 2866.0 
-0.494 4282.0 
-0.546 4968.0 
0.265 3060.0 
0.197 3112.0 
-0.548 5045.0 
0.605 2846.0 
-0.157 3357.0 
0.349 3009.0 
-0.468 4076.0 
0.297 3040.0 
0.047 3196.0 
-0.483 4215.0 
-0.543 4902.0 
-0.522 4553.0 
-0.551 5106.0 
-0.566 5939.0 
0.173 3117.0 
-0.479 4129.0 
-0.541 4839.0 
0.32 3026.0 
-0.533 4689.0 
-0.555 5264.0 
-0.564 5776.0 
0.22 3092.0 
0.085 3176.0 
-0.429 3907.0 
-0.236 3436.0 
0.542 2890.0 
-0.561 5569.0 
-0.048 3259.0 
-0.405 3813.0 
0.463 2941.0 
-0.065 3271.0 
-0.294 3509.0 
0.476 2932.0 
-0.556 5330.0 
-0.326 3567.0 
0.113 3159.0 
0.521 2904.0 
0.023 3214.0 
-0.557 5376.0 
-0.56 5526.0 
-0.253 3451.0 
-0.506 4351.0 
-0.168 3362.0 
-0.302 3535.0 
-0.352 3644.0 
-0.552 5173.0 
0.556 2877.0 
-0.439 3941.0 
0.441 2956.0 
-0.502 4325.0 
-0.363 3655.0 
-0.264 3471.0 
-0.553 5207.0 
-0.112 3309.0 
-0.319 3551.0 
-0.481 4174.0 
-0.423 3850.0 
-0.559 5462.0 
-0.566 5939.0 
0.111 3161.0 
-0.532 4666.0 
-0.461 4031.0 
-0.558 5437.0 
-0.001 3225.0 
-0.518 4496.0 
-0.443 3972.0 
-0.22 3417.0 
-0.207 3400.0 
-0.563 5723.0 
-0.562 5642.0 
-0.03 3245.0 
-0.509 4417.0 
-0.453 3988.0 
-0.341 3605.0 
-0.014 3234.0 
-0.189 3380.0 
0.507 2908.0 
0.309 3033.0 
-0.562 5642.0 
-0.515 4458.0 
-0.425 3855.0 
0.441 2956.0 
-0.528 4610.0 
0.233 3085.0 
-0.384 3725.0 
-0.19 3381.0 
