648.393539622607 0.06078190551324587 82.0 1499.1436859047105 1455.0121088486853 758.2205736181804 196.0 
1.3781391917565906 65.76099002746274 250.0 21.879598441615283 164.3271033294983 45.5929244877955 0.0 
0.2564233115591573 50.518482649353444 248.0 22.258851241452113 306.3327237880808 32.497342714207036 28.0 
7.56952004115583 0.4445728798189028 121.0 1033.1964523292343 439.7308096328211 234.19973646849633 196.0 
4.034295681516383 43.96789470330482 226.0 195.84073563613265 308.11899199473 106.55489179828973 30.0 
253.7430846682848 0.4086221751984649 82.0 1499.9711960721472 1168.6466140824705 693.5358256492411 196.0 
0.26169755652832516 45.20694030976993 249.0 22.258851241452113 286.1732198407725 32.497342714207036 46.0 
36.43231970696898 0.1744561235608435 104.0 852.5306669635908 489.5327490860137 154.2136579792276 200.0 
0.3154659432129481 45.35100164838456 229.0 278.18997077514996 318.04745623746345 50.04722593856386 38.0 
68.4975101903204 0.05912537132785789 83.0 1499.059871579049 1041.5137759089764 763.3505551169832 196.0 
0.21799958198395838 42.74191410159568 252.0 3.361856857605659 248.96355955871772 28.69579573263815 55.0 
69.62830463675132 0.3855851542334935 83.0 1485.6712663273668 932.4944765031357 490.6323285164019 196.0 
0.27191684616404 42.40897908107084 229.0 347.11310109097803 301.48268889135926 28.69579573263815 38.0 
0.2546115059389945 45.20694030976993 229.0 278.18997077514996 218.22418347880506 30.94587920918035 38.0 
79.08499109156642 0.25311368305193865 83.0 1490.205110733175 805.4571791245314 628.598138887662 196.0 
0.07371461726608602 47.39864464359792 250.0 23.287934017999756 187.0678427489245 31.21917702601898 43.0 
0.40269581129494303 56.216504690819086 192.0 570.6628946693984 369.512813419012 110.03448271420501 1.0 
64.41177364604718 1.5487645109816839 97.0 1485.6712663273668 1027.3292064559955 478.63035954234374 189.0 
0.2634015575654972 45.20694030976993 250.0 22.258851241452113 204.86196177424944 32.497342714207036 50.0 
1.9120266699637452 43.241449323569356 227.0 201.01286335154458 324.38472406773826 83.56646264223622 34.0 
37.645935428271535 0.16516284662048747 106.0 744.2281905796524 526.5352359151686 153.22441851837914 200.0 
0.6530181790632867 43.902700365602804 238.0 60.72518751038623 308.0643929744256 41.14409545145017 44.0 
25.521186576803572 0.21236591343567815 102.0 1249.8200151792903 524.1837444338487 221.3839025676396 196.0 
0.31463070397213455 45.20694030976993 247.0 22.258851241452113 318.1434320551312 32.497342714207036 41.0 
0.29521150705957666 76.85298508363161 245.0 34.28776848940504 305.584524053898 82.40208642192466 0.0 
59.59682760478293 0.2128519552890829 84.0 1477.3295064338188 566.3916822730308 312.2385089731457 196.0 
72.1459964761685 0.2218823253373967 83.0 1490.5406727961235 1041.5137759089764 500.49786342094285 196.0 
3.1590973938079525 43.1537628502176 192.0 636.7806860612161 369.7707283732652 82.2915148595402 45.0 
436.50380786615915 0.18658454901000626 82.0 1499.6183820311448 1203.5310667968472 713.4679129246954 196.0 
3.851322076889616 43.135882611155175 180.0 636.7806860612161 416.6101418386459 118.5185256857674 45.0 
1.1186986695547585 42.82466035212765 233.0 107.57342863709735 309.7865909138768 40.369672494123 47.0 
70.34743070097625 2.3682949867622973 129.0 810.6959454854203 332.6868859682519 215.53974509656064 193.0 
38.66783888204406 0.176213338567535 84.0 1490.1656506405698 1174.4614968430271 422.4582477289116 196.0 
0.32492922469936936 56.216504690819086 194.0 570.6628946693984 369.512813419012 56.52034304951506 1.0 
0.21799958198395838 42.74191410159568 252.0 3.361856857605659 228.04243756534686 28.69579573263815 57.0 
0.2901315066614825 47.40019843828245 223.0 478.86191362262093 309.9587450143858 62.851031682631444 31.0 
0.2605598549381103 72.90726481614398 244.0 67.23147667048849 218.22418347880506 30.94587920918035 0.0 
38.66783888204406 0.176213338567535 93.0 1073.5215356180086 498.7995556169387 304.017419900799 196.0 
82.61352247297145 0.24560547245449169 83.0 1486.917261553503 793.9311463324326 493.12527939242455 196.0 
3.1517094344160292 3.5668845942856393 192.0 552.3417411158398 289.2818686781678 81.53969649924707 192.0 
0.2585326320919024 43.92831997921606 237.0 132.15941854552557 205.90200478415565 30.52641521022278 49.0 
0.2546115059389945 45.20694030976993 216.0 497.81069753871816 218.22418347880506 83.30063478836868 38.0 
70.25779869361 0.1965590878202386 84.0 1495.9587791387341 561.0695658267882 446.94174838136576 196.0 
65.37564046114743 0.3543317667244048 84.0 1491.526968299687 478.013397412202 313.3040385083728 196.0 
0.2907084288167675 45.20694030976993 226.0 300.89865347740886 286.1732198407725 33.4372378564012 38.0 
39.69188959906094 0.3970983334929549 97.0 1034.8215947308022 438.52869260203363 301.3112562223313 196.0 
37.645935428271535 0.16516284662048747 113.0 744.2281905796524 367.36865414916474 153.22441851837914 200.0 
2.755168108036198 46.07858284082271 180.0 748.8775616652878 350.381150910462 213.7033179681024 35.0 
4.5158292548252525 49.82830426632658 244.0 23.287934017999756 246.47109577908472 62.461894353057374 23.0 
1.682956318806017 62.83159091555993 249.0 21.879598441615283 164.3271033294983 45.5929244877955 0.0 
0.21799958198395838 42.74191410159568 232.0 222.26063560419541 224.9285677066144 28.69579573263815 34.0 
0.26977465425090097 47.40019843828245 230.0 268.2273261756943 306.71854438781884 62.45962725953969 31.0 
3.7484543758132247 0.3970983334929549 123.0 1452.9906683134711 438.52869260203363 301.3112562223313 196.0 
0.5582041743326625 43.96789470330482 229.0 195.84073563613265 308.11899199473 33.59084785825282 30.0 
39.41634514858085 0.17359699190874064 84.0 1492.3278664196985 679.6414418741929 490.52697639887737 196.0 
0.26977465425090097 47.40019843828245 218.0 478.86191362262093 370.4376856023179 62.851031682631444 31.0 
0.25635606497163943 42.85267553152202 226.0 470.402081856464 319.46119422305725 85.05409538025997 40.0 
39.69188959906094 0.3964377360184571 90.0 1034.8215947308022 441.8520683991211 449.92498045164393 196.0 
0.0987779575566774 42.881209853038655 249.0 16.621646817246372 218.23359708811202 68.70654409070397 57.0 
0.05465383134988999 42.891570558208514 228.0 437.268455736878 312.0556224439146 70.85732003605861 34.0 
8.812207885475935 2.4082700112312994 142.0 744.5997123948802 332.6868859682519 233.67824717399384 193.0 
0.05465383134988999 42.891570558208514 228.0 400.0521019124405 312.0556224439146 70.85732003605861 34.0 
29.92699012102478 0.36223004339936216 97.0 1493.7179867966888 587.5728502090058 223.33998218730028 196.0 
182.40977921267023 0.176213338567535 104.0 1072.6158046600442 374.47594213200523 217.19234730573146 196.0 
0.26977465425090097 47.40019843828245 184.0 722.5178938967515 360.9163839910371 154.1275126993021 31.0 
0.5582041743326625 43.96789470330482 229.0 195.84073563613265 308.11899199473 33.59084785825282 30.0 
0.07332644762638818 47.45310145534172 250.0 23.287934017999756 183.2898764607965 83.00730968343251 43.0 
0.25635606497163943 43.03962730168916 233.0 74.51654276175728 370.64443090142186 56.144691690439416 47.0 
679.049306021617 0.17127585727590844 82.0 1493.3669465756823 1404.2604636106714 715.0951980110203 196.0 
72.43637144401931 0.4161521032753515 82.0 1496.0330415743565 1386.7247014763484 579.4525801803907 196.0 
1.296323202172133 47.14051396450021 226.0 358.34251030756394 333.1402754887105 42.40485389233936 30.0 
3.1517094344160292 44.04370347268961 202.0 545.3337278071238 289.2818686781678 81.53969649924707 42.0 
4.256096235344977 0.38942250132871903 143.0 739.1672867236193 467.83676763330243 206.35732123419416 200.0 
38.21318746715018 0.3970983334929549 91.0 1070.8446828482531 568.832953915869 301.3112562223313 196.0 
679.049306021617 0.17127585727590844 82.0 1493.3669465756823 1404.2604636106714 715.0951980110203 196.0 
65.82210747536644 0.36150651794780586 84.0 1493.8679864623357 681.2739927025133 549.6848089087646 196.0 
0.2634015575654972 45.20691320742147 244.0 22.258851241452113 396.8935712772758 32.497342714207036 35.0 
0.22478941212092174 50.95478233058799 250.0 23.287934017999756 246.47109577908472 62.461894353057374 28.0 
0.2546115059389945 45.20694030976993 230.0 497.81069753871816 255.10382264274267 83.30063478836868 38.0 
295.04430654053544 0.33517371977884086 83.0 1492.8910017338844 805.4571791245314 310.24430656602556 196.0 
33.44244273939483 0.17435700170732912 94.0 1447.7835891874915 499.0399530010151 152.29454076316802 196.0 
0.27191684616404 42.74191410159568 234.0 117.58033711371698 301.48268889135926 28.69579573263815 47.0 
74.30360691841653 0.24457317620002006 83.0 1490.7692705655709 1275.059886130976 732.5628304178771 196.0 
0.2235502041255184 45.297397333969556 244.0 23.07512328235395 409.5340395015057 71.36729867772715 34.0 
1.212036376761244 47.4835355618912 243.0 34.64124025812578 332.73603270746406 42.40485389233936 27.0 
25.098556818616984 0.20891934394968936 102.0 1474.9175235134146 524.1837444338487 221.3839025676396 196.0 
0.036317351390958486 43.92831997921606 237.0 136.45138344057804 182.69773999987694 80.96980009193553 51.0 
37.30664068457769 0.35527808613856054 84.0 1485.7742950366655 702.7918380174052 313.3040385083728 196.0 
3.2459664645726143 43.135882611155175 191.0 636.7806860612161 371.13829530477915 118.5185256857674 45.0 
37.30664068457769 0.3543317667244048 90.0 1485.7742950366655 444.818242773507 313.3040385083728 196.0 
3.2945038391851185 2.3683634254514283 147.0 810.6959454854203 332.6868859682519 231.14138767434534 193.0 
72.73571278436151 0.4092723936572429 83.0 1485.2861283119125 756.3657305299386 526.1946505047689 196.0 
4.316765127565329 0.38946553057172933 139.0 739.1672867236193 467.83676763330243 301.1280972841431 200.0 
39.41634514858085 0.17359699190874064 84.0 1490.208319960856 686.4745359759513 560.9195862552012 196.0 
1.3786360692820097 42.09054310050805 243.0 30.763170009858584 250.247441331395 81.60888542489042 58.0 
72.43637144401931 0.4161521032753515 82.0 1496.0330415743565 1386.7247014763484 579.4525801803907 196.0 
74.37996785176762 0.24457317620002006 83.0 1490.7692705655709 1275.059886130976 732.5628304178771 196.0 
4.316765127565329 0.38946553057172933 139.0 739.1672867236193 467.83676763330243 301.1280972841431 200.0 
0.15199478661790522 42.59169362790682 228.0 407.6255939647057 323.53076392233805 83.22950459249697 34.0 
3.2459664645726143 43.135882611155175 191.0 636.7806860612161 371.13829530477915 118.5185256857674 45.0 
