1 390.0
2 390.0
3 279.0
4 279.0
5 279.0
6 208.0
7 208.0
8 110.0
9 110.0
10 80.0
11 80.0
12 80.0
13 48.0
14 48.0
15 48.0
16 43.0
17 43.0
18 43.0
19 43.0
20 43.0
21 43.0
22 43.0
23 43.0
24 43.0
25 43.0
26 43.0
27 43.0
28 43.0
29 43.0
30 43.0
31 43.0
32 43.0
33 43.0
34 43.0
35 43.0
36 43.0
37 42.0
38 40.0
39 40.0
40 40.0
41 40.0
42 40.0
43 40.0
44 40.0
45 40.0
46 40.0
47 40.0
48 40.0
49 40.0
50 40.0
51 40.0
52 40.0
53 40.0
54 40.0
55 40.0
56 40.0
57 40.0
58 40.0
59 40.0
60 40.0
61 27.0
62 27.0
63 27.0
64 27.0
65 27.0
66 27.0
67 27.0
68 27.0
69 17.0
70 17.0
