1 465.0
2 465.0
3 465.0
4 464.0
5 361.0
6 361.0
7 126.0
8 126.0
9 126.0
10 126.0
11 126.0
12 75.0
13 75.0
14 65.0
15 65.0
16 65.0
17 58.0
18 58.0
19 58.0
20 58.0
21 58.0
22 58.0
23 50.0
24 50.0
25 50.0
26 50.0
27 50.0
28 50.0
29 50.0
30 50.0
31 50.0
32 50.0
33 50.0
34 50.0
35 50.0
36 50.0
37 50.0
38 50.0
39 46.0
40 46.0
41 46.0
42 46.0
43 46.0
44 46.0
45 46.0
46 46.0
47 46.0
48 46.0
49 46.0
50 46.0
51 46.0
52 46.0
53 42.0
54 42.0
55 42.0
56 42.0
57 42.0
58 42.0
59 42.0
60 42.0
61 42.0
62 42.0
63 42.0
64 31.0
65 31.0
66 31.0
67 31.0
68 31.0
69 31.0
70 31.0
