1 417.0
2 417.0
3 274.0
4 274.0
5 217.0
6 168.0
7 139.0
8 106.0
9 106.0
10 106.0
11 106.0
12 106.0
13 106.0
14 106.0
15 92.0
16 92.0
17 80.0
18 80.0
19 80.0
20 80.0
21 80.0
22 80.0
23 80.0
24 80.0
25 75.0
26 75.0
27 75.0
28 75.0
29 75.0
30 75.0
31 75.0
32 75.0
33 75.0
34 75.0
35 75.0
36 75.0
37 75.0
38 75.0
39 75.0
40 75.0
41 53.0
42 53.0
43 53.0
44 53.0
45 53.0
46 53.0
47 53.0
48 53.0
49 53.0
50 53.0
51 53.0
52 53.0
53 53.0
54 53.0
55 53.0
56 53.0
57 53.0
58 53.0
59 53.0
60 53.0
61 53.0
62 53.0
63 53.0
64 53.0
65 52.0
66 52.0
67 52.0
68 52.0
69 52.0
70 52.0
