1 459.0
2 459.0
3 456.0
4 371.0
5 182.0
6 182.0
7 182.0
8 150.0
9 126.0
10 126.0
11 126.0
12 126.0
13 122.0
14 122.0
15 122.0
16 122.0
17 99.0
18 99.0
19 99.0
20 99.0
21 99.0
22 99.0
23 99.0
24 99.0
25 99.0
26 85.0
27 85.0
28 85.0
29 85.0
30 85.0
31 85.0
32 82.0
33 82.0
34 82.0
35 82.0
36 82.0
37 45.0
38 45.0
39 45.0
40 45.0
41 45.0
42 45.0
43 45.0
44 45.0
45 45.0
46 40.0
47 40.0
48 40.0
49 36.0
50 36.0
51 36.0
52 36.0
53 36.0
54 36.0
55 36.0
56 34.0
57 34.0
58 34.0
59 34.0
60 34.0
61 34.0
62 34.0
63 34.0
64 34.0
65 34.0
66 32.0
67 32.0
68 32.0
69 32.0
70 32.0
