1 0.6310155562589563
2 0.6896158111022104
3 0.7011608646175304
4 0.7309683697219317
5 0.724056807040922
6 0.7264062947104793
7 0.7275512089601712
8 0.7437269128238436
9 0.7413161442736801
10 0.732398006370083
11 0.7075861540481846
12 0.6603957414494535
13 0.6480121840036547
14 0.6168258593138343
15 0.5764440299247191
16 0.5345784028124989
17 0.5065289347175191
18 0.48741656828287705
19 0.4846660879942341
20 0.4607915829075686
21 0.45333702683036653
22 0.44836499149240827
23 0.430588545239052
24 0.40944291760927204
25 0.40984436215226017
26 0.39532735108109346
27 0.3944973147480077
28 0.3865315837690679
29 0.38849057527873593
30 0.3800947961324384
31 0.3969174147387145
32 0.396835051992579
33 0.39678466158878095
34 0.39017757522690943
35 0.39544154879067916
36 0.38532254730061005
37 0.3761277098252449
38 0.3810659410363948
39 0.3792704526287834
40 0.38442505704534
41 0.39169404307324035
42 0.3862748648887803
43 0.39638863081215087
44 0.39254404399108034
45 0.38936320855503226
46 0.3806118185008399
47 0.4031637644052393
48 0.40579633391262765
49 0.3893367798321371
50 0.40161124487831484
51 0.3913941398608319
52 0.38700428690561445
53 0.3726689171974339
54 0.37675940917760575
55 0.4036851292741542
56 0.3900514518967929
57 0.3704176952303877
58 0.3779786366260398
59 0.3757949745399531
60 0.36907086924526206
61 0.36995695028739894
62 0.38753078049164363
63 0.37693191020709027
64 0.37824107771074006
65 0.3722629256622982
66 0.37694797421199994
67 0.3850140359319059
68 0.3890989550419745
69 0.3880323525446297
70 0.3828929855012069
