1 0.7886895259799095
2 0.7405958994490814
3 0.8020030495674197
4 0.7916989656566112
5 0.8814537471691632
6 0.8357432898294255
7 0.8393422468271499
8 0.8630491315644104
9 0.793403840735106
10 0.76734701818371
11 0.6306668254584448
12 0.5961783387201226
13 0.5532326761841286
14 0.5213995381751702
15 0.49709775178241455
16 0.5017943658207636
17 0.4624767059317516
18 0.4291712018262034
19 0.43923405175095703
20 0.43697158691836835
21 0.4485799658470388
22 0.45936656036209694
23 0.41489013287584187
24 0.4196631946824243
25 0.4072618692360831
26 0.41738323492613777
27 0.43525980594141966
28 0.4492622350129867
29 0.43605942474098514
30 0.4526322545130568
31 0.48191873598415974
32 0.43455892091808046
33 0.42105960522112607
34 0.4553757555572846
35 0.4694774773229575
36 0.42716724649943166
37 0.46862160157093585
38 0.48114171668776445
39 0.4627600687754596
40 0.4672855582179018
41 0.4731234746327156
42 0.440115771655327
43 0.4450493965453222
44 0.4746151170258727
45 0.5157279861043275
46 0.49525223077520353
47 0.4457168422462454
48 0.4129244336545674
49 0.4175424218037681
50 0.43203337527522934
51 0.45787743466735165
52 0.42847026519201303
53 0.4777987214437438
54 0.4319185459364138
55 0.4288529827684319
56 0.4285873950916879
57 0.4570700077706609
58 0.4749440370209981
59 0.4542158328028478
60 0.4359455680638756
61 0.4538049707621705
62 0.4158393176132314
63 0.4599083880468951
64 0.46696107805641673
65 0.4307176209151175
66 0.40543677250603094
67 0.43484543683925164
68 0.40726799524344925
69 0.4108557544944515
70 0.41282909144906504
