-0.381 3707.0 
-0.429 3872.0 
-0.441 3946.0 
-0.555 5263.0 
-0.488 4201.0 
-0.45 3967.0 
-0.562 5687.0 
-0.435 3919.0 
-0.535 4718.0 
0.292 3060.0 
-0.395 3760.0 
-0.527 4600.0 
-0.521 4520.0 
-0.433 3892.0 
0.471 2948.0 
-0.556 5323.0 
-0.495 4264.0 
-0.471 4076.0 
-0.052 3264.0 
-0.246 3453.0 
-0.319 3554.0 
0.502 2915.0 
-0.475 4102.0 
-0.293 3520.0 
-0.265 3476.0 
-0.167 3366.0 
-0.219 3434.0 
0.231 3111.0 
0.307 3034.0 
-0.516 4466.0 
-0.46 4023.0 
-0.353 3630.0 
-0.544 4895.0 
-0.532 4655.0 
-0.337 3595.0 
-0.477 4118.0 
-0.206 3416.0 
0.399 2978.0 
-0.515 4445.0 
-0.566 5930.0 
0.565 2875.0 
-0.424 3850.0 
-0.41 3809.0 
0.389 3006.0 
-0.33 3576.0 
-0.509 4386.0 
-0.503 4327.0 
-0.563 5722.0 
-0.537 4746.0 
-0.565 5869.0 
-0.499 4296.0 
-0.547 4999.0 
-0.541 4833.0 
-0.551 5112.0 
-0.405 3785.0 
-0.486 4180.0 
0.605 2849.0 
-0.534 4696.0 
-0.309 3536.0 
-0.507 4353.0 
-0.558 5461.0 
-0.53 4626.0 
-0.524 4550.0 
0.536 2894.0 
-0.519 4495.0 
-0.146 3339.0 
0.063 3187.0 
0.107 3160.0 
-0.54 4805.0 
-0.185 3394.0 
-0.561 5572.0 
-0.374 3683.0 
-0.557 5375.0 
-0.456 3989.0 
-0.09 3302.0 
-0.347 3613.0 
-0.511 4405.0 
-0.564 5782.0 
-0.014 3236.0 
-0.542 4858.0 
-0.418 3829.0 
0.026 3210.0 
-0.364 3659.0 
0.236 3087.0 
-0.492 4221.0 
-0.466 4051.0 
-0.553 5175.0 
-0.56 5530.0 
-0.482 4150.0 
-0.549 5050.0 
-0.533 4678.0 
-0.39 3730.0 
-0.526 4572.0 
-0.554 5241.0 
0.157 3135.0 
-0.281 3498.0 
-0.125 3319.0 
-0.546 4953.0 
-0.538 4763.0 
-0.55 5089.0 
