-0.483 4159.0 
-0.475 4121.0 
-0.356 3639.0 
0.002 3224.0 
-0.154 3344.0 
-0.545 4950.0 
-0.241 3440.0 
-0.406 3790.0 
-0.531 4651.0 
-0.411 3813.0 
0.114 3155.0 
-0.515 4453.0 
-0.063 3276.0 
-0.486 4179.0 
-0.369 3691.0 
0.272 3056.0 
0.505 2920.0 
-0.219 3411.0 
-0.54 4808.0 
-0.348 3616.0 
0.079 3179.0 
-0.552 5157.0 
-0.331 3574.0 
-0.52 4501.0 
-0.401 3775.0 
-0.495 4250.0 
-0.44 3916.0 
-0.507 4362.0 
-0.451 3967.0 
-0.541 4830.0 
-0.391 3745.0 
-0.534 4688.0 
-0.12 3318.0 
-0.466 4049.0 
-0.474 4092.0 
-0.535 4725.0 
-0.264 3470.0 
-0.384 3712.0 
-0.51 4386.0 
-0.459 4020.0 
-0.458 3999.0 
0.392 2988.0 
0.434 2961.0 
-0.559 5509.0 
-0.42 3846.0 
-0.566 5987.0 
-0.543 4886.0 
-0.565 5858.0 
0.366 3016.0 
-0.544 4918.0 
-0.529 4618.0 
-0.505 4337.0 
-0.368 3668.0 
-0.34 3596.0 
-0.547 4984.0 
0.237 3087.0 
0.591 2856.0 
-0.446 3942.0 
-0.551 5112.0 
-0.082 3297.0 
-0.548 5009.0 
0.179 3115.0 
-0.558 5414.0 
-0.526 4574.0 
0.526 2899.0 
-0.29 3508.0 
-0.304 3528.0 
-0.47 4073.0 
-0.435 3893.0 
-0.539 4778.0 
-0.194 3386.0 
-0.55 5074.0 
-0.554 5248.0 
-0.426 3872.0 
0.559 2877.0 
0.046 3199.0 
0.461 2942.0 
-0.492 4230.0 
-0.56 5535.0 
-0.561 5616.0 
-0.315 3547.0 
-0.553 5182.0 
-0.562 5663.0 
-0.49 4206.0 
-0.542 4866.0 
-0.537 4749.0 
-0.503 4317.0 
-0.564 5793.0 
0.3 3040.0 
-0.527 4599.0 
-0.556 5354.0 
-0.033 3250.0 
-0.499 4285.0 
-0.522 4530.0 
-0.549 5050.0 
-0.563 5709.0 
-0.524 4551.0 
-0.555 5279.0 
-0.176 3365.0 
-0.513 4418.0 
