0.249 3075.0 
-0.453 3974.0 
-0.413 3813.0 
-0.092 3302.0 
0.074 3181.0 
-0.499 4285.0 
-0.496 4267.0 
-0.48 4135.0 
-0.446 3939.0 
-0.545 4927.0 
-0.518 4495.0 
-0.543 4880.0 
-0.142 3340.0 
-0.325 3566.0 
-0.503 4328.0 
0.446 2958.0 
-0.419 3833.0 
-0.023 3242.0 
-0.559 5463.0 
-0.513 4423.0 
-0.424 3853.0 
-0.49 4209.0 
-0.354 3636.0 
-0.548 5012.0 
0.288 3051.0 
-0.553 5173.0 
-0.345 3612.0 
-0.547 4979.0 
-0.535 4719.0 
0.124 3159.0 
0.462 2937.0 
0.029 3207.0 
-0.544 4911.0 
-0.561 5633.0 
-0.041 3262.0 
-0.44 3916.0 
0.395 3003.0 
-0.512 4404.0 
-0.534 4689.0 
-0.542 4848.0 
0.545 2894.0 
-0.468 4064.0 
0.403 2975.0 
-0.528 4610.0 
-0.286 3503.0 
0.146 3135.0 
-0.436 3896.0 
-0.303 3527.0 
-0.406 3792.0 
-0.337 3590.0 
-0.465 4043.0 
-0.383 3721.0 
-0.475 4106.0 
-0.494 4246.0 
-0.549 5031.0 
-0.43 3876.0 
-0.53 4630.0 
-0.508 4362.0 
-0.394 3745.0 
0.491 2918.0 
-0.461 4019.0 
-0.066 3284.0 
-0.556 5321.0 
-0.363 3657.0 
-0.563 5705.0 
-0.532 4661.0 
-0.54 4804.0 
-0.457 3997.0 
-0.55 5072.0 
0.592 2862.0 
-0.515 4440.0 
-0.552 5145.0 
-0.487 4179.0 
-0.526 4583.0 
-0.558 5414.0 
-0.402 3772.0 
-0.551 5107.0 
-0.517 4471.0 
-0.472 4085.0 
0.216 3104.0 
-0.182 3374.0 
-0.538 4759.0 
-0.316 3547.0 
-0.237 3438.0 
-0.254 3461.0 
-0.483 4156.0 
-0.509 4384.0 
-0.223 3416.0 
-0.564 5821.0 
-0.522 4528.0 
-0.562 5683.0 
-0.374 3689.0 
-0.501 4306.0 
-0.524 4553.0 
-0.205 3395.0 
0.338 3030.0 
-0.56 5515.0 
-0.554 5245.0 
-0.272 3481.0 
-0.565 5866.0 
