-0.105 3310.0 
-0.358 3644.0 
-0.551 5123.0 
0.527 2896.0 
-0.539 4786.0 
-0.506 4365.0 
0.019 3213.0 
0.566 2876.0 
-0.546 4972.0 
-0.517 4471.0 
-0.279 3496.0 
-0.483 4162.0 
-0.364 3671.0 
-0.496 4273.0 
0.082 3187.0 
-0.561 5605.0 
-0.452 3967.0 
-0.445 3938.0 
-0.301 3529.0 
-0.557 5379.0 
0.587 2860.0 
0.233 3086.0 
-0.062 3291.0 
0.404 2978.0 
-0.106 3330.0 
-0.403 3783.0 
-0.013 3241.0 
-0.208 3402.0 
-0.272 3477.0 
-0.397 3765.0 
-0.455 4003.0 
-0.336 3591.0 
-0.52 4500.0 
-0.46 4025.0 
-0.49 4216.0 
-0.537 4748.0 
-0.06 3270.0 
-0.543 4907.0 
-0.183 3373.0 
-0.532 4666.0 
0.102 3163.0 
-0.475 4099.0 
-0.242 3443.0 
-0.553 5179.0 
-0.439 3907.0 
0.486 2925.0 
-0.538 4767.0 
-0.523 4537.0 
-0.471 4073.0 
-0.527 4587.0 
-0.535 4724.0 
0.439 2956.0 
-0.524 4563.0 
-0.411 3811.0 
-0.505 4345.0 
-0.487 4188.0 
-0.51 4386.0 
-0.421 3847.0 
-0.558 5468.0 
-0.479 4128.0 
-0.56 5556.0 
-0.555 5275.0 
-0.381 3716.0 
-0.292 3512.0 
-0.531 4643.0 
-0.54 4805.0 
0.35 3015.0 
-0.564 5803.0 
-0.392 3740.0 
-0.467 4048.0 
0.391 2997.0 
-0.348 3617.0 
-0.548 5003.0 
-0.37 3693.0 
-0.515 4441.0 
-0.552 5156.0 
-0.32 3553.0 
-0.545 4935.0 
-0.5 4296.0 
-0.556 5323.0 
0.302 3042.0 
-0.559 5498.0 
-0.494 4246.0 
-0.529 4619.0 
-0.163 3357.0 
-0.542 4857.0 
-0.549 5056.0 
-0.554 5251.0 
-0.513 4415.0 
-0.55 5097.0 
-0.563 5723.0 
0.142 3145.0 
-0.434 3887.0 
-0.503 4319.0 
-0.562 5672.0 
-0.534 4689.0 
0.281 3064.0 
0.163 3126.0 
-0.565 5869.0 
0.198 3108.0 
