-0.516 4461.0 
0.306 3048.0 
-0.464 4031.0 
-0.418 3844.0 
-0.524 4566.0 
-0.563 5741.0 
-0.308 3534.0 
-0.526 4587.0 
-0.376 3694.0 
-0.535 4721.0 
-0.559 5490.0 
-0.562 5672.0 
-0.501 4307.0 
-0.548 5018.0 
0.372 2992.0 
-0.55 5093.0 
-0.551 5135.0 
-0.481 4158.0 
-0.564 5781.0 
-0.519 4486.0 
-0.348 3616.0 
-0.503 4325.0 
-0.387 3728.0 
0.496 2922.0 
0.01 3222.0 
-0.395 3757.0 
-0.443 3933.0 
-0.534 4693.0 
-0.447 3956.0 
-0.459 4007.0 
-0.409 3802.0 
0.261 3072.0 
-0.09 3298.0 
-0.07 3279.0 
-0.368 3674.0 
-0.506 4345.0 
-0.113 3325.0 
-0.453 3988.0 
-0.499 4278.0 
0.583 2862.0 
-0.054 3263.0 
-0.532 4662.0 
-0.554 5231.0 
-0.529 4617.0 
-0.227 3419.0 
-0.486 4181.0 
-0.53 4634.0 
-0.52 4505.0 
-0.247 3444.0 
-0.558 5470.0 
-0.439 3912.0 
0.116 3155.0 
-0.336 3590.0 
-0.537 4749.0 
-0.271 3475.0 
-0.433 3890.0 
-0.556 5346.0 
-0.555 5290.0 
0.203 3100.0 
0.06 3197.0 
-0.54 4813.0 
0.177 3130.0 
0.427 2963.0 
-0.476 4106.0 
-0.549 5063.0 
-0.509 4381.0 
-0.472 4079.0 
-0.489 4207.0 
-0.543 4891.0 
-0.512 4408.0 
0.342 3013.0 
-0.48 4134.0 
-0.023 3241.0 
-0.181 3374.0 
-0.542 4861.0 
0.539 2890.0 
0.314 3029.0 
-0.361 3652.0 
-0.492 4231.0 
-0.553 5200.0 
-0.165 3353.0 
-0.413 3825.0 
-0.546 4954.0 
-0.561 5584.0 
-0.496 4255.0 
-0.514 4433.0 
-0.539 4780.0 
-0.426 3868.0 
-0.402 3780.0 
-0.557 5371.0 
-0.56 5523.0 
-0.469 4059.0 
-0.322 3559.0 
-0.285 3506.0 
-0.523 4532.0 
0.614 2842.0 
-0.545 4923.0 
0.457 2941.0 
-0.201 3394.0 
-0.547 4973.0 
