-0.076 3291.0 
-0.346 3618.0 
-0.209 3408.0 
-0.456 3993.0 
-0.125 3323.0 
-0.426 3862.0 
0.357 3015.0 
-0.442 3929.0 
-0.384 3719.0 
-0.493 4234.0 
-0.54 4802.0 
-0.495 4253.0 
-0.531 4652.0 
0.2 3112.0 
-0.305 3541.0 
-0.529 4622.0 
-0.559 5499.0 
-0.476 4112.0 
-0.369 3672.0 
-0.554 5244.0 
-0.411 3810.0 
-0.488 4190.0 
-0.274 3482.0 
-0.295 3513.0 
-0.224 3424.0 
-0.371 3689.0 
0.451 2946.0 
0.567 2872.0 
-0.49 4208.0 
-0.452 3976.0 
-0.55 5099.0 
0.604 2851.0 
-0.56 5532.0 
-0.556 5345.0 
-0.521 4534.0 
-0.326 3573.0 
-0.548 5037.0 
-0.539 4777.0 
-0.527 4593.0 
-0.433 3906.0 
-0.418 3830.0 
-0.543 4870.0 
-0.459 4028.0 
-0.247 3451.0 
-0.431 3887.0 
-0.503 4338.0 
-0.404 3783.0 
-0.048 3263.0 
-0.018 3241.0 
-0.517 4477.0 
-0.16 3353.0 
0.05 3197.0 
-0.505 4361.0 
-0.546 4957.0 
-0.186 3381.0 
-0.51 4391.0 
0.183 3129.0 
0.018 3223.0 
0.237 3084.0 
-0.557 5433.0 
0.527 2900.0 
-0.525 4560.0 
-0.513 4431.0 
-0.564 5861.0 
0.274 3062.0 
0.513 2917.0 
-0.516 4459.0 
-0.566 6036.0 
-0.48 4135.0 
-0.561 5580.0 
-0.537 4756.0 
-0.541 4836.0 
-0.563 5709.0 
0.151 3153.0 
-0.483 4160.0 
-0.52 4508.0 
-0.498 4277.0 
-0.551 5137.0 
-0.446 3950.0 
-0.468 4057.0 
-0.536 4734.0 
0.315 3038.0 
-0.553 5215.0 
-0.397 3756.0 
0.39 2992.0 
-0.363 3655.0 
-0.469 4077.0 
-0.535 4709.0 
-0.337 3591.0 
-0.552 5178.0 
-0.544 4906.0 
0.089 3174.0 
-0.565 5978.0 
-0.562 5646.0 
-0.502 4306.0 
-0.549 5080.0 
-0.547 5007.0 
0.423 2972.0 
-0.533 4678.0 
-0.354 3636.0 
