0.031 3212.0 
-0.547 4980.0 
0.017 3230.0 
-0.553 5188.0 
-0.496 4259.0 
-0.565 5908.0 
0.262 3069.0 
-0.312 3543.0 
-0.519 4486.0 
0.189 3111.0 
-0.037 3272.0 
-0.375 3697.0 
-0.552 5163.0 
-0.351 3642.0 
-0.36 3659.0 
-0.52 4515.0 
-0.561 5581.0 
0.538 2894.0 
-0.5 4298.0 
-0.467 4071.0 
-0.538 4790.0 
-0.513 4420.0 
-0.337 3591.0 
-0.225 3420.0 
-0.099 3304.0 
-0.454 3987.0 
-0.477 4122.0 
-0.54 4825.0 
-0.181 3372.0 
-0.516 4455.0 
-0.154 3344.0 
0.434 2959.0 
-0.444 3936.0 
-0.558 5443.0 
-0.559 5511.0 
-0.389 3751.0 
-0.347 3615.0 
-0.485 4173.0 
-0.431 3881.0 
-0.505 4357.0 
0.082 3178.0 
-0.55 5091.0 
-0.548 5015.0 
-0.447 3952.0 
-0.369 3680.0 
-0.437 3907.0 
-0.297 3516.0 
-0.555 5286.0 
-0.247 3445.0 
-0.487 4204.0 
-0.205 3397.0 
-0.522 4547.0 
-0.491 4225.0 
0.615 2839.0 
-0.533 4672.0 
0.291 3047.0 
-0.425 3859.0 
-0.554 5221.0 
-0.459 4018.0 
0.572 2866.0 
-0.261 3467.0 
-0.464 4045.0 
-0.53 4638.0 
0.162 3129.0 
-0.417 3828.0 
-0.534 4694.0 
-0.56 5531.0 
-0.118 3322.0 
-0.528 4616.0 
-0.537 4759.0 
-0.475 4100.0 
-0.326 3568.0 
-0.566 6010.0 
-0.543 4889.0 
-0.509 4373.0 
-0.41 3807.0 
-0.542 4851.0 
-0.403 3779.0 
-0.386 3725.0 
-0.563 5710.0 
-0.511 4396.0 
-0.481 4143.0 
-0.536 4722.0 
0.224 3094.0 
-0.527 4595.0 
0.137 3147.0 
-0.557 5357.0 
0.398 2981.0 
-0.567 6081.0 
-0.546 4952.0 
0.495 2917.0 
0.335 3021.0 
-0.545 4927.0 
-0.556 5316.0 
-0.281 3493.0 
-0.564 5786.0 
0.365 3001.0 
-0.02 3248.0 
0.466 2938.0 
-0.562 5658.0 
