-0.418 3843.0 
-0.504 4329.0 
-0.538 4770.0 
-0.565 5971.0 
-0.483 4157.0 
-0.542 4844.0 
-0.064 3279.0 
-0.507 4351.0 
-0.014 3253.0 
-0.185 3379.0 
0.012 3227.0 
0.236 3082.0 
0.338 3018.0 
-0.559 5538.0 
-0.567 6084.0 
-0.532 4662.0 
-0.427 3862.0 
-0.429 3883.0 
-0.499 4278.0 
0.559 2882.0 
-0.536 4751.0 
-0.088 3309.0 
-0.465 4039.0 
-0.522 4540.0 
-0.333 3582.0 
-0.496 4257.0 
-0.561 5620.0 
-0.543 4886.0 
-0.414 3825.0 
-0.213 3404.0 
0.059 3189.0 
-0.509 4373.0 
0.156 3140.0 
-0.551 5140.0 
-0.302 3523.0 
-0.566 6015.0 
-0.367 3675.0 
-0.32 3554.0 
-0.461 4021.0 
-0.512 4415.0 
-0.554 5253.0 
-0.552 5170.0 
-0.488 4196.0 
-0.515 4451.0 
-0.47 4070.0 
-0.376 3695.0 
-0.528 4603.0 
-0.534 4691.0 
-0.491 4214.0 
-0.346 3618.0 
-0.254 3455.0 
-0.54 4805.0 
-0.164 3355.0 
-0.402 3778.0 
-0.544 4911.0 
-0.553 5198.0 
-0.447 3949.0 
0.588 2862.0 
-0.394 3754.0 
-0.548 5030.0 
-0.474 4096.0 
-0.478 4121.0 
0.55 2906.0 
-0.53 4627.0 
-0.407 3798.0 
-0.556 5325.0 
0.126 3168.0 
-0.384 3728.0 
-0.436 3901.0 
-0.525 4574.0 
-0.557 5371.0 
-0.29 3503.0 
0.389 2988.0 
-0.535 4716.0 
-0.563 5698.0 
0.194 3112.0 
-0.55 5075.0 
0.473 2930.0 
-0.442 3926.0 
-0.36 3646.0 
-0.232 3431.0 
-0.562 5638.0 
0.294 3049.0 
-0.141 3337.0 
-0.457 4001.0 
-0.494 4236.0 
0.447 2951.0 
-0.453 3976.0 
-0.272 3480.0 
-0.518 4486.0 
-0.555 5284.0 
-0.564 5794.0 
0.619 2837.0 
-0.56 5568.0 
-0.521 4511.0 
-0.558 5472.0 
-0.486 4176.0 
-0.547 4987.0 
-0.546 4953.0 
-0.502 4304.0 
