-0.531 4650.0 
-0.457 3999.0 
-0.435 3905.0 
-0.146 3345.0 
-0.385 3726.0 
-0.552 5146.0 
-0.549 5056.0 
-0.398 3763.0 
-0.417 3835.0 
-0.041 3271.0 
-0.491 4223.0 
-0.565 5867.0 
-0.375 3706.0 
-0.523 4540.0 
-0.52 4514.0 
-0.532 4669.0 
0.345 3013.0 
-0.54 4809.0 
-0.444 3939.0 
-0.518 4484.0 
-0.403 3791.0 
0.514 2910.0 
-0.301 3524.0 
0.481 2932.0 
-0.015 3248.0 
-0.542 4853.0 
0.31 3034.0 
-0.334 3589.0 
-0.31 3545.0 
0.372 2992.0 
-0.254 3452.0 
-0.507 4354.0 
-0.558 5427.0 
-0.24 3437.0 
-0.451 3968.0 
-0.477 4123.0 
-0.39 3741.0 
-0.544 4894.0 
0.025 3221.0 
-0.548 5015.0 
-0.536 4733.0 
-0.555 5264.0 
-0.484 4164.0 
-0.516 4454.0 
-0.421 3855.0 
-0.559 5467.0 
0.573 2875.0 
-0.499 4284.0 
-0.528 4607.0 
-0.472 4103.0 
-0.465 4055.0 
-0.345 3616.0 
-0.199 3390.0 
-0.557 5363.0 
0.136 3155.0 
-0.51 4385.0 
-0.535 4705.0 
-0.501 4302.0 
-0.481 4143.0 
0.411 2970.0 
-0.373 3681.0 
-0.525 4560.0 
0.436 2953.0 
-0.56 5519.0 
-0.563 5716.0 
-0.53 4633.0 
-0.355 3643.0 
-0.554 5238.0 
-0.562 5652.0 
0.276 3062.0 
0.159 3129.0 
-0.537 4751.0 
0.065 3186.0 
-0.171 3368.0 
-0.526 4584.0 
-0.471 4081.0 
-0.504 4328.0 
-0.29 3506.0 
-0.222 3415.0 
0.048 3203.0 
-0.429 3873.0 
-0.321 3565.0 
-0.461 4026.0 
-0.109 3321.0 
-0.539 4777.0 
0.247 3082.0 
-0.087 3297.0 
-0.488 4194.0 
0.195 3110.0 
-0.266 3474.0 
-0.564 5776.0 
-0.553 5199.0 
-0.546 4954.0 
-0.414 3816.0 
-0.513 4418.0 
-0.556 5311.0 
-0.561 5594.0 
-0.547 4988.0 
-0.545 4935.0 
-0.551 5106.0 
