-0.46 4024.0 
0.577 2867.0 
-0.543 4885.0 
-0.495 4266.0 
-0.45 3962.0 
-0.554 5219.0 
-0.086 3294.0 
-0.56 5551.0 
-0.441 3924.0 
-0.171 3362.0 
-0.386 3725.0 
-0.376 3707.0 
-0.314 3542.0 
0.035 3208.0 
-0.289 3499.0 
-0.359 3648.0 
-0.426 3861.0 
0.106 3160.0 
-0.501 4300.0 
-0.297 3515.0 
-0.505 4336.0 
0.007 3223.0 
0.319 3037.0 
-0.564 5785.0 
-0.514 4437.0 
-0.11 3314.0 
-0.333 3582.0 
-0.417 3829.0 
0.464 2945.0 
-0.266 3469.0 
-0.531 4657.0 
-0.563 5723.0 
-0.516 4466.0 
0.276 3053.0 
-0.544 4924.0 
-0.012 3242.0 
-0.552 5156.0 
-0.482 4150.0 
0.393 2995.0 
-0.399 3765.0 
0.24 3086.0 
0.185 3110.0 
-0.226 3420.0 
-0.492 4227.0 
0.082 3185.0 
-0.405 3788.0 
-0.437 3901.0 
-0.18 3377.0 
-0.526 4574.0 
-0.353 3632.0 
-0.044 3262.0 
-0.366 3669.0 
-0.325 3566.0 
-0.524 4550.0 
0.479 2926.0 
-0.374 3690.0 
0.144 3139.0 
-0.511 4403.0 
-0.553 5184.0 
-0.558 5436.0 
-0.522 4522.0 
-0.542 4854.0 
-0.457 3996.0 
-0.508 4371.0 
-0.549 5084.0 
0.522 2900.0 
-0.528 4599.0 
-0.467 4059.0 
-0.562 5684.0 
-0.538 4768.0 
-0.536 4723.0 
-0.54 4829.0 
-0.203 3393.0 
-0.486 4182.0 
-0.557 5388.0 
-0.53 4628.0 
0.416 2966.0 
0.617 2838.0 
-0.546 4950.0 
-0.555 5274.0 
-0.476 4112.0 
-0.411 3807.0 
-0.065 3279.0 
-0.52 4498.0 
0.257 3069.0 
-0.548 5038.0 
0.346 3017.0 
-0.551 5122.0 
-0.559 5471.0 
-0.341 3600.0 
-0.472 4084.0 
-0.135 3339.0 
-0.432 3881.0 
-0.391 3746.0 
-0.244 3441.0 
-0.488 4202.0 
-0.561 5586.0 
-0.534 4687.0 
-0.547 4998.0 
-0.556 5321.0 
