0.5175454425015611
0.5146427559628419
0.557494553370895
0.5609342900783804
0.5135647571422404
0.5941801289303539
0.5575913449670538
0.5396083827507859
0.5183069175099415
0.5466604731129107
0.5725682611804681
0.531130174441714
0.5572476712196381
0.5551214437589458
0.5400507159151654
0.5196664395523678
0.5638531566283475
0.5184037216164291
0.49553973457236405
0.4861141632354269
0.5333883809151363
0.5578080581357115
0.5407575515152153
0.540787202666121
0.5581316266121007
0.5063624276693534
0.5619458456556753
0.5312544567837956
0.5497206832795482
0.563527738615437
