14.882194498034046 0.12475317829332067 637.1331591504053 420.589171648334 185.5655149102302 
16.053881671258562 53.566015450965864 580.1628302835703 391.753664517092 192.81927708229392 
76.58220516105007 0.11740534243416118 1419.6286004111232 504.43534404147954 307.5663912460198 
0.6937631564783775 53.974096265936126 28.28191740675277 420.589171648334 5.30928528636025 
29.723901942817562 0.2962814854034159 1307.9852509389798 528.9657655934288 295.1627718634327 
1.6255727687454826 55.2192172959574 10.627010643488958 8.345263412215928 12.529415545810599 
69.37012925070587 0.038788814000075916 1498.143679512829 1382.9943613890464 560.686457173908 
41.87580958634819 0.29336187620713927 844.4863001801873 442.80045424149455 199.68335486448666 
30.139406753118077 0.24757502222779434 1385.870642907932 421.24845835689285 305.7964213918738 
33.05290153283253 0.24401124204819025 1490.1970542088654 525.8871556594125 286.07390788264826 
33.90022515052701 55.17003882054173 580.1628302835703 390.5096226209317 17.42275281343268 
2.595053604621784 53.36955088597626 601.8118669275583 374.4273591012701 39.1848794115906 
3.6740602333859824 54.71391760268171 48.30816818125081 146.52651517655195 2.1376554005864072 
4.508219969793254 55.67912711105822 152.09997674580754 358.5783484929614 1.8165576705402202 
64.91330757216245 0.021644184393147123 1486.4326679043625 542.8953922799185 414.6651981980418 
33.90022515052701 17.3421402406938 578.811623445996 389.73333925688326 23.498236937945123 
61.697438656561005 0.09040945105880197 1497.5713847217291 986.4414058490081 384.7981151453955 
41.248627690585934 0.16412590717223452 1272.0737313869658 512.38718778997 304.78512653481465 
32.99041708499562 0.26930681440882176 1272.7143670551873 459.8492701331407 166.6809151536608 
30.109270510468026 0.29336187620713927 986.3618788768598 411.94897774006824 205.91167495486687 
82.94672736377939 0.25372036940688475 1490.8549023540963 533.9877915311828 302.72298358444056 
0.3139478849213867 53.26852016413026 50.015318638666855 394.5817810690905 0.5515965548014439 
31.578493685526084 0.2602811600209831 867.4311131498921 449.3020970083505 260.67754913398744 
1.5041813395544423 58.987434567207 92.60163659999051 381.25118455569964 21.646469299107206 
1.8484660922072917 52.62906529519695 1.921562949773218 355.8269435954156 8.513968696889496 
31.48682588066314 0.24757394527734802 1199.4153276701447 457.76395737652405 187.76367646752254 
0.3139478849213867 53.26852016413026 50.015318638666855 43.61578639607134 0.5515965548014439 
30.367493205664317 1.0877180276617346 830.6911927257568 405.3071984230372 197.70549326123518 
36.35739589710591 0.2285082648851421 1493.951882887839 643.3315687442044 296.55452425782346 
2.305137373840802 39.085032974811085 165.0916015622584 129.8341328801109 3.354140693949237 
19.104991161755425 56.63558920044183 191.0147917405511 386.034151169984 2.1122543995423637 
0.45898733727125895 58.03828308994563 7.659740797141637 0.09617333034488995 2.89106012139437 
19.250517231050566 54.91416073209466 622.4800940480058 383.1162569019851 175.55455206392637 
18.662859927836717 51.811015564443636 442.7887309966587 386.4112342136842 14.72788096185613 
78.76650666613577 0.09093732007814403 1486.1532752892094 982.551410642003 310.2624050320618 
70.23844004007923 0.24661070586914197 1498.1151700848911 828.5603272572192 558.1113107126437 
31.47500247553014 0.1813684019370307 1465.1302333029107 500.0363089029379 221.70902463800167 
19.250517231050566 54.91416073209466 476.34404037765205 383.1162569019851 40.78504613228256 
2.7720038626831496 53.894256544306906 498.68147259490814 343.7124245983127 21.861399292753504 
61.83397257159267 0.09041611848600387 1498.153647115833 988.3543097048183 507.48840846029486 
30.139406753118077 0.293219749128604 1344.7388283170253 525.8544624983325 303.1465971396748 
14.882194498034046 0.04125219909247502 680.4117160152348 420.589171648334 258.0001110774201 
7.623354245790023 53.26852016413026 14.375879463734691 69.73106133377524 2.2682523161334434 
50.016885862820295 0.04002166808538185 1032.2622153727468 501.00165748276595 226.93105504900905 
33.90022515052701 0.05710820719295351 580.1628302835703 389.73333925688326 196.6478982115174 
28.790299376317776 56.11470939227085 322.3726711900885 324.1250106143884 16.385019445404637 
16.053881671258562 38.70618074112613 636.1564313092249 391.753664517092 196.35678377791416 
19.485382915231607 54.91416073209466 518.842611908157 383.1162569019851 40.78504613228256 
30.35288336883739 0.24757394527734802 1340.5129404883069 457.76395737652405 189.6044769497757 
61.784563633011444 0.09488373470249412 1497.4914007825835 663.6760522497318 308.14992301778307 
0.0682331449074498 40.00646600283504 167.30459240376945 372.11622102794377 19.45030220863598 
1.660631341379108 55.13748196517561 22.249692038198006 365.79036240765595 15.393938627174974 
1.7255951385665287 53.894256544306906 358.51727787847983 355.8269435954156 21.646469299107206 
51.55897454607753 0.0974074765399838 1027.6935741838327 537.0559405478407 194.80662844255613 
35.38718363817283 0.29336187620713927 844.4863001801873 444.9861721782627 131.39403269620453 
43.65165189978995 0.22573071381960338 1027.3391476038466 493.83716071969644 171.68433599802782 
19.876427931331264 56.60527020170429 10.657745176130376 291.24628662724785 2.89106012139437 
7.623354245790023 53.26852016413026 14.375879463734691 13.25498790997294 2.2682523161334434 
11.4596995887225 0.2956698907224889 801.7421881396442 386.4479465796017 193.9582798325917 
32.99041708499562 0.252199632823808 1490.6784001718363 521.5198424320454 188.37662322472102 
72.40521711794189 0.43657800885594605 1472.7369670938572 757.6200599623658 308.3816034378095 
50.016885862820295 0.2869619679853577 883.0371701000633 479.633499296761 226.40391568705112 
48.92934521449743 0.09994953352769573 1497.866288380389 1227.9640092966454 517.3713534282635 
14.882194498034046 0.12475317829332067 637.1331591504053 420.589171648334 263.16876721355163 
61.697438656561005 0.09041611848600387 1497.5713847217291 1007.0956612429425 387.5422958596496 
1.87639932321468 53.26852016413026 49.20429214800423 374.4589900737928 4.6797166618084285 
17.756407201268832 0.11398045457723857 1028.0024045724456 479.633499296761 225.78016596238953 
13.630928806609745 0.24993421729596293 1273.944709574498 459.8492701331407 166.6809151536608 
32.99041708499562 0.2534786325232775 1490.8549023540963 525.8871556594125 377.6307470263673 
78.44765102417111 0.11863635255042393 1497.866288380389 1227.9640092966454 517.3713534282635 
50.016885862820295 0.0974074765399838 1032.2622153727468 479.633499296761 225.78016596238953 
0.3519229034078548 55.34581306333605 22.249692038198006 115.4752054021267 19.410519824983318 
16.053881671258562 0.8342738094460671 580.1628302835703 391.753664517092 196.6478982115174 
16.562550015504755 1.0877180276617346 830.717014493189 389.56544214848776 198.5878417133258 
65.15131517384606 0.1301938005453388 1486.0504645882888 1390.9608141689691 367.33278391238025 
1.788085137999981 53.26852016413026 428.7739599815054 323.257598009661 24.641314130991656 
2.001969310038249 55.34581306333605 202.4556432322986 130.744840496933 2.7892764636019187 
64.91330757216245 0.021644184393147123 1480.958832760024 681.3710196207998 414.6651981980418 
36.735483441442156 0.4118312998343884 1326.8437174303544 445.19507026702536 164.93950432780494 
77.55015323927734 0.2757016304909715 1497.8609831216115 742.9146428878516 593.0547051414859 
76.66541229870703 0.24231367958687916 1493.323817803698 1385.3004761791005 794.5390035345443 
16.5198339516606 0.16412590717223452 1272.0737313869658 498.6586679313291 307.5663912460198 
0.0682331449074498 55.34581306333605 225.96555604575485 359.42817379708606 22.34708284964026 
3.6740602333859824 53.26852016413026 48.30816818125081 265.91637995704497 2.2682523161334434 
82.10563472921385 0.2771515618598528 1478.7468733852024 1044.5682916662538 795.66617658222 
1.8484660922072917 53.894256544306906 414.4488400038683 355.8269435954156 21.646469299107206 
69.29571855310503 0.2338208995365054 1486.096274208935 1434.8793166896855 850.8925212417005 
5.946864691998439 39.085032974811085 15.68158233020418 129.8341328801109 3.354140693949237 
78.76650666613577 0.04385331264917057 1498.1560412999738 805.7202069336521 473.5894792968963 
3.6740602333859824 51.41428503109662 429.0805699986803 259.0920458990969 24.678193724525133 
61.697438656561005 0.09041611848600387 1497.3919841939621 1030.6142518742895 507.48840846029486 
77.52059763013473 0.43042211964008886 1488.1424262044002 774.1676660762394 308.5335858411957 
12.015809328370397 1.077420500702587 706.646607292347 373.81159838434695 161.03088693236552 
61.697438656561005 0.09041611848600387 1493.2063026175572 792.1744762559869 387.5422958596496 
53.2633358926634 0.24757394527734802 1014.051806943117 441.6096478532413 189.6044769497757 
3.2364687784067936 54.65532617748298 21.04462530099022 198.72231882842092 6.315340733720184 
4.826392315170994 55.58189404046645 450.7145075831088 358.5783484929614 3.196810077233849 
30.422954296630245 0.24757394527734802 1014.0626013462659 441.6096478532413 189.6044769497757 
78.76650666613577 0.09093732007814403 1488.1424262044002 792.1744762559869 310.2624050320618 
78.44765102417111 0.2771515618598528 1497.8609831216115 1041.3283055836348 593.0547051414859 
