3.7621879071467834 40.875137025846655 125.5233455112857 378.8060856535467 13.389392794857663 
0.7294974718551379 32.9280413466816 43.441472206979796 48.551022769406785 12.8961439090136 
7.279970083594273 35.38241176585803 51.13283277398193 370.41364735518255 12.749679151623297 
1.273621966711029 0.9061839763061705 696.1159502790287 362.0012187509194 172.38755787298734 
4.279732330678777 3.9931765388206415 625.4898515404583 362.88367924795006 73.07050319122949 
83.0 0.0042160866306527045 1497.5866258917524 1019.3530490794043 550.1047875925545 
1.0335434397583225 37.25580511176852 540.3679119578047 366.19198111837704 11.680402103503805 
3.924207718867822 54.71162468733191 199.81807864525047 14.100572761841818 7.5564472085293914 
2.481534061511031 35.733277452344616 450.8647384463603 316.40962589617254 0.43243615145917147 
1.5919797029858727 58.70233336135344 132.8595404008543 135.96369062549476 0.7338802422865225 
62.06154681738249 0.09192804211157393 1484.2057572811045 519.0272536216626 324.34599061856494 
0.9494138576150961 39.17344783436888 275.55324802747543 345.1570909089065 42.80593060033658 
83.0 0.2161594388027332 1492.7206622888439 1014.7997820894421 487.1013560702775 
64.7895785358464 0.2235250472301799 1486.1625692046593 1263.175758465537 823.0807027218165 
43.20697218223354 0.03870922027603274 1366.224543781192 413.1148021513287 183.74008253279288 
11.397485717728898 0.08656555844010913 799.661600866975 456.3238851093851 118.07877096248387 
64.75384710713465 0.2321153861675584 1432.8774885908158 927.6214482959625 327.3651452150726 
0.05652892330122872 35.98196176174103 22.489476478174616 362.60177271210404 2.6965790583060425 
3.6839828721780266 40.875137025846655 699.8991538939522 376.7184591199472 13.389392794857663 
83.0 0.09282983019103688 1499.585968440104 1004.9947198691466 319.64001179857394 
1.2490257210127234 100.36778385113323 681.9069757264912 347.3368695681625 46.552327277087784 
0.013374996922905558 42.20718887580058 136.69350435371615 173.05450871537772 14.5658219807221 
43.86201613474092 0.2248322173325586 1367.6970072827053 416.1639961283081 302.0855390499041 
1.0335434397583225 37.25580511176852 560.8318348796389 373.9682789543396 46.06088630262412 
7.863662153731047 33.39216448863263 683.4947307345436 379.4962870285007 114.41212381611629 
64.7895785358464 0.22558512131191638 1497.5648479786653 899.259286553833 360.4248741336246 
1.8819658049139463 85.05947493053462 10.012936707377124 342.50470914985806 2.8749169276804167 
11.66519889957486 0.08810268802455086 1219.5354388365888 545.1500537000757 259.2145361114459 
11.66519889957486 0.26456491149270783 1184.6455673888597 480.78624549113516 259.0841070557814 
64.80138889506375 0.08497965425152071 1486.4696835904197 974.8368771664798 319.64001179857394 
28.608462748435663 0.8066693128939457 671.5554125257618 355.9244483855012 203.69760398653787 
4.829522152060595 0.14586225070127412 562.5496704808977 354.9503581509015 24.087360564751457 
2.3431996521069163 48.014480073697776 83.86543675653319 256.4161397501853 1.3986803041973812 
3.3353900438664743 39.625641751967905 114.11676016052584 366.00964770583846 10.465190751018255 
0.45153899958120114 36.02198242543286 84.05240529748593 68.69817788980998 12.469606897286269 
1.1651601654903772 0.27652513939395584 911.0991856886725 427.8280658881371 315.24068539734225 
37.86136572947679 0.4738479605735325 1432.8774885908158 432.1933117591353 327.3651452150726 
8.03589825085923 0.6890837269434584 683.4947307345436 454.75352902370696 125.90668585037866 
3.3370507333462376 105.40740882085365 443.8736922497397 258.9152038705305 6.457969316485656 
2.3431996521069163 41.71682136551533 16.238953268471803 14.944991198817462 3.9085514224338915 
44.39259410813706 0.2762054952875765 795.6166210478856 446.37063314921795 207.9523631239771 
2.2233082915150106 0.013674164928740615 937.3554662575184 445.5835231804093 270.88306632322883 
2.097830110471447 39.721677677324806 443.8736922497397 366.0417153895799 8.530769166000795 
82.0 0.0194652741166886 1499.025456950044 1414.6938161433159 890.33988413904 
5.20925283167709 32.90532644628709 133.04114566369998 68.69817788980998 12.469606897286269 
37.17067991267948 0.2762054952875765 910.3830996887626 446.37063314921795 313.9803754544424 
4.4398677064774965 39.58316122094706 157.22349218924901 220.775449000212 8.54546854075158 
38.79285475070182 0.013674164928740615 839.7951625873858 423.2959598817182 124.83626561114193 
32.78284635735981 0.4075840834102564 1305.563020821551 489.49636670351265 313.81540633216815 
37.778142178371134 0.25165837209170144 1230.383403423169 554.4493945764615 327.4820118594364 
64.76574838425178 0.15582154169159063 1486.4696835904197 647.1920428085472 304.39741161142814 
33.90573669541979 0.09156489799545306 1474.1055777380213 489.49636670351265 312.70138680960883 
38.79285475070182 0.013674164928740615 937.3554662575184 413.7806746911462 124.83626561114193 
64.77941510080527 0.15582154169159063 1486.4696835904197 645.3102503109109 373.7098189995292 
59.80448872891447 0.22558512131191638 1495.6121019837954 589.5029422791723 302.0855390499041 
2.481534061511031 35.719897305045976 450.43670219867033 299.3037731856591 0.43243615145917147 
6.233917763079418 0.4951188293401173 1253.378606900282 450.5508804234288 341.25513813325153 
33.90573669541979 0.013305490428234944 1008.9872650815378 516.0512415110674 315.1510773344391 
18.16540215071437 24.698519837466574 817.7289543881519 423.154107296291 203.15323100217006 
37.085849878656745 0.28077912926441945 1002.1000385113222 482.812965469159 315.24068539734225 
7.624585313909254 0.23963082307186667 794.3058781286215 361.68097988714993 81.53779271042094 
40.73136164756443 0.013674164928740615 937.3554662575184 478.39920646075507 276.423584325197 
37.085849878656745 0.27652513939395584 911.0991856886725 427.8280658881371 315.24068539734225 
1.873417711330778 41.787551326527264 136.69350435371615 151.09703711893172 13.2737353698184 
64.80178246008253 0.06461220262347546 1462.9670196054915 645.6733616749472 273.294912069794 
82.0 0.08129015943414222 1493.7930665338192 1357.079273707045 869.5303464079545 
82.0 0.0194652741166886 1496.0323106679923 1293.3737383276246 813.7235159800018 
62.06154681738249 0.09192804211157393 1484.802099495581 554.4493945764615 324.5076181444405 
3.7949205431474766 0.4951188293401173 801.9738396798015 450.27053602952054 19.188709221072116 
4.980337313001362 41.01141555561367 492.6721404184327 369.20427495909627 6.378588340116742 
4.323411430727245 37.29540325399206 618.8022671823511 373.37161979125483 5.076132581958388 
64.79580642651541 0.3997156562417057 1494.5184368753808 669.3692909562033 375.7253511043531 
16.815680457837836 0.020729049222743823 1025.9571182614545 446.9507744207936 202.5430365203922 
7.279970083594273 35.38241176585803 49.413771120317676 236.94932939952977 8.598352124775511 
1.8842309447791432 35.98196176174103 40.41598388179756 362.9271973734097 2.6965790583060425 
11.66519889957486 0.08656555844010913 1063.953938429444 456.40571487794597 259.2145361114459 
4.323411430727245 37.29540325399206 168.5957647377445 373.37161979125483 16.728535951032423 
83.0 0.08325439095030901 1492.7206622888439 1019.3530490794043 813.7235159800018 
64.7895785358464 0.22558512131191638 1495.4938727645333 814.5691899949625 360.37262857532517 
1.8842309447791432 35.98196176174103 43.59355304114848 378.9518644849194 0.3999331803159123 
83.0 0.08325439095030901 1492.7206622888439 1134.4510111641841 813.7235159800018 
0.9077422709310334 37.9615365975894 36.23173692967471 177.42772125890235 4.836520431064585 
7.624585313909254 0.6890837269434584 683.4947307345436 361.54921665652745 117.39173386156683 
43.915631891963905 0.25087301711407406 1366.224543781192 551.2385788068829 189.36444626561732 
64.7895785358464 0.22558512131191638 1497.5648479786653 768.3834998614245 359.78343059978255 
42.84037863941867 0.25251235648211107 1427.5564295794393 475.22965896250173 327.9427816617468 
3.3370507333462376 39.84249183723658 443.8736922497397 255.49073099894667 8.530769166000795 
41.40571861490472 0.11030555868779679 1426.0875791600247 545.6081173180335 294.72291211753304 
61.709833601241755 0.039182158500583875 1481.1554175935296 1198.2065709008787 869.5303464079545 
4.829522152060595 35.50770527336057 562.5496704808977 354.1460215269247 24.087360564751457 
4.139445871107812 31.23676702704968 48.241012563898614 12.010478883503254 12.948870729358838 
79.12876830878051 0.22436093652028113 1497.5648479786653 1175.6800764816012 327.07037966268973 
4.323411430727245 37.29540325399206 200.1395101144156 373.37161979125483 16.728535951032423 
3.6839828721780266 39.42178338492902 448.1865507362095 376.881544992361 13.389392794857663 
64.7895785358464 0.22558512131191638 1427.3055919453818 751.6731142068537 371.2797970338592 
1.0335434397583225 41.42081597446651 419.9181997063097 347.1791283266352 46.06088630262412 
64.7895785358464 0.22558512131191638 1497.5648479786653 751.914761158243 327.07037966268973 
0.9844837365454397 37.586050945977455 43.441472206979796 79.34103177129589 12.8961439090136 
43.65715206170391 0.2667513509859899 1452.0408385558785 549.3396955622459 308.18138109321285 
4.191572914411035 0.8216230783129852 625.4898515404583 362.88367924795006 179.7759760153556 
