11.114735039424392 0.4288259855485387 837.7494934380597 568.1296356209714 206.4787013174822 
11.114735039424392 0.10444096659721999 837.7494934380597 395.93601765125584 200.17223771475898 
57.37939435878032 0.39124381779001693 1496.9940050296702 756.3463607354313 772.5628588279515 
33.822547765626496 0.10437753546237556 1463.0627295537527 535.7893778049215 352.34060092905247 
9.172288840126189 0.4482840524449373 809.8834083436985 419.03406670734336 150.33049964429455 
34.04944182768453 0.07872727742703037 1015.7375911314371 522.1956770278005 266.4972942431005 
8.885150675014778 45.37103543387357 2.503283189453782 407.4842999942591 3.4446644499098618 
83.0 0.17235946071595779 1482.9093937547311 1227.0635151122565 547.4316182541484 
38.47491874321069 0.10009894122646414 1166.700499447801 527.182857066546 173.87300893016436 
34.61714814509003 0.08917565630962225 1481.447611659671 469.9180278455246 184.80446169585687 
38.50871898823688 0.10009894122646414 1490.2423491739153 525.5587843492482 264.9526271212951 
7.016558478044502 36.43243008571062 573.1108437980957 374.4372637145583 219.88471117116296 
33.822547765626496 0.09988940876142127 1357.07863619261 472.25027707869134 258.6125355270382 
38.48199887763444 0.23926411137960013 1496.6635520808256 709.8390207247259 281.8980128947608 
0.02241120166010732 36.63091352530866 13.092567725293158 385.52530562764224 1.4191651898829232 
9.436493719219332 0.1250324853706788 843.526098621671 535.7893778049215 206.52224127807148 
34.60955332322654 0.23959689283917263 1167.133013261713 469.9170041922283 264.3541120537019 
0.41409024468619915 70.90192219337263 560.5854348432247 347.8172425648757 3.9933207591543822 
0.4540173993852483 35.09352327530166 7.844714607198927 50.908058581866015 3.5409654162350765 
3.5085344149586315 48.95270459258937 679.3333175669363 374.74153574104963 100.26953093007216 
10.354056506063113 53.24515036149603 409.6030497307809 358.7267843741656 72.02615143000233 
2.757517871070288 36.43243008571062 573.1108437980957 343.74879119781804 180.56250732517364 
8.58495575502041 44.307307145831345 45.01238937693472 193.69464233148403 2.4383996390131686 
56.22298190151648 0.030044671913088017 1497.9797000683038 994.086188013616 424.21398401483424 
35.09080172907857 0.09911718768396871 1470.3054850520286 583.3162725949853 258.6125355270382 
0.41933546294211066 44.307307145831345 8.20334095311491 161.54427391430943 3.389589364334303 
17.359275223369345 0.39889044297567117 723.6857576441023 378.38268999624347 177.48885711877182 
35.10142453238173 0.08769595826540355 1169.8772337378357 468.92177814900106 180.5846420793727 
38.50871898823688 0.10959661479066686 1155.9871212422775 525.5587843492482 265.4414181330376 
56.210712250239794 0.19796083472980142 1495.878803659031 614.1224136812157 424.46650311207554 
66.38440978188532 0.10720934355880077 1494.6494910562817 1173.3148368840398 339.76950127917985 
0.3446426393626263 33.48171914516289 8.253174235423899 360.44319316268246 3.4713789693641677 
3.0562718196369296 36.60231048348259 58.77571943684325 140.66587209919513 4.973583837377749 
7.669878635012672E-4 36.93122119756783 21.310755648057466 311.4488503558199 5.209965247469263 
8.904060110566753 44.5877572956868 101.92603434208188 405.00464373916697 24.09335680374548 
58.22207883611892 0.24515906500083912 996.4642648855934 459.42698738916374 202.95984320146036 
69.81870467095118 0.13361568274178381 1494.081286580926 937.8168106148539 350.700950528181 
38.59483024543796 0.10890845935655839 1153.0956067839063 565.191254051629 239.5987508283356 
19.18909456038582 0.10202389668900347 1057.4815640372299 518.8427017636218 179.1777346428651 
34.60955332322654 0.06746151444258025 1481.5485293835527 512.1618670971413 272.53071746500785 
4.447593770858797 39.00471935213294 679.3333175669363 374.74153574104963 166.85051458415654 
56.860501201115454 0.19851825429288228 1497.8961664378253 727.3461421155995 423.7154040861386 
33.822547765626496 0.10672717925759406 1463.030454739029 535.7893778049215 180.74912610392954 
74.2404262053443 0.3984727757691605 1479.4437380698787 1490.4504672577616 772.5628588279515 
81.94735343024679 0.18949836111897866 1496.0546122240348 985.4516186309852 606.4263092988481 
33.822547765626496 0.09988940876142127 1407.9357198299263 462.99647202238316 258.6125355270382 
2.757517871070288 36.43243008571062 573.1108437980957 374.4372637145583 180.56250732517364 
10.559819790646383 31.60531399013069 343.87638005429085 360.74306129481454 11.762435395273304 
8.137883668302955 45.514480102829815 569.0339227142969 353.34103265594536 5.891428913399821 
70.56247334384628 0.39979907163326256 1494.081286580926 815.7268174553124 313.4953083348023 
11.114735039424392 0.4288259855485387 837.7494934380597 419.03406670734336 206.4787013174822 
3.534533430307985 0.11587268967725173 663.1099770478687 371.2237977413324 100.62222881721544 
9.19259833145778 0.002978902508121134 971.537254865465 459.5776133121857 315.5159627465241 
34.60955332322654 0.23959689283917263 1481.447611659671 469.9170041922283 264.3541120537019 
0.230088790294817 37.02544677867738 363.04579268280725 343.56197650707395 11.809835189251295 
6.586898043103046 45.112834938743866 13.142436285615238 313.9205590014474 24.208841907851237 
6.935139145622171 34.87169303990585 2.503283189453782 55.83009515871669 3.4446644499098618 
22.489201535186236 0.08852565345593552 816.9771926175132 470.3902954011048 149.2294149436757 
8.58495575502041 44.307307145831345 45.01238937693472 212.43231851582811 3.3948854573253158 
7.669878635012672E-4 36.62721741722859 321.89732358348624 355.769134987034 5.209965247469263 
8.58495575502041 44.307307145831345 45.01238937693472 257.68494686254905 2.4383996390131686 
8.342724542074283 0.09980429994573102 964.4359350047077 470.14249032312483 112.85323155458826 
0.006911317812928086 44.178209861778996 194.69161124347397 333.9969458384172 12.262034896988254 
18.178974422034706 0.10830638097870193 1057.4815640372299 501.4868860888957 179.1777346428651 
5.747219734413955 36.74363952550802 366.1809798352454 376.50615286232664 34.244317812330635 
38.861968186444656 0.08852565345593552 816.9771926175132 470.3902954011048 205.91030268290706 
8.137883668302955 55.30442291499143 573.1108437980957 343.04797253352046 119.71298221785919 
1.8271187637479152 25.188504709105445 552.8774076861922 315.4001131549808 5.54753916246972 
38.173341824701204 0.04922552005750634 1487.1083108152288 596.2582724773581 264.35017148939266 
56.2071296231511 0.19796083472980142 1465.4592060129285 727.4686496860653 426.7345870024716 
3.5322885985908568 36.995424873962754 32.623748431899884 250.43128214742714 7.56241928452458 
5.320809037614322 36.695648236578606 15.371626776834432 6.859920437269551 2.042662518644349 
3.534533430307985 0.11587268967725173 709.3661822395915 371.2237977413324 100.62222881721544 
49.83780952294511 0.39979907163326256 1494.081286580926 810.4599181957251 313.5239896680604 
67.7620022014796 0.10742257153576691 1498.6789099952125 1172.0498327091989 563.1892885080229 
70.5866704138426 0.18949836111897866 1498.6789099952125 968.0024454995926 563.1892885080229 
43.368263815203534 0.4891316198048514 723.6857576441023 406.68647430126504 177.48885711877182 
0.4540173993852483 44.5877572956868 7.573643130715714 2.713628647318558 2.5149042794899525 
8.58495575502041 44.307307145831345 45.01238937693472 161.54427391430943 3.3948854573253158 
38.48199887763444 0.23926411137960013 1496.6635520808256 600.9058280901318 381.8749807674069 
56.860501201115454 0.18949836111897866 1497.9797000683038 994.086188013616 345.24337292900645 
38.821975807232334 0.08852565345593552 1354.0831876760878 470.3902954011048 205.91030268290706 
4.972281325153565 36.74363952550802 358.886693044949 263.16317414372287 40.775267425586065 
38.48199887763444 0.23926411137960013 1496.6635520808256 709.8390207247259 381.8749807674069 
83.0 0.17235946071595779 1482.9093937547311 1133.6589535438652 548.0487760701512 
11.114735039424392 0.4288259855485387 837.7494934380597 467.72249178064305 206.4787013174822 
56.2071296231511 0.19796083472980142 1465.4592060129285 614.1224136812157 426.7345870024716 
69.81870467095118 0.4129285697788251 1494.081286580926 833.0686864732838 346.54074295288933 
6.935139145622171 66.46788863302977 2.503283189453782 122.83676868731487 3.4446644499098618 
38.51319552839506 0.46916472243688667 658.5545363575245 353.6518200742129 177.29163722687883 
4.780453660079374 44.03535231959848 141.56653720496334 341.83511396371824 11.809835189251295 
74.80787362684748 0.394488418792978 1482.1140153010433 1421.9560637554362 729.2350868360284 
13.951500182119403 0.4891316198048514 664.4017254747117 406.68647430126504 177.48885711877182 
0.009667735089807117 32.4563674136571 114.25040646914783 17.506632049437926 1.9667935845307198 
82.0 0.11779065605971098 1499.9788657642437 1147.008747642784 1006.090033467915 
0.0046508958740858475 36.63091352530866 13.092567725293158 113.98847732406372 3.3948854573253158 
74.45232400901514 0.24565539518890622 1479.6595167340379 1334.6762233985655 774.255234140201 
13.951500182119403 0.4891316198048514 723.6857576441023 406.68647430126504 177.48885711877182 
71.42943535514402 0.3426579378305138 1492.942267599058 1424.4603266497543 1190.41132393218 
72.17661205563572 0.23959689283917263 1475.0068342230254 597.8918852461184 260.3148283049242 
