46.63426266909313 0.15268718014143046 1465.0650733843117 526.0472309897889 399.3274757035671 
2.080689338269706 48.202828988329046 75.07917711432172 351.5235864485594 3.3016916538140197 
3.0364490283549532 0.13865197829010276 588.1766682306746 397.29876777111707 46.228246194635716 
33.638312932661805 0.3530125912221859 872.8967586195879 408.97746703397627 314.32959672369105 
27.701440525526237 0.48149498721477957 1495.8415168901893 405.6556201222334 330.57478151759807 
2.6443281725021333 31.035625604257497 149.57022026701443 188.91794575244515 12.15664226194987 
3.6057103935362584 2.6882972204821716 746.0669648661208 343.54029710981433 46.70220569743197 
39.31691895451361 0.23726666104416774 1180.7608750335253 426.32130396962754 263.20277156480785 
49.78783431774091 0.13965021494444568 734.4388434753533 407.3875914149967 169.81482491588025 
0.10067822353045874 47.20535018312479 15.911599257672663 184.5316893642302 1.9980364428951551 
5.334832751635744 38.40975723929765 512.9001193580706 357.8687787950114 64.68452485371795 
37.69287228373462 1.1686877720757676 818.8941143374328 408.97746703397627 294.4570111369085 
3.9054415805134646 40.424657803264736 415.8126016949516 307.37260176429044 18.985580016853838 
42.89631556589586 0.012798261682848852 1478.4124004108273 585.4166303596911 291.2968653866297 
0.9943058515337542 47.84719941298143 346.6111807388977 304.9720457410217 7.273995317997517 
80.340099057091 0.3277936942030323 1495.6765982579882 607.1251034682693 293.1376249947694 
17.567743706668303 0.01325885603195816 1045.7410186841985 479.17092688716053 295.75094637637 
77.8995972824438 0.2569755796467594 1477.6263441826477 1140.785978897946 681.0904567819921 
39.69863364214563 0.1297659915391021 1467.7201376283401 823.2952499089123 485.31996731713775 
2.4561706547987896 0.13865197829010276 746.0669648661208 383.51395384108525 2.409460391302467 
3.532549876240682 36.6917648910879 584.066923707798 343.8197406155197 25.33727130426017 
0.7816312237348921 47.84719941298143 64.2569999407075 42.7438338926558 7.050785406511494 
10.976732604295243 4.11634873744509 469.1665398918818 404.01106010193257 188.7192266216971 
3.570130779190057 4.48274113682465 583.2592292159314 328.5689239506356 11.74034473647398 
11.341226576045667 41.85118032839219 584.066923707798 337.21830019747915 185.5064595437837 
37.69287228373462 1.1686877720757676 837.0594344146543 408.97746703397627 314.57579568573385 
27.610944075001953 0.0028031922809792706 1117.1354496545025 439.92955331129093 196.74965401721352 
22.08855162386892 1.6487932372779213 1117.1354496545025 441.2990975979711 169.32226078604714 
1.9928337444591442 25.186094748064743 171.66034618981735 119.94396004776816 13.300711284564212 
32.75843043953015 0.1383987753509497 1330.7932584280284 484.21583390461456 262.83168488106406 
38.40312597339689 0.4744617215135726 1495.8415168901893 520.7617294669151 323.91663473213555 
1.268293474591041 48.21327170657689 1.2654959848779557 33.86471025699126 3.2999618429508892 
36.5124113704223 0.16213522180112677 1494.0719700338861 437.7470514888241 163.2779515872983 
4.758905794540363 47.84719941298143 71.84816898939903 42.7438338926558 17.629038827053463 
16.087146374377845 0.02724014260649417 1045.7410186841985 496.03195628469393 295.75094637637 
78.21178831480648 0.35130221222758473 1495.8415168901893 874.2373255007653 326.7100869518444 
3.420526260155752 44.87642381469112 322.61834053750755 330.65860854408186 51.85488637141938 
38.23207706145738 0.009528097194298752 1433.9151182362573 527.6792940644781 307.0512716553242 
3.532549876240682 36.6917648910879 584.066923707798 343.8197406155197 260.37412967066143 
42.97434304436749 0.14073606315368692 1495.1617307937381 981.3697325634473 294.91137030517206 
5.810690902647895 0.23726666104416774 969.1617048103051 421.3944717299922 263.0765826541008 
0.22549051485031413 45.22901611447212 4.600728443495606 334.7332720175351 2.1620165652523013 
37.001217864887465 0.034173431746129315 795.0889797008589 451.8306299708003 169.32226078604714 
0.6947107265829056 30.219624027873415 35.442915489102916 25.73049208828951 10.440775126515643 
1.0863451015104317 41.594902588931255 7.212139598813083 130.80223008464512 9.136455369639885 
39.423371105458514 0.4744617215135726 1495.8415168901893 781.4173623285507 327.67197389149396 
4.03326095054609 0.10620333869722778 1157.3519046086271 508.91753648094596 254.59197104899533 
9.568467963091631 0.009734858036887423 580.6218756448359 329.89636110700997 259.8652824389777 
3.9054415805134646 38.40975723929765 449.0576443088591 307.37260176429044 18.311412135740056 
1.0657637974427037 41.594902588931255 171.66034618981735 119.94396004776816 13.300711284564212 
0.7224690615705766 28.985277091382684 23.02565439291311 188.91794575244515 11.348443743842026 
36.5124113704223 0.16213522180112677 1495.5625278907048 661.1358984278871 402.97339741114484 
0.23174218748189812 44.09080108808861 41.348786939628226 356.15370764796285 10.440775126515643 
3.314781777302124 38.40975723929765 449.39676385475605 359.777389515005 1.6965686800785704 
82.21016618326374 0.31569912008629775 1435.787120762022 660.1746138722842 521.3414592034068 
63.39781701991492 0.012798261682848852 1478.4124004108273 607.1251034682693 291.2968653866297 
0.9741765101381635 38.40975723929765 425.6853993174251 358.458613844979 10.203262492002622 
2.0422634112796842 0.13865197829010276 746.0669648661208 383.51395384108525 46.228246194635716 
80.58633888371352 0.4744617215135726 1495.8415168901893 781.4173623285507 326.7100869518444 
0.3022852641968443 48.30619516177583 1.9218053923004677 365.2758006827704 3.553622878970585 
42.25665860180155 0.015570007864067188 786.7074919490791 394.1467540393951 245.81482985076414 
74.50241579263843 0.004457015891698751 1478.4287505250875 1413.1227554102652 1048.367178594119 
38.51546154891301 0.29290509385593433 1455.4735539780195 638.5621799439961 449.21138444431244 
36.505339157778494 0.2757838096398715 1457.9374783694593 451.3187556161231 326.1329126912517 
2.481753761353211 47.57800147229666 128.2216585471226 405.20470834004914 3.2585239650046844 
43.27881478683611 0.24939780138558082 1465.0650733843117 526.0472309897889 309.19151641302346 
42.99147000516166 0.14073606315368692 1197.5330631702354 510.5882838723257 258.74203860414394 
37.74845822415011 0.004436799435340533 1484.7407334344007 1218.2326766709173 405.44623584706716 
3.3076943587260637 36.69400436193019 85.01541957923945 397.09747862304846 3.443460854902105 
3.8877123784857357 47.84719941298143 165.48005365675738 42.7438338926558 2.2681485314140275 
11.067887120868273 39.80341983974432 281.4802969829759 307.37260176429044 10.952177840869908 
82.89271167467486 0.2569755796467594 1498.6914601300173 979.6176432624467 637.6960836218045 
25.951009004441374 0.13536712116995459 954.5642346399459 446.37399907137024 297.2677947606694 
11.211361172172936 0.13865197829010276 746.0669648661208 393.21340352925176 46.228246194635716 
69.33722772087516 0.5701285645802969 1497.6794141528317 947.5978109540463 652.5286535452208 
80.65051390506156 0.11668648720542249 1495.5563530244322 1297.2319437458555 383.79932010060315 
2.148105585657259 38.40975723929765 449.7618802011055 358.7202978988944 65.67673520234987 
77.47333352073736 0.16465473203770298 1478.4287505250875 1468.7725256508484 1048.5146839942472 
0.8909664426045474 45.139213185798035 134.3126047050826 334.7332720175351 2.1620165652523013 
36.53451553473002 0.1383987753509497 1300.8550464963619 465.9877552576083 262.83168488106406 
27.74209983035248 0.1853526859994833 1432.662306308502 563.6818654021863 184.4679475562038 
4.757124860444442 0.13965021494444568 734.4388434753533 407.3875914149967 169.81482491588025 
41.06931149246184 0.12671085435797358 970.3663249161928 441.12168437631203 169.32226078604714 
38.132105067336454 0.13353421069435203 979.7990881394637 446.37399907137024 297.2677947606694 
38.38536839458197 0.009658687702275265 746.0669648661208 392.2473009253664 22.946195156210393 
39.69863364214563 0.3603627856388876 1495.5625278907048 954.529361361634 485.31996731713775 
38.567269836444794 0.10620333869722778 1127.6837641222178 538.4571379724082 264.35266866889805 
3.420526260155752 44.51903168896805 343.14952917371124 233.97667839067725 10.450871381440408 
2.148105585657259 38.40975723929765 489.715409259711 358.7202978988944 65.67673520234987 
0.7509887932635713 45.09348384469802 134.3126047050826 354.01679705181186 3.2585239650046844 
83.0 0.1349269165862147 1468.102634358883 1360.8629477982936 447.6778600874887 
39.555503978681706 39.607992325124194 499.4864444283236 358.7202978988944 65.67673520234987 
1.2150835255637744 48.20237439132111 3.8725856266964342 5.138048189375411 3.433127836280124 
11.211361172172936 0.13900615903141256 746.0669648661208 407.3875914149967 180.7289732557348 
38.41404476989024 0.10620333869722778 1127.6837641222178 520.9441716996942 254.59197104899533 
39.5866282448054 0.09530577782387897 776.1100026760747 406.96908405527927 180.7289732557348 
2.354479561445071 38.71310563946214 34.20737171874485 255.98738829404687 12.001674955093755 
80.65955417661512 0.2008108166937556 1477.8585833138745 1297.2319437458555 692.3107644174216 
80.65955417661512 0.2569755796467594 1477.8585833138745 1356.5537567212436 692.3107644174216 
82.0 0.27394114029282723 1492.8993411476265 1386.3764323560163 719.9395706803816 
