48.41503405192333 0.41961584342574704 1461.9989982014304 520.1625245049074 230.18128038234184 
38.418699490620185 0.04867602632233875 1362.5721592544196 558.1740461906995 272.99957712826426 
71.01478118301895 0.02479541675717567 1495.0548304525562 723.0485449271777 351.8646735338604 
35.129927257063045 0.31883442080941293 1228.6095198997916 417.30218414863754 185.53910372787792 
38.75101508368367 0.45822401906399585 1483.9562423482412 606.4030391357464 272.16673246884295 
2.7726177654881603 37.13397437784234 607.3006836758559 406.8469595219114 277.48354502644617 
0.2506725668698947 62.05585824555189 57.07126747188886 81.16708734100206 1.0633262509766686 
62.74759283868716 0.02666581105093195 1483.3865917679184 787.1942668996588 358.03148031359467 
29.43664048649362 1.5186836245861244 901.8707864140443 452.62019318141023 58.60217828436974 
38.806802529381876 0.3837419844112855 1391.7003309145655 551.7095465142745 365.2978331935486 
0.19564721476694968 11.524853799292845 721.5875493165261 406.443649115885 159.5015349618288 
0.47396663911951364 57.11987778535082 153.76226397753624 85.50995761389102 17.443235512413253 
2.454930785433298 0.40551064528747355 1202.5145785805269 401.8322777718491 220.00744080627794 
81.939353026457 0.024550443055434197 1496.3418076791231 903.1332584680572 505.91529779661954 
46.353700592397445 0.02479541675717567 1487.977291168469 921.0895275604969 349.18772109072006 
3.6693928086287393 11.350435464816018 635.7015768470069 406.8469595219114 173.9757637848013 
0.06194528521882159 51.52580675177027 266.7700161068975 111.82856128427798 27.07064626492274 
35.65353443720827 0.40341586422107945 1228.6095198997916 481.97911823493513 170.50975445604575 
37.18978455168355 0.07543170202884225 1483.2997218749845 594.1409041824675 384.4770540646862 
40.372712335711924 0.7765683124854471 716.6075102496403 425.9256552799636 232.9550559664046 
40.04591096852579 64.48678361302385 721.2333749341421 427.5262381102884 272.94337555346937 
0.13079743779520925 32.38053287360879 524.4129720782614 409.9624326519234 71.95430117917762 
27.480767028714567 57.49423063348024 659.5303598654198 417.34594243780913 17.841605113939647 
47.9782175795532 9.917959556828004E-5 1192.0333099625336 516.1094667537685 360.08672358420705 
48.00478780692189 0.41961584342574704 1461.9989982014304 472.99211744453123 230.18128038234184 
27.478821486212816 35.117888460217046 545.334221787935 337.1804714384444 0.8293752623954411 
66.16205831445339 0.02479541675717567 1482.4605022184453 1062.430098806243 509.53631490670915 
29.030098681535453 0.4143018936472601 1130.2238340876625 421.30841204279665 278.33051095638496 
0.016983532353354036 46.80082737215218 374.5557163168553 300.8712994583473 12.74646542341651 
0.06194528521882159 42.72892426224245 266.7700161068975 346.35995462024323 5.346316555246091 
5.372564758858031 36.16608150949042 263.02329363673005 312.49451414532854 0.2781268800256349 
29.43664048649362 0.41513834252830295 951.7406674418015 452.62019318141023 19.260593564426102 
45.66096060173042 0.17612541020900552 1495.3049360498874 1457.510957165373 920.1341410844344 
1.899232786903691 37.13397437784234 648.0298023317263 390.125342852327 3.097582043287687 
0.07714968157960601 51.52580675177027 659.5303598654198 361.84668734803313 17.841605113939647 
40.04591096852579 0.4205825173015026 721.2333749341421 427.5262381102884 272.94337555346937 
40.00305957328882 0.08959821283958769 856.6065147913291 502.5997243851614 271.9241437200684 
5.372564758858031 34.79028572435679 15.421026889805386 310.84111642081604 6.700977012760216 
1.1350060125573762 0.7875442829880097 716.6075102496403 405.76499558741034 232.9550559664046 
43.20386243341771 0.2591923818424391 1029.768845852889 427.5727981404666 216.47534154451256 
43.3256674588487 0.40551064528747355 1202.5145785805269 428.8322698911269 265.8598612754921 
0.20967293005572607 37.8023493732566 31.62472224450282 240.27043509997054 29.75218022032159 
23.50843323528133 0.39553735878148 1386.8751825013082 502.1970978566445 243.8843592256928 
1.9081419191233213 32.94383232894467 58.41446899327241 342.08219932199574 2.201853822137891 
19.56989028599696 0.0760900137649882 899.9726819627987 564.0184662458445 233.75413130573546 
40.00305957328882 0.40551064528747355 1202.5145785805269 502.5997243851614 269.1428131646783 
76.27780820135791 0.3532048230928465 1464.9512240157417 1482.5325965869665 1097.1291945593664 
1.8866288403177798 35.117888460217046 487.7894002603625 331.10098687524464 6.406056187803358 
38.92895003470061 0.02423963725029195 1481.7005182732987 677.7258694991951 273.1688240621021 
38.75101508368367 0.45822401906399585 1482.5110490900508 704.162032207863 272.16673246884295 
1.1453600424498411 50.63306107359249 395.33678780129196 342.5932127125634 1.253963085920077 
81.42002737871591 0.029995047242534392 1496.9284639472228 1294.0635870393169 507.03026555110716 
0.28800190555404637 62.84891858486415 390.9334393377295 316.03518127845274 26.203741047974074 
23.339635424784372 0.39553735878148 1416.8501206930134 505.4595297929301 232.6086021867631 
0.30838350289281324 36.51824206236481 193.05609203224458 340.1926931217214 5.492676281040746 
0.06194528521882159 51.52580675177027 266.7700161068975 240.27816299033867 1.4504766126220474 
0.3430730038450076 33.35915278610973 31.63903131006994 10.742005217882152 17.443235512413253 
38.92895003470061 0.03465977243309286 1481.2853355642533 677.7258694991951 439.6086676993808 
64.64843610815248 0.4637459566492081 1450.5798122963708 1062.6020486218263 402.10687630766495 
66.80533968659552 0.02479541675717567 1482.52707026927 706.1177584878969 351.8646735338604 
81.939353026457 0.023300968374954576 1496.3693368968607 1230.530977045495 505.91529779661954 
47.9782175795532 0.017942520825728524 1495.3239845834153 606.0451628948831 360.08672358420705 
38.606694343612475 0.07191508314638789 827.3345163983174 393.491522559327 234.56183966514817 
66.72727670120186 0.02479541675717567 1487.749459832446 875.0713150384076 509.53631490670915 
29.43664048649362 0.41513834252830295 901.8707864140443 452.62019318141023 171.85558598875843 
1.428716920755034 35.117888460217046 487.7894002603625 331.10098687524464 152.62901010710434 
0.13079743779520925 32.34824827378017 524.4129720782614 410.1029892553327 10.255978507324116 
47.9782175795532 9.917959556828004E-5 1194.1612526357833 481.97911823493513 360.08672358420705 
2.2957312165225545 11.350435464816018 635.7015768470069 370.6071933616778 27.299394057446335 
66.82238744328573 0.04322897483374697 1499.848816123385 1067.0101459948728 516.017315496349 
28.882663913435835 0.0760900137649882 923.758491788963 460.6504839775493 233.75413130573546 
2.885288296387934 0.0032870782229169476 635.7015768470069 406.8469595219114 158.80747333350865 
3.1137026156289487 36.94090405890394 74.74597279937777 105.38920014392534 11.758446068573662 
38.606694343612475 0.07191508314638789 970.0849372190273 393.491522559327 234.56183966514817 
40.48672775545104 0.018410238529562348 1392.0295935324943 437.04189812375785 276.5712051159209 
1.9294542463054882 36.737424921682205 30.12982117549825 61.09853386003021 2.201853822137891 
81.939353026457 0.024550443055434197 1496.3418076791231 1175.2291244923715 505.91529779661954 
4.4988461731689044 0.08648132742278047 723.9320740080608 430.58924346671347 73.04931835289833 
0.1812218218474333 62.05585824555189 86.94496936751524 308.9125929708257 1.1022857563723107 
2.3882398258411857 50.68582692026046 2.8985604720127185 3.514775045202015 3.1752232323320264 
2.7726177654881603 37.13397437784234 625.2595036328985 406.8469595219114 152.1659260521639 
4.338156170409995 37.495159736712125 25.8436605661949 105.38920014392534 9.123960647903004 
0.1812218218474333 62.05585824555189 195.29196326358186 308.9125929708257 12.74646542341651 
64.44293861844486 0.02581536392875762 1483.3865917679184 795.4010167114991 510.5618313222493 
1.428716920755034 35.117888460217046 487.7894002603625 331.10098687524464 74.88453096567386 
38.56349611976606 9.917959556828004E-5 1194.1612526357833 481.97911823493513 271.10134488799275 
61.616083749776436 0.3298035360792344 1464.2480893800507 1340.205416444829 1164.1453288071862 
0.4352759598474507 33.99137318803918 658.7513755797589 416.6535563177518 19.782213893262472 
60.34935325771195 0.007104682410779634 1486.8966165367574 701.8113643659458 509.53631490670915 
2.5313683687018314 50.68582692026046 76.9437457698483 7.306991389451895 3.7751641298733603 
66.80533968659552 0.02479541675717567 1482.4605022184453 1062.6020486218263 410.29150131877077 
1.8435509584807064 34.23691126969662 264.61056368836853 61.09853386003021 2.201853822137891 
60.417038711704464 0.14308364635187068 1483.4419425550411 1390.4960184407664 500.09953988860514 
66.80533968659552 0.02479541675717567 1487.0896771127104 750.5590231876415 506.04578455916067 
81.39627636194153 0.030210121290766098 1486.967764125543 1425.0758421272349 507.6288190679118 
38.75101508368367 0.45822401906399585 1483.487295918013 557.8563436916697 272.16673246884295 
1.6963279850265958 58.486134412405 119.62889427781303 135.40216718838946 12.090775974508958 
59.583629876018406 0.12977512090126064 1493.3904091500715 557.8563436916697 272.16673246884295 
0.4134920413381411 50.596673642295244 417.020020355641 346.65275353909357 26.500279416449196 
47.909197346069554 0.14440449277832648 1487.920800393382 1169.273828542714 500.312286906485 
