47.51158437868857 0.4853772352173361 1476.2714735091781 523.0995294467107 346.8577618020765 
1.407008539940721 52.46005561049919 278.45734200941 371.38074973012465 0.5720726523634858 
78.01876562436874 0.2780038662579278 1487.415895229199 812.2412268940401 399.2984141207558 
0.8328334318864405 44.25822720642505 404.6369003105617 320.5252322802887 6.7555183130358625 
57.212575760627416 0.1578058841231974 1325.189780285614 602.5264126997159 286.82658554603995 
49.23861251538453 0.47020796290662636 1477.0321058344125 677.8000443455303 209.7136741661904 
47.51248054765434 0.28215135422008647 1479.2509599299444 748.0063256404117 313.48043870676855 
1.5878096648810374 18.805444575098335 651.3599845631743 394.47866428784124 206.0599039714525 
49.671403472549564 0.27884704694013557 1476.7835580222313 710.8844745371854 478.80997693491514 
75.08205058839857 0.13089601097328785 1497.9239173343665 1354.5195781199263 482.35391553656814 
54.906379123284346 0.1578058841231974 1091.146975072596 493.2944620849841 293.97408906191015 
16.975011669207206 0.27533006951504513 806.8515700687411 382.49707556837524 98.47771587751163 
81.74218549118483 0.2125342925737289 1492.2093833811953 1492.2231828424854 1144.7604394188552 
16.95280945068842 0.48743095820749954 647.5926314646124 397.44123210455206 218.34384077643367 
30.751501398088706 0.21161030281914273 638.1994839051662 349.35647506548565 219.680986712009 
0.2844711045879935 52.01476451299136 243.76123323534438 321.3605588993517 0.5902793957931206 
41.060479469188756 0.28569585852210766 1015.6371567070173 511.16672346325487 327.04383337155076 
1.4965009678735939 1.4346886047507645 488.09119834304886 348.76145117473885 33.945110310611966 
1.0101588093773444 58.847197590773895 18.6174654742714 360.29855795612116 1.3242465399431107 
82.0 0.3126894523629969 1488.6528285111601 1341.8832070418764 1037.741291013101 
1.3961335799131498 52.01476451299136 275.69885763846287 266.504342065383 0.5902793957931206 
2.974829429742978 52.148958021067784 29.981804880274296 369.00382765910905 10.98029230252908 
46.87970591729051 0.274919318959031 1344.3816205811318 459.6831634249017 248.5825511258742 
18.571100859009082 50.50344781034534 604.4640000183747 350.1339977558472 14.241916604099444 
8.511387743976114 54.64095233339875 604.9815608510778 377.78686657696835 71.02285903795983 
0.76888494990909 51.24687970296388 120.33264584760155 159.75593076475116 0.7901472839322068 
75.38166624774281 0.08200807337007188 1449.0572611931314 955.0721380313909 545.3164173811595 
0.19188071558623684 30.07440119257661 582.9292753146927 370.84346413659307 199.2299285859495 
50.9436582776714 0.4810114502032271 1397.7209932250373 454.52006312335175 279.42780671612144 
40.6425109813141 0.3591468850553384 1453.3138089769168 747.5448726561226 278.1168023823043 
2.974829429742978 68.96532548401383 447.75885703375695 304.96461986879194 10.987208264218044 
71.87122282841183 0.2780038662579278 1478.6942710621713 1339.6519993485626 483.13116621407977 
39.08813150132454 0.1613767302884442 1108.4606419176982 418.54885236331955 270.29806938378465 
77.79461419743434 0.31164225046170546 1479.9994315698991 1130.358272123304 509.9524132182711 
1.4965009678735939 31.52926766690075 508.4221611109602 348.76145117473885 0.16360146291692956 
0.8410107803953295 44.27159711123991 404.6369003105617 302.72063896409554 6.7555183130358625 
46.87970591729051 0.35722719641622547 1332.2550732524337 460.3570837290449 338.01451102408384 
16.975011669207206 0.2753917695259529 806.8515700687411 392.8727328772054 144.39440204216524 
77.92087290731295 0.3016986720413717 1479.3456783385068 784.878631259864 286.83605182698165 
78.02022615797337 0.47020796290662636 1487.415895229199 1340.1725249711533 398.2575998859005 
1.150087461837725 54.92145090554898 12.391604643152704 399.8050478950053 20.34026399072117 
57.212575760627416 0.1578058841231974 1463.969644335898 602.5264126997159 286.82658554603995 
15.955981629074671 0.2753917695259529 762.6132602441621 424.3106624813345 320.1536355699743 
56.387954639426454 0.48275271914130097 647.5926314646124 397.2355508936269 175.25164759775305 
0.1632906579532225 51.24687970296388 4.3712785466364465 159.75593076475116 1.3057942886484841 
0.44855246490539624 52.9278837039087 246.31997726928563 371.77876536620715 1.2856567974777227 
0.6706289797957865 40.20775752743494 17.946143356811774 423.8885199767727 0.5990139535115335 
15.955981629074671 0.2753917695259529 1073.6994634922075 425.2032414253852 249.09951480958642 
32.216186351741456 0.4913014176992745 638.1994839051662 500.66931646180427 219.680986712009 
40.94407693458479 0.49748031787243135 1075.423665696226 460.9802114640771 284.4842394522351 
0.7707696179646595 5.261468323567158 650.5658665272049 386.7173750317519 195.93858057056406 
2.5776406123561935 48.196826595161596 644.4173557470131 375.7900816265221 195.2982075703734 
0.4490558378021893 54.9440345804972 115.35002377620248 104.70211122427335 0.46685817864548523 
1.4965009678735939 31.52926766690075 521.7819618893486 348.76145117473885 22.360506694319284 
37.96596776522241 0.3574988141484456 1378.37841740546 501.99454034263886 286.7519237233069 
1.3852470431481276 52.01686858159718 18.21641874356653 109.45608289097478 0.621716778708368 
77.93390165662969 0.2780038662579278 1487.415895229199 752.8454938907591 483.13116621407977 
1.0101588093773444 57.0407651636845 475.2115499880234 360.29855795612116 1.3242465399431107 
1.1730615290702833 52.42692663692453 213.93411519310445 371.38074973012465 1.2856567974777227 
0.3997886286931489 38.30379802164795 385.0225389276381 378.59314344656116 0.05738721225945076 
49.079634797961205 0.3016986720413717 1423.0681686995156 672.5973776057912 418.34869123464017 
81.99371577553403 0.3119912215547025 1487.415895229199 1130.358272123304 327.3155038470598 
37.96596776522241 0.3574988141484456 1451.5020429196961 501.99454034263886 286.7519237233069 
74.66585419546112 0.12281633335161146 1498.1069419262642 966.9763075406861 545.3164173811595 
0.19188071558623684 29.702542291707903 582.9292753146927 392.0025320578707 199.2299285859495 
42.04705789539676 0.4249493963134942 953.3753208418519 384.4995324922622 222.98238585468889 
16.517147329514817 0.4903065249031284 1085.8905682771076 376.9483829800227 147.22193887485577 
15.237954687484175 0.16124851139796395 1108.4606419176982 418.54885236331955 269.8723545970595 
0.52833778161242 34.984118837229346 567.3765903233489 345.65402094356364 38.10948707195426 
1.4965009678735939 41.539959430295156 27.126679289084876 297.2768482426279 0.43461522746307446 
54.906379123284346 0.1578058841231974 1167.9199030010013 496.7515798058195 293.97408906191015 
72.29061473859153 0.31244215320442303 1470.2402140300526 1465.3612296119895 1160.9536329239743 
14.58024244972481 0.3065018677057591 1228.2979375927034 476.4287050867011 271.8446319110389 
0.6767085363654789 54.86673529640439 113.60189005686499 188.59142251513748 1.2179801294412265 
77.63345070627146 0.28216738059285923 1487.415895229199 928.2787386608574 327.3155038470598 
1.161329992145702 51.98323152515543 28.832374791959122 51.84798236793763 8.580509919577793 
33.631462967171025 0.45236026623950476 916.0996392065779 408.0254042859831 105.21534633241936 
2.412293144211818 50.596002899292166 115.59743431750405 17.347090540915985 1.0436588601159957 
46.449500723890615 0.4877951771389292 918.910793317702 384.4995324922622 194.96282814363906 
82.0 0.4764086968248054 1496.240536166275 1348.2689186190703 1160.9536329239743 
48.54707731931721 0.47474474876284917 1449.250689482161 1363.784702548617 422.948551898653 
78.02022615797337 0.2780038662579278 1487.415895229199 754.234986827274 398.2575998859005 
39.08176081887633 0.4872395184478136 1019.4363295803773 386.2730833310486 254.81305338757997 
40.6425109813141 0.47748972303978143 1479.693919370924 747.5448726561226 278.1168023823043 
77.93390165662969 0.2780038662579278 1487.415895229199 928.2787386608574 398.2575998859005 
7.042417130481908 4.071122510252781 598.8409551177022 386.7173750317519 157.72316848524554 
0.52833778161242 52.04628070006732 4.567368554079792 345.65402094356364 3.4488920991935856 
15.319589106924056 0.47294368447857504 1108.4606419176982 386.18213438106534 215.18441822551324 
0.2502002484521353 50.75563033535755 17.71547572251832 0.191918799034708 1.6983142013455144 
0.8305055109640392 40.20775752743494 17.946143356811774 126.72741414607225 0.5990139535115335 
83.0 0.18998726934038562 1479.445860609482 804.0722691251791 551.1476588897457 
42.223723177527425 0.4045703401123508 1495.6775011168047 1307.4866063167715 289.3115565232753 
32.45603934972517 0.3168924075214988 1403.1797519443487 509.45936765287877 300.4319317240919 
46.87970591729051 0.35722719641622547 1332.2550732524337 460.3570837290449 208.58846628699192 
1.3961335799131498 52.01476451299136 19.641207139628772 189.88323714504895 0.9202373080306003 
0.530332149718916 51.24687970296388 92.8118169297389 159.75593076475116 0.6416280952909403 
12.903770827724204 42.08779084707411 402.21473333933193 371.8851718082119 0.4698333339163357 
2.412293144211818 50.596002899292166 20.318385153089004 17.347090540915985 1.0436588601159957 
1.6598902309974244 51.81718028926193 17.533600343338875 37.61116669678981 0.25058279883800627 
2.083011812850923 47.48934812627746 56.12682825188722 247.6030633041101 0.9574775434129492 
