0.3344163878053269 44.64954070173066 71.3463793718749 175.71610621260538 12.994604075851 
16.48458568031713 0.09757706814463019 818.7834734060949 373.9884311702873 177.48183818082646 
17.30182238210065 32.86261845742231 684.624524307869 391.54885089363336 109.31370356244871 
8.261874210680563 56.52667062395054 117.81899930641333 345.33885983095524 12.757801486040488 
0.9918807499965334 45.617773708367196 22.26305307215131 314.02783836411544 2.454296820487695 
56.1149428729376 0.15610469443121158 1030.1370694969357 457.75724556810735 279.0073158694502 
17.3067836502633 0.02151577157196272 1146.5976965110556 394.83617607704076 288.3108967322032 
32.87436363642693 0.16761774764018245 961.8587195548083 400.3738727760051 225.32400853738937 
15.500885702211333 0.17155071623165985 748.9417243893296 387.203759706333 177.48183818082646 
57.34948256305273 0.19627077017330277 1498.6018131805665 735.8271214219919 342.0667555258273 
56.15575810545403 0.15702812009593028 1212.6610350881333 490.63430966301377 397.88415403794255 
80.74792773871084 0.40390341598821966 1475.2955707640995 681.0021096382869 345.88185758017914 
0.024625995962960445 29.991032796435697 216.08468706091185 323.30433225168343 1.4384749417150111 
2.406164703789062 43.41169919346995 463.7310512846884 347.928755552436 67.90343605725474 
4.374281528978166 0.022686094338555257 1129.5716433391901 490.63420325902325 272.4012901595531 
1.722849085510906 37.48653832470457 112.82715694404055 25.43691850095866 12.994604075851 
14.812193021838485 0.03872126033338397 638.1857845754913 387.976738137772 100.39996380696738 
0.425573658070066 45.414475578886034 68.94373521902682 342.45554003499353 2.454296820487695 
60.08067924350995 0.20233275621709654 1498.6008696957344 1168.1502039064794 555.4391856367556 
47.31641023146891 0.052563319705675626 1110.7811465219545 551.2768146781867 272.1423084971536 
6.467247410721415 1.0508986762367805 737.9333777442571 345.33885983095524 120.06358281023282 
33.66640206627844 0.17299052923234695 961.8587195548083 443.94857086600507 301.0910823588057 
24.005387348049098 37.81077217563608 451.88514302824717 394.9792945074414 55.095838790947596 
56.96671300604871 0.19627077017330277 1498.6018131805665 735.8271214219919 554.8108820147387 
0.49209562256964645 45.617773708367196 166.8104287385367 91.03638036041136 4.236471521074554 
60.83240394197882 0.3183020498843572 1496.690399794753 915.6489771251133 484.7486449008315 
17.048658307137227 37.81077217563608 451.88514302824717 394.83617607704076 19.966156325303075 
61.09318435463118 0.3187516339364758 1496.690399794753 790.4142736421722 324.00000955839306 
56.77205708640715 0.4332320462051234 1462.4704145455305 579.8230362450296 286.7179547877424 
8.739770377028778 44.29838582396718 8.949488428391916 282.7079779982697 2.98449306584952 
0.1669651926274991 45.617773708367196 30.934569447499157 76.75138842684157 2.454296820487695 
0.425573658070066 45.617773708367196 22.26305307215131 341.8403699476301 1.6637289712900185 
56.769861757104636 0.2531312089517412 1493.5378849601507 748.3250396216956 277.7275277871763 
52.79729046377498 0.09519155719889616 1487.4972261593484 1408.0892396494223 393.2488382446584 
2.39905115770428 44.626644193932236 155.8778746187956 290.96046451365424 18.968389439061482 
22.797851318828666 0.03872126033338397 736.5365801452522 386.33397220105815 121.20119674566095 
15.763307085625582 49.70346350624876 42.21469427673783 76.75138842684157 2.454296820487695 
22.82403246040154 0.1893653153467947 1208.0468136107288 490.4480193347695 272.2475815859265 
35.754133629776646 0.3479046873482936 1497.8324339962953 550.0177224466643 279.3352530642212 
61.29230682015533 0.09519155719889616 1481.8688476769844 644.5110477174064 397.7703490398741 
1.251290190964448 86.41451464194726 4.684747026244651 41.71413934982697 3.265904388322692 
35.754133629776646 0.3438656693578468 856.7145569416572 373.7302740982958 279.38763751255203 
0.49209562256964645 45.617773708367196 63.17222021027389 91.03638036041136 2.454296820487695 
56.1149428729376 0.158529303988883 1487.2354319241228 457.75724556810735 279.32895189932145 
2.4009384667927707 44.626644193932236 463.7310512846884 295.5899856482658 46.894840523203854 
0.425573658070066 45.617773708367196 22.26305307215131 271.91307693718113 2.454296820487695 
22.303227213264517 0.17299052923234695 704.6134846824923 387.60566583234095 125.49940545469235 
0.024625995962960445 29.991032796435697 467.07889936047764 327.6646803038862 1.4706915045126188 
8.261874210680563 56.52667062395054 737.9333777442571 345.33885983095524 120.06358281023282 
4.561867123150297 55.07589328037602 517.5918431649835 345.33885983095524 28.397463283104173 
24.02055319553829 0.047035771209401854 919.9830772418316 394.2379292189443 106.22324130027869 
3.613172159921156 1.8859368757982118 606.2550016909601 341.73563053135996 33.64950836611298 
24.02055319553829 0.19088488039405882 916.2239856941079 462.26090607248165 106.22324130027869 
54.16518953350852 0.12260257920257178 986.0076850942369 464.41589220490636 247.79331260340456 
61.09318435463118 0.3183020498843572 1496.690399794753 790.6806801716599 452.21915927221505 
22.797851318828666 0.021414817700204147 703.972466992981 385.5943267774493 76.91533154633889 
35.754133629776646 0.3479046873482936 1403.2215451892775 558.5632133940474 279.3352530642212 
47.31641023146891 0.06173091961855626 1110.7811465219545 490.63420325902325 270.47544785243946 
3.296863308470175 54.385573453715246 624.8427953820924 387.15502014882816 119.07022370443829 
0.425573658070066 45.617773708367196 22.26305307215131 65.34319825485048 2.454296820487695 
17.3067836502633 0.032038688973222484 894.4437379071289 394.83617607704076 107.48746827747208 
1.7132940815758642 31.884906715713637 135.31006030640094 319.6483798555765 12.994604075851 
54.01527847472737 0.3740275097398995 1497.9798704948373 1094.571220881241 407.08275761749576 
3.613172159921156 49.17854767495528 606.2550016909601 341.73563053135996 44.1289632690095 
57.00796269810249 0.19627077017330277 1498.6018131805665 1404.1856130758235 554.0376425605447 
40.52469982196927 0.2317541997963855 1459.0696893968263 541.6462007688373 286.42804691568455 
61.09318435463118 0.4169158917454278 1498.3550145323543 616.1803522218386 333.4184170341051 
16.484679620434754 0.09670758357940494 824.5776753348093 372.9152950455663 226.58337516813538 
60.51825372610042 0.3183020498843572 1499.2910008765978 844.1545596960991 414.17732076563004 
0.22502912662395613 31.519523364323213 6.995909706051053 11.887722785101715 2.63883968782742 
56.15575810545403 0.1893653153467947 1208.0468136107288 490.4480193347695 272.2475815859265 
56.31793890111007 0.3183020498843572 1482.166587044245 912.772365694482 462.63652907595133 
33.66640206627844 0.17299052923234695 961.8587195548083 443.94857086600507 225.44240834122925 
56.35687178617323 0.19194430801126366 1449.293898080166 463.9791559158839 265.51102138743795 
57.33828805982382 0.10602667106641425 1489.3502859355838 1156.5209730853778 485.88778254554785 
16.74301705585822 32.86261845742231 684.624524307869 352.9820694648544 109.36875393032196 
61.09318435463118 0.3183020498843572 1482.166587044245 869.5532349654093 465.06899980204736 
57.18518082902811 0.1893653153467947 1248.891784330468 490.63420325902325 272.4012901595531 
22.303227213264517 0.17299052923234695 980.8546111108541 387.5420973531122 125.49940545469235 
1.2407159512877168 80.07692849687231 164.80863630843794 134.4633525932694 4.177357041920629 
4.165846903246571 44.626644193932236 311.7669777751429 290.96046451365424 4.7648553846562045 
55.993391781814076 0.41067542845801364 1490.4449358332054 582.6622240014987 333.2594158970059 
8.261874210680563 56.52667062395054 463.7310512846884 345.33885983095524 4.7648553846562045 
8.738396693480304 43.97661912116241 311.7669777751429 342.16276022910483 8.804606498772529 
0.9729465302491873 33.53948937389125 322.7727802038587 351.4963054220757 46.66332209819197 
33.66640206627844 0.16761774764018245 961.8587195548083 420.2195364113462 225.32400853738937 
54.050699597831866 0.022686094338555257 1129.5716433391901 490.63420325902325 272.4012901595531 
2.879326942345907 42.51662560835899 301.19063827425936 339.13957146789073 12.239486607689978 
82.0 0.09519155719889616 1487.4972261593484 1408.0892396494223 791.0307009179286 
53.52405729027316 0.19631679586129053 1229.394221297112 556.5766589559156 291.64935903861794 
53.10281366161409 0.2504522175416143 1487.6243823448801 1455.6314873559945 393.200785230995 
1.18465938631725 22.240034639846556 559.3063849991718 388.36010959654044 51.77080606752077 
56.35687178617323 0.1562029839056433 1045.7299980674327 464.143713549503 287.98171837926316 
33.66640206627844 0.17299052923234695 1488.7187091158517 443.95908062398416 227.83591139536648 
0.8725277121396984 45.99067959230002 327.83559461712844 306.3706846414739 2.566834046796494 
1.722849085510906 31.884906715713637 112.82715694404055 89.32819005392614 12.994604075851 
58.69185006921985 0.20233275621709654 1498.6018131805665 1218.5773285316059 555.4391856367556 
59.99453274593555 0.23180923098508188 1496.690399794753 870.7179653514864 783.7398043671226 
2.39905115770428 44.626644193932236 463.7310512846884 290.96046451365424 4.7648553846562045 
82.0 0.15462719232147293 1483.3508201365632 1452.2562851341072 794.8655442841224 
