1 0.1242238419345006
2 0.11369815196139028
3 0.11216792665384596
4 0.10913496375876815
5 0.10820203972395463
6 0.05941694448182379
7 0.053964613214086056
8 0.05146392120570993
9 0.031673783385134935
10 0.02202652280523061
11 0.01975442062573193
12 0.017163544578921244
13 0.01705988140417293
14 0.016928455491585837
15 0.017591880275242666
16 0.01676585422624738
17 0.016318065093191277
18 0.016286940305967175
19 0.01610714768786066
20 0.015550156204329892
21 0.015179438580927712
22 0.015353284985160708
23 0.015493077555018673
24 0.01542269122378279
25 0.015093683383238965
26 0.015055022389100683
27 0.01503156003473681
28 0.01459989908127487
29 0.014343894549639009
30 0.014578354657159629
31 0.010465902209556344
32 0.010159353352129502
33 0.009698280006056386
34 0.009793196871903997
35 0.009207239926635767
36 0.009391769007699542
37 0.009300565610858994
38 0.009325936288065188
39 0.00933689731337569
40 0.009489854520554095
41 0.009546366216590678
42 0.009738580141391203
43 0.009404989530399508
44 0.009366806172935347
45 0.009513840843506677
46 0.00918096872839748
47 0.00917194744304804
48 0.008982844298487603
49 0.0090936809424486
50 0.009216645602126927
51 0.008181015976519112
52 0.008294014363242806
53 0.008255389954302876
54 0.008356819383108024
55 0.0084163114002237
56 0.008534490834432897
57 0.007828205119305797
58 0.007832051159742184
59 0.007697399241574795
60 0.008378718890847134
61 0.00840780345282391
62 0.008402683952293879
63 0.008645972088353396
64 0.008608822011469931
65 0.008653886551027898
66 0.008656928670914856
67 0.008667088008159128
68 0.007972941782375625
69 0.008035917497054562
70 0.008035917497054562
