1 0.25693377634441206
2 0.2566025491940566
3 0.2002271937872715
4 0.20179342118872556
5 0.17844672175194407
6 0.17699057496030945
7 0.14679626680050292
8 0.1465310627646769
9 0.16761534297676653
10 0.14307276194770535
11 0.13050680063408948
12 0.12011360369254133
13 0.12007848929228476
14 0.12007068307829595
15 0.12003853397110546
16 0.11564945840793965
17 0.11561949455197972
18 0.09826083943162249
19 0.08734981262787714
20 0.0872685485877973
21 0.087377068194534
22 0.07563007626268434
23 0.07562429431571822
24 0.07560233678897921
25 0.07559628224195077
26 0.075559215659413
27 0.07552344251191409
28 0.07551450887652957
29 0.07549841216203539
30 0.07547337117742717
31 0.07547101395540409
32 0.07545821246065605
33 0.06869818270500805
34 0.06870355042076237
35 0.06870156226275033
36 0.06874709908213468
37 0.06873616475194581
38 0.06094475228254615
39 0.054387728651179953
40 0.05436877222465337
41 0.054307416901446706
42 0.05433580039211619
43 0.054349105112436104
44 0.054043103185897175
45 0.05398414999385668
46 0.053915161377110984
47 0.053924555655729456
48 0.05392197662000666
49 0.053913582415628804
50 0.053898380001455866
51 0.05396501811820414
52 0.05398529621442144
53 0.05398377791883196
54 0.05405342818702288
55 0.05400590220524158
56 0.03771029326127717
57 0.0307764948300946
58 0.030758438695660185
59 0.030769092772369618
60 0.03078346871470077
61 0.030783373058513485
62 0.030518021942257056
63 0.030503462000332878
64 0.03043527890975022
65 0.026994039066418746
66 0.027007969713682457
67 0.027007626396572754
68 0.027014974781130595
69 0.026996647694831826
70 0.026996647694831826
