1 0.07713669051026684
2 0.07298600131283248
3 0.0627860246322068
4 0.04689075383128336
5 0.03730527299757144
6 0.036539244682820944
7 0.03051447520333517
8 0.02821477665705397
9 0.025303232332289656
10 0.02185008765530209
11 0.01800120523112345
12 0.016829259744719813
13 0.015777906733728232
14 0.014867938638048653
15 0.014519533340865977
16 0.014337609127428935
17 0.01402910015563592
18 0.01428015174693167
19 0.014299604964501087
20 0.01411019793628564
21 0.014303862272416286
22 0.014167490050453091
23 0.013876578484683027
24 0.013921161040257871
25 0.013791909044614165
26 0.012950288030711155
27 0.012951680597273543
28 0.012955914266403782
29 0.013336153892090934
30 0.013085175247024445
31 0.012284046407567648
32 0.01227117765269955
33 0.012499248313232274
34 0.012535472866791037
35 0.012332962484154737
36 0.009643347591422321
37 0.00949205068151805
38 0.009210288783197294
39 0.00913905109695483
40 0.009167967491334845
41 0.009203701284776128
42 0.009204161451296284
43 0.009693845415545653
44 0.009264890692181298
45 0.009256733821682246
46 0.009729612543172929
47 0.009274300946211796
48 0.008885325492252986
49 0.00903597509714643
50 0.008506694381510754
51 0.00845434360948552
52 0.008456339835739365
53 0.008422670852199464
54 0.008298455396900653
55 0.008353101967192699
56 0.008548840674727973
57 0.008486874533353525
58 0.008386412160858647
59 0.008352573481097756
60 0.008410937737742073
61 0.008428539073659787
62 0.008753953425703308
63 0.009705083516788914
64 0.009538688016785077
65 0.009274677174262225
66 0.009225795800791645
67 0.009145294966336488
68 0.009130399194245435
69 0.009202528259807222
70 0.009202528259807222
