1 0.12652387408927052
2 0.12617877374786837
3 0.1226791214557698
4 0.09806911505866299
5 0.05979661649046349
6 0.0587252245861727
7 0.058431564792960036
8 0.04474316861354536
9 0.04032106677720421
10 0.03924301796125141
11 0.037504948649771656
12 0.0369680767565266
13 0.029578944068877223
14 0.02934604283713968
15 0.028561155518857965
16 0.028324397677873564
17 0.033026529241900804
18 0.03307559237404308
19 0.032868648030561734
20 0.03285861518185185
21 0.032726415466786216
22 0.03289887563969727
23 0.03282013711641542
24 0.032635128589842036
25 0.03234530706153003
26 0.028529381427982135
27 0.028438037314753424
28 0.028481229402021174
29 0.028506848571392872
30 0.028528765559264316
31 0.028508029054613363
32 0.026469211103152635
33 0.026442959554501412
34 0.026445928457380852
35 0.026470482705258976
36 0.026501086763631065
37 0.012064375558108248
38 0.012110003302750362
39 0.012036370941521185
40 0.011939035162007743
41 0.011966751559314313
42 0.011968812344627731
43 0.012157359757336918
44 0.01190056522509677
45 0.011736340112707468
46 0.0116506761274488
47 0.01158047791707307
48 0.011590759206285606
49 0.010865665172739519
50 0.010812805192528786
51 0.010786297696477865
52 0.010592257566424321
53 0.010585814203376172
54 0.010600974413218497
55 0.010393629006630272
56 0.010323272232505377
57 0.010352124761075951
58 0.01033364472921401
59 0.01047047399530482
60 0.010621801761936066
61 0.01062818032158059
62 0.010742696855906304
63 0.01043499801642991
64 0.010347677190321999
65 0.010273117883846213
66 0.00982210546764365
67 0.009702387471572885
68 0.009694574521099454
69 0.009957921664517318
70 0.009957921664517318
