1 0.11706565747861729
2 0.11197338756698601
3 0.10849844071485928
4 0.1076657317172484
5 0.09187880681488741
6 0.0875925560943991
7 0.08572536644247537
8 0.0851547073383181
9 0.10202053398383729
10 0.08417697793669485
11 0.07846244042468134
12 0.07835583893933969
13 0.07819337443030062
14 0.07813101188020846
15 0.07801128288361248
16 0.0779757278576123
17 0.07661126254382565
18 0.0765055600453872
19 0.07645779139516928
20 0.07642820670268871
21 0.07632433907862436
22 0.07635117701831816
23 0.0762733157185191
24 0.042817681566531575
25 0.04280053629477691
26 0.04281037530500857
27 0.0428109987467882
28 0.04251020357669607
29 0.04247364782332088
30 0.04246607610090847
31 0.04235858844486559
32 0.04236659087441175
33 0.042360805676108684
34 0.019180584390756414
35 0.019315418333187555
36 0.019302959409269342
37 0.019299848303707248
38 0.019019714937264242
39 0.013735508783760772
40 0.013485890057398657
41 0.013428677575484639
42 0.013359007501599513
43 0.013394093087557549
44 0.013100873071535294
45 0.01312374193030426
46 0.013149130746544703
47 0.012596626927311306
48 0.012385985998232464
49 0.012265755938211565
50 0.012429732139198455
51 0.01248483580009132
52 0.012320625763425358
53 0.012309905991074826
54 0.01243612276869246
55 0.01293972789792465
56 0.012926560174140029
57 0.012486008853990689
58 0.012465713688737888
59 0.012467252891689866
60 0.012460525251871359
61 0.01247722123438178
62 0.011808582731158345
63 0.011464407813548213
64 0.011430121750616102
65 0.01139890701016123
66 0.011995977895867087
67 0.01188387525904221
68 0.011727007310397915
69 0.011726967931039584
70 0.011726967931039584
