1 0.12391992529832956
2 0.10198530144838501
3 0.09739009823678232
4 0.12350852130758586
5 0.06681810327403648
6 0.06517255404112338
7 0.031002674885608532
8 0.029313902540344317
9 0.021430491792023512
10 0.01882022028739048
11 0.024784467093529865
12 0.024535060533189615
13 0.024399707078676242
14 0.024062880942059453
15 0.019573965053832677
16 0.019216017907409958
17 0.019025094371364737
18 0.018358070915285546
19 0.017354830293172398
20 0.01229257156892067
21 0.01120460549929438
22 0.011167203548820536
23 0.01092658507418124
24 0.010618045486864663
25 0.010414901551761108
26 0.009081675636911743
27 0.009094312989748797
28 0.008768849011311858
29 0.008812149116992176
30 0.008832228060658694
31 0.009145657933807394
32 0.008965269317468176
33 0.008627289979077692
34 0.008986863088254788
35 0.008936867697008619
36 0.00880132564262629
37 0.008650349975074705
38 0.008596292867762596
39 0.008128273815703949
40 0.008258359158540693
41 0.008308492114382624
42 0.008201596498019525
43 0.008397486698105744
44 0.008594205784128206
45 0.008685211832108611
46 0.008881054779111837
47 0.008833723511172146
48 0.008317308958396809
49 0.008758263895108906
50 0.008228339210875665
51 0.008233332498914425
52 0.008202954270262245
53 0.007949137740479043
54 0.00792162855119635
55 0.008033947990619857
56 0.008728849418671596
57 0.008693143075720144
58 0.008899237943866626
59 0.009011491280440445
60 0.00912876241814509
61 0.00897231816509725
62 0.008873896703282882
63 0.009111722164687133
64 0.009392854996062275
65 0.009275919275981249
66 0.009263753014736458
67 0.00942035401451446
68 0.009376272072568458
69 0.009117678434826694
70 0.009117678434826694
