1 0.08187651186633438
2 0.06847006338725728
3 0.06629387033562747
4 0.06020992370855143
5 0.04820722079805286
6 0.04208138527471264
7 0.04160797274467041
8 0.04133071284446698
9 0.04024384154959375
10 0.038865266084560854
11 0.038472510243870314
12 0.020791737417154444
13 0.019738033205634567
14 0.01919884144406982
15 0.01893184083456377
16 0.019322638805379308
17 0.01933613186236984
18 0.018494107483024196
19 0.019040131337809213
20 0.015029776257948676
21 0.01486655880777239
22 0.014933439276058297
23 0.0146508564008519
24 0.014640332497416765
25 0.014636756104532075
26 0.014529354710151722
27 0.014545607901183664
28 0.014550047052115479
29 0.014518383416064318
30 0.014523619873739093
31 0.01446304461074576
32 0.014448008333357845
33 0.014784818306944145
34 0.014739381573649341
35 0.01499986336394424
36 0.014872628560861465
37 0.014897973863082054
38 0.015022736887416763
39 0.013794819674308626
40 0.012779327071860172
41 0.01284284680430775
42 0.012682722779254831
43 0.01255417650414502
44 0.012625182152681332
45 0.011848954915592682
46 0.011942173298519092
47 0.011761201788164147
48 0.011525795446825951
49 0.011466171430146183
50 0.011482491762826329
51 0.011534576903474794
52 0.011215927371661726
53 0.011433690002981724
54 0.011597638442178676
55 0.011557602309453519
56 0.012124871973126805
57 0.012089648778807532
58 0.011602652979011772
59 0.011407171810799753
60 0.011406079097765765
61 0.011396197086469866
62 0.011289792776569467
63 0.011361131806382874
64 0.011367189513440214
65 0.011380333636135082
66 0.011372580504210746
67 0.011167614290764757
68 0.01136047422706752
69 0.01133395800710161
70 0.01133395800710161
