1 0.09856963331295393
2 0.09709921224204153
3 0.06309050152743531
4 0.05476497975182242
5 0.05031867472403278
6 0.040837035506287984
7 0.03666788048280133
8 0.03194518317194851
9 0.027016574511991902
10 0.02586982132045919
11 0.025433139309186267
12 0.023110508765186805
13 0.02263914323956733
14 0.018096285966784417
15 0.018210582186116497
16 0.018293204548820094
17 0.017265738724904472
18 0.017323746672251433
19 0.015061052846128955
20 0.014681288929560063
21 0.014458036983887666
22 0.01324291855285354
23 0.013698198314907518
24 0.01382007723447541
25 0.014484889316103804
26 0.014426922058397438
27 0.014163167571139518
28 0.014169358147691472
29 0.0141343622099652
30 0.013990025571679247
31 0.013976053886276324
32 0.014001873745581638
33 0.012563073409987054
34 0.012617494970061389
35 0.012738888197227469
36 0.013484652770094257
37 0.013107694452030453
38 0.012792545238984949
39 0.012646393612219765
40 0.012595456005684187
41 0.012608819291887216
42 0.012694292879250092
43 0.012603702318468052
44 0.012820749134574604
45 0.01196271929964718
46 0.011876820409815435
47 0.011756432827986316
48 0.011496843864241723
49 0.01143464692119537
50 0.011403387452747155
51 0.011534641287780508
52 0.011527333267561573
53 0.011395880611856615
54 0.01133473055274508
55 0.009111891332014056
56 0.009085073026872184
57 0.009072493847651474
58 0.009072941837176272
59 0.009125847835507591
60 0.009009094414288639
61 0.009473001335177107
62 0.009288435787966022
63 0.00922010349913179
64 0.009210486732706078
65 0.009362942740250568
66 0.009612946406719176
67 0.00984231937768442
68 0.009853800945585158
69 0.009802714557735263
70 0.009802714557735263
