1 0.13542340737031103
2 0.13058493782339065
3 0.12502160926081257
4 0.2243760657545777
5 0.10634274199486903
6 0.10599551144874934
7 0.04236610640138228
8 0.039434172553889764
9 0.03510319824663878
10 0.03398677441956313
11 0.03230912074798785
12 0.021556159724156594
13 0.02102895588377448
14 0.018339485971727486
15 0.017887346896616172
16 0.01761641691728061
17 0.015408067509522663
18 0.015130605957089633
19 0.01554027794628006
20 0.01555197726855618
21 0.01548511420443906
22 0.015359349234327727
23 0.016482935562129243
24 0.016146038826773946
25 0.01610005478940759
26 0.016078259162362378
27 0.01607182566780261
28 0.016247124316202163
29 0.016517257642507145
30 0.016532415800592684
31 0.016316945116345342
32 0.01634095446166523
33 0.016031971183084113
34 0.015808208778449427
35 0.015754848307159657
36 0.015803504357725963
37 0.015714612657508512
38 0.015788663622395456
39 0.014428124230304287
40 0.01437809444912479
41 0.014496324457988303
42 0.014548954639569825
43 0.01477633679833587
44 0.014796325818664802
45 0.01488954543676596
46 0.014893443994575659
47 0.014922120147731461
48 0.01446580753636368
49 0.014445713266046593
50 0.014886759729388402
51 0.014798144048260303
52 0.014862751775099567
53 0.013614417785381819
54 0.013498331694115654
55 0.013857856559986347
56 0.014037721315236125
57 0.013872519346070472
58 0.013795268854260535
59 0.013680854623248967
60 0.01347697676833052
61 0.013295275240514309
62 0.013468940732538601
63 0.013334542255787145
64 0.010812064801070395
65 0.010945147921209672
66 0.010950235450752062
67 0.010587523225277028
68 0.010699507577365965
69 0.010730980150957673
70 0.010730980150957673
