1 0.1548980247306037
2 0.1540678530349134
3 0.13979681458071536
4 0.12224105762340104
5 0.10797907136613519
6 0.07963774902135308
7 0.10908807782577185
8 0.10760816489506078
9 0.10709574038818487
10 0.10697060267191193
11 0.10680397997967542
12 0.10662881417980269
13 0.10648306864669049
14 0.1064570718454992
15 0.09946595065467105
16 0.09942410989496553
17 0.09928473634322246
18 0.09925417150624667
19 0.09881289340267166
20 0.09887988628478928
21 0.08753214459966506
22 0.08756017531827856
23 0.08753695201055954
24 0.08748504715043902
25 0.08748201048306416
26 0.0874675643958257
27 0.08751072168569668
28 0.08749134904151962
29 0.03723439777214252
30 0.03711818961109139
31 0.037329769642770884
32 0.03744559327088051
33 0.03515902282107255
34 0.03511269904671442
35 0.03283346083827404
36 0.03274838086742166
37 0.03273857374635722
38 0.03278003945413043
39 0.032782681778294145
40 0.03277068186663581
41 0.03272425362502871
42 0.03269803393638556
43 0.032683348024993654
44 0.03268711083469615
45 0.032698914301762236
46 0.03171715516377704
47 0.03169101337615976
48 0.02540931145447567
49 0.025389284982178347
50 0.02377405319335488
51 0.02377111407468873
52 0.023763130835814668
53 0.023765213216000346
54 0.022477891971231647
55 0.0224733887822287
56 0.020255450664485506
57 0.012921951398864099
58 0.012529373560654446
59 0.01248267443819477
60 0.012495738360221782
61 0.012270313854699877
62 0.012234253568948798
63 0.012219631887926801
64 0.012090813941348668
65 0.01289238199081296
66 0.012888739139353147
67 0.013078757320179485
68 0.01303912011344008
69 0.013043793777386738
70 0.013043793777386738
