1 0.20356761387976982
2 0.11864627873518645
3 0.11626848663950311
4 0.07553722384998576
5 0.05893509758621176
6 0.058294963833475134
7 0.05635182613281944
8 0.05359444639928156
9 0.05298882323174146
10 0.0526395786538236
11 0.05190873183886767
12 0.05182378729734304
13 0.04937685310128054
14 0.04913781378100712
15 0.04897670228784654
16 0.04319397995306234
17 0.02582712969913065
18 0.025856276031966777
19 0.028054442117653487
20 0.02803251717235656
21 0.028007793716641055
22 0.02804420853189051
23 0.028042426198402633
24 0.028059138699955678
25 0.027988662711055323
26 0.028356479303710578
27 0.02404347873219089
28 0.023924275818560915
29 0.023683781921857473
30 0.029590819487653484
31 0.029575001617647104
32 0.029622850270761922
33 0.029631153458351364
34 0.02962613147564273
35 0.029459105751211415
36 0.029450421845571714
37 0.02946020064509608
38 0.029512140259629633
39 0.029443935234675794
40 0.017354978863232576
41 0.017314073496027083
42 0.01721951371819509
43 0.01708814815959082
44 0.017125978222153546
45 0.017210595135772798
46 0.01714919445353727
47 0.014756488673899433
48 0.014779287360339555
49 0.014682891214877732
50 0.015061891985038841
51 0.014704416969878321
52 0.01464882063246738
53 0.01469875165218467
54 0.01616905992953066
55 0.016242040735961766
56 0.016315085882927117
57 0.016138136748001512
58 0.016176963266715288
59 0.01618267271431984
60 0.015716193513894507
61 0.015867496930166907
62 0.015730415074188132
63 0.015695873955989686
64 0.013432686013820824
65 0.01344457821778797
66 0.011958489554242824
67 0.011911342351925975
68 0.011924941092394234
69 0.012242863062797527
70 0.012242863062797527
