-0.541 4831.0 
-0.339 3598.0 
-0.566 5971.0 
-0.428 3873.0 
-0.528 4615.0 
-0.559 5480.0 
-0.444 3935.0 
-0.521 4518.0 
-0.238 3440.0 
-0.438 3904.0 
-0.328 3575.0 
-0.545 4945.0 
0.099 3171.0 
0.007 3227.0 
0.143 3141.0 
-0.531 4651.0 
-0.481 4145.0 
-0.318 3555.0 
-0.402 3773.0 
-0.5 4294.0 
0.34 3022.0 
-0.449 3964.0 
-0.47 4078.0 
-0.527 4587.0 
-0.483 4176.0 
-0.563 5718.0 
-0.369 3675.0 
-0.122 3318.0 
-0.533 4678.0 
-0.422 3846.0 
0.52 2904.0 
-0.547 5006.0 
-0.138 3338.0 
-0.393 3755.0 
-0.517 4462.0 
-0.498 4271.0 
-0.31 3537.0 
-0.389 3738.0 
0.044 3199.0 
-0.55 5085.0 
-0.293 3510.0 
-0.455 3994.0 
-0.562 5688.0 
-0.507 4354.0 
-0.538 4763.0 
-0.512 4406.0 
-0.508 4376.0 
-0.412 3819.0 
-0.382 3717.0 
-0.556 5313.0 
-0.552 5156.0 
-0.376 3696.0 
-0.514 4429.0 
-0.539 4792.0 
0.552 2880.0 
-0.277 3487.0 
-0.207 3418.0 
-0.495 4253.0 
-0.56 5534.0 
-0.409 3796.0 
0.187 3111.0 
0.293 3043.0 
-0.203 3395.0 
-0.358 3650.0 
0.62 2838.0 
-0.564 5784.0 
-0.561 5586.0 
-0.176 3367.0 
-0.567 6102.0 
-0.524 4555.0 
-0.46 4017.0 
-0.098 3298.0 
0.492 2928.0 
-0.565 5915.0 
0.406 2977.0 
-0.504 4324.0 
-0.551 5124.0 
-0.553 5179.0 
-0.537 4744.0 
-0.256 3461.0 
-0.549 5055.0 
-0.059 3274.0 
-0.489 4202.0 
0.367 3002.0 
-0.542 4863.0 
-0.493 4230.0 
0.581 2863.0 
-0.544 4895.0 
0.244 3076.0 
-0.519 4486.0 
-0.477 4116.0 
-0.02 3249.0 
-0.347 3622.0 
-0.558 5440.0 
-0.555 5277.0 
-0.465 4046.0 
0.454 2951.0 
-0.557 5376.0 
-0.554 5238.0 
-0.535 4715.0 
