-0.338 3593.0 
-0.444 3935.0 
-0.475 4112.0 
-0.326 3567.0 
-0.55 5090.0 
-0.479 4140.0 
-0.377 3699.0 
-0.485 4196.0 
-0.386 3724.0 
-0.538 4796.0 
-0.483 4162.0 
-0.548 5014.0 
-0.539 4809.0 
-0.199 3393.0 
-0.399 3762.0 
-0.558 5488.0 
-0.261 3462.0 
-0.554 5291.0 
-0.415 3824.0 
-0.066 3276.0 
-0.527 4599.0 
-0.519 4502.0 
-0.416 3849.0 
-0.429 3867.0 
-0.41 3804.0 
0.161 3129.0 
-0.279 3492.0 
-0.463 4034.0 
-0.166 3360.0 
0.203 3110.0 
-0.437 3906.0 
-0.473 4094.0 
-0.516 4451.0 
-0.297 3518.0 
-0.356 3640.0 
-0.368 3683.0 
-0.563 5735.0 
-0.092 3303.0 
0.365 3005.0 
-0.555 5305.0 
-0.517 4487.0 
-0.477 4125.0 
-0.562 5717.0 
-0.523 4541.0 
-0.363 3656.0 
-0.451 3967.0 
0.012 3223.0 
0.33 3022.0 
-0.244 3440.0 
-0.552 5167.0 
-0.525 4571.0 
-0.564 5801.0 
-0.392 3739.0 
-0.501 4302.0 
-0.557 5395.0 
-0.143 3333.0 
-0.533 4679.0 
-0.347 3618.0 
-0.565 5906.0 
-0.042 3260.0 
-0.505 4339.0 
-0.545 4920.0 
-0.534 4708.0 
-0.536 4731.0 
-0.546 4977.0 
-0.468 4059.0 
-0.497 4279.0 
-0.315 3545.0 
-0.502 4321.0 
0.046 3203.0 
-0.513 4434.0 
0.398 2981.0 
0.488 2929.0 
-0.456 4002.0 
-0.532 4658.0 
-0.494 4258.0 
-0.561 5649.0 
-0.492 4229.0 
-0.018 3246.0 
-0.541 4838.0 
-0.521 4522.0 
-0.543 4894.0 
-0.56 5541.0 
0.525 2902.0 
-0.542 4864.0 
0.096 3172.0 
-0.529 4635.0 
-0.508 4389.0 
0.265 3065.0 
-0.455 3987.0 
0.224 3089.0 
0.576 2873.0 
-0.537 4783.0 
-0.406 3786.0 
0.131 3147.0 
0.305 3044.0 
-0.551 5118.0 
-0.553 5238.0 
-0.459 4018.0 
0.441 2955.0 
