-0.484 4178.0 
-0.419 3835.0 
-0.56 5608.0 
-0.481 4155.0 
-0.322 3558.0 
-0.535 4722.0 
-0.529 4640.0 
-0.527 4607.0 
-0.134 3328.0 
0.031 3210.0 
-0.526 4581.0 
0.175 3118.0 
-0.424 3858.0 
0.109 3161.0 
-0.454 3984.0 
-0.393 3746.0 
-0.553 5240.0 
-0.264 3468.0 
-0.48 4137.0 
0.267 3068.0 
-0.562 5686.0 
-0.51 4382.0 
-0.438 3905.0 
-0.442 3925.0 
-0.295 3513.0 
0.411 2976.0 
0.447 2953.0 
-0.487 4193.0 
-0.027 3245.0 
-0.446 3945.0 
0.057 3193.0 
0.383 2993.0 
-0.23 3424.0 
-0.506 4347.0 
-0.492 4244.0 
-0.555 5276.0 
0.001 3229.0 
-0.513 4443.0 
-0.107 3307.0 
-0.378 3701.0 
-0.201 3402.0 
-0.539 4803.0 
-0.522 4547.0 
-0.246 3445.0 
-0.55 5084.0 
-0.551 5138.0 
-0.478 4123.0 
-0.469 4079.0 
-0.351 3632.0 
0.568 2872.0 
0.471 2935.0 
-0.512 4426.0 
-0.371 3675.0 
-0.336 3589.0 
-0.557 5359.0 
-0.556 5313.0 
-0.406 3790.0 
-0.462 4029.0 
-0.547 4995.0 
-0.515 4460.0 
-0.519 4516.0 
-0.346 3611.0 
0.534 2892.0 
-0.078 3286.0 
-0.559 5561.0 
0.231 3091.0 
-0.518 4488.0 
-0.497 4270.0 
0.605 2846.0 
-0.501 4299.0 
-0.537 4766.0 
-0.474 4102.0 
0.498 2917.0 
-0.399 3765.0 
-0.502 4324.0 
0.14 3139.0 
-0.281 3490.0 
-0.385 3724.0 
-0.159 3349.0 
-0.561 5641.0 
-0.457 4002.0 
-0.466 4052.0 
-0.313 3540.0 
0.354 3011.0 
-0.541 4900.0 
-0.564 5920.0 
-0.413 3816.0 
-0.431 3878.0 
-0.452 3969.0 
-0.533 4682.0 
-0.545 4951.0 
-0.544 4924.0 
-0.552 5221.0 
-0.361 3653.0 
0.31 3033.0 
-0.182 3376.0 
-0.54 4831.0 
-0.563 5860.0 
-0.054 3265.0 
-0.49 4214.0 
