-0.437 3899.0 
-0.211 3400.0 
-0.549 5054.0 
-0.469 4064.0 
-0.557 5398.0 
-0.427 3862.0 
-0.566 5979.0 
-0.522 4530.0 
-0.478 4134.0 
-0.457 4012.0 
-0.491 4222.0 
-0.022 3245.0 
-0.545 4950.0 
-0.3 3519.0 
-0.555 5284.0 
-0.412 3821.0 
-0.432 3882.0 
-0.183 3375.0 
-0.525 4571.0 
0.373 2997.0 
-0.543 4903.0 
-0.488 4191.0 
-0.404 3787.0 
-0.516 4467.0 
-0.363 3660.0 
-0.229 3423.0 
-0.34 3599.0 
-0.564 5814.0 
-0.059 3289.0 
-0.389 3733.0 
-0.541 4833.0 
-0.356 3632.0 
-0.283 3500.0 
-0.31 3540.0 
0.048 3202.0 
-0.396 3761.0 
0.404 2980.0 
-0.507 4380.0 
-0.452 3973.0 
0.264 3066.0 
0.623 2835.0 
-0.518 4496.0 
-0.556 5367.0 
0.343 3019.0 
-0.553 5195.0 
-0.503 4324.0 
-0.533 4675.0 
-0.542 4848.0 
-0.551 5127.0 
0.521 2900.0 
-0.445 3945.0 
-0.536 4739.0 
0.007 3224.0 
-0.539 4803.0 
-0.5 4295.0 
-0.538 4764.0 
-0.332 3580.0 
-0.565 5955.0 
-0.271 3479.0 
-0.505 4352.0 
-0.512 4411.0 
-0.528 4599.0 
0.445 2955.0 
-0.484 4167.0 
-0.321 3560.0 
-0.443 3927.0 
-0.56 5541.0 
-0.473 4088.0 
0.293 3041.0 
0.078 3180.0 
-0.477 4113.0 
-0.514 4451.0 
-0.377 3693.0 
0.181 3115.0 
-0.548 5029.0 
-0.559 5486.0 
-0.554 5243.0 
-0.466 4045.0 
0.145 3138.0 
0.121 3161.0 
-0.531 4651.0 
-0.052 3267.0 
-0.547 4988.0 
-0.422 3843.0 
-0.563 5730.0 
0.224 3091.0 
-0.558 5421.0 
-0.562 5658.0 
-0.561 5613.0 
-0.552 5161.0 
0.574 2870.0 
0.484 2928.0 
-0.163 3358.0 
-0.535 4709.0 
-0.14 3333.0 
-0.53 4628.0 
-0.115 3312.0 
-0.494 4244.0 
-0.498 4270.0 
-0.255 3459.0 
