-0.456 3991.0 
-0.538 4795.0 
0.154 3143.0 
-0.5 4306.0 
-0.509 4376.0 
-0.502 4325.0 
0.59 2881.0 
-0.549 5048.0 
-0.536 4735.0 
-0.535 4718.0 
-0.317 3557.0 
-0.141 3335.0 
-0.556 5306.0 
-0.47 4069.0 
-0.195 3387.0 
-0.496 4258.0 
-0.548 5010.0 
0.225 3087.0 
-0.1 3300.0 
-0.244 3443.0 
-0.498 4287.0 
-0.426 3875.0 
0.024 3214.0 
-0.45 3969.0 
-0.389 3736.0 
-0.487 4186.0 
-0.408 3802.0 
-0.505 4350.0 
-0.563 5724.0 
0.485 2923.0 
-0.532 4668.0 
-0.485 4168.0 
-0.38 3712.0 
-0.542 4854.0 
0.62 2839.0 
-0.046 3258.0 
-0.489 4204.0 
-0.553 5219.0 
-0.268 3471.0 
0.518 2905.0 
-0.534 4690.0 
-0.435 3893.0 
-0.546 4955.0 
-0.547 4985.0 
0.349 3032.0 
-0.558 5453.0 
-0.537 4753.0 
-0.523 4541.0 
-0.55 5110.0 
-0.448 3950.0 
-0.514 4431.0 
-0.552 5136.0 
-0.564 5767.0 
-0.531 4650.0 
-0.017 3240.0 
-0.557 5369.0 
-0.404 3780.0 
-0.071 3280.0 
0.186 3111.0 
-0.297 3516.0 
-0.562 5659.0 
-0.524 4561.0 
0.412 2982.0 
-0.439 3917.0 
0.437 2957.0 
-0.333 3594.0 
-0.461 4023.0 
-0.554 5245.0 
-0.527 4598.0 
-0.473 4087.0 
-0.511 4401.0 
-0.544 4894.0 
-0.48 4133.0 
-0.273 3488.0 
0.365 3003.0 
-0.494 4235.0 
0.094 3169.0 
-0.545 4926.0 
-0.541 4827.0 
-0.342 3617.0 
0.281 3057.0 
-0.476 4108.0 
-0.369 3690.0 
0.065 3192.0 
-0.357 3638.0 
-0.561 5583.0 
-0.56 5523.0 
-0.397 3760.0 
-0.218 3411.0 
-0.53 4631.0 
-0.418 3830.0 
-0.559 5481.0 
-0.365 3664.0 
-0.466 4049.0 
-0.565 5891.0 
-0.425 3855.0 
-0.52 4508.0 
-0.516 4451.0 
-0.178 3368.0 
-0.518 4481.0 
