-0.532 4660.0 
-0.362 3657.0 
-0.553 5192.0 
-0.482 4158.0 
-0.519 4523.0 
-0.512 4415.0 
-0.518 4484.0 
-0.544 4890.0 
-0.354 3634.0 
-0.545 4936.0 
-0.504 4331.0 
-0.175 3384.0 
0.004 3230.0 
-0.457 4002.0 
0.578 2872.0 
-0.52 4546.0 
-0.146 3340.0 
-0.559 5467.0 
-0.462 4021.0 
-0.442 3919.0 
-0.324 3570.0 
-0.469 4063.0 
-0.478 4132.0 
-0.416 3825.0 
-0.541 4837.0 
-0.562 5701.0 
-0.41 3803.0 
-0.4 3766.0 
0.378 2997.0 
-0.391 3739.0 
-0.552 5171.0 
-0.507 4359.0 
-0.334 3596.0 
-0.45 3973.0 
-0.525 4564.0 
-0.168 3362.0 
0.027 3210.0 
0.298 3046.0 
0.149 3146.0 
-0.549 5041.0 
0.065 3190.0 
0.265 3068.0 
0.52 2904.0 
-0.51 4389.0 
0.608 2853.0 
-0.494 4242.0 
-0.538 4767.0 
-0.315 3547.0 
-0.56 5518.0 
-0.514 4444.0 
-0.556 5323.0 
-0.543 4865.0 
-0.489 4197.0 
-0.527 4593.0 
-0.446 3943.0 
-0.476 4104.0 
-0.301 3520.0 
-0.282 3495.0 
-0.535 4713.0 
-0.498 4272.0 
-0.068 3274.0 
-0.406 3785.0 
0.33 3027.0 
-0.472 4083.0 
-0.265 3469.0 
-0.385 3715.0 
-0.217 3427.0 
-0.55 5075.0 
-0.246 3448.0 
-0.54 4813.0 
-0.371 3678.0 
-0.207 3408.0 
-0.378 3696.0 
-0.548 5008.0 
-0.517 4463.0 
-0.558 5448.0 
0.204 3100.0 
-0.534 4692.0 
-0.53 4627.0 
-0.551 5123.0 
0.179 3127.0 
-0.5 4291.0 
0.415 2973.0 
-0.555 5269.0 
-0.554 5228.0 
-0.547 4988.0 
-0.097 3298.0 
-0.043 3254.0 
0.482 2927.0 
-0.466 4044.0 
0.095 3167.0 
-0.425 3852.0 
-0.127 3320.0 
-0.429 3873.0 
-0.537 4741.0 
0.453 2951.0 
-0.561 5578.0 
-0.435 3892.0 
-0.563 5730.0 
-0.557 5359.0 
