-0.188 3380.0 
-0.045 3268.0 
-0.444 3940.0 
-0.509 4412.0 
0.544 2896.0 
-0.072 3283.0 
-0.407 3798.0 
-0.386 3727.0 
-0.236 3438.0 
-0.508 4372.0 
-0.554 5257.0 
-0.48 4134.0 
-0.095 3299.0 
-0.433 3905.0 
-0.499 4297.0 
0.456 2954.0 
0.419 2972.0 
-0.412 3813.0 
-0.455 4000.0 
0.611 2843.0 
-0.245 3462.0 
0.399 2991.0 
-0.54 4802.0 
-0.553 5196.0 
-0.526 4594.0 
-0.504 4341.0 
-0.211 3410.0 
-0.528 4620.0 
0.019 3222.0 
0.229 3100.0 
-0.298 3524.0 
0.288 3057.0 
-0.501 4320.0 
0.574 2876.0 
-0.327 3573.0 
-0.548 5002.0 
-0.517 4479.0 
-0.128 3322.0 
-0.147 3339.0 
-0.561 5612.0 
-0.465 4043.0 
-0.555 5341.0 
0.51 2914.0 
-0.486 4181.0 
-0.535 4727.0 
0.102 3170.0 
-0.419 3842.0 
-0.532 4667.0 
-0.557 5373.0 
-0.559 5565.0 
-0.167 3357.0 
-0.441 3923.0 
-0.469 4068.0 
0.342 3022.0 
-0.514 4450.0 
-0.53 4638.0 
-0.461 4020.0 
-0.541 4842.0 
0.053 3198.0 
-0.543 4917.0 
0.484 2932.0 
-0.546 4965.0 
-0.545 4935.0 
-0.393 3755.0 
-0.566 6011.0 
-0.432 3886.0 
-0.318 3549.0 
-0.55 5087.0 
-0.562 5693.0 
-0.522 4535.0 
-0.018 3246.0 
-0.537 4749.0 
-0.338 3593.0 
-0.49 4215.0 
0.158 3142.0 
-0.534 4702.0 
0.187 3121.0 
-0.519 4510.0 
-0.401 3778.0 
-0.549 5055.0 
-0.449 3956.0 
-0.381 3709.0 
-0.494 4254.0 
-0.362 3653.0 
0.315 3038.0 
-0.475 4099.0 
-0.271 3485.0 
-0.375 3689.0 
-0.355 3632.0 
-0.563 5835.0 
0.274 3079.0 
-0.425 3863.0 
-0.551 5137.0 
-0.525 4563.0 
-0.348 3614.0 
-0.454 3985.0 
-0.538 4768.0 
-0.284 3505.0 
-0.558 5494.0 
-0.369 3671.0 
