-0.519 4497.0 
-0.252 3453.0 
-0.554 5228.0 
-0.561 5588.0 
-0.552 5148.0 
-0.534 4696.0 
-0.434 3891.0 
-0.555 5279.0 
-0.557 5372.0 
0.03 3213.0 
-0.335 3590.0 
-0.546 4972.0 
-0.37 3674.0 
-0.483 4172.0 
-0.517 4457.0 
0.196 3107.0 
-0.533 4675.0 
-0.407 3795.0 
-0.565 5886.0 
-0.352 3626.0 
-0.54 4810.0 
-0.545 4924.0 
0.367 2997.0 
-0.51 4387.0 
-0.225 3422.0 
0.163 3128.0 
-0.481 4150.0 
-0.551 5116.0 
-0.3 3531.0 
-0.543 4893.0 
-0.548 5009.0 
-0.471 4074.0 
-0.49 4222.0 
-0.022 3242.0 
-0.417 3851.0 
-0.502 4331.0 
-0.45 3961.0 
-0.387 3726.0 
-0.532 4660.0 
0.323 3027.0 
-0.499 4297.0 
-0.362 3654.0 
0.284 3055.0 
-0.395 3754.0 
0.518 2901.0 
-0.556 5318.0 
-0.096 3300.0 
-0.403 3780.0 
-0.508 4364.0 
-0.55 5095.0 
-0.154 3346.0 
-0.522 4522.0 
-0.559 5466.0 
-0.518 4482.0 
-0.412 3815.0 
-0.563 5737.0 
-0.493 4247.0 
0.069 3183.0 
-0.065 3271.0 
-0.289 3508.0 
-0.477 4121.0 
-0.525 4567.0 
-0.445 3938.0 
-0.475 4100.0 
-0.539 4786.0 
0.237 3084.0 
-0.549 5039.0 
-0.515 4435.0 
-0.553 5188.0 
0.405 2973.0 
-0.562 5684.0 
-0.378 3696.0 
0.124 3152.0 
-0.487 4197.0 
-0.318 3556.0 
-0.272 3483.0 
0.438 2952.0 
-0.175 3368.0 
-0.527 4591.0 
-0.195 3390.0 
-0.535 4711.0 
0.596 2852.0 
-0.46 4016.0 
-0.498 4277.0 
-0.464 4035.0 
0.48 2927.0 
-0.531 4642.0 
-0.56 5544.0 
-0.542 4873.0 
-0.524 4543.0 
0.577 2875.0 
-0.126 3322.0 
-0.454 3986.0 
-0.537 4745.0 
-0.467 4055.0 
-0.564 5841.0 
-0.512 4413.0 
-0.558 5418.0 
-0.529 4616.0 
-0.541 4826.0 
