0.113 3165.0 
-0.417 3835.0 
-0.269 3474.0 
0.158 3138.0 
-0.394 3765.0 
-0.356 3637.0 
0.615 2840.0 
-0.56 5549.0 
-0.52 4529.0 
-0.23 3424.0 
-0.472 4101.0 
0.374 3005.0 
-0.535 4714.0 
-0.386 3721.0 
-0.329 3572.0 
-0.082 3285.0 
-0.479 4130.0 
-0.446 3949.0 
-0.536 4737.0 
-0.556 5316.0 
-0.519 4483.0 
-0.45 3963.0 
-0.549 5047.0 
-0.489 4210.0 
-0.483 4172.0 
-0.544 4892.0 
0.02 3213.0 
-0.305 3528.0 
0.407 2979.0 
-0.561 5595.0 
0.233 3086.0 
-0.457 4000.0 
-0.542 4845.0 
0.513 2916.0 
-0.548 5019.0 
0.423 2962.0 
-0.241 3448.0 
-0.468 4063.0 
-0.106 3307.0 
-0.365 3661.0 
-0.506 4346.0 
-0.39 3743.0 
-0.532 4667.0 
-0.516 4453.0 
-0.292 3514.0 
-0.564 5780.0 
-0.311 3554.0 
0.277 3062.0 
-0.503 4318.0 
-0.453 3981.0 
0.312 3035.0 
-0.558 5427.0 
-0.527 4591.0 
-0.531 4647.0 
-0.539 4780.0 
-0.538 4763.0 
-0.552 5154.0 
-0.426 3859.0 
-0.19 3379.0 
0.063 3186.0 
-0.555 5256.0 
-0.431 3882.0 
-0.207 3398.0 
-0.148 3338.0 
-0.003 3229.0 
-0.547 4987.0 
-0.044 3256.0 
-0.499 4279.0 
0.578 2875.0 
-0.529 4620.0 
-0.524 4563.0 
-0.463 4032.0 
0.477 2936.0 
-0.336 3594.0 
0.546 2896.0 
-0.534 4691.0 
-0.495 4247.0 
-0.54 4805.0 
-0.511 4394.0 
-0.514 4427.0 
-0.28 3492.0 
-0.563 5719.0 
-0.169 3359.0 
-0.554 5226.0 
-0.55 5078.0 
-0.566 5968.0 
-0.557 5350.0 
-0.349 3618.0 
-0.546 4949.0 
-0.439 3913.0 
-0.553 5175.0 
-0.551 5110.0 
-0.509 4374.0 
-0.373 3682.0 
-0.562 5653.0 
0.196 3109.0 
-0.559 5463.0 
-0.407 3791.0 
-0.413 3812.0 
-0.444 3932.0 
