-0.424 3861.0 
-0.505 4335.0 
0.21 3105.0 
-0.4 3774.0 
-0.539 4790.0 
-0.42 3844.0 
-0.543 4899.0 
-0.459 4004.0 
-0.498 4276.0 
-0.54 4826.0 
0.529 2897.0 
-0.546 4963.0 
0.27 3057.0 
0.606 2850.0 
0.232 3081.0 
-0.395 3756.0 
-0.431 3878.0 
-0.475 4099.0 
-0.446 3947.0 
-0.385 3718.0 
-0.512 4432.0 
-0.545 4935.0 
-0.548 5019.0 
0.142 3144.0 
-0.45 3970.0 
-0.525 4568.0 
-0.406 3792.0 
-0.365 3661.0 
-0.537 4756.0 
0.48 2938.0 
-0.22 3415.0 
-0.553 5225.0 
-0.316 3547.0 
-0.485 4167.0 
-0.297 3518.0 
-0.562 5677.0 
0.119 3160.0 
-0.508 4369.0 
-0.49 4217.0 
-0.557 5411.0 
-0.554 5244.0 
-0.187 3378.0 
-0.375 3689.0 
-0.351 3627.0 
-0.535 4714.0 
-0.389 3737.0 
-0.109 3312.0 
-0.443 3929.0 
-0.558 5439.0 
-0.258 3459.0 
-0.511 4402.0 
-0.555 5354.0 
-0.057 3272.0 
-0.415 3822.0 
0.494 2919.0 
-0.533 4674.0 
-0.151 3358.0 
-0.52 4517.0 
0.033 3206.0 
-0.117 3335.0 
-0.488 4195.0 
-0.534 4695.0 
0.384 2987.0 
-0.084 3290.0 
-0.029 3251.0 
-0.523 4545.0 
-0.542 4857.0 
-0.437 3902.0 
0.078 3183.0 
-0.516 4462.0 
-0.56 5565.0 
-0.565 5882.0 
-0.531 4651.0 
-0.469 4071.0 
-0.482 4148.0 
0.431 2964.0 
-0.464 4045.0 
-0.518 4490.0 
-0.529 4633.0 
-0.551 5135.0 
-0.561 5631.0 
-0.559 5515.0 
-0.274 3490.0 
-0.502 4314.0 
-0.343 3606.0 
-0.528 4614.0 
-0.552 5165.0 
-0.527 4587.0 
0.345 3012.0 
-0.55 5092.0 
-0.331 3578.0 
0.311 3034.0 
-0.494 4238.0 
-0.564 5812.0 
0.56 2876.0 
-0.563 5740.0 
-0.008 3231.0 
0.161 3128.0 
-0.547 4982.0 
-0.566 6070.0 
