30.358943900425743 0.5292493745222571 998.0142704352024 375.8168068357711 258.1368698500855 
6.337487384538729 0.1638245712728461 700.8173629485786 335.4170729851139 14.821348249748212 
0.9163678044002275 52.19421283428298 453.7777855122939 337.3415495244316 6.600514791507969 
80.88434902378438 0.11738826515600889 817.4943610244381 442.6546925840521 187.39187951611774 
80.33871237373461 0.01203890700755847 1499.8581393505879 885.5588734811588 297.33297661380027 
37.97278684479955 0.06263437047816055 1366.4137369409254 508.3643730067653 280.6512789909381 
0.17484275147042008 42.28977361572359 106.80376278844363 398.0998448049592 36.33679124413111 
51.40720633275389 0.10909245734752293 1460.2604134859391 586.268657627357 254.4045556386538 
17.81707524549394 0.3033580154063553 689.7733313568575 442.8149712650995 187.39187951611774 
2.282030387677384 42.772237586448156 2.0377582304856503 269.74410453341085 1.5161365728023526 
0.16395063162909504 51.96319136954314 84.84439621032567 3.1261458121752526 6.600514791507969 
6.136871124042678 66.2161084748314 726.4868003038357 360.55818023995636 159.35962683219228 
0.21782011389736233 40.04698500025751 8.517788704683294 199.9279587249476 16.609035841562857 
42.56489419973856 0.006941312782101583 1413.0966285999648 528.4742058706149 281.09097625407367 
34.345980494910265 0.2881177861845554 994.0993513404122 467.50201383759776 260.9752163994583 
0.8278643038535671 45.671759586769795 113.55903231507986 351.9397887263961 0.19570086749921378 
39.53065275654696 0.07297441977822999 979.3705596992179 491.3231524619046 279.3810420395366 
47.16282885359476 6.06066551855855E-4 866.4275622501794 432.7564960908809 6.41062224382307 
1.6450294394450338 50.61871336458828 150.7366048037061 429.9292548032111 0.36625320097897873 
0.9483484201171836 52.132035157015196 31.344666549543213 104.42857880479636 5.010540001922891 
37.49219117056042 0.062272339955934036 787.4700838524425 393.30030351010845 149.18944650863827 
64.65827557471313 0.14460226648595634 1499.8636808169595 996.9669334968903 416.98632926249365 
0.1536484519296536 51.96319136954314 248.65957323284735 3.1261458121752526 6.600514791507969 
43.15814005677298 0.005910222915554049 1311.2231031090323 529.0437052641129 264.31081912197357 
1.2586564902720738 43.56528838898734 607.8492200365621 361.39312118678015 145.3348741283078 
18.16688175085328 44.15700248229106 607.8492200365621 360.2735921865706 22.78711383173902 
19.298946727965415 0.46426465845126663 1053.3435581630533 442.6546925840521 187.39187951611774 
76.2681997465009 0.043112399700868664 1493.5053535621869 1365.4445811920687 1080.4539231981526 
0.8278643038535671 45.671759586769795 113.55903231507986 312.83989531375136 0.19570086749921378 
35.819336403981474 0.14971304313958889 1495.0113719417645 774.1675772253685 385.7071957219454 
52.53186169795142 0.03490786542169423 1499.6720704351803 661.9815479708014 262.393185860374 
31.917685666928477 0.5406919092644282 726.4868003038357 375.8168068357711 158.5142030734288 
83.0 0.15435885242391467 1494.9583699240006 862.4771138131217 485.5227170361995 
3.77536595415343 43.75541696497032 291.0480442444323 379.9804458664938 28.778164537248273 
0.2803188669422103 54.17850970615847 610.707477444784 370.81021615109563 178.44545743491295 
0.021883511980652748 61.44365572908549 245.3697222284992 388.3526164909328 24.457221829719785 
5.384624386616636 42.90247216299442 500.9507473498436 429.47829069629177 38.6236736203334 
6.337487384538729 0.5406919092644282 726.4868003038357 339.254925033172 160.39023116524658 
2.282030387677384 42.772237586448156 2.0377582304856503 352.68226884472443 1.5161365728023526 
0.1831750115569537 41.71620156705266 513.1032460202675 349.90691682606075 179.64918506371095 
19.35906895196417 0.06381898320551095 957.8134380926646 458.60458936614896 206.12369131351545 
37.97278684479955 0.06255680812894497 1126.8336020906904 508.3643730067653 109.54757644840261 
60.90142007224131 0.06384196820149185 1494.40222229686 741.2079252812164 460.8306319619752 
63.57243495541527 0.1410570088014389 1499.9434713672688 1177.274008232113 524.4197944765809 
0.8189462437795392 54.20177301328316 8.917177723957998 315.5326354857874 5.2554780929414235 
42.29339683168024 0.11738826515600889 817.4943610244381 442.6546925840521 187.39187951611774 
23.72593220370702 56.40259115459395 505.23080650907133 337.3415495244316 5.254583609985867 
13.577384435773931 0.047852426496219624 1312.102846856366 488.70642385757895 263.9279295835099 
42.56489419973856 0.4243712541551214 1499.8581393505879 528.4742058706149 284.41458191825126 
38.936420876526626 0.018937707836154383 747.783384303759 378.9956082915744 304.29073243343805 
78.18105652985471 0.12560325112873294 1494.40222229686 1260.5928550874078 453.14371147190076 
37.49132877782873 0.06263540497089315 1118.4841447071567 507.67261766355614 262.2318028293641 
76.83301909798627 0.066556268382233 1499.7823225632262 1426.4683930775016 1103.2698891251762 
6.312388339975492 46.94681872695668 92.07156233785815 380.9077655871777 0.10407147170079067 
63.54136942902345 0.14262252176230267 1499.560654276131 1496.0246665173809 542.4822813454273 
64.65827557471313 0.4213658880641592 1499.9607054821151 996.9669334968903 588.8725935973695 
51.74831496823935 0.12864528913706297 1496.6169330436537 699.6763486039752 322.63777191015765 
38.94414420246736 0.022936930141507883 1265.0535769295402 605.5956136006341 277.200156497076 
81.60340016696067 0.006357595439578395 1499.8581393505879 803.5893615302874 394.50724037237615 
4.0607829044634585 41.71620156705266 610.707477444784 370.45108816396515 215.62396939849762 
34.345980494910265 0.2881177861845554 994.0993513404122 517.9567538610454 263.32570435967034 
60.317599928916906 0.13769220189731707 1497.6704065752472 696.6711014959051 261.49010633765687 
1.6450294394450338 50.61871336458828 2.603224981433085 1.5224137064467413 0.36625320097897873 
17.848995457376603 0.019020940973770835 736.4198647390015 391.9712544785807 182.9085739345009 
58.28033502459509 0.0639195932014068 1493.797583903659 592.6419580410034 238.94743460866295 
34.68956279587444 0.04400051863251454 1264.2333041199427 501.3388775665344 314.4423279655939 
2.4974279859402557 0.057432997827779886 775.924155866183 350.37401876258207 156.4911971448635 
1.1529312325601184 45.35892705012031 338.1046216152426 4.83662036592122 0.939348741251945 
42.56489419973856 0.4243712541551214 1499.8581393505879 803.5893615302874 396.3280131290527 
0.9174537804197849 42.81267119903816 108.66293097600166 180.78220171247972 0.19570086749921378 
60.17743723443749 0.13769220189731707 1498.1384072247342 693.3159229308 379.5512316380201 
77.2825423168817 0.4180055613803447 1496.24030267511 885.5588734811588 537.9041013285362 
37.49132877782873 0.06263540497089315 1185.3705070525962 507.67261766355614 248.7933681512321 
2.3202872651213005 43.976523759307824 25.791633433081934 166.9675528017524 12.275541814770271 
57.88279407792512 0.06384196820149185 1494.40222229686 686.8491015001342 453.2702027616574 
0.9132105084255983 47.4031237603338 430.9497983580396 318.8342193079276 1.344035466143715 
37.787417651801114 0.037531595645314164 1499.0273296393636 491.07176594870276 305.3436248406376 
51.40720633275389 0.10909245734752293 1460.2604134859391 397.15245726843705 260.27004763929546 
38.936420876526626 0.0729193328563157 1222.8811831203766 490.6298370074863 279.37501490622356 
16.343622310259143 0.4197270878520843 865.581182680559 418.0238673367447 182.12314427240347 
53.625856176177734 0.12565631176422157 1499.901805273048 1432.8747110960842 395.7591456729663 
37.97278684479955 0.06263437047816055 1126.8336020906904 508.3643730067653 181.37506456626005 
16.412551638752667 43.16695714631031 507.7151978912507 364.8494734758119 28.778164537248273 
53.42141299397879 0.42352122189057756 1494.8839873760019 1100.5478193178863 540.1368709444529 
58.360400260366525 0.0639195932014068 1493.797583903659 592.6419580410034 298.2962895568797 
0.4038865011475503 52.20563393324598 43.64963742019371 5.59059912503848 6.723783800662807 
82.0 0.0028836642838175885 1499.6446240905227 1465.2563589834297 1206.5321843912686 
77.15206560682847 0.12619785568307762 1496.4055031749133 1264.5218958500313 546.9440089410774 
1.2355265816601357 47.26787939768284 5.821568510786034 296.0278128949611 0.10407147170079067 
65.86165039660129 0.12864528913706297 1495.1889249363114 597.3811421345041 315.11030432436377 
0.8957923433906736 45.671759586769795 113.55903231507986 2.9030833753526224 0.19570086749921378 
37.97278684479955 0.06263437047816055 1126.8336020906904 508.3643730067653 303.9907788569447 
0.9132105084255983 39.78741378577675 8.517788704683294 137.12882993673225 9.879276767675407 
1.0164415137932836 52.77284792786279 8.502918312079185 96.78673052462581 1.5161365728023526 
0.9163678044002275 52.19421283428298 245.3697222284992 337.3415495244316 6.600514791507969 
5.384624386616636 42.90247216299442 500.9507473498436 327.46922132686353 38.6236736203334 
65.08436149411025 0.35094958332221715 1499.8022984333074 1479.5703257484292 394.9248614658834 
15.920971194204647 0.06244702901663723 981.2887509882689 468.68169984214416 211.18335664059111 
6.136871124042678 2.640524467514311 726.4868003038357 365.68264855724476 159.55044034054762 
2.216698616414603 64.61080306499623 448.61773190445365 314.6984137689423 106.96125268538117 
