41.98809322230638 0.03687441868374733 1448.9165735238726 654.11543476453 293.173159929211 
4.107868510474969 0.11982536820289952 1499.5206254935488 457.17860214182065 216.00854304918164 
35.81775769954284 0.20680322939120932 1346.5849887073668 514.027596680948 177.28124434502215 
18.174983739269535 37.22611717175373 549.6396080308705 361.81584721519994 244.36069225869988 
18.896691223749606 49.671457469978115 83.11385169989168 140.86851451160365 1.8699110732755617 
0.07221846121646947 57.9800127171296 301.1414020356324 298.97100195357086 6.717721692989265 
73.39434709277418 0.06423952630745336 1495.9569913894527 971.9286574789876 422.63062099313913 
0.08520331867635372 51.984042659435076 710.480984591722 344.74912090267384 1.1227219893096105 
38.499781563812626 0.31260411662745713 1489.919665865432 704.4393663243407 415.37050229853946 
15.883468104049516 0.17186856483570112 1097.6735298377616 457.8660718464292 294.56913586644714 
0.07221846121646947 67.8943191967409 41.263358923407736 284.9820346669599 3.236794398762882 
39.16376983319176 0.06638149375786427 1495.9581576714972 862.3974813405448 374.3087818920377 
12.710459969802002 58.81938100910027 621.6833282938068 367.6371467886166 2.1381861946107996 
0.5207260539485097 51.881995224787616 106.23163304723938 340.1177025388074 6.3815304261008805 
50.701834636331995 0.20337216118689477 850.4700618417342 574.0016558987148 295.33810786430575 
0.004631436457593674 49.31448921025419 134.0758536750274 374.61312833486386 33.31839684426702 
53.3471853268739 0.17137903836759055 1497.4273936510444 686.1225984123987 367.64817041008325 
52.21007810839519 0.1196696862837244 1499.607840557017 654.0683304294422 309.68522946684243 
8.335783250121859 37.22611717175373 549.6396080308705 361.81584721519994 245.42636448154357 
52.88688987006557 0.41403161339846106 1498.458009966983 755.4168347135151 362.3668600589395 
19.347031311785766 0.00974046069383834 742.4630390151275 384.88255502414205 295.544995928929 
0.839178814249895 38.27643644527227 10.605794327032989 9.099289116344295 10.078908541819672 
39.16376983319176 0.06638149375786427 1495.9581576714972 971.542006585661 373.8780470874798 
0.2853873792926034 54.40007590113363 70.56651916870283 220.8318853872638 2.144519008249598 
8.160079426281214 0.33360681512639334 1074.857902022297 458.2049872418383 186.61996422785296 
52.88513132044428 0.41403161339846106 1498.458009966983 552.2554449840987 362.3758085230589 
41.581202063267334 0.31210483081526674 955.5923853145628 469.1169291680301 113.68501188584503 
53.542785410650566 0.41403161339846106 1498.6359785146744 653.828066836782 354.7352811223085 
81.41121758331282 0.41342985982382335 1498.9523863969075 755.6659811735004 362.3758085230589 
3.263793682685173 51.65239347035029 11.224039089703592 361.7270276248334 2.580334042671702 
12.937126347872447 1.6766171679881943 691.2706263504729 367.6371467886166 123.3929119745397 
30.158090981999315 0.030551972394231908 724.0589389967265 453.2102105581073 186.49797246394834 
0.07430669499806167 36.94511409654379 1.1454939966269464 284.9820346669599 2.6192240616353626 
0.032069125876827975 38.23738591238643 55.47691124108212 5.660892827500561 2.7082790198507176 
41.581202063267334 0.31210483081526674 915.3197453238648 469.1169291680301 113.68501188584503 
4.107868510474969 0.01656452448534418 1097.6735298377616 459.6564447278455 216.00854304918164 
0.29271595545386697 33.20891547182412 408.82216589580247 361.92401693585504 20.569388815487553 
58.07909563207426 0.030397555265332325 1489.919665865432 888.3812139924121 416.6526511917797 
72.76040068762993 0.31215060191790384 1486.4156383824122 720.2992269388269 621.7930125704358 
54.94885450922757 0.19836895521189518 1206.9201518460723 459.46520814244076 277.27672724039434 
17.833021443333735 0.18960404593921243 738.246365960777 367.6371467886166 121.97885171189806 
0.3956196719967968 55.0000784240412 23.79820046451556 380.6234230279325 7.950423568765501 
17.833021443333735 61.62033687911408 641.4007185910817 367.6371467886166 140.38393261158137 
8.595430019211044 0.8423793424294352 879.9146483672652 473.4646334808247 89.958385413271 
58.07909563207426 0.030397555265332325 1489.919665865432 865.3283312568102 415.37050229853946 
7.238845595984487 36.71248083751895 533.7980397925606 341.56142774471107 2.144519008249598 
40.774437099714504 0.004461961445977963 1085.9671237206678 492.32827861403865 279.13480319555737 
52.21007810839519 0.16936699451651224 1456.8738155447918 664.0021290738226 309.68522946684243 
81.8915946467238 0.08300925963844533 1495.8790860335964 1163.769575144025 422.63062099313913 
58.07909563207426 0.063260227600406 1477.3751032768926 1086.7574177069878 579.9129755093552 
50.701834636331995 0.21073430200532248 1457.404306689258 578.7507042845853 295.33810786430575 
77.27397985064115 0.10951669690432445 1454.8994912316755 1393.2627284086084 984.8106815170754 
0.29439211897731665 41.78040466680362 134.86956037400603 17.39849702574307 2.7082790198507176 
39.73370388684108 0.4468774314432574 724.1199780471771 414.81004122085096 142.20450526019883 
3.358662660407827 37.93456439778884 316.63940074120933 361.92401693585504 3.9637500081453254 
36.57449015145567 0.17221278106901197 1498.9921276056118 1371.2261357872617 779.7598555826087 
41.21351584888443 0.19836895521189518 1252.5970624748688 473.88988183160905 292.08436505435697 
50.701834636331995 0.1662624193688871 1499.5423921378538 515.8035050275394 293.0630103416928 
41.21351584888443 0.17084893110251065 1131.4669642426609 492.35108871209695 282.0631677681557 
21.0203253363901 0.005432075235889644 1090.381418722482 480.39562584334413 307.0340804008672 
0.1185163147074682 60.034568139503136 301.1414020356324 353.85134840180535 3.7891455919291106 
50.701834636331995 0.2120124917167481 1457.404306689258 515.8035050275394 293.0630103416928 
0.08520331867635372 51.984042659435076 124.51760578722406 344.74912090267384 3.851853437849686 
0.29439211897731665 41.22867761005719 79.73796044722005 17.39849702574307 2.7082790198507176 
20.96725433386308 65.83552408577728 589.2865981700678 308.94964979405387 36.22958877868598 
2.1692327704554772 41.261903488574625 56.44386297137544 87.41983123929697 1.3850269338472918 
0.41843217379491215 34.62022629213597 351.2777587718927 358.0197267403721 18.423231665687787 
0.026565864534713324 41.422608059071706 395.9997720723502 356.52197971803025 2.144519008249598 
81.43752004119442 0.08923328263597036 1486.4711947854444 1153.7149207743478 583.3174710575042 
1.4651648290085124 36.71248083751895 565.511007272188 312.02789418186796 2.144519008249598 
17.833021443333735 1.6766171679881943 616.9683181688973 367.6371467886166 121.4670099484401 
77.16316479289242 0.17137903836759055 1455.180407666842 1434.4312122719798 1057.9218324243336 
41.226480516445974 0.02118504972226644 1353.169746328919 441.0534761853651 279.39905175158947 
0.07795156246903745 59.871289284949675 1.1589783318970461 220.8318853872638 2.144519008249598 
0.39735986985190497 42.01959879237801 572.4202640451915 385.3433637857773 8.100280112358003 
2.393887455469454 0.880876867233682 972.7527259741582 521.711553867071 158.98042429172884 
19.877276635251974 0.45503659062544727 724.1199780471771 414.81004122085096 142.20450526019883 
42.38017516182836 0.32322916300980764 875.9995220041201 459.427043871215 112.84608992869818 
0.07221846121646947 60.034568139503136 333.54253205364114 307.8011812140344 3.8108553014435387 
81.8352636643369 0.37667909672664024 1486.4156383824122 986.3557959046449 630.054927308821 
55.019941058444346 0.41403161339846106 1498.458009966983 728.1411893507513 362.36665525913867 
8.335783250121859 53.504051900580244 523.163011871391 370.63019840892485 2.110144330991349 
52.42144876927461 0.0041101111915325395 1457.404306689258 486.05043293031173 293.0630103416928 
79.49254228993215 0.061519789541080075 1496.572110492111 1224.1863810154834 649.0317387409737 
2.183035888351664 41.261903488574625 105.96369188245987 87.41983123929697 1.8699110732755617 
55.019941058444346 0.41403161339846106 1498.458009966983 1059.7097226299238 379.92553241154997 
0.5987088532850846 48.48176539798875 152.21295320955588 82.74251001021364 6.268398179465009 
0.07221846121646947 60.034568139503136 114.57692541909462 370.5884709126719 2.56799161630617 
3.037697452699426 54.31769009481249 64.76692175680634 86.61577348308987 27.051101000729954 
77.44777079983386 0.36723954379814805 1499.0764140059027 864.6770469789722 600.7980193343637 
19.877276635251974 0.7994743449151738 705.9821892782434 362.57791639344737 146.26629213182957 
8.49926604258314 0.8423793424294352 879.9146483672652 473.4646334808247 22.246149699566793 
1.6190617813293988 35.66920201184155 12.021726984252439 333.19333466465264 4.6762791254673255 
0.0493079317393641 36.71248083751895 533.4351987336354 312.02789418186796 2.144519008249598 
41.21351584888443 0.10547286501414777 1306.4049796478016 577.4687294472243 301.1345224587797 
41.21351584888443 0.10547286501414777 1377.7127209873163 496.1784742320381 301.1345224587797 
0.29439211897731665 41.22867761005719 106.03850650191828 17.39849702574307 2.7082790198507176 
81.8915946467238 0.0811262030513253 1494.971934184827 1180.3948538769682 629.7782434038903 
19.347031311785766 0.009962391584569907 742.4630390151275 384.88255502414205 126.83882164069651 
0.839178814249895 40.98801718536241 0.9569119777649955 0.26265245886837674 2.1114285728829585 
