26.105548601514336 0.10128812419086941 1326.734534333628 461.3345944068627 355.3022554592286 
0.0887397323355065 36.69966900770895 381.8562254692421 315.729216471911 18.606249397032123 
78.6714698687414 0.4386553072559574 1497.6579838896687 908.9971256422301 592.6925673753908 
81.26402810970686 0.015617429197378768 1499.6260447303866 1268.6671078638312 550.2740249815959 
71.6657187879891 0.46968434548164684 1489.1200044366267 904.4448134789794 440.1195769988307 
51.88536127029269 0.477017493171796 1495.0793221771319 553.1939020719616 251.2547695266834 
6.45666325581494 0.15112388707485017 746.7603460767575 381.9975324669533 102.28971126450735 
82.84600094476222 0.42078366649654786 1498.0314274001285 1041.7052152380854 366.019555451926 
63.238826446052485 0.37533939221065893 1498.068076564222 1021.0879505739551 702.8058160840866 
0.08481422313647839 53.687932242004514 190.7808564974473 230.0691469691865 1.6142612146079758 
2.782983753491404 34.84983165188886 564.7089264903324 317.1035815959948 14.439514818527925 
83.0 0.15961227911393897 1489.8074380137077 719.9644875125156 443.88103572874815 
0.4267417012087842 36.19418727268683 599.7297689432335 381.15023900094104 4.875449496548299 
4.97796552628726 0.0017719011993263464 1093.0083043369427 384.95244527061413 203.46171162508676 
33.92006324043102 0.41844244908386863 1232.1481910032965 515.7798281400492 266.15928541475137 
0.8367061588907936 40.35168795615815 40.51082224766737 227.72451746906043 1.8844930836724334 
51.88536127029269 0.477017493171796 1490.9926857492521 534.7541941728614 251.2547695266834 
0.02330912615976466 0.03166772001961898 566.8315202434378 375.5933857896372 200.37568376060338 
82.0 0.015635063630739215 1491.239427775252 1475.2748826947172 772.0997403340365 
2.746735611109284 37.04449328028383 564.7089264903324 352.14345257123233 14.439514818527925 
62.21215909179077 0.17118541212298616 1496.4718903341866 611.1709077612346 360.8582963473258 
60.09443606762218 0.0016666502194851388 1484.7911523081102 697.7671014585793 447.82082375558036 
1.0421008374221816 54.89016554559187 9.961801705869306 144.64845823938893 5.870388409136243 
38.208129188311204 0.21031602126432425 1241.8338886892734 448.0679516840264 231.27984134089309 
0.0887397323355065 36.69966900770895 381.8562254692421 287.4533229897097 18.606249397032123 
0.6701155317105117 59.03982276088823 3.4799276024837624 269.7741083265164 19.952298440426034 
12.162869574512392 0.03380003609166443 873.5785277304932 482.6005728636354 275.4438020496775 
49.72470783569026 0.41633112627514046 1489.1200044366267 908.9971256422301 401.7594650328181 
15.556019892971092 36.904755240930186 367.64092841193826 375.69962378324925 19.31024767819338 
30.775806704761695 0.42400986642146166 1496.3785235326022 724.3660644001973 360.34100941641657 
60.09443606762218 0.0016666502194851388 1484.7911523081102 780.8867773111027 447.82082375558036 
19.364842614204015 0.022936448413949012 875.6640626592591 423.058480731612 204.63807197901724 
4.97796552628726 0.009574565718658945 1093.0083043369427 435.75259338229836 204.0455784917536 
0.09618235819526566 54.414837818666975 40.51082224766737 359.4477629450961 7.223676450322941 
0.11892392135074026 40.98229801429699 870.2230514345997 364.84887478369467 1.6418743332568426 
0.8349637957951934 0.08081886894687834 1153.3973560378477 509.2068211726053 200.07970296751145 
18.125983874220722 0.24721861463825728 697.8856616366907 437.802757994994 194.4116104557591 
1.2877601653845545 37.24856855795996 566.2927311243849 378.961411909389 200.37568376060338 
52.068665711053825 0.45608806136027524 1469.6203696871069 534.7541941728614 251.2547695266834 
0.7909982168521594 59.200197789182454 80.24824759186353 126.27697703737829 1.815688320668762 
69.66826487649595 0.400643816924014 997.3246143627197 485.8259530104602 260.4790788655105 
0.19293167844219106 51.5217097134368 570.2057655218887 350.478001425579 99.1451574846166 
0.11573305348561491 55.13475656601852 218.92732566724305 59.40983239898854 5.965107406669706 
0.15014572308329832 8.008078169044161 591.884954751144 343.3683551493062 199.8113993918052 
0.08481422313647839 52.85020948855841 7.2051390054926685 59.40983239898854 1.6418743332568426 
76.1007965610845 0.06935385805635681 1477.0040904232014 1040.7566043706715 522.49645131879 
3.9650816149726387 43.64719478573486 80.72212580077621 379.21601582732194 6.1607252025799255 
6.7489947180116125 6.9894992898676325 631.1736345423827 374.6387064773673 90.1289380582547 
38.593216086097 0.05650448054450019 1122.68909496926 516.8498285384035 211.28389810063302 
83.0 0.08389591615346262 1494.8361681071897 879.7424788967282 329.41565575092903 
1.0546720955830982 54.89016554559187 212.04813396653537 338.2856734312653 5.870388409136243 
26.105548601514336 0.10128812419086941 1334.7743502462426 528.6388156817461 232.70010845471467 
52.043860621460155 0.05713249104533033 1494.9782515051206 1190.4439529783274 531.9591483221107 
26.105548601514336 0.10128812419086941 1336.6141156011197 497.8552119571064 207.37607213489625 
1.117660021000515 9.215512593661998 607.9939189447593 380.521135305819 234.9048680565527 
52.043860621460155 0.18824636393760796 1496.3785235326022 1399.0884594266618 663.7709018074924 
4.6970932146238376 0.05679774502385819 1135.7229593365657 428.27943657042937 211.31102289966742 
0.009497526902733505 53.62282861381108 1.3092383947365391 330.94355888908774 6.550450517601732 
0.009326863346337477 43.64719478573486 54.20634796867114 379.21601582732194 5.870388409136243 
0.18075055430520331 38.14006785379541 367.64092841193826 375.69962378324925 29.379454826596003 
12.162869574512392 0.03380003609166443 873.5785277304932 482.6005728636354 200.37568376060338 
26.105548601514336 0.10128812419086941 1326.5021907645812 528.6388156817461 361.08332778091335 
33.058593276847425 0.15112388707485017 770.0132555176522 381.9975324669533 100.2682521042893 
19.364842614204015 0.03144444752873085 912.8529367563395 423.058480731612 204.63807197901724 
27.21423549736712 0.42400986642146166 1496.3785235326022 624.2071130477915 360.34100941641657 
0.17436496745419877 68.81796171542953 54.66393355320787 193.6801010846799 13.04862647737012 
72.84381853897281 0.4037536723799051 1487.191706030333 822.673372785533 376.13703424562266 
38.8754889626776 0.11066827997908235 1241.8338886892734 493.32766751931683 236.64526790029257 
63.41533907831303 0.008538792886600838 1483.1836374210334 927.6822528839433 510.8036491585183 
0.7909982168521594 59.200197789182454 5.4489147650623835 126.27697703737829 3.689354510289217 
62.090466966291544 0.17118541212298616 1497.9501306326322 1432.8368384680864 414.191075437477 
6.7489947180116125 53.62282861381108 630.9564022937542 374.6387064773673 3.4511728950892326 
0.796865347776323 40.35168795615815 40.51082224766737 270.731811604668 1.8844930836724334 
38.593216086097 1.3132257685525717 960.0040679497409 497.5659188898892 131.89298006953896 
0.3409289263190942 38.29761692425207 417.9433115726062 392.628078325232 14.391350968237935 
0.1919943923149745 70.41564467404885 366.4389364062797 361.8848061948686 0.0010400067925431244 
0.6701155317105117 59.03982276088823 3.4799276024837624 107.54654131088216 1.0233643049389043 
1.1457042616657347 33.70883599660889 252.1107005397813 326.4239853578466 5.467655288869651 
25.92044073170695 0.45883564103501046 1469.7188172160775 495.14199039754266 251.2547695266834 
1.0546720955830982 54.89016554559187 212.04813396653537 380.3442101118962 5.870388409136243 
34.448245203599186 0.0819325115104666 1486.8019968809056 582.6522564658001 274.5136218645939 
0.009497526902733505 53.62282861381108 24.32620936874298 2.021190481415161 0.13212515667768532 
4.97796552628726 0.009574565718658945 819.3155744990263 422.3388616081432 200.07970296751145 
56.51326518080367 0.43649827752947523 1010.7408149719979 487.5953876228319 213.58390170253568 
21.789623647245744 0.005650400791315707 816.9319804574261 422.3388616081432 200.07970296751145 
0.08481422313647839 40.98229801429699 40.51082224766737 59.40983239898854 1.8844930836724334 
36.2863120687203 0.08928688087482867 1465.244117758967 534.1669614825662 260.75232582515554 
81.26402810970686 0.015617429197378768 1499.6260447303866 1226.0708631352172 550.2740249815959 
62.99482380330504 0.17118541212298616 1497.851187421914 608.0547816151552 520.544377787379 
38.593216086097 0.4770532568919027 1351.2626481350087 516.8498285384035 251.65712541969972 
1.117660021000515 32.154622340415486 13.489782328300748 12.280031872254881 16.34034765184967 
0.006690457362387936 53.62282861381108 121.84570152102822 379.60479733489103 3.364478447549916 
38.89624483037697 0.2623209126396393 697.8856616366907 437.802757994994 195.1272041476871 
39.17981568611179 0.08905943636206104 1482.3366649007512 620.4645023511495 261.0508286076112 
5.359856384308199 0.42410986081618773 876.9690234505114 422.0652620063588 200.07970296751145 
66.44514274377104 0.15936352091264233 1471.3218381497295 1432.8368384680864 846.3365961258597 
38.87927615559904 0.11066827997908235 1241.8338886892734 493.5498726253934 178.5255565785876 
72.02760356099475 0.4231199408595253 1498.166938031241 1028.5864146109839 776.026737375134 
38.07833889429035 0.09949977389141876 1482.3366649007512 494.2145822269279 261.0508286076112 
71.55166252890463 0.42078366649654786 1487.191706030333 617.8470538209957 374.85449441005034 
