34.26266052370296 0.08021245441175219 1497.4380934057824 661.0494882600417 358.25968135210474 
0.16357836598790887 57.776522850305426 557.8914553977611 340.9344635246679 2.3287210964157197 
80.43802373869178 0.30239070280748764 1486.6649918170153 1462.044935972854 1030.8295363455386 
36.979979029038674 0.11362482323988614 689.1280363119276 351.9167563315441 132.8802379928005 
43.53793546304442 0.1821065401193364 1336.9152527867766 590.0322725709027 258.8885900417359 
71.75581141119741 0.06192660108431336 1498.8284503393052 1237.8884033510117 382.887629804953 
39.80577073562792 0.017460824459225366 692.1420396484216 388.71678778793085 190.51944396709064 
43.41321942667314 0.0013495263919642148 1435.2104514485238 435.06483133387013 234.24870369914808 
4.363171024636885 40.46974372664275 304.8217934679641 344.60890820338784 37.56024863669457 
14.302189749629582 0.017460824459225366 692.1420396484216 387.80812924363937 190.51944396709064 
11.59737023963328 34.05924985893621 504.47536370136686 323.13703969996396 33.37295073746273 
71.99032537228283 0.12239435140358762 1484.6784240509976 769.41510819684 287.17832449754667 
0.6235309609704616 59.525614769184045 101.48141463669924 244.24296332152215 15.86516386073055 
2.378630472959477 50.058338586634044 1.0375976102975981 364.35598998723447 17.735824644897008 
2.647050627366679 40.487461899973546 11.287506057920048 277.2885060168033 2.9776052302850387 
43.53793546304442 0.21348913318323642 1383.700878139072 590.0322725709027 265.2267850132639 
37.1539654776209 0.10211143275417409 941.9258990729852 452.0767258672094 147.0652381522137 
1.7293555167545236 28.751660375124516 504.47536370136686 323.13703969996396 8.433286751997827 
12.75699079673172 28.88137497070191 635.8862696831326 358.1788795327915 187.00522562899064 
44.948038333452644 0.26402862239577407 1100.8368012506296 441.6670431655179 244.54240182236407 
4.643462746864364 55.437590809597374 59.33055753651139 120.87481781088584 8.454215753001105 
11.62635648309443 9.237334152381038E-4 893.5370237620109 358.1504554297688 72.24555917568424 
41.92857005149513 9.237334152381038E-4 893.5370237620109 441.6670431655179 72.24555917568424 
43.53793546304442 0.21381557503071758 1383.700878139072 527.1800390784999 265.2267850132639 
36.36954137952679 0.2186500760658222 1076.855922610335 441.6670431655179 11.10018206366513 
82.0 0.07827003187660149 1498.8284503393052 1264.5839091470698 882.6263643120335 
2.298584100403109 51.92970044434361 643.0701382216363 350.311007629091 11.205481900392666 
1.3229953868622069 48.92804891963283 156.343468164375 350.1595292163826 8.23423859257042 
52.0073813085713 0.1143964364496329 1468.468844128811 527.0621650725393 322.03426922939207 
14.106146182521888 0.11362482323988614 689.1280363119276 351.9167563315441 132.8802379928005 
0.8888843912284812 40.92643176373704 59.77130840460366 19.852854056127242 2.0215075319923854 
72.64897133149363 0.13343461164232534 1483.0994688736423 798.1387994814793 366.2968044602512 
3.241269567127138 41.34813186827627 123.46357584808999 381.72376421407904 18.14946332531137 
14.302189749629582 7.645169720879416 672.123195652696 349.2656467735243 1.501124712317788 
48.943280540730186 0.13964795975951308 1251.7904548460422 497.78320872045975 246.9812613981817 
36.36954137952679 0.2186500760658222 1076.855922610335 441.6670431655179 254.41906087367727 
6.292613042368384 57.927699230417076 490.12279543409716 321.39151043411846 2.3704717056374394 
27.971838794161656 55.68291874919896 582.4429940888635 420.7118514401551 0.98247229065651 
0.8044833363150594 57.34753053753925 42.428429882491386 318.6529004525158 0.374450570348988 
43.61821742712752 0.25972926076777125 1494.439977357939 800.7920051611472 611.5143700929802 
3.2507943117785585 57.776522850305426 420.22606395601053 340.9344635246679 23.07522976681527 
12.084357553109845 0.2748088589771597 826.1416197915147 438.40147062552734 72.24555917568424 
82.0 0.06192660108431336 1498.8284503393052 1237.8884033510117 878.7677877765824 
31.30340355470047 0.012127398283082513 1217.040537862726 451.1283566047984 204.271803433143 
42.45264402418058 0.030700158647457537 1497.8877928634672 585.3119424944324 358.54957459884565 
27.01471720190365 0.23091245930561957 1205.8822895480944 497.78320872045975 246.9812613981817 
31.30340355470047 0.8343375109644491 1243.5142754995252 443.53555661571744 234.24870369914808 
4.286456945207193 1.0207270633970236 556.7607736960379 382.5139303388261 258.97622843769346 
5.693047773286377 50.111679208678595 694.1702233576 349.9124570842566 6.3610524772541766 
75.82651725142682 0.30474673089906035 1486.452014635456 994.9075380873053 611.9079483980286 
41.63699419608104 0.25842204929818985 1494.3517065040182 935.6020586228029 446.3445219891378 
0.9443500173637054 55.708651885863155 582.4429940888635 417.53926867896905 0.98247229065651 
48.943280540730186 0.23091245930561957 1205.8822895480944 497.78320872045975 246.9812613981817 
38.57798092623924 0.07902814589801457 1497.4380934057824 618.2216013128061 357.6635714881052 
0.7946020126330815 45.48970169215368 6.327923562021894 36.806629582471935 1.4583612840452755 
3.2507943117785585 57.776522850305426 420.22606395601053 318.6489430667024 23.07522976681527 
3.065210531680526 18.871243418219542 254.22242065178023 344.1363992968818 1.6016076313684584 
44.95457559911766 0.25606870297336415 1093.3756972392382 404.02305752063165 247.0584883707766 
80.00628168724606 0.3172738094023568 1498.8346732713842 1106.3834826330667 844.1892856722708 
12.75699079673172 28.88137497070191 635.8862696831326 381.7713370491757 182.93370703204718 
0.12856659440330942 59.93498556377812 73.60180728556378 212.5412012567061 2.1028063708943048 
0.9443500173637054 55.708651885863155 21.935155734866846 181.70924526625095 3.029488143750875 
4.570572715579484 48.92804891963283 254.22242065178023 350.1595292163826 8.239673627912495 
0.15510905391823915 53.685494343124134 659.6592070192182 321.1278625437973 2.9037649504853835 
0.8979064773475943 60.24709928052688 1.0375976102975981 0.38067227808098014 1.7032371833505675 
82.0 0.1139196780986285 1498.8284503393052 1328.8322757276849 882.6263643120335 
80.00628168724606 0.3172738094023568 1498.8346732713842 1156.2711289028427 844.1892856722708 
3.065210531680526 47.432785446653625 254.22242065178023 323.8713708005721 11.266513004521464 
80.43802373869178 0.30239070280748764 1486.6649918170153 1462.044935972854 1357.431994227773 
50.906542307248905 0.22588232946967968 1383.700878139072 494.78218684777426 247.82436412725414 
36.05881839172506 6.705238677160164E-4 800.0256230172731 452.4426763357129 72.24555917568424 
0.8801447765486123 60.83885369002404 131.95438815567456 349.3481759976207 2.0215075319923854 
4.7461156504126105 57.23628291023033 25.626454207709628 48.88607925354705 16.242090169771572 
64.38513058723657 0.0037810120822610177 1471.8944608465358 1406.4668974725241 1102.7038381929824 
3.1104671479756076 40.77914037345059 41.24919564130704 97.28596007061698 0.25919576031823066 
31.32297844435289 0.26734034268145823 1167.9684991128613 444.9494827729693 231.0529483428392 
41.925204543670134 0.25972926076777125 1494.439977357939 918.7657588410918 409.2703942406994 
74.39702387870653 0.26002026741839335 1499.4491870876031 933.9277477966841 415.0508023953948 
42.45264402418058 0.030700158647457537 1493.3810799827006 570.2918640980245 358.54957459884565 
4.439145174745473 44.569864059381125 334.8398582011779 346.7418355396499 34.93814489081343 
41.925204543670134 0.013395364218608208 1492.7044134175233 852.4179884212115 410.6536130126007 
3.867547763562601 60.12776017583445 81.55416742007802 351.4551178871293 11.194173913958423 
11.99712603615402 0.03326026201460697 989.5320395501277 467.6807027522125 236.71892724223403 
3.1104671479756076 40.77914037345059 41.24919564130704 120.72455687379626 0.25919576031823066 
22.19722030789876 0.3036665626451101 1497.2700999278122 719.4824669067506 319.998225186784 
31.32297844435289 0.26734034268145823 1035.264106617976 444.9494827729693 231.0529483428392 
0.8888843912284812 59.57387099317184 6.327923562021894 19.852854056127242 2.0215075319923854 
71.99032537228283 0.13343461164232534 1484.6784240509976 689.7502548672834 366.2968044602512 
0.22111478891856606 45.18009486221173 69.37434598007803 181.70924526625095 3.029488143750875 
53.717363785310894 0.26734034268145823 1250.9561347313386 517.9323754072209 245.3914768486098 
13.819434321739003 0.0017543979064730542 888.3104133227897 452.4663697800293 234.24870369914808 
0.3111889563493919 61.56151868624073 202.79536976918837 249.9538104554212 14.17894046428588 
13.969758321487422 29.60744196159038 434.8584238532436 381.48188415583155 105.92212264889775 
81.39411958196168 0.10624507353753287 1497.7984388286186 1210.8593161195643 332.11706208847295 
41.5566731644957 0.35776359496728993 1493.2800568131506 995.4451569685908 596.4198633494002 
14.09939440310108 9.237334152381038E-4 893.5370237620109 441.6670431655179 72.24555917568424 
2.543801832089862 40.80897968995156 123.90184846457772 13.054103740467141 1.6976759644094095 
81.38061792104801 0.16868445589032321 1492.2492532896597 987.9422298566145 763.6008735537156 
51.96201690899815 0.26011480172647783 1493.3810799827006 913.3870976577039 685.6796396400248 
52.0073813085713 0.11245498137870147 1482.3170926743037 518.2736281173106 412.75718214947517 
