30.501885889577874 0.04032645506918336 957.4680425251624 438.0683328390659 169.4043746174354 
1.1148622160993509 40.45404417959572 263.67306011150515 110.6416232122883 51.16525025454512 
37.47574226784319 0.02786418609342603 1464.1676911132 482.1008494789752 227.7948691002201 
45.2007898415355 0.013644918828977101 1491.3954000434878 776.0704519182545 303.3768991523327 
26.50424728029475 0.06679593667656475 815.3223263565175 475.9299022319685 182.1470661486977 
25.279056389558185 0.00972799059054441 905.6832394568484 479.0860724533522 248.33702497477566 
39.61388793736221 0.3211503018852859 1188.6784021437456 448.7769135443825 264.8485527394406 
37.67876986205415 0.031320836835621285 1441.8956941245713 630.2350895724705 229.84234784552862 
40.25264645734821 0.02294968650235893 1419.8438849361312 450.960702324448 171.2320831122112 
39.534358413559985 0.15767648624430985 1485.6221230953597 422.5809162051841 248.3524245285849 
67.81962580352484 0.094852187803203 1494.0122529761309 1060.1053285343462 461.07919849899 
18.570321571109833 44.09736749913032 631.679575139556 400.51444104135527 87.16495129669218 
19.3699192125798 0.22867033042739038 684.8069029605035 447.7877339578281 169.23425615188364 
7.303958536449475 0.30279144659727036 731.1639821477506 390.9762086768221 182.1470661486977 
5.103334531922592 44.03293007327564 538.638736487101 400.434534658674 0.25360721970007205 
1.540796605719434 46.92182613231664 49.644804423874604 53.25210826615168 2.652675353063388 
0.19877040164521653 49.54400457372052 56.042987260847895 3.602798940505039 28.7876072097647 
56.30239154106127 0.4111694465053417 1480.3594554768204 1000.7394391774703 563.4024640773038 
68.7187710066105 0.10172607388567179 1491.297767196951 1339.2891016327924 705.5782510728407 
66.36901640992453 0.094852187803203 1499.6882654022897 1209.0152837532146 576.922250880222 
19.3699192125798 0.2287030644405823 684.8069029605035 392.6799603938833 169.23425615188364 
63.636664485533124 0.18608039356890327 1499.4624559981166 962.9066084464625 402.7479918315541 
68.6545721236613 0.01807260724799241 1493.4608675811912 1128.1405469478443 401.62016400808807 
7.641084343455308 2.964135963976716 659.2061046724522 400.47347664248724 1.1998722029369802 
1.7166198885856947 49.4297903171302 301.92032658283597 342.9798981648643 21.953742928938702 
66.90308596248737 0.02023380718709652 1495.6992595294166 697.4797900792653 311.5830481907908 
20.986568130438155 0.4799375936410194 750.9864900138823 415.17676995520844 170.40532866380357 
25.279056389558185 0.00972799059054441 1169.5154344078767 475.2964541329527 181.71340694330465 
1.5190377545853169 97.70771531181342 61.02763040295093 53.25210826615168 6.248204006451857 
19.061630901714757 46.96234757498495 538.638736487101 400.434534658674 10.204325736373383 
1.518580065359203 46.523711743783025 146.6888323244292 316.97108767446167 5.405157198431898 
56.30239154106127 0.4111694465053417 1490.0336588496746 660.1335034110418 346.9619779011434 
19.3699192125798 0.04131974222929988 812.628373952661 449.82907551853697 175.34901348952644 
32.2471978242644 0.04032645506918336 1091.6888493730337 438.0683328390659 169.4043746174354 
20.68522963551785 0.4799375936410194 733.3182353561026 415.871179379059 255.7155038915182 
13.474289498360609 48.76811812276414 614.5667068167269 378.6733060844854 5.5948103512496346 
40.25264645734821 0.30335201979806203 1096.7086361839395 577.0057283607091 182.1470661486977 
5.1937196726232315 1.9018245500241768 680.1613867194682 387.65651682026396 50.77907839040728 
0.5659171689695666 40.6449759752013 394.43716680624743 295.9455568972102 37.74561963770982 
40.249746938917106 0.30335201979806203 1411.9327058898482 479.92718749459345 172.11905716262115 
1.1179036896173453 43.479051668530076 159.9989883164372 76.50887330543199 10.260732629116987 
0.061620383293485376 44.4435168356718 183.63184021298883 106.30236078783281 22.360124046826684 
13.632036696487349 48.76811812276414 614.5667068167269 378.6733060844854 129.82396331357933 
1.765159979755278 46.72241069657302 209.9125814890537 296.6148859960461 10.204325736373383 
1.350812184059066 40.705268366674055 60.95043483254915 92.30044137491278 21.81280620075189 
57.54132616211584 0.0213444168148154 1491.0216818001202 864.1189584404452 423.03195302509437 
10.186531223040685 51.053468360397076 584.3613940880728 335.5395297929879 19.228157580182256 
1.5190377545853169 97.70771531181342 207.84148100200542 53.25210826615168 6.248204006451857 
1.518580065359203 46.523711743783025 52.48676006687458 316.68524398861933 16.146376166981913 
57.707272502293385 0.21403948992514002 1496.4333202315363 806.4187031709675 422.7484166547321 
1.7071339624760478 33.77571714889594 298.801871874262 321.43587260412573 17.336949203678998 
66.36901640992453 0.094852187803203 1494.0122529761309 1205.473138471652 461.07919849899 
37.34040590437398 0.2847375914453258 1401.2224619713754 449.4892891627409 170.5914252376663 
56.30239154106127 0.22582982294989354 1497.240540654188 1426.702403709735 940.4407719091826 
0.6359217919500475 53.62287122339198 139.01244285095504 299.23261423735846 28.161667269073483 
0.6857259563809954 46.72241069657302 52.48676006687458 339.4087449005981 15.819876087572986 
0.9122875647180988 44.35133001003422 417.6709952939963 378.7406543169799 10.678079252278637 
37.67876986205415 0.03986164820453911 1494.2663834311093 620.88138860161 390.5543754360401 
1.350812184059066 40.41329510116468 60.95043483254915 288.9558982429518 28.161667269073483 
32.2471978242644 0.04032645506918336 845.2850679394737 438.0683328390659 169.4043746174354 
4.143832582587876 44.0604141431159 440.70890213473706 333.3255979053714 9.565336252181325 
39.45154288549021 0.007650902838750223 1461.7947161794584 576.0869058291432 241.16655486840756 
3.251387263943304 1.9018245500241768 681.2794165983787 422.455190898462 50.77907839040728 
37.678662101540034 0.29134730342983367 1245.5808049742443 483.0258851136791 261.54219653168803 
0.6201197034358102 46.677797578344226 114.0049981460168 376.5801182794405 57.38217553717033 
66.73231036241724 0.12694744574890132 1491.297767196951 1284.2581358316686 710.0875734694935 
2.8196912820620628 76.3225605499846 221.74264936768307 348.13012891879214 37.8404874310161 
1.1622688821293465 40.467700327107366 430.32565723142807 290.545975731069 41.27449183751813 
57.54132616211584 0.0363689409722852 1491.0216818001202 918.4414868911415 423.03195302509437 
1.368202973065757 33.77571714889594 65.00365820795413 117.70290936841317 6.2514609363079074 
1.765159979755278 46.72241069657302 209.9125814890537 353.973849954791 10.204325736373383 
0.8479419503576247 44.0604141431159 472.892183862583 396.2590361295976 35.579662479070564 
0.6265709757073715 49.54400457372052 16.13674279257814 3.602798940505039 28.7876072097647 
82.41627867124923 7.323047407289535E-4 1489.2276818401506 989.7021389416179 406.91292289018224 
0.6857259563809954 46.72241069657302 404.284286459438 339.4087449005981 16.25387808285639 
18.532267849814772 44.0604141431159 566.6293406243641 400.51444104135527 87.16495129669218 
37.447150733248264 0.29134730342983367 1212.2564561165289 490.0910892776733 259.3486199840465 
1.124572296186292 44.5127959508199 58.72074249163329 212.1061625314508 38.26181269352985 
44.93842092295786 0.00972799059054441 1473.6053715818975 634.4304694426747 315.4955978951298 
7.641084343455308 0.2199073316661233 718.8683394235259 402.8619065458067 47.93014753919929 
57.707272502293385 0.02982798879809867 1490.9295948400081 781.202069211834 422.7484166547321 
1.3049864390484451 49.80743678141535 61.85753674506043 24.167492972733676 12.3700863819069 
28.643418107159157 0.23285993318013867 883.671600350127 447.96477718747605 231.12288447814544 
43.02690460795205 0.39131136256716664 972.9986296079825 541.363063612219 232.33720055151073 
37.67876986205415 0.03986164820453911 1494.2663834311093 620.88138860161 241.43271579806208 
39.45154288549021 0.022480001324327703 1461.7947161794584 514.971700024185 240.9344127584822 
39.4941266296437 0.2276246334570035 1485.6221230953597 524.3035829327724 248.3524245285849 
26.12906016108784 0.4140842549602214 898.1671619850723 411.24943678325127 248.53134915265832 
2.809523233071161 44.0604141431159 483.2538536926765 352.8032273203092 9.565336252181325 
32.2471978242644 0.04131974222929988 845.2850679394737 386.9607491627648 170.05589673067044 
0.05357775420791672 44.72638413042867 263.67306011150515 110.6416232122883 6.75858353346257 
43.16336668639611 0.30335201979806203 946.5213995448033 479.92718749459345 220.06520515805047 
39.55494865063745 0.022480001324327703 1466.82912353102 514.971700024185 176.3153077560062 
38.90191501913366 0.018706288549703826 1495.6992595294166 748.0927080634053 503.4205668872539 
49.832697561165126 0.013644918828977101 1491.3954000434878 776.0704519182545 246.44669467283512 
56.30239154106127 0.4111694465053417 1490.0336588496746 1126.5362394575388 563.4024640773038 
40.25264645734821 0.30335201979806203 1096.7086361839395 450.960702324448 182.1470661486977 
68.44568392020496 0.01807260724799241 1493.4608675811912 1350.9157995940163 401.62016400808807 
1.7592495928298817 44.3606670615612 474.95510289628857 378.6733060844854 10.678079252278637 
66.73231036241724 0.10172607388567179 1491.297767196951 1424.1614292889417 735.9683812994006 
