44.75408189734827 0.14203088338628708 1494.376910922292 754.8818234465441 337.580684173149 
2.7450713791147425 53.92956963209728 61.848914522955454 346.2608387002584 4.85092018081005 
4.105347701617755 55.91266447842064 375.6049261767586 365.7678560165892 4.0161171065739545 
63.3487291826237 0.0015883770462697946 1499.0901858720858 1418.0176330892832 524.1144551399193 
3.4812684484233127 54.5325420318362 36.859126851607115 181.52841571580888 2.1210722291202586 
44.0619626964814 0.03208100141422659 903.2390851715846 511.6518581484205 221.54293294343722 
24.73554375767206 0.053095104555190405 690.6042249673136 405.5892973832701 187.07003484079308 
34.69150348316657 0.03780069445674794 1499.7166378643265 761.3969085345119 245.36520407383335 
24.854948386762512 0.0011599829591612543 1051.8436371796543 376.49696047832197 292.8820199989148 
3.6478781663120072 39.38471413571872 95.77553300522953 349.1830035922468 1.647992010941103 
61.475186381771906 0.14203088338628708 1499.6072122179921 659.3478675297728 329.7314497481002 
59.84290369356708 55.90613765662579 576.5408014289096 407.5126678490177 39.220979957168964 
2.481005039399836 0.14848794725877834 675.5384122905159 386.0873871538988 137.32507380367994 
82.0 0.0015883770462697946 1499.6654640442464 1461.4073601881896 524.1144551399193 
0.5275635903772948 10.163484023433838 604.9781508234465 366.0815549071292 110.09263193322009 
0.5004883434028142 48.872292738421 11.722923742224594 114.63381254744277 11.906502674467504 
29.005511333367448 0.08163901701011637 903.2390851715846 511.6518581484205 61.641126841667514 
0.0067877581553015265 64.26306935209078 567.1985522321572 371.3421100452649 110.09263193322009 
68.87286288498623 0.1962711199905522 1495.7469970431962 1108.3350844250508 692.940425160598 
29.005511333367448 0.2430529687460089 874.9584235012419 387.7371370984833 142.7316075090086 
24.83790814251678 0.00895622491798509 1046.9949404178335 571.5697134336029 313.20403743860203 
0.47296947224601205 54.14326075736605 290.30770053968325 301.0399112244015 1.9677259552560311 
26.909658175147392 0.25158577468445176 665.1753817894096 391.90409309823616 0.33575270468045915 
2.4250149897931204 47.07219986122027 400.26143768603026 402.8569874410698 68.01574957836043 
0.11311247518866108 46.40293004894164 0.18295816496375172 356.7723078752441 15.711515710957237 
0.8605810389523612 59.67178828054356 52.71050221422723 247.46339409585676 1.4987775809467294 
42.992976081568884 0.14203088338628708 1494.376910922292 659.3478675297728 338.4588196068172 
58.670379743726855 0.23050116894456735 1488.1159893027568 617.3798536347856 346.5684697471646 
29.005511333367448 0.21641602288296963 842.3287802940051 383.46846544677487 137.22719925749016 
0.7982850522752802 55.29493583040804 510.9107568779491 354.58353300727526 59.21539747857859 
24.735790653664072 0.054022017290110844 637.743170917875 375.66731484995404 220.2201710872118 
0.09902967904256615 53.45525661971037 41.13679545844974 7.81859790685089 21.85767670264238 
33.46888405513078 0.012343666666202319 1383.8304203314797 490.7424037687788 225.6135687203195 
79.06668428924831 0.011973976041092349 1498.5704716703565 856.2011268183278 652.4409266661079 
0.8605810389523612 60.06892465008402 79.59429786463146 178.56644332322128 2.717617827815032 
0.4940196554017766 55.90613765662579 261.7533936701713 365.7678560165892 3.3839978680525498 
82.0 0.0015883770462697946 1499.0901858720858 1329.4021911870914 524.1144551399193 
34.36314918877707 0.04755061884225238 1132.7188330738747 516.3298801236367 213.9952153874102 
49.4915712831911 0.2649422048374938 1495.5625344102423 596.4854060196701 355.44485543542413 
0.49811373428483074 89.48533667100963 8.721746030752065 7.81859790685089 1.9705882201982519 
75.68887733608291 0.05355908583430911 1496.4638751459818 1079.4130540417148 659.3850060845609 
2.4250149897931204 47.07219986122027 400.26143768603026 402.8569874410698 3.1063636456615207 
46.061827251062624 0.2649422048374938 1480.2612344168338 596.4854060196701 319.9263093426659 
44.21508147212699 0.04095432708036549 1155.1373208860266 546.623206499055 245.0554570503434 
0.7901375069396068 55.89080092220403 562.2717946227897 371.839147199055 2.1758666692956097 
43.13286714634155 0.053895266550012984 1452.6886159398875 597.4823343366152 257.7344215721309 
24.83790814251678 0.00895622491798509 1046.9949404178335 448.6963969889453 314.61373886134 
0.9870936486177154 42.25028681076869 86.30831696333973 383.4408737735564 30.35357661010761 
24.684458910183437 0.05372044953065026 704.0810591984377 427.5514023816635 226.16582369882855 
0.8605810389523612 60.06892465008402 25.90231600641124 280.3105889174953 7.072160678550333 
43.92587294300773 0.029871712380949045 1484.476337321126 492.1060591280432 316.65361907864286 
44.21508147212699 0.041091352696578404 1155.7746987645207 516.7097153802035 245.46502488773893 
0.47296947224601205 54.14326075736605 260.96706937726674 301.0399112244015 1.9677259552560311 
33.46888405513078 0.053239752564392256 1383.8304203314797 434.5075687660072 225.6135687203195 
27.064387345208193 0.4921511949603925 903.2390851715846 427.85928264051455 205.75483000259402 
26.909658175147392 0.16239435898765103 626.8879022015158 391.90409309823616 2.469418953129207 
42.50158082697381 0.032096143588381365 1480.2599297523213 518.2101997630712 221.09661219731404 
0.7825808974676864 45.812873325885924 82.80237323126059 27.833309465110858 59.21539747857859 
2.8817245038955766 59.60260398583081 350.7483208738223 365.7678560165892 5.067621741589626 
44.476904109876855 55.90613765662579 576.5408014289096 365.7678560165892 58.5042371161474 
5.389690236113774 55.90613765662579 555.7628946307432 434.3167304339299 6.627679647544625 
68.87286288498623 0.1962711199905522 1495.7469970431962 806.375164958263 402.4486458403443 
26.459757277716072 0.007632166048677724 1397.4832023291024 517.2668482753473 221.09661219731404 
24.43629320490757 0.26770461638024295 1059.582727921582 506.43779267303603 229.51605291925407 
0.8605810389523612 60.06892465008402 81.57828258369179 264.0292360107924 1.566003809103501 
24.73554375767206 0.054022017290110844 663.6839730088566 375.66731484995404 226.2123814410756 
32.19986352859451 0.0015883770462697946 1499.0901858720858 1361.178398412661 524.1144551399193 
78.93168143965752 0.04678751290650024 1498.5704716703565 923.6003084397963 647.7071322301356 
75.95122021557401 0.06705527259757287 1498.4435049991666 932.8290225258863 252.3977111848896 
0.7230299447060187 54.329506696347856 15.152008467075703 46.19746360679923 14.806840948215665 
45.33202271468082 0.15422376234974544 931.0334845985225 491.55137129070494 277.66763182925666 
29.005511333367448 0.2430529687460089 956.1375904016033 448.5636147741366 202.68934648254702 
1.1014539620789146 61.69203727749992 44.633289980675045 149.95724130743776 6.124062656577735 
24.94687184291526 0.26520478233443584 1419.7269730359847 517.2668482753473 278.1258010032902 
2.8817245038955766 59.348062655203755 288.24065192223736 365.7678560165892 2.1210722291202586 
0.5537002053205766 56.551074114486966 37.23351341153315 114.14881343496626 41.09742998408697 
24.828731303173456 0.015695906817222216 1368.6617821885134 448.6963969889453 310.0545884007456 
43.13286714634155 0.054359074063224086 1498.4885539245067 597.4823343366152 244.23486875507834 
0.8605810389523612 60.06892465008402 25.90231600641124 247.46339409585676 2.717617827815032 
40.21299138214782 0.2650763864773822 1481.3331393461538 488.7842680923723 243.93100942543978 
2.1603934181974873 69.01953763215978 321.2665230465957 282.204491567621 41.10070604408138 
57.66022462726718 0.14757069236275677 1493.4653166702929 758.0889371107861 337.580684173149 
49.4915712831911 0.2649422048374938 1497.3430428176707 746.4793559202844 567.1918341761835 
68.87286288498623 0.14757069236275677 1495.7469970431962 758.0889371107861 402.4486458403443 
82.13065366708739 0.06968634265015089 1482.4422438426934 1011.7865622670467 731.4517066490234 
75.68887733608291 0.05355908583430911 1496.1530994579307 1496.3710105298724 855.0467472761745 
0.7987006563730406 55.90613765662579 572.7986330564175 365.7678560165892 58.5042371161474 
0.11311247518866108 47.07219986122027 0.2931093340918549 0.36922846200713577 15.711515710957237 
0.49811373428483074 54.128418174695355 15.152008467075703 69.55415053499499 1.9705882201982519 
45.63831218971893 0.05236918618778306 1499.001311574691 929.5941241935351 653.3528021121687 
40.578250197081964 0.01877156396331242 1496.1211546902616 1205.624343181883 689.027136578664 
16.10772680429174 55.91266447842064 289.03890852961786 365.7678560165892 1.9957723721868224 
24.854948386762512 0.48992074282655174 1066.4088195647528 498.80226167370813 311.4804984045734 
45.63831218971893 0.10297569558707594 1498.5542619388186 909.0270935931421 471.9155107933493 
60.18981449000069 0.04287015259572036 1488.760142973509 946.4914651495221 844.5194413919886 
34.155606237059345 0.06522000949677054 1499.7166378643265 548.3202906779806 245.36520407383335 
3.996447230768573 55.90613765662579 379.30555954294533 365.7678560165892 58.5042371161474 
29.005511333367448 0.08294365702350426 903.2390851715846 393.6529266678772 137.22719925749016 
27.064387345208193 0.4921511949603925 903.2390851715846 427.85928264051455 137.22719925749016 
76.98428545605398 0.039528539504842364 1496.9990597958194 1468.153740118912 714.2342416419444 
