67.49500511015007 0.2123036610898833 1486.9208466664077 633.4766285259462 409.68108497799517 
0.441515354858109 57.032208432438146 12.833776932858633 383.34660183562886 9.783202001454825 
0.5101277774188375 60.226019262701875 629.3370979467825 406.34300517143066 162.64802859980668 
13.760526909916344 0.2087832812224862 830.792264001791 483.9398318671078 156.96710236492441 
0.06102735187475908 64.964582155913 117.49975177942544 336.9387637955946 0.22942750732780093 
60.654885905277276 0.4381812450843563 1497.7369232666147 995.1367521780119 544.1964916066698 
0.041073154143382376 39.109537951650424 307.1186812630965 26.360245174410693 0.22832443956610393 
27.08935693937758 49.314510269404856 805.5069834091108 389.29962784040214 214.93511737060498 
1.1250719824057658 0.007299482025315385 643.2187737928259 340.5523631280331 174.1481085217806 
38.29775245633921 0.11621983892443916 1059.0460263622647 499.78942871124747 343.94820917578596 
0.2675788917472701 1.4615168966221077 735.7888129014817 381.38243180101915 166.85829130306985 
60.83994544313828 0.08014327391385725 1498.2414391661694 558.1281952249436 245.95430891756826 
26.30032382021716 0.2368477202150714 746.6371010749292 379.91045867825915 353.83679654862203 
14.143432885178202 0.07588199700927725 673.733064452065 394.41929627934184 245.60707265315668 
36.984136081793295 0.1266451963364392 1340.134713779052 479.6892432295526 245.95430891756826 
9.737844314701938 1.2669255125279513 632.1064102523949 359.69955425431544 193.33226316514055 
1.1208496891461186 37.51099107414765 477.59677224009505 382.12134774134927 1.8136887220973321 
14.143432885178202 0.10383066758760398 1357.6056959849752 393.6793534101615 245.60707265315668 
70.28872345061241 0.06732064467052379 1496.9877881166422 997.1755211911682 403.28527657579684 
4.236338179962258 61.328302711208536 301.04438332571607 320.1738226155413 2.056697908830839 
14.366717296235604 47.82081165620199 675.546644684399 389.30298960939706 232.60298219693544 
23.4528223430164 0.12862785038006663 1076.2027342617566 378.28152139680486 245.60707265315668 
0.03907126655680582 38.230436994475454 591.4393063649043 381.38243180101915 25.57814398066202 
0.010109010363050865 45.78102688691366 122.90473374310612 9.684380021114976 0.19465608030581905 
70.28872345061241 0.06662521684527822 1498.2682164845496 1071.1432445030669 403.28527657579684 
36.984136081793295 0.08001289793775171 1498.2442723178465 558.1281952249436 245.95430891756826 
60.841111081277546 0.1512918519066781 1498.3293238148572 1173.5365704242893 523.1507803189243 
12.775523877608745 0.1640636628604561 1349.9019620623064 477.0036838886961 185.23163074418022 
0.05915425170273926 61.67315000866481 62.47611316161438 263.8871637918976 13.758181239073526 
0.37004584301837173 61.84591335484134 487.0210908312612 332.38552181183627 3.323807663567904 
12.627499182147417 37.48121560585591 521.1724553996487 357.4182097358192 5.933437124625408 
70.32638000244894 0.006308556855759859 1472.1216888419322 800.5390448144467 426.1834395808945 
8.412549112651064 0.7886005701064072 1053.0610723947207 379.5446173714028 183.78554342749854 
76.0738011923485 0.12064802964810349 1498.552545695916 676.3349149734909 439.37537874450976 
22.45852139175983 0.1087645514091681 1240.115638668936 498.2373169053653 245.60707265315668 
67.46532737655744 0.2123036610898833 1488.4329375730038 663.131035751974 464.6603897302694 
22.4272920818318 0.1640636628604561 625.5191813067494 336.1576181026341 4.017873244165439 
0.03907126655680582 38.230436994475454 617.2771738430179 381.38243180101915 25.57814398066202 
1.0339760944823286 60.138449633771415 90.91816872602239 7.513712911063344 4.594740844042745 
0.21144356334065073 61.328302711208536 29.00133401591662 123.17706811598728 2.059165404531141 
54.63651320876886 0.1812206867043638 1498.7058562050831 582.6693552681503 402.5382778279153 
36.124321594928425 0.06416482547963559 856.7002742646757 467.3842193676227 47.636380851395685 
0.179719172429938 45.37069188820357 347.8120786020389 24.419034996060986 11.480348411654978 
67.46532737655744 0.2123036610898833 1488.4329375730038 650.6292979216561 408.8027313581124 
14.366717296235604 0.05720947485143141 788.6984299705111 389.30298960939706 239.75727804445606 
36.645590588575736 0.11621983892443916 1466.2295224060504 461.7035656059568 245.90993368616523 
53.97893557102055 0.006308556855759859 1499.1082024835725 751.450321067236 418.742076256643 
0.023564488230352065 57.909223302417374 146.80136188059993 185.28177953252307 1.7230488664834276 
0.7338128659267698 37.51099107414765 521.1724553996487 327.82773706945653 1.8136887220973321 
19.49024102868161 0.30035383861475484 782.1331976078623 461.75146474733504 174.1481085217806 
0.055437604472102595 54.238746916619284 168.67753721284348 322.61110289713645 2.8310314208325167 
0.17389188425397917 61.867152073810644 46.14516524248815 186.53673438765742 2.3214109686062745 
38.29775245633921 0.11621983892443916 1059.0460263622647 517.4223417454779 346.3531849954172 
30.726190030589045 0.12876706441027985 957.0457584188014 490.39235294686887 241.45599412835344 
0.008370433765200483 56.755712274372044 12.833776932858633 160.18511941446988 12.293475395838882 
38.66560210098053 0.11621983892443916 1059.0460263622647 505.88158978156946 186.51853985080442 
0.2675788917472701 0.07472254651087246 687.871154655126 381.38243180101915 166.85829130306985 
22.578583841359226 0.06793696911430319 870.0643606295018 442.70342858933503 242.95766088163535 
62.74611508916078 0.2643536474724577 1488.4329375730038 668.2598960870793 270.2429413556498 
0.22330342792533298 38.78414975823336 486.6777597743208 367.29023393771956 195.04639115560622 
62.22822481122978 0.2368477202150714 1498.3992587414177 519.2684340272448 419.06196701291685 
0.038462041040723455 39.109537951650424 8.427476698447437 26.360245174410693 2.5874299398446574 
0.30249064495589195 36.3462512292532 18.50307808148432 358.01136747925545 0.4822190352288782 
76.19831062286235 0.12064802964810349 1498.552545695916 1386.7964579347201 439.37537874450976 
22.4272920818318 0.1675491318927848 1464.0757078963748 477.0036838886961 190.69957862889396 
71.02003059087333 0.04410963807165441 1499.488189223843 506.33160203927235 243.26124476823406 
27.218473888143713 0.06611135156325657 987.2326830860391 411.9825537885905 245.99414229214403 
67.26892638382 0.14230930830848698 1453.4775865894053 947.6365725797838 370.636613911186 
0.30249064495589195 36.05162280421578 26.81553212853862 31.030721952046463 0.8734510419326629 
12.627499182147417 37.51099107414765 521.1724553996487 382.12134774134927 1.8136887220973321 
38.29775245633921 0.11621983892443916 1059.0460263622647 507.7423985390162 245.90993368616523 
60.654885905277276 0.4381812450843563 1497.7369232666147 1098.4562683465763 526.8499391972605 
0.14776917442690118 39.53926843471643 462.7020206960743 326.5926581196486 7.009728606724515 
0.17691656799835412 61.84591335484134 462.25342370303787 314.1985434164662 2.5551302716756767 
9.159577019960778 52.98154120385658 583.0677054349945 379.5672032192848 156.39401552049645 
29.49032511022041 0.15173320957741285 1499.8637936047478 582.6693552681503 402.5382778279153 
0.3197274761932256 37.605722948860375 572.3118428853185 367.29023393771956 195.04639115560622 
0.018569721552651 54.16602382406455 122.9021219332052 25.62093782947802 23.5674395562596 
82.0 0.1283684244990583 1498.3334328733506 1184.573051660817 742.2478190129746 
36.54161853429042 0.11621983892443916 1059.0460263622647 465.3099875419589 245.90993368616523 
2.4621937158256095 56.92333830519068 113.71928826003216 393.5095484617983 6.947114283620431 
0.038462041040723455 46.920832842704755 6.700379684807501 0.9582978879364252 2.5874299398446574 
0.9235011656814665 56.48629819549049 10.924829386241843 322.5692756421553 1.7211917599991198 
14.366717296235604 0.05720947485143141 801.583733708161 394.2450801654695 162.64802859980668 
70.30720128242028 0.15173320957741285 1498.2682164845496 1418.9756849978412 654.5757234785796 
67.26892638382 0.14230930830848698 1453.4775865894053 947.6365725797838 452.396721942391 
27.578535584955326 0.17341871843082207 1044.711114456636 484.17516056846404 169.98900209566926 
23.520403255196246 0.1090332307602595 1488.4329375730038 531.5384264954705 246.4239368628086 
0.009703011295986927 45.78102688691366 117.70637820120572 416.03168009804733 0.19465608030581905 
0.05556254092610091 61.79814295232105 168.67753721284348 341.2793183912501 0.39093978253420447 
0.14769651074177723 31.732921533228485 404.1364232029288 324.80449230737065 4.375451252614538 
70.95500030074346 0.1512918519066781 1498.3334328733506 1175.583479040844 396.49530691542503 
0.1762168489151099 37.781631828638986 347.4677981372614 339.53094938626157 9.985178008857545 
68.30133336161735 0.1246795140391701 1486.8882638656316 1459.5135053380302 461.853859585522 
27.561403607163086 0.19847804902728516 1412.7147996138976 559.1929290433513 244.20715455081637 
20.116048704669033 0.12658730692967457 1498.772873623468 484.1956336317058 245.60707265315668 
0.09873879460096546 34.81153350102628 120.94157177707115 107.83082078345097 1.4508483644685044 
70.95500030074346 0.1512918519066781 1498.2020731223147 848.3304134679258 396.49530691542503 
1.761481339995549 36.368631986965944 227.04275184542777 349.2693546225176 5.977310479710979 
0.13247497978376577 65.03321399330315 18.886157446780715 341.2793183912501 0.22942750732780093 
