1.5831850747379783 38.59140481138989 524.1734297888053 343.27671789979456 35.50755792069623 
29.32074274948561 0.3675880920748229 690.9990142127702 416.6358051194147 157.4021197890411 
2.9811673439672406 0.7542645670789877 985.1619450725669 407.862961356734 199.31631406397818 
0.007497531489450038 40.787341482750996 491.51445308645026 343.27671789979456 37.87028773857483 
63.274529039698976 0.3592665256558226 1465.3467288453885 829.1880996236881 554.2733263686571 
13.757675027740603 0.7542645670789877 997.9160647033099 411.9204920477566 205.79505507100566 
13.132757839831548 26.320925906136694 638.147220631459 349.1468561887506 9.451803402645325 
3.0032041557372793 2.642439653621949 1104.169495711345 412.54743703089 199.31631406397818 
15.69985850534754 53.79916382584507 643.3158790386246 381.5103987815001 0.3524425609956694 
65.05440745031878 0.06300396147222664 1466.335951326313 542.9365549976023 546.3321050603366 
58.94428392915117 0.412727108446141 959.2267299357462 413.78916175407346 192.85279690121826 
58.94428392915117 0.21440005732957435 1496.7307275330234 824.9751873868119 326.9174619117777 
53.37711523996632 0.05256845064746485 1466.8443310138234 702.7215838375076 197.15353929944712 
2.058460440679662 67.1563628416133 303.25430210123454 315.3958512414901 5.9717082279809155 
8.485153675240102 43.38015615047269 669.3829970571414 350.5482894507936 155.06357729417672 
67.05891884670356 1.4006914184095818 1482.3080221774214 1235.5289207240269 456.3933201942299 
0.1929387355992178 45.55671147611221 382.26622018735014 335.31462818583805 0.465224384239991 
82.58465008740293 0.21440005732957435 1468.8194417475065 1087.8879575771343 326.9174619117777 
13.132757839831548 42.053419758214005 725.5150420806846 342.5636903495015 211.02674893391597 
1.6982825589474093 45.97843781312965 92.2797472242574 350.5482894507936 10.532025882578534 
64.07882713686341 0.09818252724907506 1457.489114140713 493.53153855251475 194.52252510354816 
10.364086441143415 0.35214076531880434 1302.5280355584812 562.6307989302214 198.80565645181022 
11.109039247648695 47.60328285743862 588.7907956392025 412.5152599741309 344.2521450596723 
14.868364643865672 0.3163724107084711 668.5942961478887 373.6760354361438 165.59659481176973 
0.03909354392707032 10.557749126501509 673.2630744282721 361.91877275706923 155.45343331607327 
0.8521603884113143 38.422122428939744 28.811588538503226 256.16788074707557 5.063159467774534 
7.552482119553751 42.58447330176467 359.84526732712527 365.4028708527086 5.138940946987686 
2.0203404777168417 0.2088028383043748 873.9976102455349 434.0689560136499 131.51783291597945 
1.1421890074680605 53.638220776485966 168.27165649101508 381.5103987815001 7.096019673993965 
0.19354756568284381 63.59865775560387 252.77520733175697 84.95185614480198 5.223907425985033 
8.131259544148577 0.7542645670789877 690.9990142127702 416.6358051194147 157.4021197890411 
53.13481578424253 0.4101329063851482 873.9976102455349 434.0689560136499 136.13687953713318 
28.359669594135216 0.45223376289939365 1254.133784565262 528.3025476316714 197.39796647555664 
8.113514220292835 46.360456326328006 418.21625447346025 343.24720304964103 17.651096389230894 
0.27614207010536074 49.49847486275911 615.4247130016809 339.27377519912227 9.144639263954378 
1.6289579815721438 2.2757285139453884 560.315657289503 343.16868843140105 15.868799889132745 
81.89567791786376 0.2979339074855559 1485.6013644488046 1421.2811878285675 544.1731922698755 
0.9304109484535346 66.66593410751341 28.328820172470266 421.87870080915656 7.883737104013435 
1.6982825589474093 50.94428447045306 92.2797472242574 89.09679803332111 10.532025882578534 
82.58465008740293 0.21440005732957435 1489.2437376405423 1087.8879575771343 326.9174619117777 
28.359669594135216 1.261960932349325 1306.0661890323515 530.636640703136 191.6899251034343 
2.9811673439672406 0.7542645670789877 997.9160647033099 411.9204920477566 199.31631406397818 
63.97039891183336 0.3518905612861576 1495.7891886556695 1223.524236687717 1040.6580995875477 
44.85071631588118 0.4721302437216246 1442.1910838672873 465.8192582433717 197.2543388300793 
8.113514220292835 46.41573042317628 606.4523672992046 344.792862375964 17.651096389230894 
16.121300551641333 0.4100911008734968 742.0748503429385 441.6854724591343 127.64732574159414 
2.058460440679662 53.638220776485966 74.03578065977177 315.3958512414901 5.9717082279809155 
0.27691227991922834 45.09386357311964 38.7959948460234 149.44876715305662 9.144639263954378 
0.1929387355992178 45.55671147611221 350.15613305307033 335.31462818583805 2.699737932966049 
45.54332425591288 0.423812085045433 1492.6326774957106 870.5107000144017 632.566114950704 
28.372217315256258 0.08225787014500022 1302.5280355584812 561.80152214297 323.5619019262591 
82.0 0.27967363221379515 1497.9936232815935 1439.7734977109071 637.6726522201869 
11.625396063025565 40.447147470022614 588.7907956392025 374.02160336161336 164.5961119738511 
28.359669594135216 0.09818252724907506 1096.221385429309 493.53153855251475 191.45639205843528 
82.76391712200305 0.28937518877734464 1485.5382181863574 1121.9505307108582 468.4581522649929 
0.25502906485817434 56.08707220062226 225.3022356376756 320.96271311126134 1.9575861351110575 
43.3857299889937 0.07747619243205012 1486.7650540461395 522.702479555273 324.07904188001345 
6.755787934535654 48.12605616233321 579.3499359780129 335.49714594804465 2.494513919008398 
82.0 0.3518905612861576 1495.8468239905917 1402.4849856998192 1003.0291923977754 
1.794581747237638 53.638220776485966 123.54049341538425 315.3958512414901 7.096019673993965 
28.359669594135216 0.3163724107084711 1096.221385429309 530.636640703136 191.45639205843528 
58.94428392915117 0.21440005732957435 1489.2437376405423 739.5684494126568 326.9174619117777 
43.3857299889937 0.07747619243205012 1466.1999980353237 522.36321677112 438.40646620709293 
65.05440745031878 0.21974400692502782 1465.1767273948174 542.9365549976023 386.4534008596922 
48.68058851413794 0.27967363221379515 1466.8443310138234 704.718362016524 624.2533393767541 
9.932516372630388 0.16799258779823512 855.6987894914778 434.0689560136499 198.75348589357156 
29.229360273201276 2.72528937181082 1122.9506406368305 453.70692058655254 197.4061749273998 
7.6706386459282285 43.54588280541269 434.4094006019575 365.14329543036916 2.494513919008398 
11.6108066030442 0.3163724107084711 1096.221385429309 530.636640703136 191.45639205843528 
0.19984605165636982 47.57708023441899 95.50288195914676 279.7830946963515 17.26049411814158 
2.1724634068602864 0.21911686728822133 1278.549510068676 512.3106855822325 224.08721029744135 
2.1414549670798557 50.94428447045306 15.719811494948146 119.18181023316122 11.209393643682983 
1.794581747237638 70.57406141280656 29.58255773615963 55.72806676794883 11.973030260135918 
3.0032041557372793 0.16793504442866958 881.3220227328351 426.3447181292486 54.56240570479352 
29.761943874038778 0.35214076531880434 1449.3511915576557 543.9257063668393 319.92871604814945 
9.893355421095983 2.72528937181082 1123.5310849313237 453.70692058655254 197.4061749273998 
82.0 0.3393514284033501 1474.7742501841803 1158.646489718526 1031.0190151569122 
29.229360273201276 0.3163724107084711 1096.221385429309 417.71319198370395 191.45639205843528 
1.1515386956624012 49.27754366702893 168.38884077056326 272.1082949499905 9.144639263954378 
66.02188518476952 0.21974400692502782 1465.3529801184259 644.324552299706 391.60411297354767 
29.761943874038778 0.35214076531880434 1302.5280355584812 561.80152214297 194.8918004029031 
56.87588312222927 0.21440005732957435 1496.947740592352 739.5684494126568 251.83679539173414 
82.0 0.3518905612861576 1495.9729846844048 1226.3492628838105 546.7924438708027 
1.6982825589474093 50.94428447045306 28.267825020840334 34.75086242700809 10.532025882578534 
64.32052476890583 0.21911686728822133 1465.3529801184259 644.324552299706 462.1126361717188 
1.794581747237638 70.46997812796562 29.58255773615963 293.5854825541188 2.2740422504400435 
12.838705456722455 0.4721302437216246 1443.8541152824748 585.1586516274147 213.6137607884633 
11.557136484122882 0.4205785902343102 1262.949539050187 412.4698683936625 360.33779427186437 
0.27421980857014017 44.99153595809904 93.53179228199457 151.87060780732617 9.144639263954378 
16.121300551641333 0.4745918088757773 742.0748503429385 441.6854724591343 178.7267273409415 
0.8521603884113143 44.99153595809904 41.52635045659084 208.9056920638855 9.144639263954378 
3.145262693430542 66.66593410751341 25.24268664960192 6.20296146107485 3.5313677785285638 
28.92972273312208 0.05256845064746485 1466.8443310138234 702.7215838375076 197.41975895751798 
8.609213772653197 43.542522659713754 684.0475202418962 361.91877275706923 156.32509582993268 
1.138622681708794 49.48898414186292 32.257152369541444 272.1082949499905 9.144639263954378 
0.19354756568284381 47.6494112629714 80.77623331246275 132.31170976230894 34.08800084029201 
44.26672952144525 0.41488216448455173 1492.6326774957106 870.5107000144017 516.383604530298 
72.5601112678134 3.267644001612282 1497.0065309219349 954.4649107065527 528.2504324908849 
20.495436686467983 5.539271032452757 866.4262150055359 420.8157257243948 123.09091286017677 
0.19354756568284381 64.07603242537374 80.77623331246275 54.962732692115395 10.810647976903269 
