0.923330445067899 58.71095307107256 440.2447047435275 309.4389880903263 35.74466803783317 
0.009948826139870706 41.28624901680601 6.473576299894532 346.44117618159135 2.8109340843010955 
0.4002024384631597 49.92523609315853 446.85360695371014 374.38338147329097 111.04761085124032 
76.06709216581686 0.015687549281792 1476.233655461373 805.7097518609738 284.7145418168294 
81.74263204174753 0.0025708063480180954 1499.5623223263133 1056.3213181451156 681.7685385659586 
42.20633361531188 0.03219894785123431 995.4177062873304 487.86719270148046 107.03242513164138 
7.413635595035086 51.778487474590975 131.31481103497651 146.4917079220319 10.484012717695983 
3.8026961638665355 49.8364707933347 290.7814789550807 388.58357872956856 5.5904167192726035 
21.911859873265 0.10937512685666805 1360.8748221206974 476.10151866329096 242.58016905670928 
15.589281084547963 0.02895439425085867 1291.3779548506877 463.4248664387582 198.20297990096145 
8.172800628646272 10.861317894130007 550.247940998861 394.8331718243603 152.70818883878567 
26.33020053221369 57.09107284372192 440.2447047435275 348.8659913948409 0.9670911526790014 
26.02866541891784 0.15280048374817992 1160.3666011253038 427.6828164968018 268.82663633150975 
0.011989728062218485 65.50274079540361 5.990080932637511 3.1909182090876342 35.5976287089543 
0.4002024384631597 8.200794997952706 446.85360695371014 374.38338147329097 111.04761085124032 
82.84132129533914 0.09436487344525868 1498.9854305743213 661.8085843022047 287.001184031809 
79.78125263268224 0.029630462299962496 1301.2522603554187 463.4248664387582 173.846321820523 
0.05903229425596551 51.93794223665923 239.87077155785363 331.02464950031367 10.791909645654904 
26.926865772072496 0.15037280957253893 1133.1279308945573 415.79509555248035 265.8273413974198 
60.41777938880131 0.24385422327431527 1493.1627461103612 692.88858536849 361.9876486442288 
6.250622367374021 0.013617950618191266 694.4363930384912 426.65376671615644 141.4261567995707 
1.1276789628734676 153.75760165359003 5.990080932637511 81.90390908885328 35.5976287089543 
9.185931634816079 0.12263614445367277 678.8794383755198 435.3869826378885 187.71802423761818 
46.04943680616216 0.02895439425085867 1291.3779548506877 463.4248664387582 173.846321820523 
0.3816431548586665 54.40016382030848 521.506211274678 388.5897434434281 2.0548445256827765 
2.4428001922762657 41.61136573968501 599.2680315891257 411.8514180682665 4.515422636367556 
0.05881107435449795 52.043211955214986 53.01552612123783 331.02464950031367 10.47253755059067 
47.614729102932856 0.028983280265925393 1471.6934680791846 536.3132446885604 284.55598851274374 
0.05904336443434599 40.7265915275609 108.30288223425799 331.02464950031367 21.78907611348273 
73.41481890322069 0.05444986972490434 1498.2552761401596 815.3277950233476 310.2841922045591 
3.1576962178342676 60.78347376536339 17.32460046790943 316.58566474897947 1.0952299685625726 
76.29689527360087 0.3423185256262217 1475.089663805627 579.3185137548262 288.23549456027246 
35.7029529914465 0.26546017528344024 723.579244879259 429.10016043393534 179.06713406220274 
2.965281716031206 0.1553109174867867 924.5975672025324 422.6244296290398 82.20302210884255 
61.138022275095686 0.25990340704496007 1491.7210392490576 1283.4882256799488 616.2561608528513 
0.12132135726466342 40.7265915275609 108.30288223425799 309.5145778003087 21.78907611348273 
0.17491579090627862 40.34820517499615 708.955755738086 376.48013120902397 194.72457001260415 
14.087077550577781 3.1788079213498435 720.4498952848022 377.1429240066619 37.100806882077734 
8.172800628646272 10.344251247997391 694.4363930384912 396.24789610574817 141.4261567995707 
9.185931634816079 0.005791017697411083 920.0892116337044 471.27001897369746 190.83748952564744 
0.8933894029470366 63.2687383267595 430.49929421249925 221.93456126703282 131.73061788901714 
0.009948826139870706 41.28624901680601 12.461667697783838 303.40737301914106 13.9466346942399 
1.1447236038790773 62.566983712267294 440.2447047435275 221.93456126703282 27.585163899855385 
0.062134798491537246 50.981362172089796 28.882910297655258 2.1116466955753035 39.825631158089365 
38.04655762277494 0.1553109174867867 934.1567068457864 422.6244296290398 82.20302210884255 
26.957043448375344 0.2984024550087254 1290.1993101761875 569.5923056995897 284.6430147565971 
7.703283139668805 0.15239238199523497 582.2386772936655 380.25881586574894 147.62674228319045 
3.9115107979988117 0.15239238199523497 556.8098457505301 380.25881586574894 37.75425920123218 
1.0880385034069426 118.61827849721698 39.004631561988575 105.99968236125147 10.624354229293893 
81.71947832672885 0.00414163808262798 1474.3155347008806 809.8027379224002 435.9275693429009 
3.164048358381521 0.26546017528344024 727.2291589306453 420.781190787985 19.619587106353364 
13.328875656277026 53.17317106049835 511.00378069319794 376.5488671750094 137.97992250939308 
39.10097832789335 0.2355536677747177 952.6100627428508 474.4187747233005 136.585025201502 
22.189039221018685 0.257126484123436 918.651351699428 401.434844304891 136.585025201502 
46.63463123526843 0.005791017697411083 920.0892116337044 471.27001897369746 225.6385086596678 
52.28872011899165 0.09436487344525868 1498.9854305743213 473.27400612299016 287.001184031809 
21.64735817603142 0.12352385086112616 1228.614026364374 471.21246119782523 224.40160470358762 
3.1469522541589203 0.15239238199523497 556.8098457505301 380.25881586574894 150.64368043622133 
79.84611168963484 0.42356904664989004 1485.8054088136987 1331.195582098785 606.2997975667366 
0.1347311662240136 51.778487474590975 373.4378784976502 28.6661152145206 10.19752012620205 
49.14785521297779 0.09385993210617588 1446.0320873506485 503.68766470857884 269.44785526146813 
81.74263204174753 0.011028562242771045 1499.5623223263133 1371.4557640329745 601.5936237740902 
52.61179374578421 0.27452750877609444 1495.4519529799288 1419.6448722880255 1236.6444888121368 
5.633789982384735 57.09107284372192 440.2447047435275 348.8659913948409 0.9670911526790014 
24.96792899400982 0.0930746891397255 785.6977301809738 380.3082978792688 279.95303017281054 
14.493273319582174 0.12234446106364927 1213.6809451494196 471.1134508528189 219.81674347861684 
0.1347311662240136 53.014230908310026 1.6416281006663453 3.2686036493119275 1.5313801210200157 
47.43628334417197 0.005791017697411083 914.6279433520226 475.41840429673823 137.64595334385584 
0.245173299488882 65.50274079540361 5.990080932637511 81.90390908885328 35.5976287089543 
6.308329342774963 40.31506778187596 12.461667697783838 192.07459224470932 4.510158062811195 
0.04383878821016207 50.80362764174228 238.74151113005118 315.2213112382838 13.734772096801551 
0.1347311662240136 51.778487474590975 131.31481103497651 146.4917079220319 10.484012717695983 
0.1347311662240136 55.25049480419316 113.02346070897893 1.7399112514620754 5.273604039254644 
49.286406725428066 0.09388909980572387 1338.75421688985 474.3028391175891 284.71472061471803 
0.1347311662240136 40.35574621374878 108.30288223425799 372.7878128963804 21.78907611348273 
0.7491686206204324 41.61136573968501 45.81425226183981 22.972962752764914 2.888872831200936 
81.47801152942583 0.0948557657013855 1492.1017747916014 982.8449742739092 515.2994535519301 
26.47162137183426 0.15037280957253893 975.9113184658378 426.1186526664381 107.03242513164138 
13.658363922948306 0.8747944722436607 1108.387538224718 460.24201754654536 156.95659092043383 
83.0 0.0917910356727728 1497.035249623632 998.7685740197771 548.1826908623681 
49.7335207579422 0.014823536190980827 1499.6110483186214 913.2952659861294 530.6904877267983 
5.731414877699503 59.0524638422719 57.30466924229495 382.1869164880703 2.4413153690337053 
3.4295831423996184 49.8364707933347 291.38911488676933 299.6545564655488 28.49613578666724 
52.57529225494932 0.09436487344525868 1446.0320873506485 474.3028391175891 269.44785526146813 
73.41481890322069 0.05444986972490434 1493.600518679334 593.8527368035527 318.7413346385877 
52.584542256048785 0.09436487344525868 1498.9854305743213 661.8085843022047 287.001184031809 
83.0 0.006159627287366926 1499.4589477428467 1013.3769871798776 669.8612789295483 
81.74263204174753 0.42356904664989004 1485.8054088136987 1450.4662975198355 616.2561608528513 
0.7491686206204324 40.27428403945536 12.461667697783838 163.67469232209731 4.510158062811195 
82.0 0.27452750877609444 1495.2443937246653 1457.6508168424448 1344.5367891461137 
81.74833306251497 0.017444862334698996 1499.6110483186214 922.1799575421113 530.6904877267983 
49.32490826949339 0.3042648129205841 1475.0913630284278 576.4936827199499 284.6430147565971 
24.96792899400982 0.14954909194758947 785.6977301809738 380.3082978792688 152.42366001687034 
75.7643929597639 0.10659038340210125 1450.980883823193 743.822968123573 372.93202497324137 
69.86884815470738 0.004389606915034195 1490.871372131272 790.6037904059383 659.5353516128846 
81.74263204174753 0.4760220443134727 1485.8054088136987 1189.253942792741 616.2561608528513 
48.50646010146367 0.026110282015716524 1489.4070478375975 952.3098519088101 381.0870598721697 
0.7491686206204324 41.61136573968501 45.81425226183981 163.67469232209731 4.510158062811195 
48.74462338633127 0.12257902149462002 1499.5529294214293 1233.836395207536 441.04221200945227 
83.0 0.006159627287366926 1499.5529294214293 808.570415293738 441.04221200945227 
