1.5886992049679185 40.19209839505475 6.115790955132105 293.55118646179824 33.26157600590581 
12.60615752249122 0.13046572124357725 726.0496418831901 360.2762701396976 24.934662969730653 
1.4125149246706012 47.43639524740105 443.64527882975165 301.76209512336385 1.2173884356496187 
0.47828604389758145 46.81544466221566 184.1723141477201 154.37278519440432 25.108018955833685 
18.14049679275307 37.0993911987057 512.740985213411 466.6229433956231 101.14826885297565 
12.81775322410988 53.76134376965258 512.9184179308866 350.91022773326085 110.09214800771954 
0.004975764512784142 46.40095281160385 6.701006639943763 0.5732092567224556 2.586056745588836 
52.75619440369247 0.042231903249971725 1487.7079628980064 1308.0354171554322 443.3867697070203 
79.75614013744766 0.04135300903722408 1151.1775599030582 591.1667536514133 277.79156466119247 
0.2790071309606521 47.97602810362372 335.00859464568896 327.94666723813066 8.038150588270028 
19.68610775674615 0.12012089785122068 765.846583906909 522.1438711040603 215.28454995977825 
2.7557915660407915 46.81544466221566 86.36909471680002 81.91343135469884 30.694569579834408 
48.25456818690806 0.12313851259267232 1498.919862211853 586.1235089574661 215.8919924878599 
4.520630861981358 35.50152227283297 631.9607475369529 381.74342619155686 42.95275030207844 
0.0065761874123143335 47.35683969277583 512.740985213411 346.9180683861421 4.763820756462772 
0.0831457634012871 47.54634146247295 47.97661508883324 397.19723981072644 4.763820756462772 
43.376515532990446 0.04528321333302465 843.3930995247783 461.569309162587 239.17576975685776 
7.060683473990692 0.12190019163027192 758.6091240301855 360.2762701396976 278.97370108926947 
48.25456818690806 0.18290201644975435 1498.919862211853 576.6776523754736 298.09727188998556 
53.479268068952834 0.022762177201877787 1499.9819365862784 1055.7694594580917 493.8205036247865 
36.916325761934175 0.21362335698862955 1339.8160001528297 476.61742843000815 226.8935160667608 
12.60615752249122 0.12553788175738284 768.3344118366704 384.1500972617731 223.41301927997483 
76.02185745267325 0.03043488035910135 1494.1547737934532 836.530510105057 339.74931778421274 
22.636434251838757 0.2637078625343152 1132.8491641384278 374.0092221640375 202.8558512654404 
50.77986002400326 0.15436524225050385 923.4790559267326 395.48361025673745 347.8178955398619 
47.67176102308769 0.04723443556653156 1499.933555772615 681.8087880571945 414.02918408973494 
0.003707019847589643 50.46648400110487 8.539073768352196 356.3110150431887 2.4037808214665635 
0.8479707812148639 46.76883955439557 422.70965504377074 366.5861963730329 3.2510947539268256 
0.17526987789367188 42.87822906454017 6.538358200367741 119.25327300453324 35.62433980581447 
50.27387238710158 0.12885515558043836 1494.4210169820049 1340.4555852099693 471.84212598136867 
0.9226321617258975 50.20636852574392 191.39170660343865 106.78803802817202 2.502119573753704 
12.42823202709133 0.12217607715721142 863.3130416865829 358.61345790767894 215.28454995977825 
47.497504896164976 0.030946651811993686 1495.0603000179544 674.323857351056 328.6326222309493 
1.5886992049679185 40.19209839505475 6.115790955132105 52.12517411988506 33.26157600590581 
49.092424974884466 0.13569915281888437 1494.1547737934532 836.530510105057 340.3661269113922 
0.9753392114068812 50.2385371542366 16.571305206387944 107.0060028351884 2.507855317053315 
3.7046150771019577 50.843956508302725 373.5382925872234 290.1616967297569 82.00143879238945 
23.96229533157728 0.22370712666442538 886.5558003291791 456.16157119690894 62.848935023132945 
4.887280063143423 47.36836142688658 134.2709910373993 349.318054124549 2.1879060604548 
0.26227483758590253 29.076872161176347 543.8486384173196 384.65686094354396 46.51217911209221 
47.4699901946514 0.0377010964738167 1131.0843661513363 456.6613377334128 279.1252771710852 
18.14049679275307 37.0993911987057 512.740985213411 445.50642106365353 101.14826885297565 
49.37735436592283 0.13530053179263907 1488.4249105497122 501.70370745722727 329.14238102376703 
19.69912803558285 0.02796333796783604 1317.7050745066583 461.7281686077042 276.6139545382638 
3.6372001526249127 53.90864932775717 363.26945810400946 391.77692587653485 1.1449358763981898 
52.762746376584545 0.09890191268746922 1499.610975786202 1448.317527513062 634.2018416176278 
0.01836336190105392 28.266967569891452 384.6074256958694 406.7880018116457 4.763820756462772 
0.883640166721092 46.81544466221566 184.1723141477201 81.91343135469884 18.264091767122267 
19.68610775674615 0.12012089785122068 1095.4790293750857 509.6018825295179 215.28454995977825 
12.795516250092664 0.2637078625343152 699.0637080834915 459.8974286422536 202.8558512654404 
0.1295900384733799 46.50405775201739 133.28250556949493 99.19578495537083 2.5787648140498085 
73.31810827088897 0.1284994559228565 1498.919862211853 1182.9685542477905 392.72203859771446 
24.388385369851317 0.03436198608185846 1494.343625088202 476.3095895907504 259.95040420319367 
30.325555329160366 0.13530053179263907 1488.4249105497122 501.70370745722727 329.14238102376703 
53.06900683141671 0.18592414009851416 1498.919862211853 618.030816167952 287.00185813470125 
46.23390491750208 0.08595857537424964 1499.019656295136 609.4043147130557 286.4265447816671 
48.70484906524688 0.13488293246219918 1498.919862211853 916.5910135375734 461.5172147444789 
18.85395812430918 0.3709315766921426 649.2190146665685 343.5615458526068 239.17576975685776 
1.4125149246706012 45.166123577976 313.17559610448006 301.89744882201904 1.1449358763981898 
0.003707019847589643 50.46648400110487 8.539073768352196 330.03879761948184 2.4037808214665635 
76.32253223447495 0.43341935383621905 1499.9819365862784 966.5459080258553 516.3599879443511 
12.60615752249122 0.13046572124357725 768.3344118366704 360.2762701396976 71.67230789645504 
0.5235278465222251 48.758682735796185 335.00859464568896 303.8373123433169 0.7991951612746435 
0.01836336190105392 46.50405775201739 197.5771826372987 343.6778806924967 2.5787648140498085 
0.16112764769452026 46.94645976504596 39.934303603377145 349.3427134248705 3.7362587157508536 
48.03086249342912 0.13488293246219918 1498.2599772418384 725.8893480705349 542.0059002834405 
0.011461870308050598 47.54634146247295 7.181301941989321 397.19723981072644 4.763820756462772 
23.05386054417375 0.14980510227083293 1119.1670602957267 456.98294109881687 197.70892776653352 
2.0698812343370157 48.26119569486745 21.254796505392505 2.5101158634435285 38.63332912726107 
21.550991742656045 0.22353956850036738 1455.795841044819 533.5153464567908 259.9352647051212 
24.388385369851317 0.03897400951001334 1494.343625088202 476.3095895907504 191.08006992729017 
12.965440611098312 0.15290031977138144 923.4790559267326 395.48361025673745 101.29216147111302 
1.5852781488970482 52.169749521254914 6.679343267724857 74.12054312257479 31.65973188526874 
13.708042838670233 50.034565043806126 436.5235014519015 395.15912376489797 13.745744703978666 
2.0698812343370157 48.26119569486745 49.59574731817332 2.5101158634435285 38.63332912726107 
48.25456818690806 0.30184239363866266 1498.919862211853 558.5967983027837 226.8935160667608 
19.63876797811856 0.3847709913155768 1075.6870338340634 456.98294109881687 203.39653865169365 
48.25456818690806 0.04912276003904856 1499.8509869886116 643.303265131218 295.407202412119 
34.88657052804747 0.006073551146755507 1212.7840008213757 460.085480700935 279.4376331401262 
30.518330606734143 0.011181731517671822 1265.585303030251 460.085480700935 279.4376331401262 
1.4125149246706012 45.166123577976 403.95400898469984 326.27297884286486 54.94262807351068 
53.265340714810456 0.09525364046662613 1499.610975786202 1448.317527513062 481.13565502411336 
1.0921494511087304 48.758682735796185 293.1920584276872 295.69895610736893 0.7991951612746435 
69.08100486077846 0.13488293246219918 1498.9456717885375 916.5910135375734 591.2884758490865 
77.96586594981818 0.13960229164020244 1494.9402135609823 808.0574400745271 486.194582681576 
78.42653373000148 0.29939923004230445 1483.1513880938885 1481.189263755231 984.2753299675717 
76.32253223447495 0.43341935383621905 1499.9819365862784 1055.7694594580917 520.5497287762173 
19.173968831373692 38.63109581444055 512.740985213411 346.2433786047701 47.155733787837214 
47.53588586653984 0.13569915281888437 1494.344890790184 770.302028067691 340.3661269113922 
12.60615752249122 0.8772046459966134 759.1791613742345 360.2762701396976 178.29966347836512 
69.04588779932322 0.13488293246219918 1498.919862211853 916.5910135375734 461.5172147444789 
49.15970616455736 0.13488293246219918 1498.2599772418384 872.7637442020238 468.51678877456766 
25.634417094364053 0.06527860298097307 1190.1691195208398 466.4509762456331 280.38425456247626 
18.587269233648623 35.23619733693292 543.8486384173196 384.65686094354396 46.51217911209221 
50.27387238710158 0.1284994559228565 1498.919862211853 1391.52704126041 471.84212598136867 
0.32778229666278413 47.620757869933854 184.1723141477201 135.21334327328765 2.50171263518931 
76.46007070248723 0.1284994559228565 1498.919862211853 1182.9685542477905 473.68356627563645 
26.399807690330846 49.44362398877038 658.497922646166 382.0089085384672 102.9937529998367 
25.804416043152035 47.94649533897497 658.497922646166 399.82439927072664 112.37924624227257 
12.60615752249122 0.12217607715721142 758.6091240301855 360.2762701396976 215.28454995977825 
