1 0.010930834357574732
2 0.006009478920785289
3 0.006385686825232946
4 0.004869683547415171
5 0.0037875327031151595
6 0.003853444902848676
7 0.003625058974032501
8 0.0034951327930221516
9 0.0027311047312615507
10 0.0021798058158665756
11 0.0017619548484061325
12 0.0014102141061398822
13 0.0012495593034222558
14 0.0010598450991988473
15 9.162405439340819E-4
16 8.416680138716304E-4
17 8.225829671410527E-4
18 7.690304850113519E-4
19 7.396933142781122E-4
20 6.342419541991173E-4
21 5.848119187085159E-4
22 4.918644755277302E-4
23 5.010874213532125E-4
24 5.068704267386256E-4
25 4.6532315271292506E-4
26 4.55240213763911E-4
27 4.3529766849535745E-4
28 4.3723388543649976E-4
29 4.368251642625454E-4
30 4.3983921755903966E-4
31 3.960613893058375E-4
32 3.546008338175446E-4
33 3.808633520104988E-4
34 3.671058378812973E-4
35 3.8478656920992905E-4
36 3.8209094544335536E-4
37 3.657481725529531E-4
38 3.991239073634234E-4
39 4.2615160356355145E-4
40 4.056337283403832E-4
41 3.8350367071412486E-4
42 3.9592376163671996E-4
43 3.960710785285245E-4
44 3.4958305827374406E-4
45 3.6748169627051657E-4
46 3.8627456457440956E-4
47 3.3599829808738963E-4
48 3.640278249518734E-4
49 3.9873088609406604E-4
50 3.703295930061222E-4
51 3.5892139085002715E-4
52 3.6140708774104187E-4
53 3.557166137564953E-4
54 3.3325992815577E-4
55 3.7748832850551667E-4
56 3.896354208641009E-4
57 3.8149457485425856E-4
58 3.488978263084207E-4
59 3.531523301352482E-4
60 3.6336621317096884E-4
61 3.5294522180586346E-4
62 3.6577632346781493E-4
63 3.1762166561164395E-4
64 3.17922521885433E-4
65 3.0348417589429123E-4
66 3.024066578661241E-4
67 3.226904561492773E-4
68 3.2844112860364467E-4
69 3.378909395559793E-4
70 3.2844990558833124E-4
