1 0.007532603711443274
2 0.006016839258138121
3 0.004515652808171961
4 0.004055600961848253
5 0.004088523054687409
6 0.003448142461593229
7 0.00298595427890307
8 0.0021806016390579
9 0.001799305485685016
10 0.0016885501988701057
11 0.0016112975159762572
12 0.0014970924083119483
13 0.0014197993997337032
14 0.0011673609761214498
15 0.001064889115629324
16 0.0010476133475705522
17 9.413526688420054E-4
18 9.025041795958747E-4
19 8.173353286386099E-4
20 7.630288561973231E-4
21 7.345731064332691E-4
22 6.414120703070627E-4
23 6.011398460550317E-4
24 5.628793710352807E-4
25 5.45051816030051E-4
26 5.381228871437017E-4
27 5.207907167509017E-4
28 4.769334960193135E-4
29 4.691496080689118E-4
30 4.3695659386693166E-4
31 4.440798847676854E-4
32 4.1794024903637193E-4
33 3.809090274705581E-4
34 3.697525579348256E-4
35 3.673156661129275E-4
36 3.8356824137167453E-4
37 4.053773948697427E-4
38 4.0293080257719526E-4
39 3.555233205887536E-4
40 3.3869649385184005E-4
41 3.3216197405957164E-4
42 3.364597340361568E-4
43 3.272104994487258E-4
44 3.3181875361274225E-4
45 3.179777363515423E-4
46 2.836861104206479E-4
47 2.903988523231357E-4
48 2.842068331665504E-4
49 2.811129276664359E-4
50 2.8500636715088676E-4
51 2.8538816516662693E-4
52 2.8743544031312906E-4
53 2.8384946814161323E-4
54 2.8798404715065727E-4
55 2.9111841094891746E-4
56 2.975513273487699E-4
57 3.111308039799578E-4
58 3.0636967097485437E-4
59 3.0507085377524804E-4
60 2.9059898004652634E-4
61 2.7370157721491064E-4
62 2.733948922939258E-4
63 2.890656901446674E-4
64 2.8579041077892375E-4
65 3.038993655735187E-4
66 2.9772544395509224E-4
67 2.84054237140335E-4
68 2.826202736463174E-4
69 2.930412058725758E-4
70 2.782034897937208E-4
