1 0.007496615215344287
2 0.00805695845309443
3 0.006897968914881113
4 0.004748850994467869
5 0.004356494336198029
6 0.0036716379207235865
7 0.0031956013477631804
8 0.0027293304979013754
9 0.002208015901320182
10 0.0020337154676705943
11 0.0019184886442966714
12 0.0015155779282400837
13 0.0012314871624032745
14 8.437068722442177E-4
15 7.513356419908912E-4
16 6.138982379143546E-4
17 5.780736747038428E-4
18 5.808494941289101E-4
19 5.671718272987226E-4
20 5.402176353231935E-4
21 4.862427851328801E-4
22 4.6712576001335784E-4
23 4.254265079148073E-4
24 4.182902641938697E-4
25 4.029896967518635E-4
26 4.171343059506214E-4
27 3.9829528088831083E-4
28 3.6560245099076424E-4
29 3.760971661378463E-4
30 3.923943640134873E-4
31 3.561969235463249E-4
32 3.5074544446205886E-4
33 3.3530540180481565E-4
34 3.2906651600927506E-4
35 3.085945335548283E-4
36 3.008494642747935E-4
37 3.2756434211006957E-4
38 3.307129239068652E-4
39 3.3075931723278997E-4
40 3.324682194232391E-4
41 3.208020289465649E-4
42 3.046496304149843E-4
43 3.53718121419815E-4
44 3.811326342215832E-4
45 3.880743562672599E-4
46 3.662078754075683E-4
47 3.70759391440618E-4
48 3.2383558764999867E-4
49 3.1753862080418206E-4
50 3.136629182051666E-4
51 3.375083019831885E-4
52 3.3131422368136806E-4
53 3.7550338010606757E-4
54 3.4977977049819843E-4
55 3.1279599790883005E-4
56 3.1961997343689716E-4
57 3.1242969775739134E-4
58 3.0969146089222614E-4
59 3.082717130692526E-4
60 3.227602408602502E-4
61 3.4889336361866927E-4
62 3.4444556637939204E-4
63 3.5624045258023394E-4
64 3.388577947216386E-4
65 3.561206851740982E-4
66 3.430333739112073E-4
67 3.3961689271552314E-4
68 3.34052548419118E-4
69 3.309436937256468E-4
70 3.1859922038808184E-4
