1 0.007802109529740401
2 0.007662884037257385
3 0.005176167329077952
4 0.004619505047239686
5 0.00539936734271078
6 0.004079461022774074
7 0.004316249705062721
8 0.0037695067497627117
9 0.0035602556881626445
10 0.00301570566299869
11 0.0025712422715964385
12 0.002397790043206375
13 0.0019768446478651
14 0.0018403442527872517
15 0.0015668649738093312
16 0.0014596828142032085
17 0.0014842825051060765
18 0.0014234028598327769
19 0.0014594393973289303
20 0.0013070105049354194
21 0.0011973997216802314
22 0.001101361165943662
23 0.001068824017044317
24 9.801341005596345E-4
25 9.28874567104101E-4
26 8.715087792054778E-4
27 8.698098936054556E-4
28 7.449970323323414E-4
29 7.144249445570415E-4
30 6.745375868136982E-4
31 5.960738052523019E-4
32 5.197560241662049E-4
33 4.606124426344007E-4
34 4.366839180147906E-4
35 4.2484796932359086E-4
36 3.931958085889896E-4
37 3.745530390850588E-4
38 3.6053668811769396E-4
39 3.7623054235383835E-4
40 3.592898411696021E-4
41 3.4837982414275123E-4
42 3.4361921162517624E-4
43 3.3708740759929787E-4
44 3.56086848244971E-4
45 3.754106534571169E-4
46 3.46065063288954E-4
47 3.460753580821017E-4
48 3.4105856062224084E-4
49 3.550694661674757E-4
50 3.4001222689611246E-4
51 3.604657128325578E-4
52 3.5821141074158825E-4
53 3.557664538466672E-4
54 3.4672202688378886E-4
55 3.3450839035460575E-4
56 3.0054355730154574E-4
57 3.20398115040251E-4
58 3.2720633912113425E-4
59 3.081238904133091E-4
60 3.2206612352218757E-4
61 2.980272812580774E-4
62 3.1836222876257115E-4
63 3.1469627357309034E-4
64 3.136841256508112E-4
65 3.1263932343995616E-4
66 3.0218139082986424E-4
67 3.1423126654946625E-4
68 2.9754461774421885E-4
69 2.882394059326368E-4
70 2.807145348572995E-4
