2.6998223389881513E-4
3.750959384418709E-4
4.352052097825031E-4
3.209523926721526E-4
3.288930038950544E-4
3.1739133755317555E-4
2.7307288765325625E-4
3.229734753702322E-4
4.2757624582900335E-4
3.304619760147877E-4
4.161040014277397E-4
2.994070336207653E-4
2.9118879402687605E-4
3.5842349802447644E-4
4.0066915297815524E-4
3.341599178030323E-4
3.049796048083884E-4
3.0257935180273156E-4
4.0300113924377276E-4
3.1302099563759104E-4
3.2422533216580173E-4
3.428930081865757E-4
3.2296278620703626E-4
3.195802332502196E-4
2.8388929242364287E-4
3.916783836208976E-4
4.092042669778553E-4
2.672761686786419E-4
4.6182072915658645E-4
2.9781899584720986E-4
