0.5216434869085467
0.5557916137730539
0.5125115571734994
0.530473804819793
0.5379068565759806
0.534274726982276
0.5120631223568282
0.5237766030335741
0.5090422104356471
0.4885914717964819
0.5977593183006241
0.5244439738242593
0.5489168216880245
0.5588085663163526
0.5453572996701328
0.5291679871761662
0.5376549347638304
0.5295671821105917
0.5512679078738913
0.5132575138077898
0.5524868428861686
0.5199058556283811
0.5434325473143085
0.5137111272299847
0.5560844053103526
0.55390730056965
0.5631625852866611
0.5478023679972971
0.5823253830805523
0.5363356073291337
