10.017 23677.152500317872 0.6431256181998021 0.3004820567755758 
11.005 25250.591794992182 0.40120000000000006 0.44119672507460406 
11.802 23772.180645496817 0.4048830111902339 0.44242099625066955 
15.679 15465.338628504784 0.6715686274509803 0.42482209809472804 
9.781 27286.80829770007 0.4028316524437548 0.4007957762644426 
12.428 19982.083029644295 0.5413117546848382 0.42520468283724844 
13.183 23839.719359815383 0.37542868670566876 0.4461703267273701 
13.482 20293.05431177109 0.41817789291882557 0.5109036651618333 
10.67 22646.865633729187 0.5734010152284265 0.3518249292218226 
10.492 26955.192617231314 0.3943359375 0.42987221669599823 
9.906 24498.355393782473 0.651853289346012 0.269569209579922 
11.328 22080.366961247633 0.45795574288724966 0.47210957227025785 
14.027 15921.156234145508 0.6501470921022855 0.4611676486341725 
12.448 17293.074016437142 0.7203241349102059 0.3877113780702426 
9.339 24411.270234013795 0.6798833819241983 0.25656132833422607 
16.448 14316.605875963083 0.6866651573466154 0.4366822251128626 
14.637 18250.357123564154 0.42834994462901443 0.515494682072079 
11.638 20220.62598291329 0.6005072923272036 0.39628127630270105 
12.026 24792.44373169307 0.5080660835762877 0.33805187849108576 
16.371 16793.046868046204 0.39081240099570036 0.551457647869003 
12.805 22280.076099120186 0.5788310905804378 0.3445558191139337 
11.655 25004.971552783594 0.4066390041493776 0.39214936108348 
12.764 17382.144444662543 0.6253595928302721 0.42849491162292447 
13.428 17212.826772872602 0.6544894366197183 0.41678781850179814 
13.649 17148.808840419155 0.5244644870349492 0.5014155635473257 
10.326 26824.01659625418 0.40555446129604095 0.4579539367970005 
12.91 18410.269258569897 0.5072202166064982 0.5598745122044533 
10.214 27184.593104154097 0.3925106713232441 0.4093656744969011 
13.433 18667.056549388115 0.5298329355608591 0.4422679623536614 
15.691 17495.31007475043 0.4462627156125608 0.4946055551304614 
9.18 27062.16038124087 0.4208584191105069 0.37845282730124724 
16.563 14981.58205189272 0.5962887531115637 0.46721248756599587 
11.709 24183.26365424468 0.4108196054504779 0.4663708011324509 
16.132 15048.364094558196 0.6634529147982062 0.43522840309128474 
12.422 22442.340545878014 0.41546499477533966 0.486112173846507 
13.475 20881.765003819968 0.6486871565235091 0.34432626826842144 
11.397 23907.235271007343 0.47175141242937857 0.40454510674114313 
13.6 19489.421527739018 0.6024400504838031 0.38564542046063205 
13.124 16296.838082953489 0.7549977787649933 0.40247914913153265 
12.88 17828.774801274 0.5408664582402858 0.486112173846507 
11.989 22716.73291384995 0.5897435897435896 0.3405004208432168 
12.756 22386.30466168985 0.5750651433152937 0.34608615808401566 
12.667 22126.99161074454 0.5918039373242266 0.33545030224194655 
16.82 14925.970236797362 0.6250282869427471 0.4712678858367128 
9.687 24308.270234013795 0.6730806608357628 0.25908638763486114 
14.092 20507.88987185787 0.4468442021388131 0.4332389624301783 
9.687 23199.299094320573 0.701208638795324 0.27553753156324123 
13.033 23456.258809459217 0.37624567825910105 0.4529038181957304 
11.784 21665.25284186737 0.44926315789473686 0.4565766317239269 
12.904 25386.43050592612 0.3706879361914257 0.4858826230009947 
12.337 24876.021108044486 0.49085958770906263 0.35052414109725305 
12.172 20448.159719874195 0.46977547495682204 0.4912388093962813 
12.449 23012.93470118364 0.5144 0.3548856071619864 
14.031 17562.92246239574 0.6895361380798274 0.38931823398882853 
11.792 20383.32469566361 0.5713684210526315 0.3879409289157548 
11.323 25460.768917317626 0.4358523725834798 0.36437370877649405 
10.832 22507.782860713647 0.66973763268576 0.30193587879715356 
9.425 27128.071178305545 0.4205516705516705 0.3865636238426811 
12.749 19363.544612887534 0.5642409846685381 0.447700665697452 
14.581 17670.297008975354 0.5460773480662983 0.4750937332619175 
14.847 20640.464705170416 0.37271568210794725 0.5068482668911164 
9.341 26748.767670221627 0.42840259996060664 0.4288774963654449 
14.887 15218.137288744383 0.6956423571912396 0.4369117759583748 
12.097 22224.648830097885 0.44104070499370546 0.47861351289310583 
12.151 24120.012744763757 0.6033779848573092 0.3050730736858214 
12.521 17610.054669546913 0.6865148861646234 0.4045451067411432 
9.637 25783.114218717303 0.5101803374054683 0.31394903971229626 
11.68 20558.108334633038 0.6329642782536035 0.37355574259698526 
13.679 19241.853943423874 0.4634906500445236 0.5760195883388171 
10.041 26238.774136667016 0.4266304347826087 0.34792256484811385 
10.04 26110.1075429116 0.4167158308751229 0.3919963271864718 
10.944 26014.281357391857 0.3984545274420448 0.44448695386028003 
10.933 26884.021691527407 0.37949116333268595 0.41043691177595837 
12.62 19038.44627654996 0.49172002649591523 0.5053944448695386 
11.528 23386.342071646653 0.6743821106316202 0.2920651924401255 
13.515 16385.8590626183 0.69485866904073 0.41831815747188006 
13.004 17885.755988829762 0.5048631531327754 0.5365368429107048 
13.341 15867.027950005075 0.7454545454545454 0.420766699824011 
10.214 26506.93758049261 0.40656317547651794 0.4157165812227409 
10.707 25189.75721790895 0.4148829765953191 0.42872446246843676 
14.736 18335.041716074084 0.6919511167298777 0.368505623995715 
10.379 25925.37307551077 0.4217971707511457 0.4516795470196649 
13.964 16056.364777428986 0.6492099322799096 0.4582600045910169 
15.739 17437.211154737117 0.44446902654867254 0.49139184329328944 
14.886 14814.736415165211 0.726985559566787 0.41472186089218765 
13.054 24564.572712019257 0.3746253746253746 0.44861886907950116 
11.714 21019.682387459987 0.4832414085702164 0.44892493687351753 
13.601 15759.526219462025 0.7318385650224215 0.415793098171245 
13.293 20127.993135609344 0.4515775635407537 0.558726757976892 
12.744 20965.095964539043 0.4514126712328768 0.5013390465988218 
16.254 14450.576920676773 0.6699117047769979 0.43576402173081336 
11.316 21611.18658297539 0.479957805907173 0.4525212334532099 
14.361 16709.345162579095 0.6437569060773481 0.42750019129237127 
14.591 21248.05996329113 0.3727387463188893 0.4970540974825923 
15.732 18541.099193435984 0.3769621932345788 0.5512280970234906 
16.456 16875.41522305023 0.39543812104787707 0.5457188767311959 
13.499 15405.003112334376 0.755092802172929 0.428112326880404 
9.248 26636.034413184385 0.42871055707051026 0.3669752850256332 
13.62 16510.45947421393 0.6350201522615315 0.4442574030147678 
14.323 21100.382900547254 0.4104070499370541 0.4630805723467748 
12.205 21848.1687442797 0.42925809822361544 0.44655291146989057 
12.144 19919.323136631214 0.5922637920101458 0.3919963271864718 
11.481 22845.092772778364 0.5897743159576593 0.3209885989746729 
13.218 18788.58275932515 0.47221607261456716 0.5108271482133292 
11.99 25317.670214865553 0.4487852283770651 0.36085392914530573 
16.139 15168.998780446465 0.6548553487328996 0.441196725074604 
10.058 27480.910416356208 0.3989134652696935 0.42375086081567065 
8.893 28055.575862496575 0.42643923240938164 0.4303313183870227 
9.85 24942.138497748077 0.5866485542402484 0.2870150738388553 
13.436 21555.471464509577 0.4552408517676245 0.41548703037722856 
13.55 21897.9029706452 0.38257575757575757 0.5152651312265667 
13.388 19123.187359923475 0.5699338031176596 0.41189073379753616 
14.455 20052.331525499823 0.49705758722152166 0.4266585048588263 
16.208 15550.951524293061 0.5511491662911221 0.4691254112785982 
10.525 23271.26894331722 0.630005977286312 0.3150967939398577 
12.319 19299.893004696936 0.6775829283752377 0.3657510138495677 
9.65 26446.932449444277 0.42298670836591085 0.37837631035274316 
12.666 21953.63965751886 0.6149829282988553 0.3280281582370495 
15.853 16122.722386262592 0.47426636568848757 0.49384038564542054 
15.673 17105.41243351729 0.3954802259887006 0.5438059530185937 
15.539 18725.076150504894 0.3791354212615792 0.5511515800749867 
16.068 15704.676333697615 0.5073546051142792 0.4898615043232076 
11.645 24716.726950446387 0.43658632951402604 0.37653990358864486 
16.284 16179.404443970961 0.43677900927392 0.5135052414109725 
13.501 23317.47529585849 0.37461866992068327 0.4587191062820415 
12.635 16644.63995151548 0.7553050397877984 0.39337363225954547 
13.007 19791.588277919054 0.46361837766542097 0.5421225801515035 
10.05 25590.277131014238 0.4383830455259027 0.35618639528655593 
13.691 16575.34724598407 0.6338983050847457 0.47455811462238884 
9.137 27533.149849746034 0.42390670553935855 0.4177825388323514 
11.175 23144.885407713202 0.599402390438247 0.3188461244165583 
15.398 18161.796219555945 0.5499139414802064 0.43453975055474786 
11.651 24255.966482177373 0.45583533173461227 0.39115464075292683 
16.138 16956.275428300905 0.3973285035091691 0.5545948427576709 
11.896 19615.236177853418 0.6640674394099051 0.3584053867931747 
10.31 24361.204602787497 0.5561465721040187 0.3177748871375009 
12.659 23533.128989870296 0.5602990360023609 0.3337669293748565 
12.255 25508.537130228557 0.3741871921182266 0.42658198791032215 
13.653 18113.538407401065 0.6519110343338371 0.4056163440202004 
10.719 20836.879884322854 0.6783130039280546 0.3288698446705945 
16.3 15315.470070973448 0.5521611224258881 0.4730277756523069 
9.708 25060.983553630685 0.4866257182484644 0.3623842681153875 
15.343 15642.438890792864 0.7116022099447513 0.4004131915219221 
13.678 19426.95157323307 0.4230432881504154 0.513046139719948 
11.537 25137.898235184024 0.4212389380530973 0.3784528273012472 
13.723 16448.788098558536 0.6537600716204118 0.4447930216542964 
9.822 22560.136814974718 0.7088 0.27997551457647873 
15.129 18606.340310463354 0.3852277753206546 0.5422756140485118 
12.793 19733.99446518746 0.5217206132879046 0.41717040324431864 
10.128 26168.44519793793 0.4101002161524857 0.3994184711913689 
12.822 19683.846803209915 0.5730289579370111 0.3920728441349759 
11.637 21182.271473236866 0.48222598391874727 0.446093809778866 
12.784 18032.331004258063 0.5330964015992892 0.47226260616726606 
9.821 27606.157863066346 0.39713011440760126 0.42413344555819116 
12.413 24070.767423209058 0.37704256606818637 0.4380595301859362 
13.312 18471.046931216573 0.47298198799199465 0.5161068176601118 
11.046 22916.909515705578 0.45774647887323944 0.4473945979034356 
11.088 21397.15055520183 0.6632590472296053 0.32657433621547166 
12.309 19868.0530381216 0.4901789611523352 0.5041701736934732 
12.452 20774.908165300672 0.4925247420509581 0.42375086081567065 
12.32 20707.675311151204 0.5003158559696779 0.4165582676562859 
15.112 14660.681392643612 0.733303146932307 0.4228326574336216 
11.949 22799.799829653228 0.5895179035807161 0.339046598821639 
9.873 25655.491725475375 0.43728947889835545 0.3990358864488484 
12.644 23585.330902539303 0.47985568250150334 0.39390925089907414 
12.903 22026.990068157815 0.495167592021386 0.4162521998622695 
12.028 21318.877195581106 0.4508768223114304 0.45527584359935724 
13.609 21800.728214989125 0.3796004206098843 0.5062361313030836 
9.877 26304.062253704957 0.4296844565640826 0.36751090366516187 
12.773 17759.13925342085 0.5566756272401434 0.4912388093962812 
13.506 17933.752270481524 0.4845824893090255 0.5290381819573036 
11.506 21724.855525460083 0.46157076858462825 0.4388246996709771 
9.593 26565.903848064678 0.4267417038618281 0.35832886984467066 
12.05 21448.17264517399 0.44369321783224175 0.4635396740377994 
12.705 21505.326039825 0.46806740170584565 0.41984849644196187 
15.903 15987.16990677803 0.47499434261145046 0.4961358941005433 
13.313 18922.27192477052 0.6593313584426576 0.3740913612365139 
16.218 15106.628727074503 0.5763747454175153 0.46239191981023803 
14.885 18854.89005967729 0.40257434531735464 0.5665314867243094 
10.756 25722.43386899324 0.4096006295494787 0.3934501492080496 
12.199 23074.374290457756 0.4399676047782952 0.3953630729206519 
15.709 14404.442639312374 0.724332881049299 0.4200015303389701 
13.694 17031.488355014968 0.6375690607734806 0.42596985232228934 
16.474 14249.463995005979 0.7066274598507125 0.4333919963271865 
16.071 15812.061152892426 0.49513464584747674 0.4943760042849491 
12.093 23981.334167327543 0.6004672897196262 0.30576172622235825 
15.45 16242.896069963019 0.6445131375579598 0.4278062590863877 
16.324 14562.893467358339 0.6608557844690967 0.4442574030147678 
11.682 24651.08173520218 0.43864848844101956 0.37516259851557116 
9.419 27800.61020227181 0.41579355840124177 0.43377458106970695 
16.453 14154.650896255713 0.7106633461625538 0.4318616573571046 
14.937 19554.055806107834 0.5027507405840033 0.43668222511286253 
15.008 14759.116813874916 0.7510749038243946 0.4260463692707934 
10.329 25866.996629509977 0.4680768484378032 0.34050042084321674 
8.982 27908.241189579854 0.4219810040705563 0.4196189455964496 
10.332 27425.482511446717 0.392510671323244 0.42589333537378526 
12.885 22331.48742765763 0.5760673481659652 0.3464687428265361 
15.453 19177.922278723898 0.37927280644458955 0.5243706480985538 
11.91 26379.872215201423 0.3744158878504673 0.4193893947509373 
14.896 14870.96116382876 0.7231638418079096 0.4204606320299947 
