282.9354534620504 779.6566945522677 711.0520940485201 867.4759139216573 714.5619076737181 
991.2203152848554 31.176258168417405 1489.382834025837 1190.9682156206904 135.91939287250605 
26.39342820721957 22.535816862313318 143.57247176713446 33.178114676384986 159.7932312535156 
932.6249524120761 634.5293993995504 88.40477989210488 157.88295940291485 1480.339766972242 
7.292370433676809 38.27218887762118 611.509604422544 1462.1157469300776 1379.7994042893615 
985.042083589977 937.6811759629504 1342.5562354352408 85.91918678613808 239.15060927258568 
983.8086857611731 580.4834563632677 1460.984611277579 1302.5787401349078 1478.2079045840328 
995.6192944957645 863.2680843297078 107.66552858074091 1283.2936617349735 169.32200876512604 
299.6940738739053 78.40568156558648 1183.2693016120088 7.424525894949463 1386.9192386991606 
95.3946105180975 994.7089460905528 0.4785408975477856 143.15257219594096 1460.6686526231626 
45.39943753112408 57.9586565092316 1307.4808276380622 1170.018703477595 70.73704716719703 
859.7269922957211 21.603301559490305 156.65572491586428 709.6325241490084 97.95873435269797 
108.156524394077 994.0546644363914 1290.071047823759 43.43943089938618 1453.8138194816743 
951.455512333907 31.44166959321715 538.748073491119 1376.3382388349653 1361.4657267755597 
34.36476967411384 991.6557515038743 537.3685320292756 69.32793148589656 113.46832682560908 
31.84777398608707 209.74432526547727 250.15448100207416 1475.8278115072615 31.2750109241533 
744.7796641204696 897.2186994477942 80.81028853357385 1294.1429935463948 1458.7411856706406 
893.8319293879127 873.537710489818 1378.3065869071718 1289.8646616879507 48.92452661785212 
282.1948998400007 167.29744785638957 1451.5184291438807 67.8422106048896 219.71735773379157 
252.52773771977687 887.1789000998921 1419.5516482177513 1487.3263730550093 1174.0834552890865 
815.4780577065468 853.6930077673495 1426.6060132190203 41.8460212338172 1463.0414854599003 
996.2076036791206 3.488531088528868 785.0746963789607 206.12845844006011 1266.658452490634 
118.88172709002353 164.99637787261966 24.508710733354754 98.95827325537854 1180.6537246543123 
804.5213276230638 854.9509632298848 176.99827956656193 175.0702263765362 127.47907049071128 
68.1085570370078 896.713496117337 1450.4000252006929 1013.6235241879142 169.39845281465048 
505.0125035643744 75.2679731064263 1478.5390320749912 1300.6297440123365 1343.282465054884 
82.34773779726335 977.0065321162058 15.45988895066347 1172.972568723807 900.7863267087541 
845.2775126633499 123.30740890309167 1435.5914417546378 125.75491398645755 202.65360535490677 
770.6747209126303 170.63978228271182 48.06463654113596 1458.3389033856693 500.8707078686591 
6.725751982505246 451.06053937622715 1467.73563609963 868.0458802329996 1419.4517940533174 
797.3611453188521 101.01078513707151 20.7696390242349 43.71931955468072 914.7822852815108 
988.6879383449724 973.9319729847698 884.2864554479851 983.4526319290263 1092.6717821083807 
339.7169800843576 668.6933142774193 1417.6983592547597 7.0816809883799126 24.29350012060444 
146.80603208595133 591.8204204907313 29.975123528992565 1053.224137381011 26.551393032079595 
5.122314149550999 320.11073999171833 86.00749966178128 1360.0224168618852 1021.2163486914692 
31.335768265087104 669.7271812321884 3.334689095011445 45.30066715578729 547.9968684531701 
996.559518049451 427.2663664038272 976.2372369964157 1381.2838564458184 4.966244733634218 
919.9376599000528 19.482487300792002 1395.572602301004 457.6542679803332 1403.383222505668 
769.0611580194965 81.81726687880509 70.24653244188261 24.375962950023865 138.0300031320939 
8.547840885508084 18.331881058368694 903.0912694044836 447.97979489908255 425.160978300678 
570.2561055804326 11.53784168834704 10.789446971818162 656.0979481726447 1240.9561324686479 
680.821997885033 987.2872191936486 1451.215420895641 1273.247376808597 1447.321053212397 
239.29484563879933 559.210264602581 1494.3377433568542 1330.349946961511 25.62353455803057 
768.8256179453513 993.704383879302 178.87103764184488 367.244768824437 1308.3691915676181 
906.2291775023837 103.19025008182669 1411.6397817306859 1444.692787489065 985.1074554936129 
4.17926221869569 741.7903845820038 1282.452828222531 150.2274242496693 898.0092959416156 
994.8348389197103 553.7590890963468 1260.7514206347173 116.20995595010235 878.6993073830367 
84.91034302877765 846.4921606188171 434.7544195215546 941.9565967834603 1430.483079056225 
230.05866144627308 792.9796734448288 506.94655839786503 1393.487178233809 70.68815180383703 
955.6493642512374 669.8345381819042 79.55081775739936 1342.5026375186887 851.7850648637725 
28.732328124512097 48.83874033970537 610.2557129276598 283.5278666027323 1324.4602618590186 
584.210028153623 29.728738242518094 486.78735535311245 1395.0224751942467 140.64385244036563 
704.3864309356551 19.179053650024148 798.8658235580401 44.88373870895435 98.46461799553718 
997.2755938024136 247.16855964805683 258.6854608214537 902.4868786144832 1496.4965041505093 
779.0701150265148 948.9461820634601 1325.8901102966659 644.761463712231 43.24210726131794 
37.078711930747964 38.65737325374774 90.9828059180669 958.6132935272041 278.28289065485467 
291.61531294581465 807.0851808555651 115.77373315946943 17.10156161069687 41.64716802499841 
914.7300912316746 984.6270980219626 1356.8161716623001 1345.5750779988825 736.4645958478176 
45.23144879571361 873.7994324939273 898.6687631636462 1491.0480746122432 1057.044722238773 
32.56858274280028 233.10955723608996 1498.2779806842589 164.50680916946064 716.1219593015068 
98.70156917940005 88.91687025181405 1047.0877328317276 1340.280061272582 826.819013637311 
874.4953130694411 981.9225637690752 903.0455873779973 153.92007980410432 1259.0303034008305 
98.5675746763356 883.1952068684656 1499.9164786499102 523.1133184735512 1498.6791514793217 
981.4475162698316 969.9413680591962 565.004822425049 1021.8262724475084 100.57472167443665 
946.2391917322856 600.1318455868654 198.6134969281877 95.14779810715429 406.5149054238767 
253.863599291128 973.0324654607093 1339.1853584703751 198.0397381949721 274.57856296442026 
254.1345484594326 5.560897441642454 1393.8209691583868 902.450654896796 1391.4433249839271 
139.07286914245554 370.86635802336474 53.272590374007386 374.5681723556633 1488.4676208538442 
53.53669338995337 523.3790808096302 587.9763322756988 7.089906142479563 69.5547741156673 
710.1670050344001 44.31110097171842 1373.3467274020588 1417.5789725866312 255.305910879556 
991.570972485108 466.1339419546953 551.6508356663941 1358.3457446403138 1446.1795376634002 
993.0267362966339 246.82804255902425 1411.9388742334488 555.806854057847 140.76677729395192 
551.5839247973902 973.6360955820209 3.3341575714123106 705.298379936184 914.8475944599248 
813.7624983603982 952.6332982121698 1471.814127181887 671.3116146724898 1466.1154177972812 
970.9948007495922 177.7261450073795 328.0193603512592 1357.6832281249167 77.54138729095384 
239.93329176727997 378.0083482871079 1422.9056020351206 1489.2598595418324 1296.8489710352642 
600.4274489719215 163.4655272664066 209.55944916140658 1495.8051432146246 1032.587998530748 
589.7407607337731 530.2550014807146 1472.173276521732 66.63023297297127 1097.198670734844 
329.7744027694153 245.9200407196598 10.973177777373666 182.3201959074045 39.764536697896204 
88.24927474167133 0.6216826307272605 1424.4514890425692 676.6981227331715 129.67988890334087 
983.5525172120634 102.82241693307404 799.4486496998718 42.87210016505794 631.5289456302869 
132.68388451481553 988.9799779122168 1058.7698432023617 1333.7903918626084 378.4833378203063 
491.9817763162888 842.2843898811979 404.1438898057403 26.171172338831262 1287.278584875427 
618.7835106730337 840.031250898085 36.46998594136252 1073.995178225098 146.45704721739233 
507.5709042164918 920.0565428282567 869.847144955437 1487.1552151503417 1336.8681047534137 
20.709874284351226 998.2845482256633 189.88921525048264 209.08400705402974 584.7143534738636 
28.476157983340357 668.1861808441295 26.115261515373245 1379.1227312986541 532.0167995085285 
4.380108172465258 43.27837128153922 561.2431196073755 95.69617275976455 2.1773439367985814 
908.788339830268 320.7603818101273 450.5368958849741 84.71015023302125 1407.9743409932523 
991.9417343827454 442.1239361676857 1446.4973990751678 817.4613834610661 963.5918612816695 
101.2617956349623 253.16198052015494 202.35070964713609 918.842276785039 1442.2572823598462 
2.7295260802424615 986.9864712392095 1155.1091865761377 741.1833169765819 924.3577388577877 
769.192836167876 528.6977401797147 737.6599871362231 85.51283659034425 70.57540634277848 
518.4351210953987 796.5580406437058 148.2940534966426 1463.1398527704896 1442.9700635916065 
161.37162514016302 104.79138104090269 5.723116983077315 1423.7079076213147 683.772067098677 
600.0672292047462 968.1549081121777 1329.990715850511 1379.1835559056979 257.0431786348113 
14.459941321075531 179.9210063903951 894.541000058313 1213.971790914566 2.656611228292527 
401.0603080468498 20.019661427254974 438.6962794817363 50.84522891218057 809.6515334121397 
625.9094796679785 15.93102450574646 34.64612886218721 1007.0508876262186 17.869477488793695 
736.3572934170516 11.381105290309112 1498.0544541214476 807.1040783107807 983.6063345027375 
