212.4222113478037 769.2331993874603 1429.9487900690674 1259.8820962367001 819.6547929952752 
934.6453177202619 8.131770480757305 170.72247034331423 134.7684598165545 1447.7443221741755 
969.9602621480301 896.4918992676753 2.4524182588650523 1336.4779210232452 12.908675137569714 
8.586625309284447 100.44581423370636 653.3576729050418 40.77794362162496 53.45102963317433 
997.4588050459238 13.489422844463196 1424.9413304242532 1473.6522403372703 1475.3090485056596 
883.7278404874554 954.3981471241277 1397.2689141816074 107.79429436017685 1286.7333451108566 
133.26437702544948 484.41719645275606 40.89787930287958 1478.9104110971168 1440.931403213518 
133.2964940735174 964.6752642532816 30.318253420312747 1.299018463685131 536.4379209625623 
744.7080027137665 40.5427277511724 1479.686130215957 458.1415772957616 4.740085190957865 
25.364684753584775 36.148476150389406 313.8392494426063 1393.6981160603373 0.23691358952004915 
86.85473277139033 29.18390277496419 1069.6096647519657 296.3234824594121 1416.2776759476633 
971.3662548037161 817.1790004029313 351.5749189139583 1109.4172545970641 1487.5969282689694 
117.86602434612226 860.5689431772867 1475.4871083675978 50.154922028488095 123.66763579181294 
961.7260812667553 103.58073156375158 231.8358149139032 208.2585056659701 12.768004777191921 
981.3034059804279 994.8088536935909 1113.3018389235376 1448.9498993482218 7.128330361284963 
990.2879121158287 99.90372087473342 139.7315804713824 1415.9003788405062 173.27615950817304 
20.66004320251369 161.3576882795229 1399.316456395454 1467.3632602485568 2.5223239653903162 
187.33261304551675 980.5928425311514 757.0040393785508 63.83418115166856 1455.7891972112484 
944.8416930072144 917.3403403916224 1486.5610971280612 1475.3382908098483 1328.3450028863888 
950.3491836603001 196.21338664415214 1374.2989712662752 197.88118281112676 1482.2647802835897 
948.9226424232166 968.3246264261338 1140.2531916261803 273.790859983705 142.3100570271965 
137.72144258577524 32.71047261174331 111.0126153641361 16.9311029698343 1448.8540221766555 
190.71631727540728 889.1680032412028 250.4878680777226 1173.0584324416782 163.45217567745001 
291.4524310406762 144.99500841485613 1451.1070927321534 1194.2606922635962 1490.1447370781802 
879.2463530577619 152.49683082097377 1426.8022217702908 1371.5881008096935 341.4779371141684 
913.218063924238 651.6527318649954 78.99844374166543 63.985743381920365 159.9904988412881 
680.6197348517028 45.66071371750036 379.32950796276646 1285.7894449971159 1117.0808926176453 
19.820779013255855 837.2965607981947 776.4756694610879 1259.6588621587593 1464.9404297042754 
737.1892657499457 983.6973160226396 87.65426926654696 436.223325211359 1159.2774644710964 
67.65238502156146 11.95473937996605 1429.3144432702754 596.82558557863 37.132894844131684 
297.12467972022205 1.5497796729734281 56.47586590310982 25.493436441900663 285.7369482638102 
158.16371852488135 997.0487888499284 1466.4472134711039 511.0853180682006 1484.8595812082 
187.1897137832592 908.9931287518438 1498.4967663514608 1480.859758342766 167.39973651921437 
39.028668553957814 41.79467190819442 213.45310770196124 1282.1899898021188 1163.3523512697975 
986.8680691074974 88.0319618496993 1385.2983174697736 117.55449295131065 546.1085483800304 
980.6274011845072 986.0792275432253 11.44650597365382 1462.2405814501515 1095.3214246425123 
49.066519155084976 483.21627103672427 42.76353608201205 247.21980198576054 60.40287201650529 
122.17079054024016 773.6527982925012 45.363536479695156 579.0503379036536 1359.3679831389816 
330.31726815534455 289.6515221188576 1352.5942189542093 57.78296995996779 853.5137687350934 
455.51150371351724 44.81161425166391 11.103864658541296 860.3691134899506 27.040440798637377 
820.7690792356589 590.6871012855686 534.189531050849 15.697448454770003 1347.265228898508 
496.6904626364735 998.9382707669719 751.3541314560559 377.52982393309793 38.412213195001435 
487.7201187495445 980.4913667507426 1375.949103421024 1451.33134948216 1499.3468501284185 
133.7880391859656 27.383572634066876 1344.1908330701324 1353.4826233333094 704.3964048150648 
980.8648395543087 491.12642571230526 858.4088274714487 1418.1398965328142 806.1533316728587 
454.26059528242826 963.2204588574233 40.324163696598944 1355.4259993241126 872.4745843247997 
982.1289164073905 73.08069312973886 507.83464323241395 845.1743154852554 1464.7585999603584 
974.435599312842 849.8622571790413 1449.7336500981887 703.3807463517247 599.8416739736226 
993.2403930475508 30.475676856194013 454.76214903809824 25.154044986254842 837.7702725234534 
562.8614464189073 24.93761844794784 661.4006168484373 1364.7796713578202 36.79656760095013 
19.1018418861606 776.3600903603126 1003.4849254676993 42.3313283130396 569.3749316820476 
71.57691670234134 5.6775670663620215 31.01194460725354 602.4949192224044 908.7924110814566 
17.734852127234134 513.0994791609427 85.46929111824325 1147.1679053634987 22.03503528886297 
143.65030398107336 599.8308862167754 1432.8892556072142 687.0127789485884 13.502246153979991 
914.3439739453606 426.472013903842 1433.5863033018916 830.6256192714594 1469.334365559835 
30.59720428788704 421.62934673142684 569.3980046372976 136.8341523534497 1422.1528343904324 
834.0132385195016 642.1379326408664 610.2745329640788 1472.7553685614014 16.68475887706261 
731.3799645356862 211.14198175504205 928.3860603258455 34.64211094299402 58.56446947782812 
61.14416058430938 983.3818989198774 534.1543496753363 1353.682306321385 971.9436858941732 
624.5893864232432 988.0388974099658 167.10125142084803 206.3494697857086 246.17817486619663 
739.9435954928641 934.7819204249433 1465.164566300957 1407.6733949203754 348.78880697764157 
241.83296491689174 350.9557496608195 750.0737652402331 1486.1426346002738 1439.8660869121004 
998.0846689590231 954.1468171248437 960.4848035040491 289.1684079951946 1402.498352191071 
999.1722990403492 644.3345773183744 166.72648238274317 858.8227933034262 277.1242755797505 
979.5861654549354 17.909727994385282 1376.041781944557 1304.8574029101906 830.4439236463099 
16.351358883283986 621.0555848769875 1349.2860002120049 303.63943441339507 1087.4383157982386 
277.365745052521 82.38903723092439 81.95172837717735 1453.3314533878893 672.5113937926131 
0.7417899989600185 192.5373236523098 1258.4687880365473 140.2112243572154 20.845390257316964 
731.5404267092093 392.35251543325757 80.4672554065301 64.67728604433121 877.0298004309963 
20.63595614317737 561.4593899509616 854.8008360430348 1359.6336506936404 293.41427399439726 
642.028547241021 961.8575558149471 779.7721436489463 1484.280754615491 1372.7090588698245 
484.5790238297505 927.6336884314474 1344.2158943343954 44.05132444090293 169.1306111316002 
997.7992617184503 289.3904261491358 1201.5020592402725 561.6657364784018 19.55659384822961 
49.755839475289385 993.2693708191504 517.859872637988 437.1742179155356 268.93878167806463 
1.373561044436089 997.2124838894332 1296.1613155651937 1030.8957396028086 1338.7282492549264 
542.0087301243403 11.178605329577929 47.87535507544894 876.7785886030794 1226.2039261863772 
23.016317133090492 51.22971256965225 1233.6092518870894 508.45058847186505 924.0402591633223 
954.4458054965902 519.5566956876023 1058.0468280551993 1.965117575297215 687.8725628631139 
794.5849192318495 547.3962118489793 70.35702274085025 1390.7678665351734 1044.2400240994855 
22.139291920470484 234.83805808326153 158.89987548774798 4.898091345638733 977.564369990036 
15.852313643555993 773.3000036613487 148.3770172984729 1369.4503058855437 1489.3929432352918 
447.56231874748977 718.3917229968616 1306.5362695601195 39.01535656255595 1268.3771990122038 
980.7407404707699 656.7510832750103 1435.7383786481937 1493.8059391892737 1439.3868607918814 
370.27876017417907 396.29372166100785 1309.2728045538527 1430.8848576094474 85.1415866795801 
962.1615458005608 905.4531245904406 565.4229251897616 729.8202070810974 31.415187650387864 
442.93301831488276 44.75989197078578 1097.5144803941812 176.66888857896504 1311.7901306338813 
991.3840390244491 37.00125497141371 574.4184293739071 569.5044557332135 64.93704376420511 
569.3779122278376 517.2453208847844 15.838641978237478 8.003806854459617 155.27949480029784 
49.441691394346066 782.5747140191576 230.5521145179538 32.80548864722243 1087.6776872081662 
993.0984837045507 44.90256023482231 1379.3614433565754 962.8490128248624 1481.7138748223351 
573.9031617007797 480.47922916855975 137.33008795241923 1492.3083176915045 260.3738065945668 
593.5095420250725 959.9539491303394 1394.381827744359 940.5770106857029 89.2440154164103 
1.987413819981021 181.94404901495375 249.36522840874437 726.2232551559503 8.988358589192336 
895.1722793893334 936.1178828621461 1478.0406584578463 764.7866641198152 1238.8250582396524 
997.439068582713 81.70393949531673 822.2047820026859 13.109213192988245 1266.633349058581 
449.80310779956005 961.1411318789594 99.16669039077868 1080.4700612384108 1403.7032284541528 
583.772938422073 822.791367713815 369.7612938992069 135.37951889620547 1490.2755909414516 
921.9331705303497 46.420351243774974 102.08537544182278 769.8068207996182 1018.1008821712638 
590.1830577533615 240.24395477946848 1456.7438068726588 1461.5677612711506 745.9112372249019 
8.238498446274223 867.3486264327847 1498.404756697025 202.4636830499391 586.8993650465505 
