985.4241594547669 848.2865022261541 1476.7033134807655 1108.2871209908672 1314.26445177396 
12.011772097348272 20.990202601608555 138.61370814401712 361.4634958634668 0.693615161510841 
114.47413937833505 968.4520649519301 52.75490864841375 1210.6019403567452 1455.064670814044 
958.2154705794057 29.465462907042106 166.8130668053079 216.6715833317708 1434.4669060904716 
63.86047599817013 793.2482960824946 1475.8958147293768 165.82925110596446 77.55403002696009 
992.4816311994869 589.9107026341125 96.59311643229135 1419.3774289268652 157.55252032391337 
64.62214406188582 62.1263448502446 1328.075644219285 417.9821709136761 1367.3147154911117 
960.8558068533374 235.3677826588261 1492.574941030167 82.98881682141968 74.81507363992851 
520.6537220395054 12.768898113581173 1229.8571144895993 1440.867789285334 84.97815216428306 
795.7182037116452 880.0227203907713 177.3576234985379 18.795697421131575 535.6363698178948 
76.97522053188067 136.72465939463686 42.61396634302805 1475.0976834161079 1409.100949378317 
132.57480784514752 980.9986017518958 1410.153360529621 1461.1246344573178 951.7417865316851 
974.4232052108946 987.1056821468409 1472.0302643423302 1479.2100533224611 90.07941064350766 
587.4603394956055 888.7134023542088 1147.599519374703 24.778078685157247 1475.2392897317695 
17.525397806375963 508.9924073423181 189.44163498720684 1471.1557733651312 176.28227215919523 
894.6709474359225 89.97795208057809 1438.3741692550434 1084.098631503551 1493.271679178973 
15.317769592979147 478.8485542856715 271.4286402462432 42.37871620149952 1416.1680878487439 
911.4250389455009 960.9572070648298 7.156293339992848 1424.343713110124 1215.5726245177289 
776.113456855297 6.716828468648961 172.06742523217306 203.96654773904305 70.40551483159629 
24.668475196443218 834.7143992431553 150.47049652935084 303.621384534774 152.86861073708508 
886.1522357341298 69.86615137820851 326.989414544046 1490.3965498025532 1283.6172800685551 
121.99706711051017 50.162284320648844 1447.7336046702492 636.8032886545353 68.27366371748933 
968.603314772922 748.6737593333859 65.30655997603402 263.77313539304225 1469.9444144715528 
31.301000158179825 937.7604222991985 1292.7141697001405 544.7695771872857 1404.8718827453488 
835.6929924734078 16.50355823935623 168.071750504855 1473.1049249090095 32.74951077828408 
992.12518464327 972.5302477496753 1222.3358154565235 437.0657047988865 560.5224329956828 
63.67056123984993 307.14379979140404 1243.2879301208384 1430.5924489136576 884.9878572916984 
211.39440609917315 7.085904079624616 3.4418507134267307 278.027401169806 1325.5566397682487 
404.99259374403925 915.9357777457901 927.2576663778655 1270.8895869833168 43.801454270999294 
962.1350008816612 101.09323305777806 1476.8182987755533 1429.8282814541917 610.9577309362147 
722.9191647427506 26.570140781811634 1181.3462695278372 188.50065192163206 794.9361666612464 
872.3145307247802 992.3356420369769 149.7979679838843 795.1735998783611 112.83944840916915 
211.02821123614123 982.0214893644571 66.80013029179783 380.1250149288877 1218.2543085834095 
20.77196040283713 229.72829914348824 742.332014618782 23.72179260054169 247.29473585723156 
980.782607498211 667.6470831454709 1276.035352493718 63.91568324706065 1492.1772435502269 
44.37993764778181 81.58155727796645 294.47446496541374 1418.2085582265772 19.737617020915867 
458.34318926666094 659.3418266902916 1486.4013642653995 1455.5170613364187 1417.7796995436067 
353.0997470448146 35.76859209308836 740.5428730290804 1389.0556076020816 1440.8465488296106 
894.3336851631395 461.2857383254685 40.96525328636513 123.44785022056975 64.37015010564845 
899.7526968604919 949.0636314556423 816.4964309962108 1399.2266431309517 1386.6868375073495 
940.9049291130073 349.87425338143606 1054.4849810268547 865.8843240396573 28.190457544323422 
77.77062901889897 896.9761619527865 1163.5324442842227 74.81573875789039 771.9569114765527 
277.2213874970324 952.7032668548865 184.0375381010063 1086.5323259959812 39.54059908100122 
457.6945949006461 61.628026254792026 35.742780300909494 1083.6209117912258 726.3663247839952 
2.1133325312601148 667.3135242513221 1463.0842312596897 805.5271576278216 134.5269445294258 
405.1492869163715 228.53396260202234 1297.748728010101 52.208997278545944 1425.5183388087737 
14.372836195171601 640.8555037371893 673.5224826772693 1225.389522367252 1441.9362439442543 
613.7876955620735 754.7845062375671 1034.0759903513983 82.5109227728421 181.82816740591446 
230.72800415482087 80.77865797509465 1497.7788855256194 66.03652173758223 399.8311062457558 
960.6733545525973 255.09102248358008 22.487411953319658 634.2774723893467 749.2193091564202 
303.1346230556554 15.34457510800069 29.331339639851517 55.07463770987853 723.1099277037692 
431.4132906409985 931.3050178928976 123.90424177889182 1481.2937873647718 1072.8790265410414 
938.994688478228 36.730897045824776 1453.9285120557738 556.2650584130397 1389.092160703927 
608.4508213372652 671.3507760592306 1451.18701610046 1361.0518468576938 113.37299167991894 
367.43309556356496 928.0889923572524 324.24052463304304 75.67822173790894 8.635112189685156 
891.8794015738911 978.0821385895327 547.2777133218542 114.41370937968821 1336.3161979488636 
773.4737253577883 904.8044451324092 35.8899726094743 1499.4601876415331 94.5428664230829 
955.0454187695086 329.66460163232995 164.8642454387373 1211.3445426783853 1449.5923429602653 
22.102444215709617 17.708944221820786 986.7218548934494 962.3474529096633 1333.187422093596 
793.6118246950213 995.8342907739207 1466.8995398046932 576.0134398727229 1445.913061850043 
973.6257229935026 48.51134904190613 531.4978287806961 28.233214732421185 262.61595627492875 
17.228938170375073 526.9459419616634 127.38510216171728 34.09077275264888 690.3611857832315 
153.18935735187122 986.422808927546 809.4194041035958 1478.6927759710388 725.289582325575 
514.2777746542564 32.47855902294916 12.98558091866331 854.2083329759079 55.72820016558106 
946.5550580606497 995.1064119691887 1343.9225783897284 828.589483622392 135.2532868613585 
968.7975372836837 491.81277280843835 915.0423108331053 1423.3933737839877 1348.8396436847854 
797.8761187683923 31.552985277304547 1340.4609673876905 562.0130917457709 50.626834279898226 
123.60083061020765 2.327637950554351 1106.5073876996478 17.12836980183119 1493.0013886094491 
36.51622579535718 499.4943869806514 23.44958805220387 1302.2007145736954 721.6755607525432 
5.874658637786689 657.6354256721413 1390.0165652250512 1455.5237853014423 501.0215086132084 
87.55365334236164 857.8229415522306 1000.5940376576657 112.35202215342032 1476.9422279875137 
924.8241166829965 985.4096455020521 1488.320167751665 1448.3832305190474 1468.9876821655894 
863.6207752885227 171.5209776120392 12.375026310495086 1473.2251808021433 731.1798613673275 
768.911751359092 225.62963655564226 11.758478110403425 68.10238497763038 1328.055104754259 
89.25902928266738 4.604712084113727 1356.8668339194307 1034.215728150704 63.95782257514943 
662.8909270655872 448.83331120499855 1489.651854926103 120.48548019452792 767.4618629418991 
464.8405826871499 990.1317388739344 744.6439504243666 823.8046978614649 1458.110173797978 
96.42593846952153 972.4548745995232 746.6497462739312 848.9469615776426 72.93228978586158 
972.2605945224966 189.5833472714502 1495.2388962227747 1432.6984748625196 1426.176085211221 
42.39247718807282 104.14697774362335 41.41739164581526 861.5638522362964 852.4546181444356 
956.2534516113737 924.1678059052504 256.8766396532107 693.7394944680585 863.3165549942127 
429.01236663162376 410.0844286225348 26.527207377337824 127.82095559007645 75.12331636608045 
494.53623732215055 101.40715002221845 1459.1306824052413 1339.5640848053968 673.8617789459792 
949.5539360277065 64.48653688494355 579.604790391876 344.62982651660275 1478.5877577641288 
963.3470375096135 638.5056865959745 1394.8765554723602 1459.176209613156 400.5290993221336 
25.125145337068332 901.1560465622865 894.1052388674818 37.396069436956836 245.59426809574254 
444.7984436527307 507.56289507571597 71.9946184161262 1389.6579613822103 1355.3001015457944 
118.91689041604566 594.1675398317135 1412.8345645856084 1465.2339830331453 1374.6059765630318 
775.3607925528235 894.3708711229851 1397.9831560091554 3.7679888177105103 950.6588312627058 
819.6485244445472 165.2916216234155 723.1357397970471 1468.6366546746376 147.7607229402561 
447.8485224570841 988.9224416956534 50.702316563662144 150.02393234351175 927.2045705063719 
40.089245552170524 62.86391898276544 563.3147832231497 38.61984460102236 837.169132343669 
972.8811793503046 987.8958162330065 461.15649627582843 1450.4243845630842 917.9788084914359 
530.3044083103515 70.97554519884997 578.2368640152347 5.884732345335653 61.437304173859175 
489.55905091037965 937.383238709915 1453.2981949705488 783.8975269779038 657.8334494705689 
55.53949378036138 933.9892739252235 21.421946514984302 1415.485869543377 1038.241284696734 
10.103844628300497 130.37739248221902 707.5344425743756 1444.0267482929019 1440.6338231095106 
23.59278570405243 98.21036831363116 550.4515309732141 710.259877377061 48.125742955515804 
944.0572945067454 487.96820094670943 449.3181561965031 28.229539104118295 708.2380949571591 
28.727297527372908 498.46838224616977 1258.8632633672355 49.71332679775403 674.4668505094435 
