145.44501674775245 565.6258392470365 905.1763702872076 583.8472022501226 1148.9042626771534 
989.7374512300705 105.36635470669975 1499.5312453291644 1446.8071771722239 392.92726518662977 
975.8704538115458 759.6709484397898 72.88801321578559 58.535357185227674 171.91216047857483 
835.9123920969172 878.6472383737869 42.82872261417153 1349.5582715180396 1465.1602224648439 
143.88848726672788 77.16127977211906 1481.7808648845473 2.618994863147095 66.09137733434855 
275.3514690562168 433.8575455357919 28.27884237396605 1482.9765818119986 34.58547072919404 
912.8253319392667 858.448573338072 1425.5859263890381 37.559528870188096 1470.2545707548775 
41.37185679964628 1.6277517466758429 57.28961439518804 1313.9474978965065 1348.704623015262 
163.83733495305773 974.043441566839 1185.6460654612188 1475.1808209303822 173.36633275701766 
880.5292158519255 44.421772573869475 201.01494259418618 471.77387480276195 1397.5016269973107 
70.09802913271623 105.69214423702844 134.15531290780376 6.289893877871322 60.65553595979639 
799.7560968744655 945.7669299410812 1495.568301331854 526.3091193261705 36.055689810550405 
803.9169193250101 992.0989760610646 1375.908520469821 1455.4437472279772 1345.953546980597 
1.6540483595515187 948.975519039576 141.6303548453845 340.54897994328553 378.0068511360158 
115.86230331476021 9.392867337806422 1156.2058418878826 10.406362228967513 1495.1246251387504 
959.85786245829 44.41005319790203 815.3145610478211 41.15044636778903 262.0893064293408 
995.8541329938215 120.0338034961016 1311.15058088632 1040.4877100137 1487.5709088818678 
179.2128607758493 62.67050227354043 1125.5616715312008 1318.1883304516782 61.74859856362458 
29.70586903144423 911.2340533688465 513.3155376768157 1421.0884291721125 1406.3138425592308 
23.923537938941642 256.0660982961387 6.666887846826897 59.27297654115199 1458.1087596371142 
897.2107519220344 951.7759144792415 418.70849810020644 1182.9266368067797 59.967085265204666 
91.6290028726231 169.03916583758493 1497.766278283934 1130.572954953781 1462.9067160877134 
841.9669939987855 117.95359018655738 94.151226310631 1389.5769752797262 402.92990935740886 
426.89040306201633 927.9672466602572 263.6848541537944 229.08137503688465 1398.6880546012683 
970.1394563696516 78.83233996352246 377.3696791349027 1471.331039841563 1491.393606235224 
109.77138669717957 871.4246955472121 1449.8577463825823 563.1831795827775 173.813786350791 
785.8651222740468 37.62199109690734 37.93921853166904 323.180527121299 57.36332977395481 
986.207738566832 427.4117520870261 1377.6581792406319 26.57897288958938 453.3607478715385 
903.3456846416227 767.5919274471147 1481.1786445449925 1485.4389239579195 472.34898102567195 
159.5268130720624 909.6343257401462 1488.160606153723 887.0465889599938 1364.7117608267474 
69.94242656999661 965.0128013731228 38.71141058377425 1138.4402931399309 252.32441511916426 
967.0695636807487 836.1593438147977 633.9020863331447 354.63310600647975 1488.8032660006306 
54.52028551754151 69.7793488660059 63.29188041742723 773.7966188622901 454.3827700376302 
314.374173690218 22.764732157459445 895.5954498360746 1484.2075227522791 904.7726037500007 
236.08607065488684 487.0466131355613 854.6608417487126 17.592126882369552 96.2331632039039 
953.3873310998782 887.1852331338312 122.17123785830253 1416.8996991864317 741.6241902853362 
564.0395885828087 435.63034246331256 1408.4043829080772 149.6536219783594 1469.7354228069448 
895.2649221414567 940.3989166493437 1088.344143039639 20.236437755070668 68.44586648709283 
389.05567156547426 37.93481159307432 41.742387481706835 41.523493764328734 802.045178566314 
125.88169709157637 663.7969832831703 1487.2645750065776 1485.2389257531686 1311.5857084936772 
238.09398682396855 955.792993456273 24.96074673474985 1138.1807615717753 1445.5660485973738 
833.1077556772641 116.44543476985636 999.1122011008997 1097.0995954005227 83.71659396318482 
22.027159546623043 955.542783610693 1074.867063026473 374.39326156126606 1498.1682552828233 
555.3844979443002 921.7443881527528 179.71509989340566 80.66404608460887 117.84052754284885 
941.7980447237572 65.91583319269922 1210.9938600861851 167.89779426422697 981.9957479919415 
116.97324362112039 59.34935294007582 1495.8328248961204 31.307919235811333 960.492287456642 
994.3111265952191 602.4029329936892 1141.4081728103972 1375.5487507499133 1484.3935871033946 
865.921643517966 432.3161287761779 36.323287114140676 167.806604556761 874.7700547688571 
74.00894793397671 442.8210571851413 1131.5997648723778 1470.5409039088095 59.80146153784982 
6.282781076237254 290.30184730864244 533.842281646619 1316.1753003804088 1498.9349876461374 
908.0918053893657 483.50223587652954 175.8693775253416 1383.9680344054843 52.59187907251972 
470.6616467516355 912.2217389948157 1248.3978585314298 62.744932827043684 580.7013147537655 
533.6801251358658 47.0005450653441 1431.6332769039004 1030.245304396564 1490.6475768524435 
425.14401917636013 964.6937129145737 809.4068927606579 1495.6176609725474 727.7433833385109 
376.8090016944691 12.102124067454255 453.5954491025779 1364.7059261835147 4.113517065347905 
989.7076869812615 467.62031706218664 69.70998630183296 1198.2934299869976 1427.626156698753 
22.750883000702604 995.553126934431 824.1467240778995 628.0387757753556 122.91361536228274 
576.544938280356 32.53582580122016 384.97330526097096 59.9188153024961 1417.6220094695557 
408.72090681900386 29.781863790806383 1182.1995491525686 444.9691715585255 46.70707078329789 
98.34729748211224 640.8338563928429 41.210918188903435 131.59885367274987 838.1109209183331 
993.8921986575713 833.2059968815175 1346.0345361645418 835.984295240058 888.4242841783735 
972.9106379682469 885.5812741194849 954.2664499358265 1455.0771127692278 115.71915189214693 
883.8132845333294 944.1609839493398 113.16948566244045 485.2176976939344 1390.4808891638454 
32.47357546080032 560.8093844010276 28.779110035259624 1189.0000473279374 1016.3609670419526 
25.196676503280948 5.658324049817032 628.6631974521133 453.19230412585443 1088.0272244316782 
795.8555380292186 128.69500853501714 1499.868751759493 32.78759717272817 284.69278460133506 
98.07402515289532 297.1869772573724 1435.6682172586522 1005.7557829466317 555.830472869418 
208.80138990683668 996.9133934030194 1267.474065029122 1488.3156159371679 1430.924965581532 
598.9727568654102 307.7261298101821 184.11031693662855 1482.8175563952675 1286.8310323561568 
989.3483784361056 417.98400013962754 210.34236728013667 649.0858168521262 148.99619305486743 
9.49321879441245 168.41107723740413 601.0793936494913 778.3295267890225 33.840883954109614 
879.9710332574242 962.9870367511041 1078.4944691383712 25.789269177207142 1000.3634611326223 
48.80317573270221 38.47946558863602 86.43590590203942 1460.3717102004007 853.0847038068862 
449.33625275642544 659.2906859718674 51.75131578334574 49.05705765967811 1486.362259723467 
41.059248937046156 379.63521958238846 1457.9031996922733 58.37015071844992 1082.0782975770396 
620.6387275569602 611.1257089765899 1474.5389007012766 1272.6183513231772 175.22073319297448 
120.51237645684665 80.50342787540244 4.228490640323656 766.4196721132769 1461.0891735935386 
962.6749962409164 273.87737532198923 1247.3155183604256 336.38397912254624 1462.3054457206033 
418.11324965612994 416.37007333675433 104.68346896074598 63.24188414912035 80.64329880943716 
957.6880801721385 58.00580761653673 646.5628182618369 1372.981582968926 517.8101962392207 
57.98269987596183 880.6674918837717 625.6413388253492 54.90063604309364 143.12141978969635 
660.4618574406827 833.5189457972947 121.14040728267867 1416.5083104081436 75.13397641141556 
649.03488892936 994.6827009378749 1467.753759752412 899.8175602860554 1308.254864580794 
11.709872721419433 726.1605672779889 1441.6086495960294 1418.0893673614478 306.40117426586346 
778.6584280476571 918.9314840734066 65.52985917674742 457.1953837899657 10.31717144243216 
15.638836382866007 128.58326972535218 962.180142175298 33.15329591434596 307.056891910445 
914.0967717742841 171.64300288978254 1239.2882593978068 1415.8712158741805 991.6019221151471 
37.1969578453768 103.85731742306336 588.6769737568716 13.184576300987905 1493.3334022101546 
982.5067964784897 130.04292364521353 95.24018320349181 171.71394342489992 1023.48439741708 
102.86019172107386 894.8542598786923 1449.555722010121 300.0619563921188 1172.8550246280306 
837.7598802172951 962.2549497678843 726.2493286721744 1196.8259634570118 1336.7270150673382 
99.30803597946303 351.2201129393494 20.023194058415516 707.2203873477275 57.22493251125843 
722.079366739053 87.63111133442104 1448.8581812021923 766.8270278817785 551.0508586543102 
557.8096683017036 529.4505660331314 1438.7434653156308 1478.7800571509038 1292.4951352588594 
821.7168230572277 408.30939315966566 607.437861214696 44.51095282094097 30.49437677566197 
1.9043583070185166 30.45387665028909 54.29996529785153 146.65748849392762 886.0546675157902 
570.4185037253818 925.0453310632035 771.6653606139919 33.30018035230592 1391.273448252747 
389.08887288318914 996.1768430688844 1349.9589731895624 1062.355632865418 111.05397251466248 
985.6889296071006 67.58179277592869 552.6023878612575 915.7708468602502 1430.9150759348634 
948.5857067926686 940.9036508398244 1484.2884623605066 404.6969322196988 1498.064045702767 
