748.73435866448 718.6298970550243 416.0042086460812 629.3593275844113 1173.736049818932 
4.054265891486719 101.87421071332292 1252.0155295711068 1002.8388533313396 17.000113326482158 
14.331418970491727 937.0514562630863 1459.0060413261897 1404.58952885204 1489.4739100078077 
7.804845720050357 855.8121519068949 72.86559277416032 17.325032810824815 87.91129453965036 
989.2515491987414 77.4831841590834 69.0731187292462 1275.4351429198744 156.24276180104042 
955.9459970697743 21.444316622704072 1414.5520476790314 300.97737906655817 1380.1577499155753 
816.9780981440566 972.2631277288766 1489.8020178278027 1053.5005788624085 79.53650889083791 
4.798417864156024 79.14016672164526 20.801461528476285 152.4996186414303 1144.2297142966634 
164.1839888638561 955.3261654732928 1379.684397024261 45.01010511557202 861.8295082292279 
323.5528459393003 58.24288825825663 566.4526941733367 1468.5259380822233 1286.1391139564987 
383.5198045342285 981.1223852475791 81.4231083930318 1411.6336075701997 397.6939619110457 
968.5798408502214 164.11799213372836 1450.6779528359705 403.84251886731465 20.710195534165145 
924.7217004797059 762.3826960677106 20.44858110116532 226.04762061586186 47.13918425081703 
997.7577288425653 987.3673950135185 1017.4290504921294 1418.4969059735895 1391.4276406913013 
101.747389118927 127.61159917452159 1402.0777969983997 236.03201685343927 1439.8841699612021 
8.49198650571925 60.198760165731336 82.02378761452678 1192.3540757103567 109.50483906163366 
529.1170019681393 18.103090713622816 219.6928144629749 36.12587016978325 75.91523911049963 
857.1147461798058 25.24855955090488 1341.101800322703 1445.0604706600386 618.9185586260268 
867.742133526335 845.5073413912447 1470.1887964586383 113.07920674478162 1406.0958767717298 
945.4311958504725 39.49879400286349 61.61674141526197 725.5501063181867 1322.8371639080076 
3.3655154861609304 624.1156367245353 105.75823122307398 896.9438159937416 1446.0371886648106 
71.16900954923399 34.87556001312664 1020.5377992126048 16.417104035103435 22.809947518436125 
991.4399774566308 986.8827385661563 1058.1933659665124 38.16142836899711 395.1954979925363 
189.84178617420656 868.6685675648083 1296.358198198426 1473.5628984759824 471.0075554358687 
67.22670514707707 63.40897336483064 1430.8475774919964 1326.308340574218 1268.0188578011425 
629.0530376576 995.0341739694129 71.30620499743733 1491.1749402335006 1325.4460258224976 
853.2397479264074 410.0004944497642 1322.743453586855 1423.4498093535562 1478.1814374955086 
281.1235998778564 962.1482505510337 252.02716447297524 317.0995677682121 1487.876479929056 
600.4408701393995 428.4855220909063 642.0713484011634 1490.1562827317905 26.744149622086265 
995.7300169853162 40.39390667297771 55.66006062288598 209.13917946120281 324.84795907118007 
32.08992819068579 685.4305373270244 881.9586564107517 625.2820097734896 36.36421385184702 
407.7089305543773 32.770796834100445 597.514577770364 31.0315095279754 1377.7141694711233 
36.89321068047591 880.1590458037695 1471.211235933662 407.4714859387285 1497.7324959808473 
19.11240268107184 91.00090289872065 3.446598068227502 14.044256377223563 96.19639082760378 
905.8990362518845 795.2559647744298 56.57464978827165 60.496987127202914 1047.4157322558162 
983.4627462138997 861.7732548963068 857.1798181823615 1414.5541013018142 156.5895220033434 
468.6506631768852 460.6737042188402 1370.6178559904245 97.04309266300176 362.11862687292466 
841.9773541771319 518.6349061492289 52.5134487571225 1392.199264973647 1408.7858073765851 
55.56309228944667 5.342015773212583 78.38757522731666 1158.3052800320909 882.2226953593779 
979.6569806273011 44.244354944484535 839.7927121710375 995.762511905909 16.552282058024726 
121.87408931992105 971.4260870276665 364.30578000175313 1398.3364444079102 1110.8342084677847 
960.0415493803162 546.3437111341503 748.1493310558125 48.41244487760693 1450.072282514313 
912.2492580087205 983.961841785302 1470.2833882404673 1413.945949846409 923.9586947294184 
417.883429473723 917.3886526336893 378.3891408680618 179.65962341620795 17.37973439692775 
122.55950618475009 34.25117858518356 1489.8751422460034 1253.347375783103 523.2339105590441 
967.4619014957935 845.8778809298923 180.22507176960315 961.0356271778421 322.92853704741503 
863.4004540560663 3.699252728543212 1267.6850589618277 1495.7423558003961 1330.4535306916969 
211.13307489852562 768.6820186490862 1468.2558853460614 854.8449199351846 0.2280694588094323 
0.12822902246456547 482.913844067144 72.58260895830942 54.741920580150484 1108.5087182955072 
999.4779546139546 240.44421907450996 1270.402354414061 90.18975966927533 588.9103671628932 
588.6291955760067 931.0930042310977 1450.4115998194677 683.8748275432256 1487.7992496861575 
70.07989483152232 755.9926426525627 663.8684040347151 1480.7218910864544 199.88466346655375 
170.44795057880734 94.33051977173501 1341.1135803060752 5.789652434706083 655.2268417966965 
598.0372983493784 19.316177664952306 27.4973811608889 1212.5301661633912 496.1251771198123 
325.99547596812596 620.6938226501436 965.0636747863363 1482.9400639029016 1466.9451263681433 
135.37131529044132 491.82180076759283 17.69941181111395 596.7988003384556 83.28922683354722 
856.3482949778205 160.66792309928334 304.9083009529957 26.4770394983721 1172.8082163202357 
965.76814198632 505.1959254735737 1443.2762357015445 1284.316680747525 411.8484063662493 
74.34938115892086 922.7455682861594 874.2726933413487 24.846890606769534 507.12789394147904 
21.20904799254275 0.686468980660826 879.0658693717181 570.9459774900411 934.2781327479564 
955.8430975448413 910.3908129321468 1492.0709227489072 436.34505294086875 479.05974457783634 
990.5854952613682 350.5362608078292 495.9102567292278 1463.6779136673433 1071.5631856115858 
655.3579687250442 946.1465059954742 735.3241773393733 40.79276843374393 1441.921802005654 
457.0115847902346 66.97748540131442 1246.8776397265858 1138.8138910212915 0.8880246493229715 
14.838860969191959 582.7261382745547 1481.4746556083232 758.0553113661315 925.0969081994524 
292.0490779231263 967.1101000279637 161.42682038022892 1007.1618247581356 12.959360350863813 
326.64585794106006 113.14546343922405 131.94061440227745 798.9486913702381 1436.71685700229 
936.474725460624 769.1505407678538 659.9134044783118 88.54364432587458 16.318635666037864 
622.8164191022183 181.48233689025906 1378.1324038834252 783.9329350404925 1458.6869843042807 
174.47897109187548 312.9081264566331 3.4289957850314745 1363.5910424823046 4.732707666543822 
97.63425489447042 868.5877183223915 1004.957966921949 72.41335663054926 1443.1573257611794 
993.2092762144083 960.3216085317694 596.5027523917696 1440.1541246475654 729.1942790215703 
324.7141361930389 128.5309314918156 1468.0975292468722 328.40116352774214 9.094969913679362 
450.5950444008665 21.02058786529426 56.48372118489004 50.053528756078656 660.0297524454888 
430.24724126302016 889.8582671448197 1478.2054256257552 1385.0340528161794 1430.805816745207 
986.1417569031129 35.78599953357686 851.3289412506458 624.0997362559388 852.3017641271115 
201.0991958556785 803.3866944904674 74.23624955004665 76.95133199571774 936.022598802707 
857.8190862601218 996.0165754164461 801.2278228977119 831.3396910260815 1498.2896858026163 
397.29436150887085 138.06576547052586 1468.4619512864037 1477.5912970062066 1422.8867257945717 
17.312418165884914 18.104907463537213 698.2382551800745 767.6282085267342 38.77712795205829 
613.9523565928323 977.198426503407 1230.0016602242624 76.98092186346128 293.11822230803136 
5.55276586197373 161.9125786950295 919.9502297348513 57.657036024545135 1366.990171301814 
47.75256714476017 380.6319676084564 298.471502908149 1384.3751122034785 828.2863878164183 
602.8064748426506 922.1686598698054 1461.0679347579019 1494.4236817802612 411.90658906150566 
874.7279860061578 963.4217631548363 69.77754441258227 180.73280257760243 509.6556126808134 
395.31847644835335 921.8800272964162 61.22785129797714 952.8836185133549 1448.3437285557097 
5.201843597368194 481.79735240650155 1285.3466519963563 16.93697853926229 444.07368102409237 
774.4985658215865 72.62880551016492 196.09863279874284 1318.1457860997184 1289.0572870260532 
996.9483469595109 624.9351073977807 1424.0662266352108 703.3973479795386 1225.4212299299365 
789.3148966807149 363.211915861835 176.24730566776358 524.6411136175318 12.110457500907057 
3.0941636601835576 9.31407904667092 1494.4937705308378 723.1774276151846 1039.537717255102 
7.411479119645459 505.6689042355462 1421.4021219947244 1289.0506738738118 517.9477836790342 
700.0178612577272 43.12444594731535 796.9313510278599 312.18657563760837 47.74943880261001 
498.1999893537397 105.86175705841339 1303.1105648759465 65.09380912986445 1256.7868126003752 
50.7201542296285 974.1616067233329 1061.9715800408833 1240.7753544119432 1029.0110449764816 
987.7985401887673 416.2293466942906 172.5865370879338 750.060754026861 1371.2949604402686 
8.71497748678185 9.171847898082897 58.02134279964138 450.54883290349443 205.5850307874595 
851.0126409483836 107.84347730624245 854.0308285814801 1499.438650618583 319.8115980982917 
658.6326570727773 962.6124988120222 123.03167129643872 1060.6522583636367 104.72071998000354 
934.4188132049849 957.0137778394593 667.4786493670972 4.991696986491712 1265.6302984008155 
