198.36170386344466 358.87990546197733 287.4052532375343 789.4438798684771 108.82177820779081 
971.1992783444201 824.9583971566814 1422.3122658704715 1258.9545076482777 1390.4841029721138 
269.6356502640634 178.13340991603843 1372.7227946925946 36.09030532305929 1429.7883256908603 
995.8521189413209 973.1674719518365 1227.8724999692586 169.48392614246 162.52063881311912 
83.03707108851111 848.0869485378297 225.16078245039944 1475.5984674072508 1344.9032245352107 
937.0605511011546 210.03495122179427 19.21782311979625 942.8023916604061 1271.9700246808657 
123.59095466857706 45.70903355164402 1398.9696566289492 1499.5077074588949 957.8297055683507 
9.099468275285517 979.4228547022349 247.47964395830445 50.32765929996269 1163.445689625387 
343.1938616078736 920.0264860347593 1430.8496010131717 1449.666882453385 213.55481138711036 
806.7958591612606 24.0930266663667 958.3591958319477 232.6875325236807 39.65947426743088 
874.1413468957168 866.065388077507 88.56718617995656 1256.0424205549364 223.22619928328425 
91.33733285518275 16.347339815381055 101.73124257447047 498.621639860803 1428.28283482942 
852.9172328836744 996.9114634236832 311.41253142944686 351.12068278946884 1456.1003365663423 
889.0141810169065 17.70387324594025 1462.8828391108848 1037.151404202605 1486.5647358154822 
11.24465689418075 937.6468510417786 1394.8903251540094 1140.9994927420787 1480.1996249722051 
35.63489055031121 397.2951336835315 1249.3099699349677 139.40483689622667 68.46314906395328 
710.0532289076756 84.06315096298012 728.157994330047 1478.3657826107992 74.38754783416185 
20.984691994139105 983.0722988273114 262.2120834653391 107.67591807300708 145.75025004632275 
952.3030002569326 75.37422041968401 447.0938031309145 24.77147747392311 991.1056926828004 
216.23522539755356 988.5287797198791 1416.5302124849045 153.78949852314676 960.194456136567 
118.04910813152702 59.88102251036631 248.41939951680808 1470.5017081234907 1002.5327411008903 
496.03268148115353 106.19676349380359 63.978068145800705 2.454164565967476 34.77043406187757 
946.6009252527565 960.5149452422904 1442.0584166858962 1313.0956721326304 194.07737685058495 
223.398594821132 996.187175514182 345.41687116823744 1378.1910767378033 64.6447600424222 
865.1823334361393 977.4785285384512 261.7143503060982 1394.398687172656 1246.7865069311736 
994.2225743781102 381.42408862513565 1397.4199194452935 202.28223093115523 1207.4116689541995 
39.204372425741155 21.512694610263615 104.66240900086265 1328.1130625991834 11.039998623272485 
3.822444391670121 92.9531207686799 1344.4947570009476 825.8455655151198 137.6826817045158 
856.3166651732768 818.0356403951051 69.04628279934344 205.7294339406488 699.7152056189447 
967.351356355142 248.5952469436833 1431.5994250515923 1332.2763634991454 689.3394545216528 
22.30920192504593 10.954885460243258 139.73456441883553 78.9767931042677 734.2602168053681 
998.6576140660031 977.182696523193 1022.6889649389431 29.96976484456304 1257.2155924166432 
551.7503725085456 843.0088666010747 1488.789014765036 43.824631120063906 22.73646770711141 
55.377579203642725 17.086367062483788 1445.5359635671152 785.9118276250837 1344.3705947630915 
481.75826560355745 528.8653009079013 787.7625313613328 1480.8532398696777 1486.3955337784394 
967.1600728171974 267.30360663501074 27.525299982450846 336.4653628468446 179.36602908039856 
196.78071818574705 452.85149420269545 33.011531205731636 78.69426934839908 1408.1556823773174 
884.3772709301228 1.3915407640371358 223.35994977406338 1306.276590575247 491.44574734651314 
58.08989815877889 985.8121302318734 1084.4320441108619 1483.6997048823707 830.261524448121 
986.3138348970863 351.2832695058648 1249.5870089282325 38.619078873301525 31.790097404248264 
483.13705526071317 288.13249951220666 1357.8357861068564 1474.529331992861 102.10321095088526 
503.49292052705266 821.6625148899166 54.255418932732226 292.9518079998172 34.30516419887242 
35.255773008546875 636.9714256749629 10.740003663258612 1224.145723936875 520.5008105322255 
479.4259764257629 172.1063857351061 137.6023568565724 1451.7791428371181 1442.7873250798352 
597.6785223342705 842.236210093453 1344.233243052828 634.3930028127521 1463.219613731251 
157.69185496553362 14.97918942596721 700.7847699954333 50.55468966397642 102.31706571659626 
889.9941054870178 2.2666552260993678 1227.101790173112 49.7942996337225 901.3137335475546 
52.35830147276577 859.1782596985212 1193.6286514977658 443.1897853138694 301.25843572881877 
977.3698596201959 243.89397385889987 878.1491477651471 1414.335658510095 1344.621823033547 
67.44981988468845 351.9675105723581 856.1463536478211 282.0287218512774 1494.450866447198 
964.6000209042722 966.6379084498233 552.76149170916 1068.7643500349716 87.55072883811155 
548.8378925000682 932.6328489959508 1417.4952570892876 1490.033411005384 1318.9091189617438 
375.49744097340766 976.1609102488077 340.8369519384086 513.316567900259 1451.8875438384598 
56.586803985538616 305.04045125251656 1496.2111232117259 90.9601350582771 645.5270050145883 
172.8400557523011 331.7311155958673 1438.425627093007 1424.7624190297695 1445.652886126766 
643.840078630183 111.27928734259207 136.69327704102423 182.30741623643888 1283.6717487026474 
784.6753768877483 120.15108066586899 1426.812999457759 858.0151125169155 204.79697326865337 
50.44761155219079 646.7115494672189 22.24916325984505 15.510380755524633 619.9981700513844 
40.53091307424938 552.4193919033745 839.1728343348889 1215.2461586669663 39.06333753256824 
987.7197284005034 727.2818215597899 407.54812428169606 833.623766286974 1461.095291894826 
671.2502966239307 26.155442564935182 59.50512185326162 761.7098727999604 175.01212024618073 
47.45588545863488 282.2757232414069 163.41945338167636 1075.1771425541224 1463.55067736872 
973.4443742037336 841.1692590055659 752.4414755127933 122.56481796097957 122.74992481904151 
882.9271917754622 862.5517240543718 877.6806698776801 1497.8821298665846 859.6923776088946 
353.4750376139089 555.8963507225945 1468.130130285878 161.3004070443223 1478.8070605379282 
19.804830670508643 56.45130550931798 180.2150456897972 151.60895815172952 52.496546557649296 
11.765139829488792 756.1458634126648 723.5242849239917 31.88221211992126 4.565655942861624 
425.0290891458851 847.9226275340752 28.521153192206384 1259.314231838437 1405.367913460896 
151.29050559726488 521.2267233212491 1460.4541460250573 1491.645753176447 240.99380754420068 
957.5643342648457 512.4182314252924 151.14573723129533 1180.4505559200004 176.26647382949602 
927.1099057151762 834.1017896861717 1464.3337962196963 796.1353089779226 391.56800715151144 
36.711969574702465 957.0221459832918 1393.2547141538616 645.7189780433271 1388.1578955942402 
925.3863581221306 65.06731713462221 1002.563294778523 644.525897468431 1403.335991383765 
937.5109433553711 514.5729235343048 241.05298729958997 1.5829925981806214 935.483318675721 
35.51530769842471 3.8869347972046997 745.0701071636294 468.8078589661502 756.0589468898673 
899.95998659438 411.75349676686 1458.8075218211372 1425.5600319260543 171.4220880681731 
967.0826820487921 848.5743642083789 1429.0358910929256 605.5363997671773 1429.1077864467725 
3.0616969872794275 218.0182298518385 707.4541207416354 1415.4293831617344 319.21201642339395 
371.66684194892883 986.5327758107574 446.59923507370814 8.179048850497805 989.3502476655282 
92.36100381368728 933.0708262771509 176.17353143842456 1415.461061595609 698.8344006487189 
454.53477057991665 26.135763537702307 1217.7046195669914 167.26142121402876 272.40180452006217 
970.7026622994524 983.9411144955156 272.70525689634337 1437.346560572702 637.479998832986 
689.5046904389225 40.87923133220583 1384.1260572388237 1362.626899758648 1216.9285724989354 
192.34382749265367 901.0022242508174 126.04160681585024 658.8705577053142 40.669432428308504 
719.1702609008511 2.2322683514979236 224.26179600151602 1209.3535142393528 1376.7092152173957 
483.4396209962636 752.5515396781603 259.2144752851037 1488.3605980375285 93.34801997937842 
12.205906635741282 468.13598182942826 1016.4397653938782 925.5685290452351 1462.7396698968405 
921.0974462446592 827.0227578116971 1397.8434469538756 52.79005956517903 1079.5695699750775 
394.02308524499887 51.757375840115415 1407.9357107386597 849.4218182724806 69.51481689220951 
315.5616771727833 953.9541077277091 924.4479251876618 493.8277717130455 45.42334458097547 
952.6788659688896 95.43908776896149 1448.7954685443453 454.50790975836986 467.285845265961 
403.9292448206081 1.037357697600494 133.69740626144815 72.97536381089203 907.0175845622747 
41.895245456141204 760.2583306276179 728.5832002745334 35.64550089535157 1185.7448833976305 
339.06966654803773 1.0247396630211902 320.6028176731085 1373.6468374564038 283.73936453386045 
802.5010887743916 437.5651565894241 499.20277750017317 44.945718594389504 104.72097391344148 
342.1926280051072 35.49717664908514 1116.8487871789782 748.1680166323587 1496.024987243817 
503.38943960367044 577.6747575396755 1474.5515772254848 7.630000351779797 325.2356242847826 
42.08569009421548 468.382732164474 8.979530568687222 267.2525565262354 120.8229153043529 
438.2819917222633 961.1881356438835 936.412764652646 1436.1891791058395 103.78482817862 
999.8075640609889 457.2846159446365 453.1190418096233 1266.0199673967988 1452.4668417924588 
