121.34556607186985 412.96040651127544 585.4271409744009 103.45154428928971 620.1402391473027 
911.1544153823683 922.5643884158421 1410.8055450732202 1461.3057483710948 1389.6020643359882 
913.5579884315155 5.309032783369805 36.25347252621791 1412.852140173089 67.12224335557454 
144.45299140751123 245.10717417342198 168.46923618951953 1497.6241245478384 1464.015621683119 
983.4767853501478 45.978702955774445 1274.2603280429555 70.62300249843639 412.44886672363515 
153.98473075494888 986.530371124183 1159.2527900887624 1408.797691207064 195.6936214021084 
810.8938348766917 960.4955597713337 31.325795057738194 146.82771202694667 103.25239717131207 
907.643741011613 925.2766596503461 1283.0043774957621 81.41993254707441 1405.0489768368748 
585.8669400250852 6.498487231603511 1374.6736925106375 1437.130624945965 65.87669674804548 
844.064569713563 11.815784251386074 46.70561971201393 451.2728481973394 1250.7419777990162 
9.35415621311375 932.8494176251285 1250.4462232542103 163.31027923204772 1412.9870404307185 
993.705981979676 943.8931541662796 172.19613794356454 1317.4540902956512 1391.2295695690943 
9.572680211746952 10.580955762615641 1146.6973668120418 427.4984891601122 1487.2987518295613 
6.564894790757614 87.58612619787343 1469.6726774788765 211.20145501652715 85.22279768119712 
995.9616868888834 164.38794828454374 1213.2429998854775 1458.8780274206708 1421.0095084341435 
892.7814967565831 852.247400516684 1450.79663889491 1264.4528140289594 7.0917573339613345 
23.849134472807897 97.25251910763278 310.58872831367563 1493.3548242460065 295.83287016730486 
578.6127801358483 983.2164513380138 144.1697304484783 1355.974610558635 27.964693592153587 
987.2983671202451 214.76877453505205 78.55248623660177 50.37106425789839 127.17008840028487 
43.16451036446156 996.3481713056394 1161.0270012743626 349.2413591263817 23.30561308934459 
76.43794511480951 902.2450762834694 778.1272640778927 1243.0409587956126 1477.6062264363707 
112.50315744294159 12.514771822547676 141.77780663599964 4.354522253570803 48.55493614764445 
745.7991571006046 811.6128390984032 246.53050183962688 234.69818744543386 1421.3525100667696 
913.2029047283448 689.7499831777795 1436.9896784553212 136.0169174293519 218.79664891938455 
956.6058754487949 70.16239597130568 135.1173913171828 1412.542854355642 1431.877922522706 
65.90145097309907 23.4831059051438 5.388131815185993 9.985325973902338 1123.3738128442305 
862.5308317549407 110.61347641150343 1463.855779713159 520.2184872415869 1400.1243271346154 
251.90434396982081 217.834628745337 1452.2741106028084 1341.1827543296308 903.8009236346235 
55.24423617932817 898.3029886538533 93.05240262405661 350.62952780138386 723.532938536778 
988.1311678643301 515.9128087575696 325.44200105949966 1489.0926672413882 376.9090320659004 
51.744402512365454 441.69842940908666 137.25968143941802 886.019315877166 37.21456480684482 
225.60338675336044 932.7532765223281 1478.9631766973093 1153.8876194073382 1309.0108648389566 
892.3765478934095 300.7471947206709 613.8454022325465 54.10762235353489 1474.3199762798426 
421.7911981242122 880.9565561789876 1432.3459417339393 68.27285190962706 647.4803680519609 
492.8394171914183 763.8406437311235 64.9402687972589 1334.7255503947029 1454.060129359347 
994.0135821297689 939.0150430855717 434.3118786145744 755.8586320903078 127.84578255068796 
993.9451879924922 28.84817847285892 602.4183684641564 849.3129862470793 366.6143879104025 
105.2340631509544 878.4355699711306 397.1824003898813 92.69126873362104 1394.3837152522872 
45.84995271705239 266.08047429527704 944.8823982182769 1398.2130026225445 69.6829374453215 
565.2889906226771 269.0214416024547 1439.1134328557125 20.961190609788016 66.38498147224075 
55.77730489981303 752.8679403243375 167.54501738671524 36.77321464770345 94.95700053476158 
976.1745891924638 399.37016056920316 1453.6652902877443 1425.330692888793 822.0509241004601 
113.9333762275857 30.711995779596823 143.2213458416803 637.859007453616 1352.0953513157278 
197.28368813880306 43.11654461853986 1397.3567201167382 59.20650309292797 1319.1283909797473 
996.1929641427586 960.6092504006051 1075.381027056534 773.9900636081903 1475.4512881488054 
566.2549975677172 16.413729785826668 1.6180187675415292 495.6120802474696 241.69920340291955 
3.581376604295361 840.2891009240781 157.54114405289383 1086.8213129783317 633.2351560054564 
9.6383530224734 577.0809673872468 1427.0677712591923 54.54284524542802 13.490897788110633 
240.32617644355182 288.34307435830635 958.2216646027455 1474.9435496217834 1421.054320585438 
908.9868490581407 994.3519560440886 1143.5537855938621 1392.1723747197661 619.8507321192461 
997.3680394683968 144.42257473283593 1377.3851171314936 542.6292046151337 27.926792096544084 
668.6297460956866 660.1833455150252 46.018690767738626 0.5673555516824136 722.3729620020487 
34.583653363299824 8.857900271598162 1410.2536442166677 851.9740674169933 887.1767475009145 
220.30462265780048 29.024904185318 19.72061676490431 1317.1360471366077 880.0364125324902 
970.0430794824032 952.9868256750156 626.0641559570479 119.15983890791459 358.38760498513466 
338.649603472919 579.2105995267301 1480.8571165081355 485.65093973833814 1400.2374347019772 
667.7837515606024 913.1578186808539 26.470358888078305 1371.6305403052402 647.9396748266271 
506.7254212531749 234.07896965818819 60.994745804407 26.767098257112544 1403.7817710489305 
214.66104537336105 696.8170863686379 1455.7972637191026 1440.568647452632 300.50804624250407 
448.4930897052157 70.2180553390711 797.7628093266841 95.37563628065749 24.61018820051236 
943.6020515470316 342.9715012997089 705.5385958876885 1472.4274933647534 8.544048146200577 
551.1663804258209 369.151290201413 1431.601647725164 1437.9368577364828 1494.9240740866092 
884.5381142809227 955.4750371670967 1435.2055529189684 636.1695226281552 777.9730729836946 
33.88411876230002 35.980588417035996 1270.8220214944893 833.5149177890825 166.817054268142 
944.7121318700597 461.3687561601322 186.6980323075083 1125.7308401702967 1407.6390685906038 
53.478434015105215 366.23754213559954 756.1625265158716 168.90380702822588 1455.6028928772007 
160.6824138173367 984.7265859285907 393.6317647698897 1299.9093690767922 255.658809885031 
989.7910649800066 154.38425979920368 292.1823692936361 72.77593049450326 874.9835291452841 
64.91162840793585 74.64728448471224 63.31205524989536 743.6767944239766 115.89922743771075 
101.1547141001089 835.1714084370876 116.77192458566826 1020.6034324471973 1266.1517059649077 
402.0142918206747 898.5214147883249 114.34017219057463 449.689212313765 43.88397536771072 
22.825048685070847 26.47528483539641 1018.1359196664588 50.20921064930606 526.0959608832804 
594.7905261958077 514.9039913405218 1356.6851418510494 945.4087176388069 2.9748218840335294 
670.9035906746972 886.0840645997298 905.8549112888338 1479.799463542311 1451.1546213729682 
859.8370434206566 110.51005173665062 1100.1906076197138 76.82674532560173 1227.6252076785852 
926.8403449678943 380.52095316994905 11.324206819322614 586.5230997081094 97.86700184319102 
868.1137945216586 60.024671375416254 633.117749403034 1387.3454686024281 1064.4861683139927 
965.8291378136671 927.432661722187 380.7284857621198 264.4026068368336 1425.9802686791447 
83.36273175148324 961.406372360268 1398.8749707352868 312.2186088322516 511.19985719664277 
476.77201043816353 181.29842482739988 236.50352254863856 1490.9403357681483 313.50765248573254 
941.6388907268182 95.09642800645935 1490.1613579219395 1047.0518482878645 1022.4283041132477 
923.1583979899358 680.4263307376943 846.4380701789831 73.82199726356504 31.765286520044956 
713.9653620817965 985.7230576775751 1441.8411561615505 750.5004582013721 1495.9112330087873 
24.569742939575367 558.8213720290711 757.0266874321558 46.854660973309315 1.1575919791667055 
144.53021337446688 653.6483649253925 1398.0663784280266 1447.3781342538307 1156.539863098183 
522.5499558970145 76.52941522741719 1444.0281070025728 201.5921366780372 718.3057634926761 
455.1123221372816 509.10900139805005 33.464351763171365 559.9282467709011 1459.8114314652287 
817.6165474575596 12.441205078374429 1238.0600206729364 1435.5098480599488 56.1593035795872 
665.311396187591 906.2119366547912 1369.32027064219 549.7296938543074 95.29069260142764 
937.4003172647613 165.38677001661674 913.6585253332893 17.132052873810753 21.96559641747725 
60.24305253110241 517.9075989483629 327.26014862768466 1484.6680825185624 593.497323780077 
916.0050170362151 977.3278087466988 942.1382594647931 12.560310337811798 1114.4192506527188 
376.1136770700082 17.067688604867847 482.00687756280746 604.2128036227272 1496.5927802719384 
976.4468640340843 966.9296144361683 722.7922983909185 1469.2753478160093 1155.6370816248052 
910.0492925844184 610.5681425509601 1443.6284589742918 1493.2325577815761 251.90753324655196 
582.1144808071954 400.601282813014 75.78181288047176 26.11327409254427 101.82717195212676 
845.8362729143214 993.7357082376515 22.579929880458536 1015.4864442641148 1244.048365508821 
341.1067018619319 773.7727067572152 1198.2248138090533 69.1128096002957 1437.6011633115559 
635.8363840418986 119.21381551271915 27.012465908827053 1364.1865106262933 1026.7801387634704 
78.34349062875256 497.46146676240653 1488.9209197260966 897.9114873567523 544.0334170926411 
