384.7002667678823 991.8355054553546 225.309369190111 844.7575663122475 905.0041080234007 
959.9011878967962 34.70340847573805 1313.7294605151565 148.45025780897214 92.40330609374008 
156.51366241908772 27.145336178745595 1448.745668057489 1434.5965021495524 1340.5835389365593 
18.318387097103095 38.90773754546639 63.84689270034188 526.4316942936185 87.54730401765998 
970.1324730535034 997.8903940948699 1449.8190389438316 1303.5240474090547 486.7580457958316 
995.0611799092718 12.693104702517942 101.57750278056993 1340.0612641656653 660.1112247894243 
32.58434938540245 680.5850118878072 1499.1712177593731 44.61495621982503 162.62850592982753 
954.7062643141729 647.8060094096164 1117.858328752463 25.262941286294303 1468.5965222357281 
13.94605771123869 261.6427467550881 64.43081305779003 305.2269046353127 1489.919166219569 
977.333665203524 720.5284491416367 202.71176180716304 156.66647472696553 29.580334934931063 
216.2823895183693 395.91846925657217 1441.2458956896148 1387.9712903807429 0.22886928503301762 
133.24086509648225 970.2417488670621 1409.4045790058037 501.38878712742996 1458.2020234083489 
928.2206694375407 696.807078339366 286.0010330046768 1488.1684901749857 1429.386378243613 
148.0038119538887 114.94307010013915 1482.8842039407693 123.73660901384092 1394.0929496674753 
83.26832517994043 914.5140057591556 37.41942165920309 231.72480561834803 67.32192743212111 
958.716237607243 81.90698766446958 1345.9884738357023 1439.9535638657655 79.70126212260747 
906.3328713196385 103.23313292332203 423.16552408438537 19.585776649970576 1383.647966391307 
54.25365054324593 446.14569711389305 49.24443424866259 1402.1230415002722 1470.7472750610257 
134.40865093915698 994.3100238830611 700.400860912567 1420.0116731688056 28.613877633203277 
996.9839479826942 868.5591046104648 0.5806767663202872 1262.2695860790477 198.42670179133964 
967.6365651514634 128.31072148366408 1476.210740287713 844.8657344882372 1290.6072502441082 
933.2008070633218 696.9869721019679 1468.3428818409093 36.39101946886758 104.255706195649 
310.5942200489161 109.80449559493088 110.47415475305039 1499.8968416613427 253.66834835115247 
278.4840434886351 991.9072857816914 1269.388650242938 1491.6322914646203 1218.9078006689117 
926.4911255595166 906.9102069294586 114.07549389003997 308.56980574054444 1441.3131221445835 
274.623786821756 3.3438318021346003 926.8864454043306 30.116298159821085 0.2953760195879007 
912.4749261389018 58.215856076812564 3.812652692065821 78.60215135342474 457.4098917145139 
62.39348842013237 934.4867966316705 629.7146114400078 36.07158071373123 1296.5089619918365 
970.109984983135 967.1031570371266 1360.6693159541487 1108.9873589802933 1422.633299077599 
75.16788964401843 2.0367884537892955 1161.616501640161 1141.8727395965368 351.80295200270336 
783.5318398034012 191.1150902857526 509.5129502594803 1446.331022491934 1467.0174462688772 
640.334949110873 953.4638556570054 1439.8986147901176 1122.3045442583461 0.37933945847784534 
70.47135987333375 12.580085940429253 241.18170410289707 44.31481462647352 654.5747433037101 
103.70211645724692 26.658273173810198 607.4758391457369 944.4143531160299 1355.3563066017027 
627.0701672322917 869.1057896209273 958.9128037818389 1.5488667463580685 750.1141307375607 
171.92667641643578 973.1621511904386 150.45318724233314 1398.1227618500982 1211.9417780775543 
978.7170613863318 144.33290503001103 1380.5514107754364 86.53457505548712 1427.9331674954965 
879.5501325003637 161.7455154170151 183.4729257349424 1383.7147681501876 26.966870133141974 
660.2310682517216 586.6490262309892 1482.8452456084226 1394.159779270169 1498.699639402031 
130.11908504961266 888.9771622523123 1480.6861094792941 1030.7320176003848 439.42442474368767 
695.908264238228 12.154068542424955 22.081544255720065 589.2258833705514 1177.0056750326348 
996.3724059746712 740.5213672813961 905.3762415866324 1426.3274274250425 101.938539790781 
791.964609821568 995.8042829261908 121.76102965780633 67.17515883033548 732.4580871901911 
279.501827791245 591.8702063111706 147.91104401955258 964.4501115890353 12.07335864863035 
9.374247069440456 3.041516797172128 1093.0099225993754 114.63313567699046 819.7743959005169 
486.9238307757756 696.0565076209124 1465.4470605065042 41.01422710976094 1467.5240838014877 
659.5028872244173 4.395627389639278 285.97493984738594 66.42723220913771 11.314431674606274 
8.179678806619961 700.9649596892122 1394.7021921526955 1338.4127891238177 1307.0730136996633 
32.26644897277675 761.1880006769363 66.31700231215154 157.39012869170037 1256.5452793726972 
80.77551608145983 899.9188470744839 795.5505139389752 450.0080051103921 70.21008844581583 
923.0162710108086 129.59377286826657 1088.9846303939662 1429.6962497212203 797.7149839524399 
914.1787915854584 984.938643902804 1379.9874432831944 507.597695379392 787.7596517657533 
751.7903262529599 32.16446473829493 1230.8891754504918 713.6029878380283 11.948081051350702 
994.8151337657349 970.4776290014591 424.9374682889528 1096.667237100573 1362.597119826812 
572.7347780619145 732.3141965523288 28.216192519672834 23.431450329658652 71.13979191520036 
201.68809829351642 8.13230967389278 134.52894245085128 1280.4894995683467 1259.1423148802378 
113.75508035262283 95.77864111927082 1388.1905494574708 291.5451076214159 139.10584807272608 
405.8255579668539 377.46840668271597 248.4584430057748 18.557487109734815 1454.9521680434789 
995.859298630109 182.07132428690298 827.0064739194025 40.05356832823348 574.5111542157825 
378.9028358766958 106.05549847597493 1477.7491135695836 789.5934530254619 1418.037799614083 
229.49521844888588 755.3304918055453 142.6133765925021 1455.135396287815 316.7875922627794 
50.77240536906436 424.97064772124673 180.09303499319802 133.04787568398058 8.14122963246755 
101.25338991492701 855.0069895266523 1483.1406912256161 154.5281292502747 985.0597294378158 
878.1798968159998 453.75038737224116 8.775635555487604 719.1662413608067 61.40867539327899 
13.775629209409669 20.624407822266157 508.28397089637974 887.9826400953297 8.545360314090257 
9.300863759895472 769.2916925247782 787.189758514133 1431.0618746826858 816.6845958603736 
994.9917488967467 55.61313199142703 405.59964022065896 724.5682469866426 1314.4059925367303 
745.1210826614239 375.75514825114567 1492.7531266499643 1484.9069376000818 275.8016190451617 
472.49761575097625 915.8728787579918 1241.306212290456 223.91124633891212 139.0704803345148 
552.7376822993397 987.6023654717326 766.2902557992218 1033.2151844839298 1486.6471578535184 
976.8293270092224 976.5466345793152 160.60887803340756 700.0612346114247 447.08705111116956 
603.3702463699658 25.441066918474476 1473.8808678331095 306.08323829599567 1065.7915682115602 
621.215242347889 584.9093993416677 65.95497973086523 1386.6806503812518 1476.4724127158574 
910.0074853550592 950.9807627893776 1418.342061677465 190.27573842036654 1279.5075284499324 
673.750428996613 940.1832530650428 588.504418653193 1355.9204890490967 74.21269735538777 
38.87013453791066 315.33722210495677 19.888407749719615 1170.3597558735107 7.107061804039249 
978.3604210017653 714.1316801415104 1324.8598276432162 1493.196465270065 1186.2542722793326 
6.4010891598349495 38.17666770592554 1216.017465551648 944.0583583702536 1453.1946763182755 
776.6259693378436 484.6731090694789 843.7107944742255 26.562313647408796 9.085079689516885 
403.6378021057782 127.91848727195587 840.0323207558606 1496.9786458760257 375.71588522458734 
802.1696017576422 985.2591841730209 9.481967749522314 797.4448308224274 1487.6837597084198 
118.18070015061588 865.8137446905387 285.94368511587487 15.54456183988373 593.9960230502323 
994.9427870824627 281.2183749406166 92.86648560615312 1477.3624371548146 899.4757147094267 
70.54176490941144 652.909673407651 58.992309108850726 917.8306032552128 1456.7815583120866 
909.2255785048222 60.852243677214425 1431.3368835699864 1318.9107837227834 1213.5466904330465 
55.40323692917226 501.6858126260583 1465.4336935341548 666.8291899572257 236.05676124398934 
527.488124841311 32.17150579765515 136.05361205846833 52.52272683042097 995.5078641334517 
408.5887303682954 223.1301710391357 1043.281328546696 1497.7101442724545 1455.6741618955102 
72.5597138797538 414.5212044744302 690.8920410203633 36.85436252004665 1259.6916323041928 
493.1375116574227 23.61229036079404 82.73155387136333 526.3503829198014 6.093411188481279 
986.3871321995385 585.2883685223903 1448.2346421753705 395.42095428842134 36.45510157953663 
60.150386960794776 58.15395876381868 1355.2175140867832 1458.4515436421777 310.1372697540378 
23.23133261447763 40.54522604311206 135.19302811595603 1010.213978617853 583.6909059936017 
560.2089579549942 917.6109368876217 238.3172860235576 1488.8207317841068 764.566808724581 
753.3455067339945 844.0491331534191 153.07237068194618 21.038036486051016 1365.2028197574823 
435.64080846572216 970.8929490204075 1217.6470118866646 1475.2260001501957 218.64083072626977 
1.149736212635144 340.9685685797749 1443.0866203077624 1357.6912992160542 1110.3887615656306 
40.03980646780392 3.9853560066882565 356.92489371874086 23.963652537774326 118.20317160126208 
960.9349624916466 204.442812578965 865.0417496020495 866.0656962094808 77.43068809770764 
382.7826740645793 124.41994529056066 884.5271775585044 211.85869019612684 1491.2090216007905 
