1 0.20689670811171185
2 0.21150055103502022
3 0.18435691263178652
4 0.18423873298898102
5 0.1719473910453961
6 0.1500825283739758
7 0.13934777445180788
8 0.13529346250022695
9 0.13225062366020082
10 0.14287431528126482
11 0.11353460865910259
12 0.11265303937074271
13 0.1072669678446642
14 0.10508144096964696
15 0.09569220588167629
16 0.0894335803147112
17 0.08921013184190103
18 0.08751067450634435
19 0.08570586764678587
20 0.08514002929330687
21 0.08023629883999595
22 0.0723785654667578
23 0.0700682280898016
24 0.0632381932894948
25 0.0628633645515581
26 0.060280656464364535
27 0.05704594361174079
28 0.05522903769283631
29 0.053524914720911906
30 0.05302104647015678
31 0.05255714362104791
32 0.052467228642085285
33 0.050435500444749246
34 0.04699619358127516
35 0.046576635875247796
36 0.04056254023420271
37 0.040475999363822
38 0.03754650104775873
39 0.03665438259088098
40 0.035859342632056014
41 0.035841697297351385
42 0.0372903354811911
43 0.03382071121101961
44 0.03324800534118288
45 0.03220485575466148
46 0.031233314658641133
47 0.03103104541930774
48 0.030286599823272208
49 0.028607938875435744
50 0.028111089714841588
51 0.02773108512533875
52 0.021687810160028097
53 0.021340779399450772
54 0.02142307312232717
55 0.021471044193833853
56 0.02118042196592734
57 0.01990833387901668
58 0.01979913055277564
59 0.019789685995265118
60 0.01912146589593217
61 0.015350158869130054
62 0.015269924438015415
63 0.014761033838664969
64 0.01473894147283995
65 0.014549129726636478
66 0.014592903529605225
67 0.013575539592494629
68 0.013664999805453253
69 0.013490169513760327
70 0.013490169513760327
