1 0.23460899662664195
2 0.20469003244326833
3 0.19651939515011352
4 0.1562921579682033
5 0.15380558593120003
6 0.08243593289818472
7 0.07401725718021232
8 0.06906369838363603
9 0.06749934040794384
10 0.06537817310515613
11 0.03507398074994406
12 0.03431102700560521
13 0.032534780528096705
14 0.033932482366385124
15 0.0334730993818691
16 0.03305660564838206
17 0.03923443244818088
18 0.03885399002881828
19 0.03895781524326495
20 0.04057296308309107
21 0.04026578437063343
22 0.04019905117077055
23 0.0401314564344852
24 0.04099242681415003
25 0.02459630224788633
26 0.024244138539768
27 0.02394653023593225
28 0.02351784386333611
29 0.023265048588434315
30 0.022778826591447206
31 0.022235090474572828
32 0.0219019688742468
33 0.022317910329421115
34 0.02221022423350773
35 0.020848015861682827
36 0.02065369290560321
37 0.02059005306625441
38 0.013592535032169638
39 0.013338259853156792
40 0.013081527378496927
41 0.012841318962583928
42 0.012379331543126733
43 0.012420221889363592
44 0.01224067667162914
45 0.012148507246384374
46 0.012362360014208668
47 0.012466064272950802
48 0.01241388725078921
49 0.012423442590432845
50 0.011489992568214083
51 0.011208474694292299
52 0.01119713684595325
53 0.011249212492430114
54 0.011184010879394071
55 0.011172847156263013
56 0.011133482634875725
57 0.011812025979092346
58 0.011954223867558136
59 0.012321385345796906
60 0.012143301660948083
61 0.012160533707042674
62 0.012071347595169105
63 0.012481534804250415
64 0.01259523761780221
65 0.012138859350605343
66 0.012492042246932133
67 0.012522318784193754
68 0.012375664419938223
69 0.011998424545524303
70 0.011998424545524303
