1 0.18777648498863028
2 0.24365657251526074
3 0.14468020883694122
4 0.1428698463871871
5 0.1430795741984385
6 0.16012616110057865
7 0.15904176499447717
8 0.14373756647188593
9 0.143459616003219
10 0.14936494776945497
11 0.11662318794886598
12 0.11623624085191497
13 0.09632195815083576
14 0.0962314258647742
15 0.1107963239822486
16 0.11054352538085442
17 0.11052338547808999
18 0.11050273775847361
19 0.09172299905563105
20 0.09168712519687346
21 0.09414201335559313
22 0.09407757778732186
23 0.09411584859296837
24 0.09411705730922197
25 0.09410912809041738
26 0.09412287683280783
27 0.09410260546406109
28 0.09403648954398361
29 0.09403981699124066
30 0.09403914182714226
31 0.09401836215014624
32 0.09399016281381341
33 0.0940271376529814
34 0.09401598249605225
35 0.09032148902579774
36 0.04073442853442073
37 0.040676209936395334
38 0.040693657990376886
39 0.04070179840559581
40 0.0322724260332472
41 0.032499246628314014
42 0.03250601001854452
43 0.01877202471192643
44 0.018738897741640934
45 0.01856644954186414
46 0.018264859652654293
47 0.01860843319219686
48 0.018979537998034292
49 0.018558856523080407
50 0.016188222750607283
51 0.015078065755940069
52 0.015549162728489737
53 0.014860129086270728
54 0.014588932756920431
55 0.01452974173167326
56 0.012917537164324287
57 0.012870096224150284
58 0.012311059383348968
59 0.012323614184223095
60 0.012413711789924096
61 0.012546392335505932
62 0.011855829506499603
63 0.011372580273081091
64 0.011413204650060245
65 0.011676349935668885
66 0.011791223229105127
67 0.011440336503866123
68 0.011399643923929878
69 0.009729520399568082
70 0.009729520399568082
