1 0.20492777651537417
2 0.20097943017190853
3 0.23731012371615218
4 0.19447711206304483
5 0.19391121160971894
6 0.17883942127578878
7 0.1572598839312677
8 0.15703563664028938
9 0.15476414204741615
10 0.1544105375155702
11 0.15439679406299633
12 0.14719992135052562
13 0.1471583274606257
14 0.14670802875033878
15 0.14640564124085034
16 0.1360690237786675
17 0.13601712403914684
18 0.13594250736316085
19 0.13589816084232365
20 0.1358866403457407
21 0.13588614699888166
22 0.13059233220499714
23 0.14365889501564402
24 0.11081881856387334
25 0.11073821703925665
26 0.11068730309262957
27 0.10818106988849456
28 0.1081744530964499
29 0.1083000642396999
30 0.10828568453244611
31 0.10812798849369988
32 0.10811275840544503
33 0.108071031490341
34 0.08763962153293223
35 0.08988869236342785
36 0.08985796791879368
37 0.08979989043292465
38 0.06123894792963006
39 0.061008651024763653
40 0.0609855151086258
41 0.06112724734295061
42 0.07586698264735482
43 0.07583792047764411
44 0.07579813869863215
45 0.07578969284148562
46 0.07593823939568868
47 0.07498452270264275
48 0.07502198556673124
49 0.05828259150083336
50 0.05816451880773867
51 0.05705236249095649
52 0.03720913970713745
53 0.0371580682266438
54 0.03720802121265998
55 0.037699892441318154
56 0.03769326016042973
57 0.03770718771193194
58 0.03660032448432899
59 0.03670835173431411
60 0.03198232252027607
61 0.022437353021229737
62 0.022475819031216027
63 0.022157651537563806
64 0.021852428702819976
65 0.01980374006773488
66 0.02221896099048006
67 0.02225102469799165
68 0.022340176147133548
69 0.0224122985901619
70 0.0224122985901619
