1 0.32944903766095834
2 0.3282924856890616
3 0.24300319111661414
4 0.241557148391524
5 0.25528700606060184
6 0.2938537955291161
7 0.2751375121101339
8 0.27503481929557383
9 0.27452876182872804
10 0.2799817372965273
11 0.15507069141217403
12 0.1554452609914632
13 0.15453119759936898
14 0.15449736040293946
15 0.15446363637707647
16 0.1544558331173111
17 0.1544351742831521
18 0.1544260493806336
19 0.1544196298501999
20 0.15382243728405962
21 0.15382028101223127
22 0.1537890082117183
23 0.12326894043764779
24 0.12325780799481961
25 0.12202339326888532
26 0.1218887721540253
27 0.10790164273013203
28 0.1076859080645528
29 0.10768121258204953
30 0.10433296729602622
31 0.10430196425190152
32 0.1043082565373515
33 0.10431797353500054
34 0.09103084291064784
35 0.09005019093693732
36 0.07315975912339454
37 0.0731539741523792
38 0.07313812204902734
39 0.07308742995035082
40 0.07308416846527552
41 0.07272424304402962
42 0.0726084880069257
43 0.07239645960437802
44 0.07238275383864523
45 0.062325897183543665
46 0.04247799276889272
47 0.042449866622466824
48 0.042443799710711626
49 0.04193785228333818
50 0.04194006030455365
51 0.04189344781594742
52 0.01606969228640273
53 0.01631888232508913
54 0.016316326672751548
55 0.016226130594535777
56 0.012864400405156188
57 0.010667223648780533
58 0.010387707069772894
59 0.010168199331838962
60 0.01038927089917796
61 0.010393984936491543
62 0.010610948308737402
63 0.009227345567349826
64 0.008907940964523232
65 0.008913108824501336
66 0.008808148737838837
67 0.00867168621116718
68 0.00887563344607965
69 0.008403636763871252
70 0.008403636763871252
