1 0.4074980163282624
2 0.3327054892173422
3 0.19078200643021265
4 0.19080342372108502
5 0.19132149371615229
6 0.17027458007853313
7 0.257327835770303
8 0.2572807541681902
9 0.257087309088622
10 0.2573225148504895
11 0.2693962892285859
12 0.197913928462322
13 0.1975402260564771
14 0.1975100345377814
15 0.19748774383009557
16 0.19746386887015233
17 0.19745717818138048
18 0.2159045609842563
19 0.21590216691201197
20 0.21593167812653227
21 0.21592906091556335
22 0.20456461103989362
23 0.20456048435741878
24 0.2045871870618758
25 0.20458814236867237
26 0.20458767494428712
27 0.20458721315052822
28 0.2045840762375039
29 0.20458106426211076
30 0.20452166543353723
31 0.2017181351702524
32 0.20171690393352368
33 0.20171667373260785
34 0.2017158541943158
35 0.20171009099415502
36 0.2017095247972301
37 0.20165301033579072
38 0.1890767971908434
39 0.17054997053265572
40 0.17053275889982064
41 0.17054236036811155
42 0.17054221793936078
43 0.17054070014814898
44 0.17054212329929427
45 0.14853660320616516
46 0.14853176610568197
47 0.1485311196691347
48 0.14853489228436959
49 0.14852194457450713
50 0.1464524083548104
51 0.14643153611111817
52 0.14147588658664223
53 0.14148169620112372
54 0.14148212757478346
55 0.14148301495824672
56 0.14148276125595108
57 0.08402889968212857
58 0.08403245320143746
59 0.08395370342717541
60 0.08394683244746212
61 0.08397084539471322
62 0.08289298286401194
63 0.0828941041786277
64 0.07742733830151557
65 0.07758789099497848
66 0.07728000156796618
67 0.07727347886812556
68 0.07698175203056329
69 0.07683782006803469
70 0.07683782006803469
