1 0.18663695637551372
2 0.18635464991383435
3 0.1517815645418785
4 0.2813805270539667
5 0.27923159937746944
6 0.12633322041198833
7 0.11803081830877495
8 0.11752746436716614
9 0.11739844611585191
10 0.19401758313585318
11 0.059628185924368804
12 0.0594922481830869
13 0.059372869659907124
14 0.05545406843539904
15 0.05390966236256042
16 0.05388985313435943
17 0.05365968191971266
18 0.05346900516690286
19 0.05314435643488223
20 0.052952225705762135
21 0.052732553087520305
22 0.04413084888060208
23 0.04412452790726405
24 0.044070194489459195
25 0.041626966995258884
26 0.041859405898683914
27 0.041852113323335174
28 0.03304111522539363
29 0.023363636516785715
30 0.022451748155689476
31 0.016643269319264208
32 0.01638936242699774
33 0.016468044190981794
34 0.016521702284838447
35 0.016512578095823613
36 0.016524723452252713
37 0.01637797095603865
38 0.01625625705978252
39 0.016141223000157245
40 0.016043811738823376
41 0.016011453653384855
42 0.016016710832612555
43 0.016033445796989187
44 0.01600510116599239
45 0.01595665207763968
46 0.015900824577292326
47 0.014887598208062876
48 0.01485593680435679
49 0.0151355515333142
50 0.01528185962821514
51 0.015667290211159004
52 0.015091270757453494
53 0.012601133764032043
54 0.012068606663716503
55 0.01198521880299007
56 0.011816751780955405
57 0.01178978361351301
58 0.01229555307197658
59 0.012267181644813288
60 0.012321254544723647
61 0.012406687398718513
62 0.012382269826992554
63 0.012359789361062226
64 0.01223350734379922
65 0.012270074691298427
66 0.012315300678607134
67 0.012232917569936975
68 0.012192697485659851
69 0.012037277278695422
70 0.012037277278695422
