1 0.3275701756053987
2 0.32070424429279415
3 0.21125538537419847
4 0.21102325841651978
5 0.2123378941453681
6 0.16976785164980232
7 0.16727905521112316
8 0.16661966010313725
9 0.15179315790269832
10 0.14472224797075872
11 0.1424131500973957
12 0.14495933969548985
13 0.14087120697984
14 0.15458175735712937
15 0.15341811319108165
16 0.14307163033218429
17 0.14294378396870833
18 0.14287132860462545
19 0.142754072345889
20 0.10695290329970265
21 0.10678170891191381
22 0.10628798734434065
23 0.10604067797501208
24 0.10595564183456985
25 0.1057351985300001
26 0.10571965782853177
27 0.10566366681675132
28 0.08104828944658764
29 0.08101868902622812
30 0.08092917745495512
31 0.08092664292883024
32 0.08077982995455812
33 0.08056975971100985
34 0.08056385663289307
35 0.08053261821526787
36 0.024085115995813654
37 0.024223667523667083
38 0.023950956847715775
39 0.017055050670290877
40 0.015536415747803334
41 0.015516671278947113
42 0.014591017257143393
43 0.013813833652118643
44 0.013763305917933892
45 0.013381224300850477
46 0.013443763066645957
47 0.013081341139208915
48 0.013010514388477865
49 0.012328619290776008
50 0.012094398674606526
51 0.011813394372558917
52 0.011905586624508635
53 0.011905663296674295
54 0.011868607579221497
55 0.011815657759911665
56 0.011084662479172539
57 0.011209644061416321
58 0.009948863847833367
59 0.0094418868439381
60 0.009315663549150177
61 0.009327251852417914
62 0.009343127780642762
63 0.009148735181135835
64 0.009471478572362914
65 0.009489200609223297
66 0.00903712301823863
67 0.009013792831206872
68 0.008984551007143697
69 0.008859611734312597
70 0.008859611734312597
