1 0.010600855872411085
2 0.009129929796586111
3 0.006017264857071478
4 0.0046692702222551705
5 0.003317195447761339
6 0.003529312728191212
7 0.002670153662658238
8 0.0021693304397386896
9 0.0017501493426251085
10 0.001670122935037391
11 0.0015330585824774028
12 0.001477249699419407
13 0.0013343828135845568
14 0.001290377215068413
15 0.0012655623279021573
16 0.001263970065229993
17 0.0012557898881662291
18 0.0012466697887619873
19 0.0012313330814968954
20 0.0011787307231754488
21 0.0011763730892658893
22 0.0011712908858875313
23 0.0011793371074093962
24 0.0011763495209372906
25 0.00117010730723667
26 0.0011545413945648112
27 0.0011503019664353782
28 0.0011486937492239525
29 0.0011473004942653276
30 0.0011472141117669279
31 0.0011445386736742462
32 0.0011242247569481583
33 3.0717222004855265E-4
34 2.954726999510248E-4
35 2.932368122001027E-4
36 2.9846981359483256E-4
37 2.91930167423457E-4
38 2.863972523090693E-4
39 2.696281862402728E-4
40 2.676641635433806E-4
41 2.739875284088787E-4
42 2.705049079121907E-4
43 2.67392742278362E-4
44 2.646336576861992E-4
45 2.7060404323126E-4
46 2.818487602555334E-4
47 2.922304835113698E-4
48 2.896532480929793E-4
49 2.8192466475228454E-4
50 2.83944986954767E-4
51 2.839657318130938E-4
52 2.8907603646220547E-4
53 2.888178252393745E-4
54 2.9460088201863305E-4
55 2.891373808492371E-4
56 2.8715393664597926E-4
57 2.805997373201366E-4
58 2.891165431905295E-4
59 2.7685904584326957E-4
60 2.7037998284739284E-4
61 2.714235298535206E-4
62 2.676514577138353E-4
63 2.6525826104648124E-4
64 2.7079457085884553E-4
65 2.739776648379395E-4
66 2.8170064434828834E-4
67 2.7942196802300265E-4
68 2.7920202982592937E-4
69 3.0219656313181306E-4
70 3.0219656313181306E-4
