1 0.011049574423548359
2 0.006367084067099251
3 0.004523088249698873
4 0.003936852631691958
5 0.0033864887983269683
6 0.0024345637876555743
7 0.0019452560857512544
8 0.001404664104869768
9 0.0011751722835772478
10 0.0011391469839180197
11 0.0010646185761276567
12 7.89697984382673E-4
13 7.033875333063906E-4
14 6.23631452098738E-4
15 5.692723401264937E-4
16 5.376894691739287E-4
17 5.40751507011093E-4
18 5.005806108336755E-4
19 4.6166677898800535E-4
20 4.430643666610482E-4
21 4.3927271296540795E-4
22 4.283589572439924E-4
23 4.137094754127723E-4
24 4.105348297505967E-4
25 4.063956243986294E-4
26 4.0815227163551145E-4
27 3.832506229581576E-4
28 3.6926455904545317E-4
29 3.5565129887882963E-4
30 3.494947433053789E-4
31 3.5330550077436137E-4
32 3.451938723365558E-4
33 3.448806805876728E-4
34 3.455274748675805E-4
35 3.314487324181605E-4
36 3.5329657897730855E-4
37 3.418352933509002E-4
38 3.2731341445652035E-4
39 3.3564986138216713E-4
40 3.249878206955392E-4
41 3.208668078323187E-4
42 3.126020193244529E-4
43 3.0457666824889717E-4
44 3.0225085672257304E-4
45 3.1038279125592607E-4
46 3.128529506722385E-4
47 3.124701010174753E-4
48 3.157965470466195E-4
49 3.2248568899697586E-4
50 3.3024408423918176E-4
51 3.2794348906495756E-4
52 3.277281394399943E-4
53 3.2796208172114304E-4
54 3.2745527167777824E-4
55 3.008996843082336E-4
56 2.983394891546603E-4
57 2.815622402875567E-4
58 2.752660222027604E-4
59 2.7726833918698617E-4
60 2.7999947520749544E-4
61 2.9651053559109946E-4
62 2.896015447091152E-4
63 2.898276396304423E-4
64 2.925872021098969E-4
65 2.90382175039247E-4
66 2.9099947602217904E-4
67 2.890138669181521E-4
68 2.900478351309376E-4
69 2.8338031395643037E-4
70 2.8338031395643037E-4
