1 0.011718098223642864
2 0.006609779405216385
3 0.005648180592637496
4 0.0035287971693856706
5 0.002868686824097041
6 0.0027729583112483967
7 0.0021841413483685702
8 0.0018927919486530274
9 0.0014427699673007835
10 0.0012302369933219434
11 9.650208030399921E-4
12 8.578416149326336E-4
13 7.996319128291082E-4
14 7.620589936247334E-4
15 7.091710447390071E-4
16 6.933454520270231E-4
17 6.219287657360154E-4
18 5.89633478879402E-4
19 5.542500568734119E-4
20 5.314570140854912E-4
21 4.937764655397683E-4
22 4.969676311460805E-4
23 4.952348303884414E-4
24 4.6682416296977815E-4
25 4.543167123957171E-4
26 4.479065182488376E-4
27 4.532091531740791E-4
28 4.305901862101929E-4
29 4.2512607586354506E-4
30 4.203634699020872E-4
31 4.1514166779671647E-4
32 3.868024125416986E-4
33 3.7629604932455353E-4
34 3.8963871004678627E-4
35 3.9652174357702357E-4
36 3.9945524507329386E-4
37 4.040662009892591E-4
38 4.286616848434653E-4
39 4.4052041381271697E-4
40 4.3886783286526906E-4
41 4.0352876846832945E-4
42 4.1055652105991556E-4
43 4.070262509763967E-4
44 4.123036993634755E-4
45 4.1293688878781156E-4
46 4.218933785179004E-4
47 4.1815184073261467E-4
48 4.190489830670592E-4
49 4.298145925915138E-4
50 4.30412745978365E-4
51 4.21656438308455E-4
52 4.127994595675146E-4
53 4.0868943163981835E-4
54 4.053061554220728E-4
55 4.000951899979377E-4
56 3.9212678440124016E-4
57 3.957575142009103E-4
58 4.0528340520140345E-4
59 4.089685404888082E-4
60 4.183970370440369E-4
61 4.2358200689509266E-4
62 4.20023676237273E-4
63 4.1861666135156245E-4
64 4.165547101079149E-4
65 4.1918586030838305E-4
66 4.1561903577478146E-4
67 4.147899774124983E-4
68 4.120208558049908E-4
69 4.1270213928679584E-4
70 4.1270213928679584E-4
