1 0.009522232078704373
2 0.00602895541715989
3 0.0042375962143972054
4 0.0038424982331707533
5 0.003330466705374875
6 0.0031276724554276402
7 0.0024373794153251175
8 0.0021110020070702696
9 0.0015780703815869138
10 0.0012897279415722243
11 8.901781638753013E-4
12 8.987054298399493E-4
13 8.334663305540492E-4
14 7.895697216782646E-4
15 7.570241204359152E-4
16 7.521614400648039E-4
17 7.205132564583853E-4
18 6.124868021699996E-4
19 5.812520756284544E-4
20 5.612181420369044E-4
21 5.528677154197062E-4
22 5.364240521651432E-4
23 5.049454818996203E-4
24 5.160018160941347E-4
25 5.131766306206296E-4
26 5.114320369218207E-4
27 5.013583568866598E-4
28 4.980577812448151E-4
29 4.839734622234138E-4
30 4.892826626945527E-4
31 4.8280949849720007E-4
32 4.6801521484425665E-4
33 4.821180216846401E-4
34 4.780753478418768E-4
35 4.523701396173603E-4
36 4.8108975783583947E-4
37 4.8147894784554606E-4
38 4.7654102063812313E-4
39 4.579634107000905E-4
40 4.3912111446624014E-4
41 4.264973301274957E-4
42 4.1615895286410096E-4
43 4.1131557951569383E-4
44 4.158444396018918E-4
45 4.1593065318948445E-4
46 4.1094368632676716E-4
47 4.1530116708702935E-4
48 4.154163063459384E-4
49 4.06906849240509E-4
50 4.05601948917024E-4
51 4.04059335375485E-4
52 4.007427149051422E-4
53 3.913593887083501E-4
54 4.117167577672369E-4
55 4.3526684557952287E-4
56 4.348578348047083E-4
57 4.168836827226191E-4
58 4.19934873185401E-4
59 4.201356766908828E-4
60 4.24690010389462E-4
61 4.238064669902292E-4
62 4.13272097498142E-4
63 4.0004113929350947E-4
64 4.083700520863304E-4
65 4.067551135045594E-4
66 3.936627081263153E-4
67 3.830397916558112E-4
68 3.7837828304101816E-4
69 3.831338254410702E-4
70 3.831338254410702E-4
