1 0.011773415529441134
2 0.005771784520981876
3 0.004102254494567464
4 0.003525671112872725
5 0.0026858985224003967
6 0.0020827680783618773
7 0.0015405252424920796
8 0.0011995768418806565
9 0.001105721054196656
10 9.267326922990773E-4
11 9.069479239048381E-4
12 6.571647615863384E-4
13 6.564017906407516E-4
14 6.139554771915043E-4
15 6.011373568895035E-4
16 5.62545332133541E-4
17 5.402474599017776E-4
18 4.6428890342288407E-4
19 5.51614447674047E-4
20 5.364876985608807E-4
21 7.29797600241435E-4
22 7.489456817848145E-4
23 7.222268758749359E-4
24 7.167889687486255E-4
25 7.200253372147904E-4
26 7.318076599732101E-4
27 7.025655770276064E-4
28 7.049138046524997E-4
29 6.999656691792025E-4
30 7.039239669112086E-4
31 7.012304766405127E-4
32 7.103767852193775E-4
33 7.036115181268498E-4
34 5.352257398166495E-4
35 4.10903760570632E-4
36 4.200503107410259E-4
37 4.163047476295806E-4
38 3.849269258004504E-4
39 3.6504317519045487E-4
40 3.5275014278959653E-4
41 3.445184989536581E-4
42 3.456307802160168E-4
43 3.7256410462271715E-4
44 3.7916029115634976E-4
45 3.643113439084606E-4
46 3.622392729443921E-4
47 3.6435545336938345E-4
48 3.685166252711984E-4
49 3.628474898538417E-4
50 3.451282436729784E-4
51 3.495256987459013E-4
52 3.5206216674877374E-4
53 3.658679532787878E-4
54 3.748430639166554E-4
55 3.727818138277441E-4
56 3.6415904720456027E-4
57 3.6404900565570054E-4
58 3.809338595533712E-4
59 3.83972835307641E-4
60 3.5889565070346287E-4
61 3.756098706120775E-4
62 3.664684910707961E-4
63 3.4799234163262636E-4
64 3.419935084938524E-4
65 3.6229664980758325E-4
66 3.7152352804494215E-4
67 3.708261385447051E-4
68 3.606573318065008E-4
69 3.576281883803864E-4
70 3.576281883803864E-4
