1 0.008618611915393674
2 0.005837321719370222
3 0.005557872482547829
4 0.003993116174801818
5 0.002434156792854021
6 0.0021195637821337827
7 0.0013471241757411479
8 0.0012012322585760549
9 8.820032185108892E-4
10 8.153532225055628E-4
11 6.983170235576025E-4
12 6.474229648289125E-4
13 6.144380389428381E-4
14 6.095226114652375E-4
15 5.987507305100756E-4
16 5.504866248825592E-4
17 5.312044406499225E-4
18 5.161660362243271E-4
19 4.6952247195838903E-4
20 4.589899512635131E-4
21 4.380526299876516E-4
22 4.0139249016996455E-4
23 4.0218390507244816E-4
24 3.994818565888764E-4
25 3.9965106174405225E-4
26 3.738476043055905E-4
27 3.7928095203133095E-4
28 3.872923715649743E-4
29 3.778837597120606E-4
30 3.584194087066347E-4
31 3.5288803460167947E-4
32 3.408870378345347E-4
33 3.4738695462162885E-4
34 3.4283877052576297E-4
35 3.423000766396467E-4
36 3.232840976664048E-4
37 3.1405972658735663E-4
38 3.1016380820018773E-4
39 3.125154923038755E-4
40 3.253801207420928E-4
41 2.9850567601939884E-4
42 2.990641418196328E-4
43 2.8355232968893784E-4
44 2.7931402627650855E-4
45 2.750879795832542E-4
46 2.8074206397664386E-4
47 2.769621546936632E-4
48 2.771205802483576E-4
49 2.6869987985557524E-4
50 2.6533542680424104E-4
51 2.646461426298109E-4
52 2.631863596123031E-4
53 2.7360269760815984E-4
54 2.796754954664275E-4
55 2.801472835186692E-4
56 2.7790398556024596E-4
57 2.7552620079664066E-4
58 2.7904506501764503E-4
59 2.760691268967293E-4
60 2.7952029731558584E-4
61 3.090334597969684E-4
62 3.213583213516387E-4
63 3.128214223458748E-4
64 3.360975040440929E-4
65 3.307037320203857E-4
66 3.322893664277664E-4
67 3.3524198854714487E-4
68 3.374033303980902E-4
69 3.3314116068346915E-4
70 3.3314116068346915E-4
