1 0.013722967198565767
2 0.009740722580650667
3 0.00693774737120593
4 0.005031048138776449
5 0.004624571619700591
6 0.0036305019634030626
7 0.002786017609576171
8 0.002466845799536127
9 0.0021490786006154784
10 0.0018771308130014661
11 0.001722917341597087
12 0.0013180683591077927
13 0.0011218039869012974
14 9.504403289464529E-4
15 8.07880590369259E-4
16 7.512978784819279E-4
17 6.595188690794028E-4
18 6.722658910299659E-4
19 6.670828617106416E-4
20 6.310009052827679E-4
21 5.816011735013033E-4
22 5.683768317511954E-4
23 5.599863893876338E-4
24 5.676174824183499E-4
25 5.459634066524767E-4
26 5.393013866919415E-4
27 5.814118421154199E-4
28 5.836996635176017E-4
29 5.718987961768151E-4
30 5.436882502675137E-4
31 5.464716138419382E-4
32 5.344419985439911E-4
33 5.322810539959658E-4
34 5.247930827938273E-4
35 5.242279334997794E-4
36 5.293558863087858E-4
37 5.202233737349079E-4
38 5.260657885618089E-4
39 5.197621289812556E-4
40 5.07337687489876E-4
41 4.6748850887905425E-4
42 4.536302156512813E-4
43 4.5315866081020576E-4
44 4.4843859805888774E-4
45 4.4846331432148927E-4
46 4.377666989314278E-4
47 4.3733899489980794E-4
48 4.382151082217953E-4
49 4.360538693487133E-4
50 4.338049666353804E-4
51 4.3743085077418373E-4
52 4.367275435166133E-4
53 4.3595218169107416E-4
54 4.3208553630943574E-4
55 4.3567281861126787E-4
56 4.421719185792323E-4
57 4.385677940790166E-4
58 4.417601479011912E-4
59 3.916715145666023E-4
60 3.243663824118259E-4
61 3.2499875197530495E-4
62 3.2499551239779207E-4
63 3.1339629981594536E-4
64 3.1402358864176817E-4
65 3.197930192250734E-4
66 3.158958753713742E-4
67 3.2978567618455515E-4
68 3.2740672366425756E-4
69 3.136128403706768E-4
70 3.136128403706768E-4
