1 0.007973637607210973
2 0.007933028756626274
3 0.005035783003527416
4 0.0038231680127002866
5 0.0033983948082990973
6 0.0026321688575391524
7 0.00241401845235077
8 0.0022666872311897803
9 0.0018902626085091395
10 0.001147296964160984
11 0.0010467727479418613
12 9.680310349365023E-4
13 8.59087829759469E-4
14 7.592838871071547E-4
15 7.525736840728758E-4
16 7.133734472264376E-4
17 7.29294502841654E-4
18 7.056815964657266E-4
19 6.459748959588784E-4
20 6.374715036147293E-4
21 5.347473705299089E-4
22 5.343594570811574E-4
23 5.149311189247171E-4
24 5.040708056348893E-4
25 4.7144254622107383E-4
26 4.770301239397182E-4
27 4.497967220077083E-4
28 4.127102266349983E-4
29 4.1726724778107677E-4
30 4.0603699448081863E-4
31 4.212713821076604E-4
32 4.108000298287556E-4
33 4.044156143399471E-4
34 4.0503629533628104E-4
35 3.583155002158323E-4
36 3.4782872144775863E-4
37 3.404554827812672E-4
38 3.505789301075654E-4
39 3.543634837108729E-4
40 3.644723849398413E-4
41 3.5612268172227195E-4
42 3.5434957575086523E-4
43 3.6030064705563436E-4
44 3.6166480756554177E-4
45 3.90059159589251E-4
46 3.837749060501499E-4
47 3.949443359655503E-4
48 3.949293219996E-4
49 3.897321193965267E-4
50 3.764251723137496E-4
51 3.647344364400969E-4
52 3.663264717792618E-4
53 3.629649250781882E-4
54 3.705174069426889E-4
55 3.623437497524737E-4
56 3.49141011280058E-4
57 3.470003987976918E-4
58 3.453640524805032E-4
59 3.519995251367971E-4
60 3.5467145246578807E-4
61 3.575133362531959E-4
62 3.6680056541972046E-4
63 3.7027666633255207E-4
64 3.5904677987130465E-4
65 3.447506965885872E-4
66 3.3818275572235044E-4
67 3.3355576593769036E-4
68 3.3859692969637244E-4
69 3.3674718518731175E-4
70 3.3674718518731175E-4
