1 0.009637629427450146
2 0.008041955009813157
3 0.005553847013131055
4 0.004350841218304457
5 0.0029680093549860256
6 0.0027117536754942746
7 0.0023593533662489724
8 0.0019837839618945642
9 0.001485991793148695
10 0.0014346609826872126
11 0.0012755797813577849
12 0.0011422682291383557
13 9.89486314001195E-4
14 8.991070718702589E-4
15 8.111769756606335E-4
16 7.600419073937637E-4
17 6.825271759647211E-4
18 6.417315921442482E-4
19 6.158419445029612E-4
20 5.935755228273673E-4
21 5.708693493551646E-4
22 5.586801628018009E-4
23 5.034285369813347E-4
24 4.874096379254051E-4
25 4.35555292645012E-4
26 4.3313624596516553E-4
27 4.3285519981607515E-4
28 4.1270468611930727E-4
29 4.093163673115129E-4
30 3.823585417019631E-4
31 3.8339242126948217E-4
32 3.5879133980684484E-4
33 3.4804497755107496E-4
34 3.4131575733052486E-4
35 3.3548368721700604E-4
36 3.390345655067165E-4
37 3.149660756813199E-4
38 3.1606523584996936E-4
39 3.0543949184537553E-4
40 3.088088345757657E-4
41 3.095353123024581E-4
42 3.0267591444727834E-4
43 3.1085235820526083E-4
44 2.853122685612545E-4
45 2.8614083527470085E-4
46 2.9403387988473405E-4
47 2.795064088804647E-4
48 2.720445207822016E-4
49 2.8222453826863737E-4
50 2.732765941702208E-4
51 2.656322529307355E-4
52 2.973675265756717E-4
53 3.477222983867894E-4
54 3.477965565583117E-4
55 3.3994350969717395E-4
56 3.3904359607846916E-4
57 3.343647157379257E-4
58 3.1313924440990295E-4
59 2.5166992254413445E-4
60 2.502918926580403E-4
61 2.536651514456238E-4
62 2.847120395379245E-4
63 2.6271595223426833E-4
64 2.544645688182825E-4
65 2.4637618301297416E-4
66 2.4508236277841005E-4
67 2.450000412759988E-4
68 2.9027242528161E-4
69 2.953676942028295E-4
70 2.953676942028295E-4
