1 0.011485294934734637
2 0.006777880336310458
3 0.004273172641743767
4 0.0030427440949090385
5 0.002832453195766203
6 0.0018529577806853854
7 0.0014651135898809617
8 0.0013786271202435073
9 0.001315168410948364
10 0.0010629458104621007
11 8.82079100231163E-4
12 8.112007282204169E-4
13 7.571527350689413E-4
14 6.753663974733065E-4
15 6.554823431735954E-4
16 6.454258069191307E-4
17 6.170443408337903E-4
18 5.856879257343407E-4
19 5.396965431950814E-4
20 4.959152095900546E-4
21 4.633854224444363E-4
22 4.4552731268768583E-4
23 4.366373589713008E-4
24 4.3377371176608675E-4
25 4.066682569395361E-4
26 3.949877716601035E-4
27 3.9649929577763955E-4
28 3.8962455896811375E-4
29 3.7256601162606156E-4
30 3.6237276957933523E-4
31 3.6727673778966696E-4
32 3.4720839014476426E-4
33 3.385121050988461E-4
34 3.389409129534959E-4
35 3.368669313706574E-4
36 3.434861753128153E-4
37 3.29058051671587E-4
38 3.271040676870876E-4
39 3.127978203421039E-4
40 3.0476781250125357E-4
41 3.051944654023963E-4
42 3.2652347348828846E-4
43 3.2749722512027984E-4
44 3.2429253515916357E-4
45 3.3644653862303047E-4
46 3.3501956951209296E-4
47 3.41588312659471E-4
48 3.261730090029022E-4
49 3.2834374638923453E-4
50 3.2548690335967737E-4
51 3.2079755129774514E-4
52 3.135313512624651E-4
53 3.158549780158274E-4
54 3.122955435003751E-4
55 3.046798239384461E-4
56 2.724321146671414E-4
57 2.7049296150554093E-4
58 2.7641698681915035E-4
59 2.750551518116381E-4
60 2.717169752472411E-4
61 2.684797384588004E-4
62 2.474275192955692E-4
63 2.573352773937032E-4
64 2.542451854477267E-4
65 2.6052018975903914E-4
66 2.61716953708594E-4
67 2.618854404833967E-4
68 2.71402909760495E-4
69 2.7549119781518887E-4
70 2.7549119781518887E-4
