1 0.010870972435889657
2 0.010259151518288224
3 0.007001459158392711
4 0.005601299851398652
5 0.004997795724280572
6 0.0038547173627728796
7 0.002558795822947146
8 0.0021513659983937766
9 0.001980219195275239
10 0.001773122823546442
11 0.0012641090564744027
12 0.0011539315560573308
13 8.932931071419907E-4
14 8.438117693067275E-4
15 7.931757975664105E-4
16 6.797090907357653E-4
17 6.391679008698346E-4
18 6.331306638259219E-4
19 6.656603951648377E-4
20 6.436555601284267E-4
21 6.307126518563424E-4
22 4.3289817397284533E-4
23 4.169481947542346E-4
24 3.813300066018278E-4
25 3.6840630711736745E-4
26 3.721639892872952E-4
27 3.635378509627997E-4
28 3.513656740707196E-4
29 3.289658784229288E-4
30 3.2537053225070516E-4
31 3.1834232973279385E-4
32 3.1573331800856583E-4
33 3.142958893334795E-4
34 3.217662080829677E-4
35 3.1168981122378826E-4
36 3.0884794608107796E-4
37 3.032966675708227E-4
38 3.133532828036635E-4
39 2.87285644466654E-4
40 2.7820351477772493E-4
41 2.9011027202389137E-4
42 3.006555339888246E-4
43 2.952976850352921E-4
44 2.944493455184146E-4
45 2.957419318873864E-4
46 3.022402140443645E-4
47 3.000422333457748E-4
48 2.8717394659146493E-4
49 2.785443497434919E-4
50 2.9035812841647044E-4
51 2.763682608907782E-4
52 2.7871242086605205E-4
53 2.809581380488004E-4
54 2.758920240319858E-4
55 2.776402422960263E-4
56 2.665197300361414E-4
57 2.74641815553341E-4
58 2.805333527578158E-4
59 2.898653012459156E-4
60 2.8604476857271535E-4
61 3.0455739030424417E-4
62 3.057512557337572E-4
63 3.018233599266165E-4
64 2.862562533591881E-4
65 2.7759852551368156E-4
66 2.8846187359702903E-4
67 2.854377297816532E-4
68 2.783272140810932E-4
69 2.739069541704386E-4
70 2.739069541704386E-4
