1 0.009130434155369556
2 0.007136757798500039
3 0.005690634370318409
4 0.00447507078337807
5 0.003633195775671454
6 0.0032120500504311147
7 0.0027056298975121334
8 0.001995516224835118
9 0.0017523212040333213
10 0.0012382256029760325
11 0.001173489948919699
12 0.001037038010954787
13 9.462174201144819E-4
14 8.657694827357228E-4
15 7.843901944414352E-4
16 6.821931490636098E-4
17 6.094759186058281E-4
18 5.680661023795906E-4
19 5.240673975044764E-4
20 5.010854109055916E-4
21 4.88321619070811E-4
22 4.7006598553310156E-4
23 4.1309641577692006E-4
24 3.9867197077118535E-4
25 3.8628911355822413E-4
26 3.7908917763605646E-4
27 3.7384046848381696E-4
28 3.7396348505493713E-4
29 3.758304556057957E-4
30 3.5622485436433214E-4
31 3.599392840093246E-4
32 3.527700645527039E-4
33 3.464634959639567E-4
34 3.3707546524378067E-4
35 3.3325072833893956E-4
36 3.224516369808484E-4
37 3.25168337455822E-4
38 3.108154315247466E-4
39 3.057251219582535E-4
40 3.030413189118317E-4
41 3.068795914225007E-4
42 3.0126372687607855E-4
43 3.158979404154638E-4
44 3.1400519909342617E-4
45 3.131776294573485E-4
46 3.0903343882827695E-4
47 3.119173316781182E-4
48 3.017484268109053E-4
49 3.0383742049635036E-4
50 2.967578783648669E-4
51 2.920410118271701E-4
52 2.941842537693413E-4
53 2.950910165969206E-4
54 2.8720637881431447E-4
55 2.919427050086847E-4
56 2.9190340840761885E-4
57 2.938200791862222E-4
58 2.9202108324546516E-4
59 2.897201544901139E-4
60 3.0013734929505595E-4
61 2.973938082702755E-4
62 3.081330125207606E-4
63 3.015048139263068E-4
64 2.939407663853534E-4
65 3.0760073525342753E-4
66 2.993177259296171E-4
67 2.726771131186241E-4
68 2.530457063472626E-4
69 2.555964694952747E-4
70 2.555964694952747E-4
