1 0.008489570982976594
2 0.007565328927492361
3 0.0054128833263276796
4 0.0027421863100199418
5 0.0022876977003660677
6 0.0022472545005333016
7 0.0015729302309291332
8 0.0014938679251195258
9 0.0012148153456386767
10 9.858104764320739E-4
11 8.944348705814379E-4
12 8.312930953663988E-4
13 7.241240801178035E-4
14 5.883509797455582E-4
15 6.239805467456084E-4
16 5.376478881675628E-4
17 5.203467643918591E-4
18 4.920524877535957E-4
19 4.7190797357614704E-4
20 4.681402940300446E-4
21 4.5478296627915205E-4
22 4.598609801051718E-4
23 4.5230100531633706E-4
24 4.5214279175103636E-4
25 4.2366960809715667E-4
26 4.258331636347141E-4
27 4.2002961063927107E-4
28 4.323781961682967E-4
29 3.9433081081512704E-4
30 3.869169337757933E-4
31 3.8677361526210237E-4
32 3.756563130164159E-4
33 3.658146422562041E-4
34 3.5727799983786807E-4
35 3.6257015771085766E-4
36 3.641297986331714E-4
37 3.4373703360578297E-4
38 3.340421555899897E-4
39 3.3624363940509453E-4
40 3.3861718954665446E-4
41 3.4920891257041544E-4
42 3.503380553118941E-4
43 3.491706883170465E-4
44 3.4225004867699776E-4
45 3.626925603119166E-4
46 3.3673870989303856E-4
47 3.350744339063205E-4
48 3.3909622908338556E-4
49 3.2768468586693347E-4
50 3.27437508979384E-4
51 3.081551847846328E-4
52 3.0630187287307165E-4
53 3.2278454266566995E-4
54 3.2281588174485005E-4
55 3.2022167649567446E-4
56 3.216409205967023E-4
57 3.113168323117052E-4
58 2.9011506957573306E-4
59 2.741224121407549E-4
60 2.6938713072591496E-4
61 2.731098955607189E-4
62 2.830606203643796E-4
63 2.778024454305651E-4
64 2.4858226136115376E-4
65 2.487725571252013E-4
66 2.51465872985551E-4
67 2.53958783367342E-4
68 2.533899649136184E-4
69 2.673751687631549E-4
70 2.673751687631549E-4
