1 0.01258477883909285
2 0.009609557842324803
3 0.006700519435603789
4 0.005073119108848323
5 0.0027234878644032527
6 0.002378076829003855
7 0.0019535279149929634
8 0.0016188208168122736
9 0.0013046534230089137
10 0.001118599484965429
11 9.591470532290516E-4
12 8.768253314556557E-4
13 7.856266658412235E-4
14 6.821528884118664E-4
15 6.567213471692166E-4
16 6.237949952343952E-4
17 5.878928820465809E-4
18 5.636694586259486E-4
19 5.311217125839265E-4
20 5.119824452276102E-4
21 5.270276182045543E-4
22 5.119377444271681E-4
23 5.048983669436553E-4
24 4.912461300902988E-4
25 4.77043081848502E-4
26 4.528491907634652E-4
27 4.4453050865562234E-4
28 4.2264758921161836E-4
29 3.997320421563571E-4
30 3.872143778273524E-4
31 3.22907254485567E-4
32 3.0863559664937273E-4
33 3.153771710355333E-4
34 2.924158843496166E-4
35 3.1143047624545287E-4
36 3.0188905275948765E-4
37 2.946150958347867E-4
38 2.9578408149788944E-4
39 2.850522526962411E-4
40 2.844703671290074E-4
41 2.9152971567931465E-4
42 2.963114052681658E-4
43 2.8375003370948777E-4
44 2.697048658797875E-4
45 2.6242680522673486E-4
46 2.5854763350640324E-4
47 2.6481737572311796E-4
48 2.533709273090958E-4
49 2.734189180533768E-4
50 2.7098972334243626E-4
51 2.6362628260063575E-4
52 2.504667498650287E-4
53 2.908099211285562E-4
54 2.72998443477144E-4
55 2.7632394440361773E-4
56 2.6200180554905887E-4
57 2.604006077107111E-4
58 2.679822284713696E-4
59 2.6059037087416433E-4
60 2.691064770891611E-4
61 2.820501095882881E-4
62 3.0775472235947213E-4
63 3.078929826982063E-4
64 3.159886311507056E-4
65 3.154100618368827E-4
66 3.198240015607773E-4
67 3.2063026718502164E-4
68 3.222438022070955E-4
69 3.1982278979106484E-4
70 3.1982278979106484E-4
