PV_Cap NGas_CHP_Cap HP_Cap Oil_boiler_Cap Ngas_boiler_Cap Biomass_boiler_Cap AnnualPV AnnualCHPelec AnnualHPelec AnnualOilBoilerheat AnnualNGasBoilerheat AnnualBiomassBoilerheat AnnualmCHPheat AnnualHPheat AnnualImport AnnualExport OilConsumption BiomassConsumption NgasConsuption DieselCost PetrolCost BiomassCost TotalElectricityExchangeCost TotalVariableCost FixedOperationCosts AdditionalCost InvestmentCost CO2-Emission AnnualCost LoadFollowingCapacity ESD 
KWe KWe KWe KWth KWth KWth GWh GWh GWh GWh GWh GWh GWh GWh GWh GWh GWh GWh GWh KEuro KEuro KEuro KEuro KEuro KEuro KEuro KEuro Mt KEuro   
10016 4078 1246 12 690 11969 10.73 18.10 3.87 0.02 1.43 24.79 12.67 12.39 10.27 9.01 24.85 33.05 37.79 2081.0 1904.0 1157.0 290.0 8703.0 1058.0 5105.0 2647.0 14.670 17513.0 0.44 0.5578850715433469 
12347 903 2223 1 1224 11518 13.23 4.01 6.91 0.0 2.54 23.86 2.81 22.1 22.96 7.07 24.82 31.81 10.83 2077.0 1904.0 1113.0 1224.0 7270.0 757.0 5428.0 2064.0 14.209 15519.0 0.68 0.44846583518249294 
14737 294 2366 18 903 12047 15.79 1.30 7.35 0.04 1.87 24.95 0.91 23.53 25.32 8.84 24.87 33.27 4.69 2083.0 1904.0 1164.0 1277.0 6853.0 741.0 5475.0 2265.0 13.170 15334.0 0.77 0.419925013390466 
9164 2291 1832 2 809 11728 9.82 10.17 5.69 0.0 1.68 24.29 7.12 18.21 17.30 5.38 24.83 32.39 22.20 2077.0 1904.0 1133.0 953.0 7998.0 844.0 5299.0 2002.0 15.161 16143.0 0.51 0.4922335297268345 
14692 90 2552 0 269 12115 15.74 0.40 7.93 0.0 0.56 25.09 0.28 25.37 26.70 8.69 24.82 33.46 1.42 2077.0 1904.0 1171.0 1373.0 6667.0 711.0 5537.0 2233.0 13.018 15148.0 0.8 0.4050807253806718 
14043 465 2322 5 735 12183 15.04 2.06 7.22 0.01 1.52 25.24 1.44 23.09 24.64 8.31 24.83 33.65 5.82 2078.0 1904.0 1177.0 1263.0 6943.0 745.0 5460.0 2219.0 13.339 15367.0 0.75 0.4230622082791338 
13187 4131 1259 2 362 12161 14.13 18.34 3.91 0.0 0.75 25.19 12.84 12.52 9.68 12.01 24.82 33.59 37.51 2077.0 1904.0 1175.0 87.0 8490.0 1126.0 5111.0 3156.0 13.366 17883.0 0.49 0.5509985461779784 
12132 1897 1916 1 478 12243 13.00 8.42 5.95 0.0 0.99 25.36 5.9 19.05 18.30 7.54 24.82 33.81 17.94 2077.0 1904.0 1183.0 900.0 7628.0 862.0 5327.0 2355.0 13.889 16172.0 0.59 0.46721248756599587 
14659 2288 1793 1 478 12248 15.70 10.15 5.57 0.0 0.99 25.37 7.11 17.83 16.08 10.15 24.82 33.82 21.41 2077.0 1904.0 1184.0 615.0 7642.0 955.0 5285.0 2846.0 12.932 16728.0 0.59 0.47677710612900753 
5684 927 2243 11 353 12248 6.09 4.11 6.97 0.02 0.73 25.37 2.88 22.3 25.11 2.12 24.85 33.82 9.04 2081.0 1904.0 1184.0 1622.0 7589.0 625.0 5435.0 1114.0 16.298 14763.0 0.62 0.4514499961741526 
12290 4125 1245 16 495 12090 13.17 18.31 3.87 0.03 1.03 25.04 12.82 12.38 9.80 11.18 24.86 33.39 37.76 2083.0 1904.0 1168.0 140.0 8563.0 1108.0 5106.0 3013.0 13.754 17790.0 0.47 0.5541357410666463 
13891 1417 2089 70 430 12113 14.88 6.29 6.49 0.15 0.89 25.09 4.4 20.77 20.23 8.70 25.00 33.45 13.57 2103.0 1904.0 1171.0 961.0 7327.0 843.0 5383.0 2480.0 13.313 16033.0 0.65 0.4499196572040707 
14035 878 2231 1 826 11914 15.04 3.90 6.93 0.0 1.71 24.68 2.73 22.18 22.72 8.50 24.82 32.90 9.70 2077.0 1904.0 1151.0 1130.0 7117.0 788.0 5431.0 2332.0 13.400 15668.0 0.71 0.4379830132374321 
6139 42 2581 12 358 11947 6.58 0.19 8.02 0.03 0.74 24.75 0.13 25.66 29.66 2.18 24.85 32.99 1.19 2081.0 1904.0 1155.0 1907.0 7170.0 534.0 5547.0 927.0 16.247 14178.0 0.72 0.4261994031678017 
12209 1380 2078 388 581 11754 13.08 6.13 6.45 0.8 1.2 24.35 4.29 20.66 20.69 7.23 25.83 32.46 13.59 2222.0 1904.0 1136.0 1071.0 7523.0 807.0 5379.0 2192.0 14.200 15901.0 0.63 0.459943377458107 
7925 1434 2064 1 707 12004 8.49 6.36 6.41 0.0 1.46 24.86 4.45 20.52 21.60 3.82 24.82 33.15 14.36 2077.0 1904.0 1160.0 1311.0 7707.0 726.0 5375.0 1577.0 15.579 15385.0 0.58 0.46507001300788126 
13381 286 2170 458 1610 11852 14.34 1.27 6.74 0.95 3.34 24.55 0.89 21.58 25.08 7.72 26.01 32.73 6.25 2248.0 1904.0 1145.0 1323.0 7179.0 723.0 5411.0 2002.0 14.090 15315.0 0.74 0.43874818272247307 
9971 3410 1564 12 695 11438 10.68 15.13 4.86 0.02 1.44 23.69 10.59 15.55 12.58 7.32 24.85 31.59 31.87 2081.0 1904.0 1105.0 541.0 8393.0 978.0 5209.0 2447.0 14.843 17027.0 0.45 0.5302624531333692 
7935 4212 1237 12 433 12065 8.50 18.70 3.84 0.02 0.9 24.99 13.09 12.3 10.39 7.53 24.85 33.32 38.39 2081.0 1904.0 1166.0 377.0 8850.0 1030.0 5102.0 2386.0 15.347 17368.0 0.41 0.5633942918356416 
14845 3715 1351 4 522 12185 15.90 16.49 4.20 0.01 1.08 25.24 11.54 13.43 10.56 12.54 24.83 33.65 34.18 2078.0 1904.0 1178.0 121.0 8241.0 1115.0 5139.0 3279.0 12.812 17774.0 0.52 0.5323284107429795 
14675 1885 1972 1 538 11936 15.72 8.37 6.13 0.0 1.12 24.72 5.86 19.6 18.01 9.75 24.82 32.97 17.97 2077.0 1904.0 1154.0 761.0 7462.0 909.0 5345.0 2729.0 13.033 16445.0 0.63 0.46522304690488947 
5570 2113 1860 1 1009 11661 5.97 9.38 5.78 0.0 2.09 24.15 6.57 18.49 19.28 2.63 24.82 32.21 21.08 2077.0 1904.0 1127.0 1224.0 8166.0 753.0 5308.0 1401.0 16.564 15628.0 0.5 0.4987374703496825 
6000 607 2313 4 728 12022 6.43 2.69 7.19 0.01 1.51 24.9 1.89 23.0 26.51 2.23 24.83 33.20 7.06 2078.0 1904.0 1162.0 1706.0 7478.0 598.0 5457.0 1050.0 16.339 14583.0 0.65 0.44685897926390694 
13801 361 2328 8 1110 11933 14.78 1.60 7.23 0.02 2.3 24.72 1.12 23.14 25.13 8.07 24.84 32.96 5.76 2080.0 1904.0 1153.0 1307.0 6961.0 730.0 5461.0 2134.0 13.584 15286.0 0.75 0.426428954013314 
9248 3898 1283 0 1276 11487 9.91 17.30 3.98 0.0 2.64 23.79 12.11 12.75 10.90 7.90 24.82 31.73 37.54 2077.0 1904.0 1110.0 394.0 8734.0 1024.0 5118.0 2450.0 15.210 17326.0 0.43 0.5605631647409901 
14035 308 2411 4 831 11896 15.04 1.37 7.49 0.01 1.72 24.64 0.96 23.97 25.54 8.23 24.83 32.85 4.65 2078.0 1904.0 1150.0 1324.0 6876.0 725.0 5491.0 2168.0 13.438 15260.0 0.76 0.4209962506695233 
14860 385 2397 241 237 12209 15.92 1.71 7.45 0.5 0.49 25.29 1.2 23.83 25.01 8.97 25.44 33.72 3.96 2167.0 1904.0 1180.0 1250.0 6863.0 750.0 5486.0 2333.0 13.021 15432.0 0.77 0.4163287168107736 
13592 1228 2072 73 666 12241 14.56 5.45 6.44 0.15 1.38 25.36 3.82 20.6 20.98 8.34 25.01 33.81 12.44 2104.0 1904.0 1183.0 1029.0 7310.0 820.0 5377.0 2371.0 13.465 15878.0 0.66 0.4470885301094193 
13069 3732 1345 17 717 11982 14.00 16.56 4.18 0.03 1.48 24.82 11.59 13.37 10.75 10.91 24.86 33.09 34.78 2083.0 1904.0 1158.0 222.0 8379.0 1082.0 5138.0 3006.0 13.566 17605.0 0.49 0.5386028005203153 
14735 3335 1476 4 489 12188 15.79 14.80 4.58 0.01 1.01 25.25 10.36 14.67 11.81 11.60 24.83 33.66 30.73 2078.0 1904.0 1178.0 258.0 8081.0 1071.0 5181.0 3156.0 12.864 17489.0 0.53 0.515494682072079 
10683 4078 1246 0 518 12153 11.44 18.10 3.87 0.0 1.07 25.17 12.67 12.39 10.15 9.61 24.82 33.56 37.39 2077.0 1904.0 1174.0 250.0 8642.0 1071.0 5104.0 2757.0 14.335 17574.0 0.45 0.5536766393756217 
14578 1069 2213 16 718 11809 15.62 4.74 6.88 0.03 1.49 24.46 3.32 22.0 21.80 9.07 24.86 32.61 11.14 2082.0 1904.0 1141.0 1041.0 7148.0 818.0 5424.0 2471.0 13.192 15861.0 0.7 0.44226796235366134 
6000 1386 2069 10 1273 11473 6.43 6.15 6.43 0.02 2.64 23.76 4.3 20.57 22.56 2.49 24.85 31.69 15.23 2080.0 1904.0 1109.0 1442.0 7865.0 683.0 5377.0 1243.0 16.556 15168.0 0.57 0.47930216542964266 
7510 116 2551 1 683 11667 8.05 0.52 7.92 0.0 1.41 24.16 0.36 25.36 28.65 3.07 24.82 32.22 2.60 2077.0 1904.0 1127.0 1798.0 7151.0 570.0 5537.0 1139.0 15.874 14397.0 0.72 0.42903053026245314 
14788 2682 1600 0 974 12090 15.84 11.91 4.97 0.0 2.02 25.04 8.33 15.91 14.20 10.76 24.82 33.39 26.05 2077.0 1904.0 1168.0 460.0 7871.0 1005.0 5222.0 2952.0 13.020 17050.0 0.57 0.49789578391613737 
14389 3589 1394 3 715 11974 15.41 15.93 4.33 0.01 1.48 24.8 11.15 13.86 11.01 11.80 24.83 33.07 33.50 2078.0 1904.0 1157.0 192.0 8233.0 1092.0 5154.0 3164.0 13.081 17643.0 0.52 0.5305685209273855 
13849 3734 1351 4 522 12155 14.84 16.57 4.20 0.01 1.08 25.18 11.6 13.43 10.64 11.64 24.83 33.57 34.35 2078.0 1904.0 1175.0 176.0 8308.0 1097.0 5139.0 3135.0 13.185 17679.0 0.5 0.5342413344555819 
7807 476 2383 8 468 12137 8.36 2.11 7.40 0.02 0.97 25.14 1.48 23.7 26.51 3.36 24.84 33.52 5.30 2080.0 1904.0 1173.0 1647.0 7281.0 618.0 5480.0 1298.0 15.590 14677.0 0.68 0.43346851327569064 
13930 4237 1191 0 468 12227 14.92 18.80 3.70 0.0 0.97 25.33 13.16 11.84 9.27 13.08 24.82 33.77 38.69 2077.0 1904.0 1182.0 0.0 8510.0 1154.0 5086.0 3293.0 13.097 18043.0 0.51 0.5568903512127936 
14573 944 2213 16 539 12175 15.61 4.19 6.88 0.03 1.12 25.22 2.93 22.0 22.30 9.00 24.86 33.62 9.62 2083.0 1904.0 1177.0 1076.0 7087.0 806.0 5425.0 2445.0 13.075 15763.0 0.71 0.4344632336062438 
8648 181 2490 1 364 12178 9.26 0.80 7.74 0.0 0.75 25.22 0.56 24.76 27.77 3.88 24.82 33.63 2.44 2077.0 1904.0 1177.0 1699.0 7088.0 602.0 5515.0 1346.0 15.257 14551.0 0.72 0.4210727676180274 
6270 3975 1346 0 207 12134 6.72 17.64 4.18 0.0 0.43 25.13 12.35 13.39 11.59 5.55 24.82 33.51 35.77 2077.0 1904.0 1173.0 564.0 8814.0 968.0 5138.0 2080.0 15.899 17000.0 0.39 0.5522993343025481 
5771 3529 1365 5 729 12190 6.18 15.66 4.24 0.01 1.51 25.25 10.97 13.57 12.98 4.36 24.83 33.66 33.01 2078.0 1904.0 1178.0 722.0 8742.0 916.0 5145.0 1851.0 16.226 16654.0 0.39 0.5418930293059913 
10903 523 2337 4 581 12180 11.68 2.32 7.26 0.01 1.2 25.23 1.62 23.24 25.20 5.71 24.83 33.64 5.98 2078.0 1904.0 1177.0 1439.0 7132.0 687.0 5467.0 1771.0 14.459 15057.0 0.7 0.42857142857142855 
14708 1795 1997 12 720 11759 15.76 7.97 6.20 0.02 1.49 24.36 5.58 19.85 18.40 9.70 24.85 32.47 17.59 2081.0 1904.0 1136.0 789.0 7444.0 900.0 5354.0 2698.0 13.115 16396.0 0.64 0.4655291146989058 
14783 663 2308 72 665 11958 15.84 2.94 7.17 0.15 1.38 24.77 2.06 22.95 23.65 9.04 25.01 33.03 7.41 2103.0 1904.0 1156.0 1160.0 6982.0 779.0 5456.0 2386.0 13.118 15603.0 0.74 0.42903053026245314 
14912 5054 967 2 334 12207 15.98 22.43 3.01 0.0 0.69 25.28 15.7 9.62 7.49 16.68 24.82 33.71 45.63 2077.0 1904.0 1180.0 -330.0 8776.0 1262.0 5013.0 3681.0 12.661 18732.0 0.55 0.596373096640906 
5991 1072 2259 13 718 11587 6.42 4.76 7.02 0.03 1.49 24.0 3.33 22.46 24.40 2.34 24.85 32.00 11.17 2081.0 1904.0 1120.0 1566.0 7653.0 644.0 5440.0 1180.0 16.415 14917.0 0.61 0.4623154028617339 
12042 1747 1972 1 538 12143 12.90 7.75 6.13 0.0 1.11 25.15 5.43 19.6 19.03 7.34 24.82 33.54 16.75 2077.0 1904.0 1173.0 958.0 7574.0 843.0 5344.0 2295.0 13.967 16056.0 0.6 0.4636927079348076 
12068 4077 1194 4 729 12190 12.93 18.09 3.71 0.01 1.51 25.25 12.67 11.87 9.85 10.95 24.83 33.66 37.87 2078.0 1904.0 1178.0 157.0 8595.0 1102.0 5087.0 2954.0 13.868 17738.0 0.47 0.5551304613971995 
8517 1604 2158 12 799 11193 9.12 7.12 6.70 0.02 1.66 23.18 4.98 21.45 20.99 4.31 24.85 30.91 16.08 2081.0 1904.0 1082.0 1246.0 7717.0 749.0 5406.0 1707.0 15.560 15579.0 0.57 0.4737929451373479 
11972 4125 1245 16 495 12091 12.83 18.31 3.87 0.03 1.02 25.04 12.82 12.38 9.84 10.89 24.86 33.39 37.76 2083.0 1904.0 1168.0 159.0 8583.0 1102.0 5105.0 2965.0 13.871 17755.0 0.47 0.5544418088606626 
10608 517 2359 1 501 12169 11.36 2.29 7.33 0.0 1.04 25.2 1.61 23.45 25.36 5.47 24.82 33.61 5.74 2077.0 1904.0 1176.0 1462.0 7134.0 679.0 5472.0 1730.0 14.550 15015.0 0.7 0.4278827760348918 
10861 734 2328 12 410 12069 11.64 3.26 7.23 0.02 0.85 25.0 2.28 23.15 24.31 5.75 24.85 33.33 7.46 2081.0 1904.0 1166.0 1381.0 7194.0 706.0 5463.0 1834.0 14.449 15197.0 0.68 0.43323896243017834 
8704 581 2327 8 1268 11452 9.32 2.58 7.23 0.02 2.63 23.72 1.8 23.13 25.58 4.04 24.84 31.63 8.07 2080.0 1904.0 1107.0 1553.0 7358.0 649.0 5461.0 1420.0 15.603 14888.0 0.67 0.44754763180044377 
12702 1897 1916 1 478 12243 13.61 8.42 5.95 0.0 0.99 25.36 5.9 19.05 18.18 8.03 24.82 33.81 17.94 2077.0 1904.0 1183.0 866.0 7594.0 873.0 5327.0 2440.0 13.678 16234.0 0.59 0.4662942841839468 
14035 96 2404 8 976 12100 15.04 0.43 7.47 0.02 2.02 25.06 0.3 23.9 26.39 8.16 24.84 33.42 3.10 2080.0 1904.0 1169.0 1381.0 6822.0 706.0 5489.0 2101.0 13.442 15118.0 0.78 0.41571658122274086 
10872 3149 1529 1 495 12210 11.65 13.98 4.75 0.0 1.02 25.29 9.78 15.2 13.13 7.78 24.82 33.72 29.09 2077.0 1904.0 1180.0 552.0 8236.0 974.0 5200.0 2521.0 14.297 16931.0 0.47 0.5129696227714439 
14996 4119 1221 6 474 12248 16.07 18.28 3.79 0.01 0.98 25.37 12.8 12.14 9.42 13.76 24.84 33.83 37.66 2079.0 1904.0 1184.0 -26.0 8400.0 1163.0 5097.0 3420.0 12.709 18080.0 0.52 0.5503098936414416 
13098 779 2257 0 706 12058 14.03 3.46 7.01 0.0 1.46 24.98 2.42 22.44 23.38 7.64 24.82 33.30 8.55 2077.0 1904.0 1165.0 1219.0 7121.0 759.0 5439.0 2168.0 13.690 15487.0 0.7 0.4342336827607315 
9971 3059 1561 12 695 11980 10.68 13.58 4.85 0.02 1.44 24.82 9.5 15.52 13.69 6.88 24.85 33.09 28.75 2081.0 1904.0 1158.0 638.0 8274.0 946.0 5209.0 2349.0 14.741 16778.0 0.47 0.5148825464840462 
14198 3335 1476 1 492 12188 15.21 14.80 4.58 0.0 1.02 25.25 10.36 14.67 11.89 11.09 24.82 33.66 30.73 2077.0 1904.0 1178.0 290.0 8113.0 1060.0 5182.0 3075.0 13.062 17430.0 0.52 0.5160303007116076 
14970 6572 454 6 484 12238 16.04 29.17 1.41 0.01 1.0 25.35 20.42 4.52 5.57 23.15 24.83 33.80 59.46 2079.0 1904.0 1183.0 -856.0 9444.0 1432.0 4844.0 4115.0 12.588 19835.0 0.65 0.6875812992577857 
10853 3414 1544 1 480 11753 11.63 15.15 4.80 0.0 1.0 24.34 10.61 15.35 12.35 8.11 24.82 32.46 31.41 2077.0 1904.0 1136.0 483.0 8322.0 997.0 5204.0 2593.0 14.389 17116.0 0.46 0.5247532328410743 
13382 1095 2204 17 359 12170 14.34 4.86 6.85 0.03 0.74 25.21 3.4 21.91 21.91 8.04 24.86 33.61 10.55 2083.0 1904.0 1176.0 1104.0 7195.0 797.0 5422.0 2318.0 13.465 15732.0 0.68 0.43859514882546485 
10861 1795 1997 12 377 12102 11.64 7.97 6.20 0.02 0.78 25.07 5.58 19.85 19.18 6.36 24.85 33.42 16.80 2081.0 1904.0 1170.0 1021.0 7641.0 823.0 5354.0 2138.0 14.376 15956.0 0.58 0.46545259775040176 
12142 21 2545 1 269 12249 13.01 0.09 7.91 0.0 0.56 25.37 0.07 25.3 27.56 6.53 24.82 33.83 0.81 2077.0 1904.0 1184.0 1544.0 6799.0 654.0 5535.0 1830.0 13.935 14818.0 0.77 0.4069936490932741 
7549 165 2486 9 480 12098 8.09 0.73 7.72 0.02 0.99 25.06 0.51 24.71 28.24 3.11 24.84 33.41 2.57 2080.0 1904.0 1169.0 1769.0 7164.0 578.0 5515.0 1170.0 15.715 14427.0 0.71 0.4258168184252812 
6109 4247 1188 1 502 12191 6.54 18.85 3.69 0.0 1.04 25.25 13.19 11.81 10.74 6.22 24.82 33.67 38.85 2077.0 1904.0 1178.0 468.0 8989.0 999.0 5086.0 2119.0 16.004 17193.0 0.38 0.5693626138189609 
7625 434 2327 4 807 12134 8.17 1.93 7.23 0.01 1.67 25.13 1.35 23.14 26.59 3.24 24.83 33.51 5.71 2078.0 1904.0 1173.0 1659.0 7326.0 613.0 5462.0 1242.0 15.742 14643.0 0.68 0.437141326803887 
14937 2275 1797 0 477 12250 16.00 10.10 5.58 0.0 0.99 25.37 7.07 17.87 16.09 10.39 24.82 33.83 21.29 2077.0 1904.0 1184.0 603.0 7620.0 959.0 5287.0 2884.0 12.829 16750.0 0.6 0.47593541969546255 
10320 3427 1564 1 480 11638 11.06 15.21 4.86 0.0 0.99 24.11 10.65 15.55 12.46 7.64 24.82 32.14 31.53 2077.0 1904.0 1125.0 515.0 8353.0 987.0 5211.0 2517.0 14.611 17068.0 0.46 0.5265131226566685 
10873 1577 2020 8 501 12196 11.65 7.00 6.28 0.02 1.04 25.26 4.9 20.08 20.08 6.23 24.84 33.68 15.15 2080.0 1904.0 1179.0 1085.0 7572.0 801.0 5361.0 2072.0 14.391 15806.0 0.6 0.45963730966409055 
5620 600 1975 1 2498 11886 6.02 2.66 6.14 0.0 5.17 24.62 1.86 19.64 25.73 2.05 24.82 32.83 11.08 2077.0 1904.0 1149.0 1665.0 7768.0 607.0 5346.0 904.0 16.945 14625.0 0.63 0.47157395363072924 
14164 2954 1611 3 508 12091 15.17 13.11 5.01 0.01 1.05 25.04 9.18 16.02 13.40 10.46 24.83 33.39 27.39 2078.0 1904.0 1168.0 425.0 7951.0 1017.0 5225.0 2959.0 13.122 17152.0 0.54 0.5021042160838626 
5686 592 2328 8 500 12197 6.09 2.63 7.23 0.02 1.04 25.26 1.84 23.14 26.77 2.04 24.84 33.68 6.41 2080.0 1904.0 1179.0 1732.0 7466.0 589.0 5462.0 1011.0 16.362 14528.0 0.65 0.44395133522075136 
12005 1584 2063 12 266 12213 12.86 7.03 6.41 0.02 0.55 25.3 4.92 20.51 19.91 7.17 24.85 33.73 14.68 2081.0 1904.0 1180.0 1023.0 7472.0 822.0 5375.0 2256.0 13.912 15925.0 0.61 0.45481674190833277 
12605 149 2397 238 717 12086 13.50 0.66 7.45 0.49 1.48 25.03 0.46 23.83 26.48 6.98 25.44 33.38 2.97 2166.0 1904.0 1168.0 1452.0 6966.0 683.0 5485.0 1903.0 14.011 15037.0 0.76 0.4200015303389701 
7935 4013 1237 12 799 11997 8.50 17.81 3.84 0.02 1.66 24.85 12.47 12.3 10.85 7.10 24.85 33.13 37.47 2081.0 1904.0 1159.0 432.0 8820.0 1011.0 5102.0 2311.0 15.464 17244.0 0.41 0.5598745122044533 
10527 3536 1410 4 567 12125 11.28 15.69 4.38 0.01 1.17 25.11 10.99 14.02 11.80 8.17 24.83 33.49 32.69 2078.0 1904.0 1172.0 442.0 8429.0 1009.0 5159.0 2576.0 14.442 17173.0 0.45 0.5304154870303772 
13003 3347 1502 11 352 12172 13.93 14.85 4.67 0.02 0.73 25.21 10.4 14.94 12.09 9.98 24.85 33.62 30.52 2081.0 1904.0 1176.0 364.0 8171.0 1036.0 5190.0 2905.0 13.477 17302.0 0.5 0.5161833346086159 
7185 2682 1600 0 974 12090 7.70 11.90 4.97 0.0 2.02 25.04 8.33 15.91 15.84 4.25 24.82 33.39 26.05 2077.0 1904.0 1168.0 918.0 8329.0 853.0 5222.0 1809.0 15.831 16213.0 0.45 0.5104445634708088 
14042 4387 1163 3 362 12241 15.04 19.47 3.61 0.01 0.75 25.36 13.63 11.56 8.93 13.61 24.83 33.81 39.78 2078.0 1904.0 1183.0 -54.0 8552.0 1172.0 5078.0 3359.0 13.019 18161.0 0.51 0.5627056392991047 
6110 1622 1655 8 2416 11963 6.55 7.20 5.14 0.02 5.0 24.78 5.04 16.46 20.40 2.79 24.84 33.04 19.96 2080.0 1904.0 1156.0 1289.0 8166.0 729.0 5240.0 1273.0 16.673 15408.0 0.53 0.4988905042466907 
12469 2332 1786 0 509 12188 13.36 10.35 5.55 0.0 1.05 25.24 7.25 17.75 16.29 8.23 24.82 33.66 21.87 2077.0 1904.0 1178.0 733.0 7794.0 916.0 5284.0 2527.0 13.760 16521.0 0.56 0.48190374167878186 
5776 3819 1339 11 353 12248 6.19 16.95 4.16 0.02 0.73 25.37 11.87 13.31 12.14 4.90 24.85 33.82 34.71 2081.0 1904.0 1184.0 636.0 8811.0 944.0 5136.0 1954.0 16.106 16845.0 0.39 0.5486265207743516 
14605 2415 1767 8 523 12130 15.65 10.72 5.49 0.02 1.08 25.13 7.5 17.57 15.57 10.23 24.84 33.50 22.64 2080.0 1904.0 1172.0 578.0 7702.0 967.0 5277.0 2871.0 12.986 16817.0 0.58 0.4824393603183105 
6339 3301 1471 1 1149 11605 6.79 14.65 4.57 0.0 2.38 24.04 10.26 14.62 13.68 4.33 24.82 32.05 31.95 2077.0 1904.0 1122.0 772.0 8643.0 900.0 5180.0 1849.0 16.261 16572.0 0.41 0.5390619022113398 
5607 23 2587 13 559 11745 6.01 0.10 8.04 0.03 1.16 24.33 0.07 25.72 30.02 1.87 24.85 32.44 1.49 2081.0 1904.0 1135.0 1945.0 7215.0 521.0 5548.0 832.0 16.540 14116.0 0.72 0.43124952176907183 
12539 2044 1823 230 479 12239 13.43 9.07 5.67 0.48 0.99 25.35 6.35 18.13 17.43 8.04 25.42 33.80 19.25 2163.0 1904.0 1183.0 817.0 7743.0 888.0 5296.0 2446.0 13.836 16373.0 0.58 0.47517025021042164 
14838 2092 1853 8 1074 11651 15.90 9.28 5.76 0.02 2.22 24.13 6.5 18.43 16.91 10.12 24.84 32.18 21.04 2080.0 1904.0 1126.0 671.0 7611.0 937.0 5305.0 2785.0 13.160 16638.0 0.61 0.4804499196572041 
6000 1312 2092 10 723 12024 6.43 5.82 6.50 0.02 1.5 24.91 4.08 20.8 22.93 2.46 24.85 33.21 13.31 2080.0 1904.0 1162.0 1467.0 7778.0 675.0 5385.0 1251.0 16.301 15089.0 0.57 0.46744203841150817 
13002 3661 1356 0 706 12058 13.93 16.25 4.21 0.0 1.46 24.98 11.38 13.48 10.95 10.70 24.82 33.30 34.13 2077.0 1904.0 1165.0 248.0 8350.0 1073.0 5141.0 2977.0 13.568 17541.0 0.49 0.5348534700436147 
10781 260 2480 3 489 11983 11.55 1.15 7.70 0.01 1.01 24.82 0.81 24.65 26.74 5.51 24.83 33.09 3.43 2078.0 1904.0 1158.0 1547.0 7002.0 652.0 5513.0 1682.0 14.539 14849.0 0.73 0.4208432167725151 
14996 7162 270 13 468 12248 16.07 31.79 0.84 0.03 0.97 25.37 22.25 2.68 5.18 25.97 24.85 33.83 64.65 2081.0 1904.0 1184.0 -1058.0 9693.0 1497.0 4784.0 4289.0 12.543 20263.0 0.71 0.7244624684367588 
7510 19 2541 1 364 12178 8.05 0.09 7.89 0.0 0.75 25.22 0.06 25.26 29.04 3.06 24.82 33.63 1.01 2077.0 1904.0 1177.0 1823.0 7088.0 561.0 5533.0 1129.0 15.686 14311.0 0.73 0.4198484964419619 
5871 72 2418 1 966 12086 6.29 0.32 7.51 0.0 2.0 25.03 0.22 24.04 29.17 2.05 24.82 33.38 2.86 2077.0 1904.0 1168.0 1883.0 7299.0 540.0 5492.0 867.0 16.459 14198.0 0.71 0.43499885224577245 
6158 3180 1613 1 144 12112 6.60 14.11 5.01 0.0 0.3 25.09 9.88 16.03 14.47 3.95 24.82 33.45 28.56 2077.0 1904.0 1170.0 844.0 8473.0 878.0 5226.0 1839.0 15.974 16416.0 0.42 0.5191674956002754 
6624 609 2272 8 803 12134 7.10 2.70 7.06 0.02 1.66 25.13 1.89 22.59 26.10 2.62 24.84 33.51 7.26 2080.0 1904.0 1173.0 1660.0 7461.0 612.0 5444.0 1142.0 16.103 14659.0 0.65 0.44532864029382513 
14164 2838 1611 10 811 11955 15.17 12.60 5.01 0.02 1.68 24.76 8.82 16.02 13.79 10.33 24.84 33.02 27.06 2080.0 1904.0 1155.0 457.0 7944.0 1006.0 5226.0 2911.0 13.236 17087.0 0.55 0.5026398347233912 
9166 4078 1246 1 495 12175 9.82 18.10 3.87 0.0 1.02 25.22 12.67 12.39 10.44 8.27 24.82 33.62 37.34 2077.0 1904.0 1177.0 342.0 8731.0 1041.0 5105.0 2530.0 14.885 17407.0 0.42 0.55551304613972 
9256 1657 1884 1 1039 12197 9.92 7.35 5.85 0.0 2.15 25.26 5.15 18.73 19.82 5.02 24.82 33.68 17.10 2077.0 1904.0 1179.0 1134.0 7785.0 783.0 5316.0 1825.0 15.114 15709.0 0.56 0.4724156400642743 
9562 2648 1580 8 1334 11869 10.24 11.75 4.91 0.02 2.76 24.59 8.23 15.71 15.26 6.13 24.84 32.78 26.57 2080.0 1904.0 1147.0 781.0 8218.0 898.0 5215.0 2138.0 15.095 16469.0 0.48 0.5101384956767925 
14994 2483 1742 1 506 12174 16.06 11.02 5.41 0.0 1.05 25.22 7.71 17.32 15.21 10.66 24.82 33.62 23.21 2077.0 1904.0 1176.0 531.0 7705.0 983.0 5269.0 2951.0 12.821 16908.0 0.59 0.4838931823398883 
5626 42 2581 12 845 11459 6.03 0.19 8.02 0.03 1.75 23.74 0.13 25.66 29.91 1.89 24.85 31.65 2.32 2081.0 1904.0 1107.0 1938.0 7250.0 523.0 5546.0 825.0 16.666 14144.0 0.72 0.4367587420613666 
14651 3937 1338 2 334 12101 15.70 17.47 4.16 0.0 0.69 25.06 12.23 13.31 10.04 12.83 24.83 33.42 35.71 2077.0 1904.0 1169.0 69.0 8312.0 1133.0 5136.0 3322.0 12.843 17903.0 0.52 0.540056622541893 
14156 1099 2174 3 865 11813 15.17 4.88 6.76 0.01 1.79 24.47 3.41 21.62 21.66 8.73 24.83 32.63 11.75 2078.0 1904.0 1142.0 1051.0 7205.0 814.0 5412.0 2410.0 13.377 15841.0 0.69 0.44563470808784145 
14591 831 2264 16 714 11925 15.63 3.69 7.03 0.03 1.48 24.7 2.58 22.51 22.89 8.95 24.86 32.93 9.02 2083.0 1904.0 1152.0 1116.0 7052.0 793.0 5442.0 2406.0 13.174 15693.0 0.72 0.43438671665773965 
13003 4086 1271 11 352 12172 13.93 18.14 3.95 0.02 0.73 25.21 12.7 12.64 9.82 11.72 24.85 33.62 37.09 2081.0 1904.0 1176.0 113.0 8485.0 1117.0 5114.0 3116.0 13.436 17832.0 0.49 0.5490856224653762 
6298 2959 1471 1 1035 12234 6.75 13.13 4.57 0.0 2.14 25.34 9.19 14.62 14.83 3.93 24.82 33.79 28.65 2077.0 1904.0 1182.0 869.0 8517.0 867.0 5179.0 1753.0 16.127 16316.0 0.42 0.5226107582829597 
14964 7592 136 1 480 12245 16.03 33.70 0.42 0.0 0.99 25.36 23.59 1.35 4.97 28.05 24.82 33.82 68.50 2077.0 1904.0 1183.0 -1201.0 9875.0 1544.0 4740.0 4406.0 12.530 20565.0 0.75 0.7520850868467365 
13785 2350 1784 1 479 12201 14.77 10.43 5.54 0.0 0.99 25.27 7.3 17.73 15.98 9.42 24.82 33.70 21.96 2077.0 1904.0 1179.0 649.0 7718.0 944.0 5283.0 2732.0 13.262 16677.0 0.58 0.4802203688116918 
6042 270 2327 8 1030 12157 6.47 1.20 7.23 0.02 2.13 25.18 0.84 23.13 27.97 2.19 24.84 33.57 4.76 2080.0 1904.0 1175.0 1800.0 7389.0 566.0 5462.0 946.0 16.388 14363.0 0.68 0.4405080725380671 
7528 2682 1600 0 974 12090 8.06 11.90 4.97 0.0 2.02 25.04 8.33 15.91 15.74 4.51 24.82 33.39 26.05 2077.0 1904.0 1168.0 898.0 8308.0 859.0 5222.0 1861.0 15.704 16250.0 0.46 0.5096793939857679 
14047 4084 1271 11 352 12176 15.05 18.13 3.95 0.02 0.73 25.22 12.69 12.64 9.69 12.69 24.85 33.63 37.07 2081.0 1904.0 1177.0 51.0 8421.0 1138.0 5115.0 3273.0 13.050 17947.0 0.51 0.5479378682378147 
5771 465 2322 5 729 12190 6.18 2.06 7.22 0.01 1.51 25.25 1.44 23.09 27.25 2.06 24.83 33.66 5.80 2078.0 1904.0 1178.0 1761.0 7441.0 579.0 5460.0 976.0 16.394 14456.0 0.66 0.4428800979416941 
14934 4671 1048 1 489 12239 16.00 20.73 3.26 0.0 1.01 25.35 14.51 10.42 8.18 15.43 24.82 33.80 42.59 2077.0 1904.0 1183.0 -209.0 8638.0 1222.0 5040.0 3567.0 12.704 18467.0 0.53 0.578391613742444 
7533 1614 2013 1 506 12175 8.07 7.16 6.26 0.0 1.05 25.22 5.01 20.02 20.88 3.64 24.82 33.62 15.49 2077.0 1904.0 1177.0 1275.0 7786.0 738.0 5358.0 1580.0 15.627 15462.0 0.56 0.46820720789654907 
14718 2222 1769 0 735 12208 15.77 9.86 5.50 0.0 1.52 25.29 6.9 17.59 16.25 10.16 24.82 33.71 21.41 2077.0 1904.0 1180.0 625.0 7648.0 952.0 5278.0 2823.0 12.986 16701.0 0.6 0.47807789425357716 
12759 2347 1852 2 206 12146 13.67 10.42 5.76 0.0 0.43 25.16 7.29 18.42 16.35 8.46 24.83 33.54 21.31 2077.0 1904.0 1174.0 725.0 7734.0 920.0 5306.0 2590.0 13.587 16550.0 0.56 0.47815441120208124 
10732 2274 1797 1 476 12251 11.50 10.09 5.58 0.0 0.99 25.38 7.07 17.87 16.89 6.68 24.82 33.83 21.29 2077.0 1904.0 1184.0 856.0 7873.0 875.0 5287.0 2251.0 14.384 16286.0 0.53 0.48205677557579 
13187 4084 1271 11 352 12176 14.13 18.13 3.95 0.02 0.73 25.22 12.69 12.64 9.80 11.89 24.85 33.63 37.07 2081.0 1904.0 1177.0 103.0 8473.0 1121.0 5114.0 3143.0 13.368 17851.0 0.49 0.5487795546713597 
12334 1743 2012 2 388 12104 13.21 7.74 6.25 0.0 0.8 25.07 5.42 20.01 19.09 7.57 24.82 33.43 16.37 2077.0 1904.0 1170.0 950.0 7529.0 846.0 5358.0 2345.0 13.832 16078.0 0.6 0.46124416558267656 
14783 4031 1329 1 349 11991 15.84 17.89 4.13 0.0 0.72 24.84 12.52 13.21 9.80 13.18 24.82 33.12 36.59 2077.0 1904.0 1159.0 33.0 8340.0 1145.0 5133.0 3368.0 12.816 17986.0 0.52 0.544877190297651 
12059 3708 1398 2 388 12104 12.92 16.46 4.34 0.0 0.8 25.07 11.52 13.9 11.05 9.87 24.82 33.43 33.81 2077.0 1904.0 1170.0 300.0 8380.0 1057.0 5155.0 2865.0 13.826 17457.0 0.47 0.5331700971765246 
13588 3975 1346 0 316 12024 14.56 17.64 4.18 0.0 0.66 24.91 12.35 13.39 10.10 11.90 24.82 33.21 36.02 2077.0 1904.0 1162.0 123.0 8385.0 1115.0 5138.0 3174.0 13.245 17812.0 0.5 0.5428112326880404 
12679 2799 1642 8 500 12177 13.58 12.42 5.10 0.02 1.04 25.22 8.7 16.33 14.24 8.92 24.84 33.63 26.00 2080.0 1904.0 1177.0 563.0 7980.0 971.0 5236.0 2693.0 13.661 16880.0 0.52 0.4979723008646415 
12005 1834 2101 10 379 11543 12.86 8.14 6.53 0.02 0.79 23.91 5.7 20.89 19.05 7.30 24.85 31.88 17.15 2080.0 1904.0 1116.0 961.0 7557.0 844.0 5388.0 2319.0 14.075 16108.0 0.6 0.4671359706174918 
7809 528 2370 17 433 12147 8.37 2.34 7.36 0.04 0.9 25.16 1.64 23.57 26.25 3.38 24.87 33.55 5.69 2083.0 1904.0 1174.0 1630.0 7301.0 624.0 5476.0 1315.0 15.580 14716.0 0.67 0.4346927844517561 
5571 572 1974 1 2553 11879 5.97 2.54 6.13 0.0 5.29 24.61 1.78 19.63 25.87 2.02 24.82 32.81 10.95 2077.0 1904.0 1148.0 1675.0 7767.0 603.0 5346.0 886.0 16.979 14602.0 0.63 0.4716504705792333 
14953 6187 575 9 472 12248 16.02 27.46 1.79 0.02 0.98 25.37 19.22 5.71 5.91 21.39 24.84 33.83 56.01 2080.0 1904.0 1184.0 -724.0 9281.0 1389.0 4883.0 4004.0 12.612 19557.0 0.62 0.6638610452215166 
7541 880 2332 135 103 12015 8.08 3.90 7.25 0.28 0.21 24.89 2.73 23.19 24.77 3.29 25.17 33.18 8.05 2127.0 1904.0 1161.0 1541.0 7446.0 653.0 5463.0 1385.0 15.661 14947.0 0.64 0.4437217843752391 
12347 2318 1781 1 508 12234 13.23 10.29 5.53 0.0 1.05 25.34 7.2 17.7 16.35 8.11 24.82 33.79 21.75 2077.0 1904.0 1182.0 744.0 7798.0 912.0 5283.0 2506.0 13.795 16499.0 0.55 0.48144463998775733 
5964 119 2463 11 721 12034 6.39 0.53 7.65 0.02 1.49 24.93 0.37 24.49 29.06 2.10 24.85 33.23 2.72 2081.0 1904.0 1163.0 1873.0 7275.0 543.0 5508.0 906.0 16.378 14232.0 0.71 0.43331547937868237 
13178 2874 1647 11 353 12183 14.12 12.76 5.12 0.02 0.73 25.24 8.93 16.38 13.91 9.45 24.85 33.65 26.33 2081.0 1904.0 1177.0 513.0 7960.0 988.0 5238.0 2796.0 13.436 16982.0 0.53 0.49804881781314564 
13160 3894 1284 4 581 12180 14.10 17.28 3.99 0.01 1.2 25.23 12.1 12.76 10.25 11.42 24.83 33.64 35.90 2078.0 1904.0 1177.0 160.0 8427.0 1102.0 5118.0 3074.0 13.440 17721.0 0.49 0.5431173004820568 
14850 952 2246 7 368 12184 15.91 4.22 6.98 0.01 0.76 25.24 2.96 22.33 22.31 9.24 24.84 33.65 9.29 2079.0 1904.0 1177.0 1064.0 7044.0 811.0 5436.0 2497.0 12.924 15788.0 0.71 0.4318616573571046 
14971 5498 808 17 438 12186 16.04 24.40 2.51 0.03 0.91 25.24 17.08 8.04 6.76 18.47 24.86 33.66 49.81 2083.0 1904.0 1178.0 -488.0 8981.0 1313.0 4961.0 3810.0 12.652 19065.0 0.57 0.6230775116688347 
12815 4387 1163 3 359 12245 13.73 19.47 3.61 0.01 0.74 25.36 13.63 11.56 9.08 12.45 24.83 33.82 39.77 2078.0 1904.0 1183.0 20.0 8626.0 1147.0 5078.0 3174.0 13.471 18025.0 0.49 0.5637768765781621 
14989 6610 443 6 485 12237 16.06 29.34 1.37 0.01 1.0 25.35 20.54 4.4 5.54 23.34 24.83 33.80 59.79 2079.0 1904.0 1183.0 -870.0 9459.0 1436.0 4841.0 4129.0 12.580 19865.0 0.65 0.6898768077129084 
12848 2886 1642 4 467 12088 13.76 12.81 5.10 0.01 0.97 25.04 8.97 16.32 13.91 9.16 24.83 33.38 26.69 2078.0 1904.0 1168.0 529.0 7995.0 983.0 5236.0 2745.0 13.603 16959.0 0.52 0.5006503940622848 
5968 927 2243 11 353 12248 6.39 4.11 6.97 0.02 0.73 25.37 2.88 22.3 24.97 2.29 24.85 33.82 9.04 2081.0 1904.0 1184.0 1605.0 7572.0 631.0 5434.0 1156.0 16.193 14793.0 0.62 0.45037875889509527 
14737 3006 1519 1 868 12100 15.79 13.34 4.72 0.0 1.8 25.06 9.34 15.1 12.93 11.12 24.82 33.42 28.68 2077.0 1904.0 1169.0 357.0 7995.0 1038.0 5196.0 3042.0 12.993 17271.0 0.54 0.5083020889126942 
10853 92 2582 1 480 11753 11.63 0.41 8.02 0.0 0.99 24.34 0.29 25.67 27.72 5.51 24.82 32.46 1.92 2077.0 1904.0 1136.0 1609.0 6912.0 633.0 5547.0 1645.0 14.570 14737.0 0.75 0.41671130155329406 
14675 1747 1972 1 538 12143 15.72 7.75 6.13 0.0 1.12 25.15 5.43 19.6 18.52 9.65 24.82 33.54 16.75 2077.0 1904.0 1173.0 800.0 7415.0 896.0 5344.0 2691.0 12.994 16346.0 0.64 0.45979034356109877 
14964 7395 196 1 480 12251 16.03 32.82 0.61 0.0 0.99 25.38 22.98 1.95 5.06 27.08 24.82 33.83 66.75 2077.0 1904.0 1184.0 -1135.0 9792.0 1522.0 4759.0 4350.0 12.540 20423.0 0.73 0.7393832733950569 
12073 2453 1642 10 1087 12109 12.93 10.89 5.10 0.02 2.25 25.08 7.62 16.33 15.57 8.07 24.85 33.44 24.28 2080.0 1904.0 1170.0 696.0 7959.0 927.0 5236.0 2473.0 14.064 16595.0 0.54 0.495064656821486 
6110 1011 1872 8 2463 11792 6.55 4.49 5.82 0.02 5.1 24.43 3.14 18.61 23.48 2.48 24.84 32.57 14.65 2080.0 1904.0 1140.0 1501.0 7905.0 661.0 5312.0 1096.0 16.757 14974.0 0.59 0.4818272247302778 
10527 3592 1393 4 567 12122 11.28 15.94 4.33 0.01 1.17 25.11 11.16 13.85 11.61 8.29 24.83 33.48 33.19 2078.0 1904.0 1171.0 423.0 8452.0 1015.0 5153.0 2592.0 14.439 17212.0 0.45 0.5327875124340041 
13062 124 2506 11 353 12189 13.99 0.55 7.79 0.02 0.73 25.25 0.38 24.91 26.79 7.33 24.85 33.66 1.91 2081.0 1904.0 1178.0 1452.0 6800.0 684.0 5521.0 1993.0 13.628 14998.0 0.77 0.40974825923942154 
10886 775 2301 1 364 12193 11.66 3.44 7.15 0.0 0.75 25.26 2.41 22.88 24.06 5.79 24.82 33.67 7.72 2077.0 1904.0 1178.0 1362.0 7206.0 712.0 5454.0 1852.0 14.394 15224.0 0.68 0.4330859285331701 
9189 21 2545 7 262 12250 9.84 0.09 7.91 0.01 0.54 25.37 0.06 25.3 28.43 4.24 24.84 33.83 0.79 2079.0 1904.0 1184.0 1722.0 6978.0 595.0 5533.0 1386.0 15.027 14492.0 0.74 0.4136506236131303 
12619 1487 1997 230 492 12227 13.52 6.60 6.21 0.48 1.02 25.32 4.62 19.86 19.97 7.67 25.42 33.77 14.33 2163.0 1904.0 1182.0 1001.0 7503.0 829.0 5353.0 2299.0 13.843 15984.0 0.63 0.4569592164664473 
13592 1405 2072 73 667 11976 14.56 6.24 6.44 0.15 1.38 24.81 4.36 20.6 20.29 8.43 25.01 33.07 14.00 2104.0 1904.0 1157.0 980.0 7370.0 837.0 5378.0 2419.0 13.515 16004.0 0.65 0.4537455046292754 
6145 224 2332 5 1035 12197 6.58 0.99 7.25 0.01 2.14 25.26 0.69 23.19 28.13 2.24 24.83 33.68 4.37 2078.0 1904.0 1179.0 1807.0 7365.0 564.0 5463.0 949.0 16.343 14341.0 0.69 0.43867166577396893 
14996 7776 78 13 468 12248 16.07 34.52 0.24 0.03 0.97 25.37 24.16 0.77 4.89 29.01 24.85 33.83 70.11 2081.0 1904.0 1184.0 -1266.0 9954.0 1564.0 4721.0 4464.0 12.510 20703.0 0.77 0.7640217308133751 
6037 124 2358 2 1034 12227 6.47 0.55 7.33 0.0 2.14 25.33 0.38 23.44 28.69 2.16 24.83 33.77 3.48 2077.0 1904.0 1182.0 1847.0 7330.0 551.0 5473.0 904.0 16.380 14258.0 0.7 0.43614660647333386 
12081 2477 1637 16 1107 12069 12.94 11.00 5.09 0.03 2.29 25.0 7.7 16.28 15.47 8.10 24.86 33.33 24.54 2083.0 1904.0 1166.0 687.0 7972.0 929.0 5235.0 2480.0 14.077 16616.0 0.53 0.4963654449460556 
9562 1381 1960 9 1264 12014 10.24 6.13 6.09 0.02 2.62 24.88 4.29 19.49 21.02 5.09 24.84 33.18 15.17 2080.0 1904.0 1161.0 1207.0 7677.0 760.0 5340.0 1781.0 15.115 15558.0 0.59 0.4669829367204836 
6110 48 2138 8 2491 11935 6.55 0.21 6.64 0.02 5.16 24.72 0.15 21.25 28.32 2.21 24.84 32.96 6.16 2080.0 1904.0 1153.0 1821.0 7508.0 557.0 5401.0 820.0 16.784 14286.0 0.69 0.45389853852628365 
