0.918 21073.33243730545 1.1046887631366207 0.4780584275382553 
-2.831 21433.03973354701 1.3412982875348465 0.48579286590977694 
15.925 13956.572392779875 0.591323296354992 0.5451441325751599 
-2.358 21969.475224443537 1.2912695386961497 0.500284764994902 
14.313 16883.282382525227 0.3967131266902434 0.4705213238481721 
2.997 19964.84656438062 0.9762804366078924 0.4549500611582849 
8.542 17333.61536039939 0.8037156704361873 0.507021278144344 
6.526 18213.54667773503 0.8101239669421487 0.4623820750903616 
9.495 16194.099279124315 0.7721543914927135 0.500533884640228 
-3.742 20236.54866910203 1.4338593415156828 0.48520510057006366 
-0.447 19045.35233870033 1.2932464454976302 0.48965152406784745 
0.203 19918.47858741303 1.1790594855305465 0.47422526150517924 
13.996 15216.079564895084 0.5665744764915053 0.5127909817043639 
5.389 18052.89683232877 0.9126806431915326 0.47240696874634913 
15.461 14143.510946640654 0.5819737365698368 0.5333584812579629 
-3.466 22010.66697988468 1.3506331741747977 0.46136595894817894 
-3.55 19882.60050533015 1.4297668858338315 0.47220580651938193 
-1.735 19524.808011366877 1.3367588932806325 0.4823206177507759 
0.251 18613.113432364808 1.2556124458448208 0.48964156655681174 
6.455 17591.98294629585 0.8664091093940625 0.4750889078183129 
8.047 16150.029689247196 0.867745756020529 0.499474416394418 
-4.93 23507.61786737166 1.5483304042179262 0.47779909798629105 
5.363 17817.943722972013 0.9265033407572383 0.47568020879474243 
-2.115 21364.92706854456 1.2735887927482485 0.4616760553243435 
4.263 18958.71582051881 0.9548717948717949 0.4739022239393044 
15.333 16826.904541717064 0.359623430962343 0.4759177632617454 
-3.17 22500.538136795065 1.3215333463719927 0.4885963571468904 
-0.315 20525.644173740005 1.1821895424836601 0.46506641370177804 
-3.528 20652.90275288954 1.3967611336032386 0.4676582571868213 
8.145 18004.956342621797 0.7495433326567891 0.4819896389378569 
-3.682 21306.787978346714 1.3781394414305808 0.47021516337587094 
9.958 17539.499196382858 0.6235026848409747 0.4672726687966745 
-2.296 19665.55190868982 1.3586506214243441 0.4787783459051613 
15.517 13907.133344349026 0.6034448624034844 0.5389971183306426 
5.497 16973.87191793152 0.998422712933754 0.4988582354520953 
13.872 14870.145144709018 0.591816367265469 0.5134495893360475 
-4.246 20926.579709214224 1.4264435829422564 0.4602231956920358 
15.13 15011.45712705929 0.4993944287444489 0.5054141287918459 
13.648 16348.839477814927 0.4659372419488026 0.4784397298032857 
15.887 14314.78130206982 0.549810341385506 0.5323873862846867 
7.571 18147.510110669682 0.765040650406504 0.4741050808819979 
13.571 16698.885721574756 0.4315169366715758 0.46580770301864327 
15.548 15789.598710430342 0.39363693075483464 0.48100893007087275 
-4.333 20706.960493611816 1.4397005261027924 0.4631044911892366 
-0.34 19789.106420596247 1.2401328644001561 0.49222178067063554 
-4.071 20110.477979369243 1.4844058428740623 0.4855495504972328 
9.387 18510.200091416576 0.6589743589743589 0.4857625847556051 
-2.762 22857.162112045844 1.2960092987214258 0.49614950242944744 
0.803 18670.013395025893 1.1932067932067931 0.4755328838374596 
4.307 17940.395949628357 1.0181388012618298 0.4930598253114801 
-3.803 21866.92706854456 1.3700041203131437 0.46140952656756773 
8.102 18558.471337781608 0.71849087893864 0.4722342047557703 
-2.922 22312.5780285853 1.3185550082101807 0.47040667623873855 
-3.108 23085.22172924967 1.3189199765212287 0.494601848256497 
9.908 17111.263815044145 0.6585014409221902 0.474751220893807 
14.795 15729.7214791168 0.45302498451373113 0.4913497406756428 
16.039 15152.5053127767 0.4543429844097996 0.5093897591540928 
5.753 18792.165188338076 0.8330902271306522 0.4575098657120536 
-4.094 21254.208872141317 1.4040590405904059 0.4594769830755409 
-3.939 21931.28565355346 1.3763977635782745 0.47485772766336626 
4.769 20337.221745930852 0.9014844804318489 0.49634152953610966 
-3.62 20407.968128183424 1.4059188162367526 0.4691154360890984 
-5.063 25397.093033105313 1.8889664804469275 0.5411316648688608 
9.35 16034.083804826925 0.7879865639201737 0.49956801846437454 
3.347 19200.388234801903 0.981023102310231 0.46072442666242475 
13.034 14959.095039192474 0.6466535433070866 0.5186755902032859 
14.006 15594.085599131715 0.5381509890997173 0.5069918448245869 
5.761 17026.788822985116 0.9552652414885193 0.4884052808111828 
15.381 15285.312551957633 0.4507761437908497 0.4938101470958577 
-2.184 21529.06754271929 1.286030150753769 0.4777261355730584 
-2.138 20876.91511184479 1.2888661899897853 0.46315646656276965 
-0.6 19126.106420596247 1.2911293474013283 0.4932738973310924 
-3.693 21483.78472336554 1.3707377557346558 0.45777264728177375 
4.084 17375.395949628357 1.0668375394321767 0.49594383132999864 
6.267 18388.812719703463 0.830369916206826 0.4682718202827761 
8.212 16539.342179475963 0.831227793130675 0.4963103929328882 
13.878 17482.885721574756 0.417210183042289 0.472508338591373 
-2.071 19415.076440251396 1.3621686266693243 0.47723069985766986 
-2.447 19838.514800364064 1.3716362207817716 0.48560477815599007 
-1.995 19575.26607029584 1.3432045499117475 0.48136961214224055 
-0.884 19743.732476194957 1.2687293247713562 0.4887178030390117 
6.951 16750.030919459907 0.8980438648488441 0.49293070457294047 
10.942 15455.899340895367 0.7435192458758837 0.5140573671650781 
2.991 18461.262880176124 1.0527918781725887 0.4720941976052538 
15.966 14704.6593353383 0.5195420450059218 0.5288522180831764 
12.9 16286.188887281884 0.5076541166735622 0.4755833663045904 
6.77 18733.047148858856 0.7840955912649361 0.466721669430785 
13.181 14812.5050989551 0.6560157790927021 0.5244374226375945 
-3.89 21580.48527912242 1.394590130084658 0.46419370405622284 
-4.334 20765.61571703064 1.4468170829975824 0.46943736243652556 
-3.14 19467.624844411854 1.4271119842829074 0.4803022341704826 
-4.778 23248.810268618698 1.512328169321405 0.47180755567352534 
15.019 14754.107117581854 0.5542914171656687 0.5246219943958174 
15.773 14393.076260465385 0.5390141688285771 0.5251223936314197 
11.783 16113.088503861964 0.6029321930360415 0.4851348951176336 
10.08 16446.65321027703 0.703 0.4897122169973059 
15.828 15346.075185343756 0.4330301777594047 0.49922294994705696 
0.78 19369.90275288954 1.1613360323886637 0.4709466982407631 
15.495 13996.108619058889 0.6015454725579551 0.5402976735067847 
-4.534 20286.29063059833 1.4827378562826175 0.4707402380103873 
16.086 14447.750492479958 0.5344587884806357 0.5330989081534814 
-3.678 20180.936924371377 1.430806257521059 0.47198087522735754 
1.472 20820.944681476998 1.091844512195122 0.501204951458085 
-3.781 20968.176462811498 1.3999604195527409 0.4765936580494757 
-3.635 20462.910363380783 1.4058232931726908 0.4681024929850575 
12.742 15083.542075655569 0.6590551181102361 0.5184927328657367 
3.845 18105.680049931136 1.0272490482869165 0.48278705074016204 
-0.063 20599.023228079695 1.1619165634035522 0.46113717235954405 
8.475 17887.2017862293 0.7078838174273858 0.46797102148744146 
10.885 15407.32346559078 0.7494131455399061 0.514468373935442 
-3.241 21177.787978346714 1.3536266827406067 0.4703277591694214 
-3.331 21121.6740077003 1.356951043172898 0.4563900732757828 
3.177 18262.161176333426 1.0650390234140483 0.4827179874030344 
16.023 14626.11258032722 0.5184746097609169 0.5275635076930512 
15.74 14077.876322236438 0.5791882212495025 0.5364675457680407 
-3.0 22151.944681476998 1.3250762195121952 0.5001563811957055 
-3.054 22816.13394943248 1.3135758998435052 0.49140106764434427 
7.865 17182.024867273853 0.8144492696407423 0.4915805283498066 
10.613 15524.465630349663 0.7573918151556686 0.5126353294208338 
6.21 17250.58008544788 0.9327110073901205 0.4996313274476574 
14.771 15935.560963234928 0.42045218834266745 0.47786697353193713 
9.431 17674.065444421936 0.6589795918367347 0.4715940990169361 
10.077 16589.54973305885 0.7253012048192772 0.503607776994196 
11.105 15860.811439388559 0.705055631465938 0.5104570438899404 
7.532 18321.643739390398 0.7387387387387386 0.4594248818886226 
5.272 17294.14657012068 0.9996048211815848 0.500153015313354 
-2.91 22708.92093183598 1.3056043741456747 0.49142470021943624 
-4.182 22763.98812172984 1.395023647953938 0.47198254598284783 
-4.474 22208.791915554237 1.406100850798921 0.4588605585526985 
-4.948 23854.213498320696 1.5968923418423975 0.48761907844469293 
6.283 16640.266168539212 0.9526066350710899 0.49505671445784666 
-2.438 22074.173781204398 1.2920371867421179 0.4779943331411649 
-2.198 19289.11881293341 1.3715017737485218 0.4795861170593764 
15.701 17418.580242460877 0.35676009892827704 0.4867038949906907 
-3.731 22438.30909856779 1.3650536545859486 0.47706377202636513 
15.964 14559.973212119545 0.5251926496739775 0.5275907286919116 
-3.935 21804.155371331333 1.3786311181854358 0.4754910086258919 
-4.512 21687.19251179031 1.4246944271804431 0.4590693322013497 
-3.645 21029.343352880067 1.3821669047133236 0.46164636303089523 
5.939 17746.98294629585 0.8926392842618951 0.4742643414422032 
16.063 13814.887934123437 0.6134470063941097 0.5561096335139296 
-2.854 22626.320732862623 1.3083984374999997 0.493778803051754 
-4.942 23804.95579592323 1.5893173758865244 0.4861650621382329 
15.91 14507.198858033258 0.5293530351437699 0.5271405967018701 
-1.823 20025.937867887274 1.3063492063492064 0.4754806567633999 
15.827 15663.17460918117 0.4004171011470281 0.4902556783619307 
-4.58 21742.98812172984 1.419494139420111 0.45875140125603786 
15.49 14227.459603531768 0.5644098262432594 0.5267905826689976 
-3.018 22559.785639821188 1.3140815143905735 0.4951464935345918 
-1.621 22260.320732862623 1.24140625 0.49368826204891614 
