47782.21208715082 5.442854244353957E-4 0.013330831250977974 0.34329388792404203 0.5655547647839096 
58297.02391575021 6.10724918026165E-4 0.0309696380526529 0.3668256261994493 0.5196779668504882 
5706.257315518824 2.7669753852610295E-5 0.020688744072840624 0.4918889897780352 0.5032515131278408 
58677.041310524946 4.154243969690056E-4 0.0048701550449332855 0.19584119529777835 0.37966403023855994 
9842.81200169282 5.265293091487507E-4 9.184618193074532E-4 0.43117249630475984 0.6535011222802753 
39789.352792489546 1.740086941132619E-4 2.751863351632966E-4 0.47683857350371534 0.6806831944126429 
27638.477530506312 0.007343103192403155 0.07931307068963116 0.4791317892547706 0.5630525339232564 
30355.05204369215 9.22064944705443E-4 0.005083052636816884 0.49007759162997666 0.633087973861017 
23247.39329616669 7.582451812757794E-4 0.005437583056741049 0.4460139302168066 0.4846953378494228 
59632.61030675471 1.6116972921164827E-4 0.0066329747894605315 0.40867263594552783 0.45053907860468256 
50627.9771557183 0.016736773820736794 0.02671199805837831 0.47683857350371534 0.49330097580874677 
48657.04258564719 4.228244698477549E-4 0.013694006213154038 0.4320111227855381 0.548233563611352 
11355.272793301488 1.810848067219884E-4 0.008143222919821114 0.42773907024614255 0.49442795229023195 
33837.770093902094 0.008193832445874828 0.012895952256084595 0.49431859971366743 0.5877822628590205 
6602.410802300848 2.300554689954929E-4 0.012710545545672566 0.4978258930900253 0.5173264716092687 
57992.36532480722 4.2215170610368155E-4 0.00602849841531419 0.4405901186448486 0.6473964885536535 
57859.558219341474 1.6493100854941288E-4 0.00598190188304238 0.49333281316672634 0.5214391119539086 
53736.34281438739 0.002960336845245169 0.015092026014045128 0.46168410311073116 0.49606358443794935 
48324.28428050732 5.289433301504488E-4 0.019959119917692326 0.47649694072151383 0.48472191071705834 
30868.64624428476 0.008193832445874828 0.013085134168091666 0.5021756683399653 0.5842822324403267 
26628.34423359332 9.520235477809805E-4 0.006067448247877673 0.4891729887036127 0.4923730995454758 
60974.11644758131 4.3955121321438825E-4 0.014798096881117877 0.5083405968346153 0.812962655621676 
33837.770093902094 0.0010013368325419761 0.012895952256084595 0.49506328797730786 0.5713021890178422 
54378.00042798076 7.311603497128636E-4 0.004625258495716905 0.4386724439898297 0.6245583296481154 
37563.65765007101 0.00215652532208366 0.031499624728202315 0.47534437071043567 0.6111414270782212 
7281.475365471615 5.77394910302358E-5 0.008277461804349701 0.43001624928006993 0.6708536078574221 
60010.785348357815 1.3101551056147217E-4 0.0022122985434710786 0.2413459713235874 0.4631420548859493 
49637.96883315949 2.0994917891478237E-4 0.007025137832060029 0.43896152348875694 0.5980433893465753 
58132.52203385536 0.0021414196637695405 0.014798096881117877 0.4816453447729329 0.5707676643137366 
27638.477530506312 0.002043101633671929 0.02961659420032043 0.43083098063447284 0.5788105064661028 
59185.43267703296 4.197841712261703E-4 0.006038405045571231 0.4113060726169209 0.5477774645029976 
21484.200984231313 0.0010278083697304171 0.0073822621644615664 0.4632932261592554 0.6316879292972521 
55014.75003515264 5.235155378482082E-4 0.005173807059991493 0.45415191441813646 0.4904163671019015 
6256.838716376725 2.7337125200640046E-4 0.005231293820972472 0.49776917835699225 0.5013726458873516 
34034.123254160055 0.004165454320863453 0.01965426773684091 0.4871913318969259 0.4884843809964525 
10994.500028374678 9.043872977859248E-4 0.011844163210305167 0.4871168641704726 0.5270295379835979 
59589.99489591185 0.0030989321412111404 0.006385390018863091 0.4956641427335607 0.5948944031831109 
7483.845734693622 1.84072719768235E-4 0.007355210070691018 0.4766653693171606 0.5619779607901807 
11632.419090512423 5.204325833849848E-5 0.015215548992582317 0.47179332689677167 0.6308287855849507 
5800.630036258211 9.043872977859248E-4 0.020135290608211523 0.4871168641704726 0.5278151408419072 
28632.5186733723 0.001911842970241202 0.012325518580019859 0.43083098063447284 0.5835307474837941 
11201.358823032457 4.210228269283172E-4 0.008143222919821114 0.49449480835368753 0.6876174705684823 
5933.15832744475 0.0028152434117431294 0.0042167149844745105 0.4877362091599161 0.6525184772224448 
59862.57441304714 5.513861451137423E-4 0.0046435670269450065 0.49035269714672486 0.5695837285669861 
51257.828833815605 6.041573944501281E-4 0.02190847186473687 0.37971286616504907 0.4600494093944158 
60426.764164271895 0.016736773820736794 0.02653174604816199 0.47683857350371534 0.4921003571881801 
25455.36411907704 1.5026919637018332E-4 5.805562452892053E-4 0.27908901615467785 0.48968843824524627 
59709.748870624804 7.443783590519483E-4 0.00230943614915726 0.1841298234614744 0.43249801499183466 
46049.33141183668 1.675618629748913E-4 0.005879475512923691 0.4944074371212023 0.530059368850868 
37816.013459998714 6.7499842484725E-4 0.020013473941361597 0.43919041114975704 0.4884843809964525 
58943.791492385644 7.311603497128636E-4 0.004625258495716905 0.4386724439898297 0.6245583296481154 
27401.599862095023 0.002043101633671929 0.02961659420032043 0.4464343844069316 0.6433464840873344 
57273.198001833734 7.787340441632162E-5 7.305756049370638E-4 0.3734154879823753 0.6132690511481592 
60359.879758520074 6.043010437007724E-5 0.0025003498043585717 0.2005706541943553 0.4642291794659531 
21680.398904594575 0.0018667879396421956 0.020146997155649632 0.4933640234605795 0.6219874094971406 
8670.263195203413 6.098619383569693E-4 0.030296778546474123 0.4989705212427683 0.6313993120314905 
5630.084222057657 7.615638346801181E-5 0.020025322899836103 0.45822652705581607 0.5714205805855782 
32376.58781363431 0.0014410811131685235 0.0028958887850478675 0.4857310626084598 0.6587149862175318 
59312.46205030821 0.001373289724772572 0.006067593165615569 0.4794270097157707 0.6095641168985851 
60575.35960713682 8.874182606272038E-5 0.0028296314403552037 0.3511712229368975 0.528148267089374 
39303.01536438547 0.0015370817423381127 0.0022122985434710786 0.19080922023797764 0.4165156579473119 
58293.8601798119 4.2215170610368155E-4 0.0028657512352109242 0.4641065210714337 0.532891406239815 
60966.57655032944 0.002114651509064768 0.014857003928646454 0.5086347248354748 0.9723883404362784 
23274.401929592517 0.0010654897283131157 0.004379713757323825 0.470773902332574 0.49562617419320204 
39067.80021899178 9.908209397227275E-4 0.005387571682274419 0.48289205241565386 0.6282753436088311 
13619.409578102652 1.6835916900513007E-4 0.009223745281033723 0.4595528296528135 0.4832165952064755 
11632.419090512423 0.007355210070691018 0.03736964615395807 0.47179332689677167 0.5621548924400248 
32741.234255715426 1.0861109308282776E-4 0.0011261665501446035 0.47980744934654007 0.5008844442162333 
6486.627166595723 3.66356226821811E-4 0.001181255907937751 0.47980744934654007 0.5981047264119466 
56039.57494045775 1.0293453272754768E-4 0.01674765887326588 0.3652280240827891 0.5489077363054524 
54366.99367783853 7.438109921900872E-4 0.006452326545455328 0.45415191441813646 0.5988353754795485 
51257.828833815605 6.041573944501281E-4 0.02190847186473687 0.4358802090664766 0.4600494093944158 
58209.118835913214 7.267896006588143E-4 0.005382949824812444 0.4735455595976883 0.6336933059446381 
37816.013459998714 6.7499842484725E-4 0.020013473941361597 0.4871913318969259 0.4884843809964525 
31655.456730856702 0.0022583040274647276 0.007217973947316885 0.4553860645077257 0.6004593370884402 
26609.52219768117 9.520235477809805E-4 0.00658715435094185 0.45617263048788675 0.4923730995454758 
11201.358823032457 4.228434867806099E-4 0.008143222919821114 0.4279969916288383 0.6876174705684823 
54090.80695978145 0.004102270692228788 0.014919480063848065 0.5014876039371743 0.5227168977639792 
56039.57494045775 5.112409439322587E-4 0.016736773820736794 0.4365372916344157 0.47683857350371534 
54366.99367783853 7.600119423849674E-4 0.0019697169981085644 0.436782990470727 0.47179332689677167 
52327.18164053302 6.041573944501281E-4 0.0076984097805479395 0.3787593382353917 0.446776585125223 
29764.674323496667 0.0011121910696926288 0.004379713757323825 0.470773902332574 0.49562617419320204 
19388.023533368447 0.002854713451424456 0.013227884756301279 0.4653025158776617 0.47575852741761177 
40141.11892987382 4.770136984268192E-4 0.01563490385586574 0.5086347248354748 0.5804535631185591 
6320.345152537682 0.0024197851398718765 0.014758153138507351 0.4237075664168386 0.49245313371701666 
13206.840716968414 0.0028371827904592564 0.010930647031185445 0.4987133873403443 0.6371028213194222 
30519.711127523635 7.311603497128636E-4 0.01063416530263813 0.43960884973593717 0.6245583296481154 
13343.204076491387 1.8137517194932826E-4 0.020688744072840624 0.4773271722997907 0.4900341606360961 
59265.936500290474 0.0021456844803236317 0.021970396874655556 0.4753921203871129 0.6315673442072145 
60380.90023321191 4.91161298027151E-4 0.014950584841271316 0.4775748942444657 0.5559012574607378 
57007.90351295291 2.452028815148942E-4 0.0036142117011441714 0.47567683513752756 0.47707788317557753 
60626.71488155178 0.0023342896678444397 0.01462215929084546 0.5086347248354748 0.7938295983011546 
8602.746082010883 5.82579365121943E-4 0.030296778546474123 0.47635742139192166 0.5270097716209189 
5770.686752196517 5.385806217398893E-4 0.005439118235327563 0.47720266184351134 0.5262665748805488 
16447.385403863467 0.003087018663617101 0.012833245338882754 0.4956641427335607 0.589058826150863 
21469.955613063565 0.0010105942091661112 0.0073822621644615664 0.45735120665104567 0.5335068102491741 
5777.18907483365 1.8041545992195812E-4 0.03080836436302293 0.5071584384058931 0.6342524156102731 
46478.58558705857 0.0021414196637695405 0.014798096881117877 0.4816453447729329 0.5707676643137366 
6647.587916634774 0.0015482211430978808 0.015418857936742598 0.4978258930900253 0.5038816576603511 
60575.35960713682 7.781702770089976E-5 0.015632926318436165 0.5087531856010205 0.5448247879026412 
5653.046026895188 8.357797693394031E-5 0.020109234522245858 0.45822652705581607 0.5116482313992753 
58449.892491324994 0.0028943095014004197 0.015092026014045128 0.4959056365910559 0.54191802930365 
48321.01056856592 6.041573944501281E-4 0.0048701550449332855 0.19584119529777835 0.3787593382353917 
59752.20638233011 0.002289651459409326 0.005790172324937195 0.39831655306487673 0.5001952348804581 
58293.8601798119 4.2215170610368155E-4 0.0060569154043041175 0.4728273259373104 0.5460195522740663 
14578.596166169955 0.0028369229174143662 0.013471601567646561 0.45967265997254336 0.4833641408167728 
38411.87650139658 5.289433301504488E-4 0.019959119917692326 0.4812155460065344 0.538812547028599 
48663.82885526284 5.112409439322587E-4 0.007703861528892142 0.4576532767845333 0.6318257173714948 
25569.020877541585 0.0018667879396421956 0.020146997155649632 0.4877362091599161 0.6458973153378709 
19469.707743263123 0.002004937942329948 0.006983132588639864 0.45694549353906116 0.4635442728629356 
57992.36532480722 4.2215170610368155E-4 0.006038405045571231 0.4113060726169209 0.5478275165506098 
57013.85085809897 0.002244054489483789 0.005275779625931948 0.4925876961763158 0.6325195207006493 
40228.09592177676 6.640936315894897E-4 0.019959119917692326 0.48126591359023624 0.5350841344316439 
5871.833339536283 3.5950420464954337E-4 0.008143222919821114 0.42778736681613416 0.49562617419320204 
5902.414083807625 0.002914303697555209 0.01321522481386218 0.4978258930900253 0.5173264716092687 
60415.735654369375 6.041573944501281E-4 0.004829853521887063 0.19584119529777835 0.3787593382353917 
60009.366156736956 0.0014464295377712693 0.0022122985434710786 0.21788903916468735 0.46326499004828997 
28072.289012885438 9.520235477809805E-4 0.006859655947126104 0.4152464602877689 0.4923730995454758 
20218.302673324175 0.002004937942329948 0.0076485499273923115 0.45694549353906116 0.46650294002006926 
32754.055060807812 0.002098503455573282 0.00556143802622378 0.40603198457113865 0.44504790571274466 
8052.6095358013245 0.0028223389445793216 0.0042167149844745105 0.4877362091599161 0.6451803685035843 
23310.662459770545 6.58589882118891E-4 0.005439118235327563 0.4328342917494913 0.596098601696645 
22617.300975600057 7.972498811252587E-4 0.05071568933083354 0.4725418323026839 0.5458777263971613 
19469.707743263123 0.001108367599489356 0.007734916054798185 0.4115043034821857 0.45694549353906116 
27638.477530506312 0.002842368398966591 0.011059087750900875 0.4988602077374254 0.6748243258169004 
35087.36433702912 5.260278499120258E-4 0.031879412661241835 0.47683857350371534 0.495550422847023 
59632.61030675471 0.0014464295377712693 0.0022122985434710786 0.21788903916468735 0.45775488840373374 
60738.55586803953 5.111437140449391E-4 0.0028533493934618567 0.3734172432685323 0.6189337820241816 
60527.44863735488 7.582451812757794E-4 0.0019173547206451248 0.4460139302168066 0.6462968314259218 
60974.11644758131 0.0021414196637695405 0.014798096881117877 0.5086347248354748 0.8418872539403289 
31368.66988580604 1.6512608810247023E-4 0.0069429557782981 0.49284932771716317 0.49333281316672634 
56861.559690984264 5.249993318502646E-4 0.013440603164693818 0.34329388792404203 0.5655547647839096 
54439.39607455461 1.8901361047729288E-4 0.004233348577720876 0.47697212990977395 0.4870060804442594 
7506.418464893788 7.73853307661854E-5 0.006442637974221505 0.3367719722756337 0.6259934794367088 
60259.9099259354 1.7352573263623066E-4 0.013400085407833117 0.34983626813033675 0.5712936719338364 
5871.833339536283 3.5950420464954337E-4 0.005218067464659251 0.43310383517018547 0.49562617419320204 
60575.35960713682 6.231512721278133E-5 0.0023025143801370697 0.3511712229368975 0.5174073177541805 
60504.80474284862 5.224287545146276E-4 0.013491952523200483 0.4858364473513997 0.6410391228469243 
58209.118835913214 7.267896006588143E-4 0.006452326545455328 0.4735455595976883 0.5952033272648324 
32265.150853689687 0.008193832445874828 0.013085134168091666 0.5021756683399653 0.5842822324403267 
5770.686752196517 6.58589882118891E-4 0.005439118235327563 0.4328342917494913 0.43310383517018547 
59632.61030675471 1.6116972921164827E-4 0.011012618351382387 0.22625164606769418 0.4587021211092725 
60966.57655032944 0.0021414196637695405 0.014798096881117877 0.5086347248354748 0.8378020287045741 
5835.886746290707 0.0019653364460623136 0.016638258171005605 0.47172919423659965 0.528175953223661 
53948.49089785763 5.265293091487507E-4 0.0041821757475771935 0.43117249630475984 0.5081498404914105 
5653.046026895188 6.127697171283723E-5 0.028424583057698096 0.5058139576809796 0.6610933261209223 
60734.34318057394 5.186256453136451E-4 0.0028533493934618567 0.4598685328786073 0.6189337820241816 
6252.073371227405 3.615827157540368E-4 0.005231293820972472 0.49852978045242574 0.5291445613812825 
60225.36570910785 6.121312856501113E-5 0.0037265820324973165 0.2029063521495199 0.4232543789358707 
56297.92848809912 1.6116972921164827E-4 0.011012618351382387 0.22625164606769418 0.4587021211092725 
