3.3190746408000003 154176.0 
39.961074500799995 144785.0 
3.558727584 153391.0 
4.5875792392 151344.0 
27.1647803312 146912.0 
15.0853794072 148983.0 
19.325713067200002 148235.0 
3.3969011823999997 153768.0 
3.6847140472000004 152916.0 
31.122687253600002 146268.0 
16.523019513599998 148698.0 
11.692925736 149527.0 
14.439459508 149120.0 
24.821860152 147299.0 
4.067900062400001 151745.0 
17.1177794912 148651.0 
32.4613540136 146078.0 
12.4232190656 149437.0 
6.106951829600001 150488.0 
20.859859872 147992.0 
4.852192132 150929.0 
23.843620269600002 147536.0 
4.0062201856 152010.0 
5.067591796 150749.0 
33.397780751199996 145876.0 
33.8093407568 145825.0 
6.587925176000001 150427.0 
3.3778745287999996 153999.0 
39.38030112639999 144873.0 
25.940873548800003 147122.0 
6.891711947199999 150340.0 
16.0390327704 148795.0 
13.320925876 149255.0 
26.4219135992 147050.0 
35.4256875336 145524.0 
9.6302722328 149907.0 
4.6244458312 151023.0 
27.721900342399998 146838.0 
22.320259956 147735.0 
34.2086741368 145732.0 
35.805487561599996 145464.0 
23.3819533696 147558.0 
15.446646083200003 148892.0 
25.4229535096 147262.0 
18.860499698399998 148318.0 
18.6923396368 148387.0 
3.5855408688 153147.0 
28.9865404488 146625.0 
32.932887365599996 145953.0 
30.573740560799997 146362.0 
31.7486739968 146169.0 
3.9446202696000006 152078.0 
18.1981663184 148462.0 
31.778487281599997 146146.0 
25.603460208 147184.0 
24.3141534816 147429.0 
34.5402341424 145687.0 
4.1018333584 151649.0 
4.304726604 151530.0 
19.958606452799998 148144.0 
38.7012077688 145006.0 
3.6509674664 153107.0 
23.012926716 147646.0 
5.6731518015999995 150565.0 
3.8364871416 152469.0 
35.087834198399996 145610.0 
10.4353389368 149752.0 
8.352445411200002 150163.0 
36.3278475952 145390.0 
32.6804473712 145996.0 
3.7765672424000005 152702.0 
7.4079119192 150297.0 
13.747952529600001 149226.0 
3.7795005383999998 152650.0 
8.6426854336 150049.0 
17.450232882399998 148554.0 
39.897927836 144818.0 
9.1934988584 149982.0 
10.8566723168 149672.0 
30.679593896 146326.0 
37.860527752 145218.0 
12.919485881600002 149347.0 
9.9704455512 149824.0 
20.4598464752 148049.0 
18.163059704 148529.0 
11.447139244799999 149664.0 
28.1364204376 146775.0 
37.892634366399996 145152.0 
21.3859798832 147914.0 
24.4073801072 147388.0 
3.8945537055999995 152264.0 
38.3450877576 145124.0 
38.374527752 145062.0 
29.995993839999997 146441.0 
36.2784209976 145418.0 
28.5327137672 146678.0 
36.810527612 145308.0 
3.37799454 153844.0 
3.8468604319999997 152415.0 
11.488525792 149613.0 
28.481033750399998 146703.0 
26.418473604799996 147052.0 
22.571233302400003 147700.0 
10.1726455232 149821.0 
39.01738108720001 144937.0 
8.5954454112 150071.0 
10.7465390488 149721.0 
9.242458808 149966.0 
35.020927556000004 145671.0 
37.146860992 145267.0 
12.654392523999999 149397.0 
14.1411526416 149151.0 
5.122258416000001 150641.0 
13.9004325744 149161.0 
37.3478209416 145247.0 
21.8556065928 147842.0 
4.301139944799999 151537.0 
27.9319670464 146783.0 
22.8221000344 147670.0 
3.873553705599999 152275.0 
