3.4628210816000005 153511.0 
40.0073544336 144858.0 
3.7907405608 152591.0 
4.000726883999999 152245.0 
15.805806004799999 148887.0 
3.7337006503999994 152929.0 
35.757887505599996 145557.0 
16.979219625600003 148731.0 
30.759433834400003 146390.0 
36.654234282400004 145433.0 
4.0025535656 151976.0 
10.224325539999999 149814.0 
31.45632722 146294.0 
29.313193671999997 146651.0 
28.762940392799997 146693.0 
13.5939791832 149248.0 
9.744698830399999 149903.0 
14.2757393008 149182.0 
4.9986718967999995 150864.0 
6.524471784799999 150519.0 
28.485193952 146831.0 
19.4674063408 148341.0 
24.925966766400002 147390.0 
11.811458948 149563.0 
28.110127108000004 146884.0 
21.949046587199998 147841.0 
23.933646643200003 147535.0 
7.9612185056 150263.0 
3.6041275279999994 153157.0 
9.459258696 150003.0 
33.8964341144 145859.0 
3.5154209975999997 153397.0 
13.0351657584 149406.0 
22.6129399728 147749.0 
10.847352193599999 149768.0 
21.0757398608 147997.0 
4.0831400848 151849.0 
27.4866336664 146928.0 
14.9788058648 149067.0 
14.669859171999999 149136.0 
38.166794428 145155.0 
36.748967606399994 145368.0 
12.505245719200001 149502.0 
39.5902213056 144954.0 
11.5416322664 149618.0 
26.0654868616 147165.0 
25.8753534536 147209.0 
34.7423808072 145693.0 
5.4438584720000005 150655.0 
37.304460907999996 145306.0 
8.459858612 150201.0 
38.80828758959999 145074.0 
18.695312983199997 148404.0 
13.532752557599999 149380.0 
8.9461787352 150030.0 
4.7718194016 151174.0 
37.8008341984 145254.0 
7.3762053888 150360.0 
23.1224466712 147662.0 
27.0925535656 147043.0 
30.29932722 146499.0 
25.308620129599998 147356.0 
17.2900327704 148706.0 
7.4510319304 150287.0 
4.1320733808000005 151710.0 
15.402259256 149011.0 
19.5464463912 148260.0 
5.9796851536 150558.0 
26.50799356 147093.0 
24.361793448 147476.0 
23.5528332184 147624.0 
34.4149009024 145796.0 
12.532152361600001 149454.0 
18.1252062288 148571.0 
29.760047147199998 146546.0 
4.3741797152 151428.0 
6.9760054168000005 150438.0 
27.1900336104 146962.0 
22.750913319200002 147722.0 
4.5070860776 151222.0 
39.2320211936 145026.0 
11.128018953599998 149667.0 
20.025819681599998 148192.0 
3.5731675783999997 153225.0 
39.7104744448 144870.0 
32.2320338904 146152.0 
33.5939673264 145914.0 
18.291192832 148504.0 
17.564646083200003 148633.0 
4.8143922439999995 151046.0 
21.7802199056 147885.0 
4.2852197656 151500.0 
31.8349408128 146251.0 
26.7004734648 147086.0 
32.501473884800006 146133.0 
38.088580919200005 145185.0 
5.1431516616 150759.0 
19.9435130952 148223.0 
5.157365170399999 150718.0 
7.0326451032 150430.0 
4.8143922439999995 151046.0 
21.6645534256 147978.0 
37.4899409528 145289.0 
32.879393924 146076.0 
11.107525652 149715.0 
33.457113991199996 145949.0 
33.167860712 146016.0 
25.483646783200005 147285.0 
4.2631664584 151593.0 
20.430859732 148141.0 
24.358500118399995 147483.0 
5.741805164800001 150601.0 
20.7704731848 148065.0 
29.770367130399997 146522.0 
30.250727163999997 146509.0 
4.198873268800001 151642.0 
32.758594036 146088.0 
20.484193112 148075.0 
35.193420717600006 145663.0 
4.4669528096 151329.0 
