37528.056188977425 2.387998657413709E-4 5.63441079553953E-4 0.06933487412993011 0.3173174114028629 0.9998837190792116 0.9155470374380688 0.9040756275238084 4.2512458952886087E-4 0.31691838234459874 9.21022055917247E-4 
1120.1423620874848 1.2401544095550976E-4 4.8642608014190416E-4 0.32174694295748274 0.3218744005074441 1.108804353682491E-4 0.6482300781030254 0.08247012469511816 0.002139330382243826 0.1927371791969102 0.0010599762147112596 
37528.056188977425 2.387998657413709E-4 5.63441079553953E-4 0.14934771577799622 0.3173174114028629 0.9998837190792116 0.9155470374380688 0.9040756275238084 4.2512458952886087E-4 0.31691838234459874 9.21022055917247E-4 
10242.594917520619 7.814325104469264E-5 4.2863158687396973E-4 0.2541328629736226 0.30741828956603384 0.9999253303407201 0.4098251221998093 0.03460837477537091 0.0022728590764655135 0.007886775557474919 5.315344558269754E-4 
974.820524952914 1.747913964843394E-5 4.1770033504661796E-4 0.3218937292939878 0.3238760137564799 0.36406542693236943 0.3585494753055941 0.04196385786710927 0.0013355428403393566 0.01109110246620386 1.1846273638666113E-4 
998.1654629193519 6.0768663150496984E-5 2.785014170472227E-4 0.3166472888290454 0.322917326207682 0.7096916216384324 0.1309244101421277 0.832938208570877 0.0020238117224887185 0.01712294059324855 3.147973721489215E-4 
1058.305379501469 8.29593125255616E-5 1.1737522429468369E-4 0.31986179713459684 0.3215081768348175 0.5881010686859937 0.40797266433444923 0.032445908383327976 0.0018632840373797904 0.010011705838552347 1.305064914204799E-4 
35849.18193640355 3.13718460114027E-4 5.954630449636838E-4 0.07455841175648298 0.3078087397868448 0.9999172687528006 0.9248103553802194 0.8952487456394724 4.721411675624341E-4 0.21786173772245054 3.6964768751620095E-5 
36131.17924586116 2.2777172286625973E-4 5.957056139358399E-4 0.17105109694266182 0.30846215273472555 0.9998896205898393 0.863714254139541 0.956303063142338 0.0023566422646255736 0.18989242875639845 0.002217628681078871 
1099.7471162472777 4.3311394323479725E-5 3.423025813330267E-4 0.3182163459311949 0.3187889123663786 0.25131952614283737 0.37803267310152394 0.5144215181820633 3.9093196301144746E-4 0.17426498659716777 0.0018506072319602503 
1066.0501250178577 8.023534924698735E-6 1.9256319386299123E-4 0.3229075617015672 0.32450006856251434 0.6684640471349828 0.19715223230127193 0.5645117466115175 1.0386566996566958E-4 0.22539523451659932 4.062580236183106E-4 
1089.5642312666687 8.00441208574763E-5 5.281500575245237E-4 0.32185813655985596 0.32278962293748054 0.8083818794517292 0.873653161539123 0.8444793313342471 2.58239167328275E-4 0.06491540176297501 2.5309463878167235E-4 
3544.6763603240433 7.961588724355933E-5 2.2672107079719736E-4 0.32185813655985596 0.32450006856251434 0.725613285816578 0.372047117262755 0.8547393034252609 0.0015426568453117987 0.007159077838116236 2.487951043240496E-4 
1089.5642312666687 7.91707768875936E-5 3.3341645474957134E-4 0.3221326251275924 0.32219900571006194 0.4309456971327576 0.9255591259529173 0.6524425593777834 2.6053855626363004E-4 0.029692476969507935 2.2958846080134928E-4 
35696.83818888482 4.481032905922461E-5 1.4958821239717497E-4 0.3085795643944496 0.31767552393379594 0.9998846464470071 0.25211908191258287 0.27154422786829635 0.0015266971939645081 0.001971688568740246 9.306359972030386E-4 
1060.4831889609263 2.2381992166270242E-4 5.317543283497154E-4 0.3077219625522012 0.30920941905021765 0.6529839717371216 0.6652139353175776 0.781490518343888 2.146019142344282E-4 0.0813422689011081 4.564412695898572E-4 
1082.0352958087108 1.397885958235962E-4 1.799291388031653E-4 0.3100738451367676 0.3146692992522555 0.213008214630671 0.6869779596281187 0.6692719694962861 3.78790425726443E-4 0.03883576061070285 0.001211810513494014 
1067.834231947431 1.27538218389008E-4 5.415398506322524E-4 0.30827769936987104 0.30887969213194216 0.7886130700834324 0.6707693345886525 0.190961806302969 7.550764499993905E-4 0.08625137779847333 3.107267728866222E-4 
1055.8412039087632 1.7261498627139357E-5 8.278544408924616E-5 0.3155473678127133 0.3166918535038905 0.9703264010318423 0.3156947610869683 0.7208192962241325 7.192228322936499E-5 0.007893628369244229 0.0010433789393277386 
1049.4580369026048 2.849724312377822E-4 3.6164015021522604E-4 0.31990410819503395 0.3232611801734957 0.5441206354575943 0.9284173985953986 0.0742721310699184 4.097233831368307E-4 0.14753749279504344 6.240465524307796E-5 
5681.696362459868 3.13718460114027E-4 3.3731236535848596E-4 0.29808955134917986 0.31670999624570517 0.9999172687528006 0.9807734526109053 0.6916712020981969 5.823447513951615E-4 0.004179400885238924 3.6964768751620095E-5 
3544.6763603240433 3.345587438165376E-5 3.099323243353968E-4 0.322061620100425 0.324465535809857 0.4556793327030685 0.372047117262755 0.8547393034252609 0.0019862616890283205 0.00815692743932165 1.585810380357245E-4 
33084.12915322371 9.073376465923202E-5 4.0281296297824923E-4 0.2563451761912193 0.30754986927111067 0.9998738929469705 0.46094478559020335 0.04138587390314999 0.0021495496777740675 0.038024880376422404 3.666985354636677E-4 
1243.9193118372368 3.229255012058305E-4 5.725985818586584E-4 0.3078087397868448 0.31788122038403555 0.9999757314979728 0.3832230137041618 0.8952487456394724 4.757052342067846E-4 0.21786173772245054 4.2726748859014225E-5 
1058.305379501469 8.252905227968748E-5 1.1737522429468369E-4 0.31986179713459684 0.3215081768348175 0.18614537224115504 0.40797266433444923 0.032445908383327976 0.0018632840373797904 0.010011705838552347 1.305064914204799E-4 
1065.7999069643847 2.7583614489692715E-4 3.439072268747894E-4 0.3166820024333652 0.3171375493484659 0.17510086581141504 0.5016597243883196 0.0792320629259884 4.5637593554963583E-4 0.002726491470543657 0.00197407269604146 
1084.823784115297 6.601668526202308E-5 2.7613045572637295E-4 0.30974950884474617 0.3102571435408698 0.9571873580495516 0.403429656667894 0.6143337307655548 0.0015056168397678566 0.01756609036125581 5.52839757528528E-4 
37364.88205817039 9.70985349105486E-6 3.507393003548071E-4 0.07652253805818111 0.30834100235176604 0.9998846464470071 0.4028627628378799 0.8186288561980495 0.0023603038882125844 0.30692703535940546 4.550271607595274E-4 
1031.119749372694 8.72275528734877E-5 4.4884442480467153E-4 0.32145096901907033 0.32185813655985596 0.016604673204988873 0.6810772590821668 0.13824570144088333 9.156216220383793E-5 0.053120730378732946 9.817109763011391E-4 
1071.1567394394428 5.3077476847321944E-5 1.431199848298844E-4 0.31650679003568166 0.31727640567166193 0.39911628311971514 0.25151764860974574 0.13644287585417536 4.1996690072949395E-5 0.007932877065409618 1.9382374463501985E-4 
1036.5699646366431 4.059963575412614E-5 5.177824605646597E-4 0.3231214127984509 0.32461652933773694 0.9475254692459555 0.28984158333534854 0.048727220368334656 0.001953811079598613 0.01109110246620386 1.3030840477365702E-4 
1202.4028639033436 1.8106866918197784E-5 3.4105730370175545E-4 0.3164488350466657 0.3168792114342764 0.6832755201944072 0.6334162142072949 0.017678021992709236 9.725454426694636E-5 0.17047402762444314 4.930895087176167E-6 
976.119751321838 1.4649509468701318E-5 1.7724224675257853E-4 0.3201550046238116 0.3212416665216874 0.7611627215877032 0.46867855204158493 0.5571553213926204 1.3553913616473487E-5 0.006979985696149919 0.002160774113747621 
958.4535345203735 8.331863008417429E-5 1.9818983003308625E-4 0.31986179713459684 0.321433490444648 0.3851687984036275 0.4173085074824129 0.17922485617396983 0.0018959186872902437 0.1802156818584244 0.0011392049788576197 
947.592826252409 1.9661718388841226E-5 4.475935377086704E-4 0.3215313597060947 0.3215876021875754 0.12915794512170087 0.9060324418272192 0.05377086356605949 6.26784035550482E-4 0.4323577336309538 2.7561747751122373E-4 
1121.188951913169 2.267426578555395E-4 2.7255600600554017E-4 0.31561938796140504 0.3211586899305202 0.8674605136703389 0.9617766453547497 0.1965787222439408 5.517551551322704E-4 0.010335593997721144 1.2197523985153946E-4 
13582.101013958814 4.6046728103462205E-5 2.738060414896618E-4 0.32346640110165403 0.3235146053227631 0.9999001639474832 0.3978953066266364 0.2997236232773929 5.962857213811696E-4 0.07465465919442997 0.002537936613200862 
1092.1278807860654 8.278544408924616E-5 9.934865615234276E-5 0.31433227028203675 0.3158767403649791 0.34823007563991926 0.22578640667765448 0.7131512978086366 4.8018403975928997E-4 0.009944065582765506 4.9914561275204E-4 
947.592826252409 2.2191008621872318E-5 4.491357615150517E-4 0.3214345916874017 0.3217115392079667 0.5028683645066058 0.3845178005800927 0.11296970693358765 5.351808865888994E-4 0.5039578116336575 0.00224364465894442 
1074.0947720781123 5.758370346639613E-5 6.106982804220129E-5 0.3204524806698868 0.32158214237253235 0.16298669047056263 0.3885047296477503 0.9482265186558341 4.614613043033974E-4 0.017635919524697573 4.1081995012461905E-4 
944.4759357011283 2.4448946878675743E-4 3.2150705794425975E-4 0.3213835341987956 0.3217045740770254 0.1181759617586643 0.3631443133027602 0.127526845949928 4.6752033268793506E-4 0.01009348541602749 6.165940754357037E-4 
1094.7042765395308 9.202473674587373E-6 1.7948425174172875E-4 0.3166570996041945 0.31813507659626905 0.4721313747244457 0.2619730108324123 0.133464085635085 4.721249870520637E-4 0.029033806368253222 1.2233430126343836E-4 
1066.0501250178577 8.274162142487948E-5 4.077541503637441E-4 0.32322515427932824 0.32450006856251434 0.699812009670471 0.39800939722205797 0.5645117466115175 0.002077874254390142 0.1344619951429592 4.146539955494597E-4 
1083.002733090513 6.601668526202308E-5 2.98269705586383E-4 0.3070286800351238 0.311626282303926 0.4140996098362513 0.4291363380221586 0.2556248566808312 0.0015056168397678566 0.0027032947689985603 5.837118815755603E-4 
1065.6749943059158 8.274162142487948E-5 5.198247096429635E-4 0.3222317177703885 0.32322515427932824 0.6018100996486203 0.39800939722205797 0.5645117466115175 0.002077874254390142 0.1344619951429592 4.142136487916788E-4 
1378.654337760853 1.1507444379439571E-4 2.9401219375872734E-4 0.305942025225696 0.30726786116228527 0.6072943461533713 0.36070812002417507 0.08899086738616432 4.956853877658062E-4 0.08153290159879148 4.1713241258658E-4 
36863.95061401753 1.1002907402508195E-5 5.954630449636838E-4 0.14098703326241457 0.3069239574589787 0.9999172687528006 0.9248103553802194 0.8952487456394724 4.723428941200337E-4 0.17834032710632067 3.7187835771365474E-5 
1074.9623156085686 1.0045545167683577E-5 2.4546632576228375E-4 0.3182163459311949 0.319626641747052 0.31197112287235246 0.6999922599742849 0.25408355637368846 4.243791717891452E-4 0.01124639228709826 0.0017785809007776973 
1070.5672850623957 5.3077476847321944E-5 1.431199848298844E-4 0.31650679003568166 0.31727640567166193 0.1997444822876433 0.25151764860974574 0.13644287585417536 4.1996690072949395E-5 0.007957997580695117 1.4075530851465756E-4 
1074.9623156085686 9.716399713930211E-5 2.4546632576228375E-4 0.3182163459311949 0.31994789733789375 0.2666751047393231 0.6999922599742849 0.7379379893207525 4.089362853127508E-4 0.0092136837216619 0.0016885005685873468 
1726.4815779550713 7.961588724355933E-5 3.380231200106743E-4 0.31650679003568166 0.31712896612723696 0.23295252058673804 0.40000542655285176 0.2254245332283104 2.0191294289089592E-4 0.011274025660017908 1.5253158946955717E-4 
38176.4907016153 1.4958821239717497E-4 2.248791128032246E-4 0.2668476777029283 0.3090972708273797 0.9998846464470071 0.41617434265125414 0.8128518284838044 0.0015265683046681525 0.01033050979000119 1.1220188982776614E-4 
937.3193702198578 1.6519158328471902E-4 5.683178590601809E-4 0.31742624392240865 0.3216732928375204 0.6209469091765208 0.326759952750633 0.03867153230925274 4.80735412461253E-4 0.007899750135058345 0.002520858853868344 
1033.3870543053677 7.961588724355933E-5 3.380231200106743E-4 0.31650679003568166 0.31684497030250813 0.23295252058673804 0.4009359668419115 0.2150181046135879 1.9193002648368323E-4 0.01137413757676794 1.5174966209503013E-4 
981.5072454633839 6.201510226153253E-5 4.009976457262877E-4 0.32007167661163294 0.3216354625977012 0.40870715046175343 0.28722700583439414 0.5035348198975915 0.0018172309962793667 0.038000960756308065 3.7501128039069283E-4 
939.5187338402462 8.259347799915507E-5 3.1896822177748075E-4 0.3169080148963845 0.3233899914552899 0.44495973470474603 0.1823377838821525 0.22036910076983252 0.002037569264153323 0.002149019171106964 5.074722103426949E-4 
1065.5050730468765 2.7080672996336586E-4 3.493250364021981E-4 0.31934199969050403 0.3193669689402908 0.15425791937413214 0.45795718281407627 0.12353453491187727 1.3453947175343572E-4 0.17764465462591356 9.283518404347893E-4 
34537.53511245707 4.6108248551564014E-5 3.784976726038541E-4 0.32126866237163837 0.324272070292455 0.9998837190792116 0.26581514118778227 0.1951813318851695 1.3912370875473316E-4 0.2891535071913032 4.078809770905954E-4 
31811.97405894693 1.8952016582625858E-4 2.844316323232989E-4 0.3214954655892678 0.32180663556184946 0.9957283972112826 0.40293249212182297 0.31992238666371425 7.340429191085809E-5 0.008725291087179426 7.62881386553166E-4 
1381.598309874444 9.707477376648413E-5 4.1067605315273423E-4 0.31652395002057776 0.31761937895430586 0.570180495208106 0.4493910616936123 0.8384897763944327 2.1626468141641405E-5 0.09143739387001988 9.812317368441338E-5 
961.7394443302408 8.959945483966092E-5 4.7922290853207684E-4 0.31982025483474 0.3232820617129061 0.03568387183806697 0.33921394487522843 0.07316870794080733 4.251662696132251E-4 0.1514496714487525 9.42772141420611E-4 
34157.02393892648 1.9641044941370108E-4 5.933679624726062E-4 0.14347787274606832 0.30765656123075213 0.9994714048344695 0.9371594681264688 0.1240648792062844 2.7805306721258305E-5 0.21617074961826924 0.0017472786329735203 
1371.3391344010718 5.737765745999971E-6 3.292724138975113E-4 0.3160206449738024 0.31995363565492424 0.48218485119926524 0.4030113776623449 0.1098081832912135 0.002172290740368542 0.02797220279875449 1.1621983993321031E-4 
1200.6339689449715 9.070895454237956E-5 3.3897234409405885E-4 0.31601370895517195 0.317639793316767 0.9829841301046831 0.18829616868013982 0.6912498192453975 2.1626468141641405E-5 0.13859428779852423 9.847982387174196E-5 
36623.57667499271 2.0088785831860615E-4 5.390574068272054E-4 0.21947898540664895 0.3085138083835869 0.999784934018007 0.9236099059307314 0.1344701899455499 0.0022063353092215622 0.1476584540373948 1.9952867151523082E-4 
1083.2196260746819 1.7586907949793975E-4 2.3628437361886568E-4 0.31682445659695324 0.3200484210049133 0.13816924497889732 0.38411474942494894 0.03174594115134248 4.5145362223867E-4 0.17248461510673266 2.963671597029317E-4 
1069.017235931702 8.690745826482716E-6 1.5996932829349646E-4 0.3155481119301621 0.31795985339558236 0.8446685339872441 0.25680862444014735 0.1248488146745873 4.685178497083189E-4 0.007884675388050153 1.9758635165783762E-4 
1089.326218579571 1.1597159275371617E-5 1.7611032925750922E-4 0.3162341166418708 0.3187889123663786 0.9048409900766452 0.37803267310152394 0.5091875098939244 0.016209390409972886 0.011948495281030223 7.129870514112797E-4 
947.592826252409 1.838866008485139E-4 4.475935377086704E-4 0.3214345916874017 0.3217115392079667 0.10344919905617228 0.4023403553423666 0.1250093448754399 4.6784417741116673E-4 0.4932410796690262 0.0017513463374744611 
1058.305379501469 8.252905227968748E-5 1.1737522429468369E-4 0.31986179713459684 0.3215081768348175 0.206533038009006 0.40797266433444923 0.032445908383327976 0.0018632840373797904 0.040840887526742614 1.305064914204799E-4 
36623.57667499271 1.9641044941370108E-4 5.390574068272054E-4 0.21947898540664895 0.3207013484011376 0.999784934018007 0.9389493518781881 0.051934838572885 0.0022063353092215622 0.32408728796932634 4.3979698078794966E-4 
1367.7827130526618 2.2489734380488327E-4 3.9282724009236114E-4 0.30575174908674374 0.3058053599172246 0.9336981440162191 0.5621980872872256 0.06196518926929112 9.328552920872055E-5 0.19712809346479004 1.7530488744512838E-4 
1366.6142825097104 3.063791309068192E-4 3.220765125188867E-4 0.3050503808240891 0.30570335740855237 0.7500109624828911 0.35908206410325383 0.514281543480604 4.956853877658062E-4 0.07773792037657976 5.638476726719413E-4 
35696.83818888482 4.4424166693131934E-5 1.4958821239717497E-4 0.21848082508807842 0.31717316133998963 0.9997864352294065 0.262244708030462 0.26622528129926026 0.06491291726351459 0.1469749881530245 6.393008250855879E-4 
1083.002733090513 1.8020866247031093E-4 2.98269705586383E-4 0.31872375011736037 0.3200484210049133 0.8967635264007485 0.4619170485826026 0.2502155052037907 3.974168275104425E-4 0.009135402370709096 1.871244675075148E-4 
1089.880241018344 6.612581879762445E-5 2.8709021463176076E-4 0.31635158920736434 0.3166350180346123 0.6426926714527796 0.3235639801554023 0.15071629274959664 3.2740760275874964E-4 0.172518608574558 1.914999763652818E-4 
959.8345656556062 8.723970505416267E-5 4.489109857398277E-4 0.31779669302829483 0.3214345916874017 0.0017409237457807203 0.9001148414562055 0.12372956995744121 3.80971515667391E-5 0.17181160781001406 0.0017292067804893889 
1096.1576269369157 5.921999577190745E-5 2.15377421820149E-4 0.3171375493484659 0.3219109551071891 0.8800233169865557 0.9179334678344695 0.0792320629259884 4.5637593554963583E-4 0.010129511645593274 0.0019260143536238318 
981.5072454633839 1.285263865055792E-4 4.0410551219750715E-4 0.3200417023408373 0.3216354625977012 0.8326037839322602 0.964103160069373 0.5035348198975915 4.92837977939932E-4 0.034087836691394334 3.783152571661658E-4 
1077.1667657477021 2.1446460633328408E-5 8.642547084811327E-5 0.31954823473838784 0.32046733588691445 0.2635957412248422 0.3779387394625605 0.056680104150367165 6.382654827947216E-4 0.16548706355419388 3.750000664081586E-4 
1069.9846867481049 9.707477376648413E-5 4.099018623919305E-4 0.3052113316336668 0.3175926909447775 0.05873852664215623 0.9360249778477443 0.5060143039732251 4.1841109082055343E-4 0.017779680154184255 4.536570041180917E-4 
991.0113900313876 6.693351361318263E-5 1.189136746347709E-4 0.3167677114370654 0.3231565304108039 0.771998284921337 0.27905267202721507 0.832938208570877 0.0020694651144455047 0.019407249941090925 3.147973721489215E-4 
1094.4094426220302 5.4278581169651735E-5 5.964705579001388E-4 0.31934199969050403 0.3193669689402908 0.8588190865239246 0.8743041044693591 0.12353453491187727 1.3453947175343572E-4 0.19491534187212156 8.802945621300633E-4 
1094.7042765395308 1.2498207503486698E-5 3.2689365485359185E-4 0.3166570996041945 0.31796217797893084 0.5560711008041092 0.39742040082243835 0.07654480966140535 3.3442864614745098E-6 0.029330800867813245 1.1562202479039516E-4 
938.8376862940806 1.8944849251141324E-4 4.840730800904132E-4 0.3063954293351762 0.32064331995896644 0.6209469091765208 0.326759952750633 0.02674795841417499 4.80735412461253E-4 0.019407975371878577 8.459638057238743E-4 
3377.9743216976262 7.792800942333028E-6 1.190832781901561E-4 0.3167622568452425 0.3231565304108039 0.8117796806788272 0.6662229333528029 0.07901197720511273 0.0021182275232728143 0.017689181273487536 0.0019586973546689788 
1461.6737474261993 1.881759008585874E-4 4.1899928513573575E-4 0.32156259399541826 0.3240117634592204 0.3357497554207166 0.32524475473903314 0.02674795841417499 0.0013098014733133475 0.019407975371878577 8.677131303917189E-4 
1058.1184105098446 9.707477376648413E-5 4.099018623919305E-4 0.31462912897070705 0.3175926909447775 0.05873852664215623 0.9049993603840177 0.5164502186722429 0.0018736590353534187 0.009297661214963789 4.536570041180917E-4 
1092.1278807860654 8.278544408924616E-5 3.12684153619141E-4 0.31433227028203675 0.3166918535038905 0.5294320509803402 0.1936111942065662 0.7131512978086366 0.0019349720120506347 0.009944065582765506 4.9914561275204E-4 
1013.4314711234792 8.259347799915507E-5 3.188794201737694E-4 0.3159686303986985 0.31781089765672416 0.4430985140856295 0.1866415536065686 0.22036910076983252 1.2689900370625926E-4 0.002149019171106964 1.3295571817729837E-4 
36319.55941207409 2.4036322378645535E-4 5.781835906958313E-4 0.23897928177086306 0.308245880190685 0.9999545080741232 0.9007285452205162 0.22905141595253686 4.8621134497507364E-5 0.0017439122058404387 0.005140562379718085 
979.8120947224538 2.3260464699843722E-4 4.7922290853207684E-4 0.30934295527495714 0.3185859355296287 0.045642059273529566 0.3330608361793792 0.07206877117204533 6.743466803263808E-4 0.1514496714487525 5.519605635899524E-4 
1049.4580369026048 2.849724312377822E-4 4.7725379379344386E-4 0.31990410819503395 0.3232800655202054 0.044877540152423595 0.9284173985953986 0.03310197480816049 4.0938261324610994E-4 0.15103251514099528 6.240465524307796E-5 
1062.5403048028807 4.3462367860206866E-5 3.493250364021981E-4 0.31934199969050403 0.3193669689402908 0.28356703334780753 0.4051237590862791 0.12353453491187727 1.3453947175343572E-4 0.20905737825436543 9.283518404347893E-4 
1991.7754941370426 1.838866008485139E-4 2.7316700316207335E-4 0.3214345916874017 0.3217115392079667 0.10344919905617228 0.31929031171763805 0.04792589892373022 4.6784417741116673E-4 0.4932410796690262 0.0017513463374744611 
1071.376817173295 5.99271761604972E-5 1.903872402009915E-4 0.32343168948367435 0.324541987650147 0.32456738748988667 0.3522472548213797 0.5616563285678715 6.773053088636297E-4 0.22554610647341877 4.067971874774323E-4 
975.074685988751 6.951806400617275E-5 3.71491304284039E-4 0.31691538351390564 0.3175951563149677 0.08978837756254904 0.3649780813603605 0.5058293768329925 3.4309217522773025E-4 0.011859115458448755 1.5005989345289876E-4 
37394.557374280535 1.801343677592343E-4 6.08286897885002E-4 0.0767737396573864 0.30845282772895216 0.9999857403278424 0.9919331577525281 0.8056469898064338 0.05153475237562804 0.2185687808377314 4.409613830150445E-4 
34537.53511245707 1.699657909925795E-4 2.3897284988190685E-4 0.23897928177086306 0.32126866237163837 0.9998837190792116 0.26581514118778227 0.1951813318851695 1.3912370875473316E-4 0.2908270071609079 6.488882140839622E-4 
2080.1967266878473 8.159306825206362E-5 1.281330451311653E-4 0.3166216861952422 0.31990410819503395 0.8126482697069247 0.9312769116004569 0.5080876873355819 5.816395264928682E-4 0.013315141068716542 0.0019619945310826253 
1052.6149364500955 6.201510226153253E-5 3.919402182106332E-4 0.3203156164987791 0.3216354625977012 0.32649787930941204 0.28317102489459145 0.5035348198975915 0.0018172309962793667 0.038000960756308065 4.1554562062846514E-4 
1032.195514500434 8.252905227968748E-5 1.9818983003308625E-4 0.31986179713459684 0.3215081768348175 0.3851687984036275 0.40797266433444923 0.17909818442418968 0.0018632840373797904 0.010011705838552347 0.0010551574604242922 
1069.9846867481049 9.604632310462096E-5 4.4822054796332526E-4 0.3175926909447775 0.3184461762983036 0.49570133419412277 0.9360249778477443 0.5060143039732251 4.1841109082055343E-4 0.47761267408371655 1.3357603297559802E-4 
1064.9372893394307 1.135972787512146E-5 5.724470638571955E-4 0.30742116021608 0.30854533274556745 0.8536816902097804 0.9493558569566182 0.19880948273683152 4.81479698329447E-4 0.01584470144557918 3.21229859692142E-4 
962.6871561342708 2.7034474762562834E-4 3.493250364021981E-4 0.31927855201791694 0.31934199969050403 0.027118416188718963 0.4622180143778637 0.12353453491187727 4.3695385668669095E-4 0.02251819700593842 9.332501185259493E-4 
1065.7999069643847 4.6689931576422204E-5 3.439072268747894E-4 0.3166820024333652 0.3171375493484659 0.8984545256144343 0.5016597243883196 0.09678481732314373 4.688917401662445E-4 0.18476420207590638 0.0019653992508910497 
2080.1967266878473 1.281330451311653E-4 5.663025201113035E-4 0.31990410819503395 0.3216354625977012 0.8346999634754191 0.9312769116004569 0.5080876873355819 5.630529008182921E-4 0.03419887636627872 3.7559979238213105E-4 
1094.7042765395308 5.921999577190745E-5 5.910527442099503E-4 0.3166820024333652 0.3171375493484659 0.8800233169865557 0.9183090868855165 0.0792320629259884 4.5637593554963583E-4 0.010129511645593274 0.0019260143536238318 
1037.3399743533748 3.6828564346916916E-5 1.5996932829349646E-4 0.30651617990661556 0.31696281124680403 0.1394133545162738 0.29180154839636163 0.7842093767824194 4.685178497083189E-4 0.0053195653127577625 1.5487314929919197E-4 
938.8265766121766 5.201352854568995E-6 4.100421584182586E-4 0.3160371520008545 0.3199411767577763 0.07994017170265802 0.4030534092143794 0.03920998896967773 2.6916188105981378E-5 0.01604421154231797 4.337223386814447E-4 
990.4777048581227 4.276309631635264E-6 2.397617063297576E-4 0.3166472888290454 0.3231565304108039 0.7797327964976198 0.14344813214901114 0.832938208570877 0.0020694651144455047 0.01772739637270369 3.147973721489215E-4 
1058.305379501469 8.480951309743888E-5 1.1737522429468369E-4 0.3144286788093771 0.3197987351930294 0.7370406704343314 0.4317806077611098 0.7581334847111025 0.0018632840373797904 0.03935886656942118 0.0011562781253022696 
1089.5642312666687 7.889279124491052E-5 5.281500575245237E-4 0.32185813655985596 0.32219900571006194 0.9990759450066332 0.9026691995681669 0.6524425593777834 2.58239167328275E-4 0.06491540176297501 2.2958846080134928E-4 
1071.0559096530576 9.707477376648413E-5 4.099018623919305E-4 0.31738798851861194 0.3175926909447775 0.7450459745828624 0.18829616868013982 0.8384897763944327 7.345476714309889E-4 0.09143739387001988 4.5057598475377726E-4 
1023.5279721298416 6.989703925338071E-5 3.188813864535849E-4 0.3072426357644904 0.30784260769044713 0.07512992141807316 0.3320223234190891 0.34026229277037423 6.681769643183057E-4 0.00790000907167969 5.502483077756966E-4 
938.8265766121766 2.9513706069877723E-6 4.483608439896533E-4 0.3160371520008545 0.3199411767577763 0.516122781095135 0.4030534092143794 0.03920998896967773 2.6916188105981378E-5 0.46762744522852573 1.1361685534977764E-4 
32080.417036626597 1.8952016582625858E-4 2.844316323232989E-4 0.3214954655892678 0.32180663556184946 0.9957283972112826 0.40293249212182297 0.05678741984766783 7.340429191085809E-5 0.17319191059582945 7.62881386553166E-4 
1077.1667657477021 2.1446460633328408E-5 8.642547084811327E-5 0.32046733588691445 0.32158214237253235 0.3418206989786986 0.9076338662034338 0.056680104150367165 6.382654827947216E-4 0.017635919524697573 3.750000664081586E-4 
1369.8618241403851 2.9513706069877723E-6 3.26889078055627E-4 0.3160371520008545 0.3199140448696379 0.4876998971144607 0.4030113776623449 0.04313396213626597 3.3442864614745098E-6 0.029330800867813245 1.1361685534977764E-4 
37229.192192519564 4.975027948001009E-5 1.1916121766722017E-4 0.23897928177086306 0.30612734343415393 0.9999545080741232 0.38949029865547646 0.21451891200595463 5.560712025673355E-5 0.007494521925173567 0.005140562379718085 
