8.11804336970896 0.0 0.0 0.0 0.8680421460695177 0.007387937110683449 5.613529106471355 1.3394422E7 9.807605584E9 0.0 0.7019307935889625 0.09846797222290378 0.9182956626429444 0.0014727324206577261 0.8989946555841455 0.10091917241541179 
8.115291005509032 0.0 0.0 0.0 0.8680421460695177 0.007440954279257088 5.613529106471355 1.3394422E7 9.807605584E9 0.0 0.6997505360382636 0.09846797222290378 0.9182820467394536 0.0014633410131397176 0.8989946555841455 0.10091917241541179 
8.529647970283285 0.0016225649926471255 0.0 0.0 0.880705042712983 0.007529071213591969 5.599236918529643 6.888583147E9 2.932416859E9 0.0 0.6920416383783232 0.1129975048713471 0.7503118148906052 0.0010704380207470906 0.7814381362108017 7.445181792077634E-5 
8.11804336970896 0.0 0.0 0.0 0.8674059958295417 0.0074370536446171035 5.613530342221534 1.3536497E7 9.807463508E9 0.0 0.70125851957743 0.09869212554837582 0.9183549500759985 0.0011367550028508976 0.9001693418857459 0.04344608044528249 
1.606681237617234 0.0 0.0 4.5632426256266505E-4 0.8712861394342714 0.006730389294044176 5.607663908744057 1.956944614E9 7.864055391E9 0.0 0.6575668097785968 0.1448084622584541 0.7573292566578252 1.34427436262222E-4 0.8587936859992855 1.2186715772535708E-4 
4.917273329362257 0.0022926650243898965 0.0 0.0 0.8599470490761856 0.009388651339525846 5.608835405803454 1.596292188E9 8.221932288E9 2775524.0 0.6899393023781069 0.1714613359165922 0.59310616064569 6.689291004073538E-4 0.9331423971468957 3.8241973101518935E-4 
2.0734023856931345 0.0 0.0 0.0 0.8593894021254967 0.006890822816042172 5.623160717900036 3.108588486E9 6.712411519E9 0.0 0.6818993360241099 0.15679141937934643 0.9170195466813253 0.0012953438454440995 0.9559064797588626 1.7829728436253483E-4 
7.181164178495218 0.0 0.0 0.0 0.8673946327111395 0.009647863380111034 5.609670787775994 1.35492813E8 9.685507193E9 0.0 0.7022409334151267 0.1868306393432784 0.8834904620221339 0.0045485981550354385 0.9089574476958517 3.4973565237330056E-4 
29.130671585289505 0.0 0.0 0.0 0.8654460665506319 0.006617249667144222 5.610772327529467 1.827391803E9 7.993608206E9 0.0 0.6617346269905716 0.13448143034591536 0.7566798715092856 0.0012593517285414994 0.9009960907727117 4.5191519867413823E-4 
0.5646811329211343 0.0 0.0 0.0 0.8818017352625294 0.007169643389140795 5.599774653855168 2.909184724E9 6.911815283E9 0.0 0.6513919674992709 0.09718622918177566 0.8536176236368573 0.002814382154637211 0.7628216884686052 4.4755446754231304E-4 
4.8881050170599165 0.0 0.0 0.0 0.8719640472543208 0.008024018137812125 5.608780448063481 3.500788036E9 6.32021197E9 0.0 0.5857085246742857 0.09876769707718479 0.8996539324046934 0.001479568770445912 0.9307493687670488 2.9567685844356442E-5 
0.779490847911843 0.0 0.0 0.0 0.8785972496844785 0.010346924349548777 5.598388961664932 1.477506302E9 8.343493708E9 0.0 0.7544151611287421 0.13566432031972503 0.853207547380006 0.0012973210210167098 0.9977528890728847 4.596315486516736E-4 
15.314649927103382 0.0 0.0 4.540664555870643E-4 0.871290641478787 0.00663958017557909 5.610228589073572 6.075166986E9 3.74583302E9 0.0 0.6566327807731436 0.11595260661466715 0.7574245183940023 0.0028646041159543795 0.846816215896481 1.293231841517973E-4 
14.824678337639117 0.0029059583959025587 0.002166173268900566 0.002166173268900566 0.851774137392935 0.006584786289145179 5.619402771384216 6.711352743E9 3.109647267E9 0.0 0.7126649700377333 0.1589748500862988 0.8183929241748301 5.18924087635163E-4 0.93206959747962 3.759864851081723E-4 
2.0734023856931345 0.0 0.0 0.0 0.872210323006539 0.005222890986473189 5.611149212749792 5.803409143E9 4.017590865E9 0.0 0.6818820677104821 0.15679141937934643 0.8771690283373041 0.0015034975055104524 0.9557241099492797 1.7829728436253483E-4 
7.1899828701262 0.0 0.0 0.0 0.867364413770434 0.012261515568363584 5.605483388186661 5.618070429E9 4.202929578E9 0.0 0.6553947525938032 0.17772740631982573 0.8416769874194908 0.001327768293250296 0.9289209869985273 1.8274152776624031E-4 
57.516871603696885 0.0 0.0 0.0 0.8723190941346227 0.0074537243512181744 5.609163515943781 4.697085755E9 5.123914252E9 0.0 0.7012004639977518 0.1558475050169555 0.9326638099380172 0.0027784419342265702 0.9042826555357798 1.1007245685824951E-4 
12.442732809619848 0.0 0.0 0.0 0.8769475906287966 0.006468937593997213 5.605760245556864 5.087884838E9 4.732086457E9 1028705.0 0.6822784994124251 0.1356577089398394 0.9889923344068959 0.0033285541833611935 0.7659749495783699 4.521062579744789E-5 
14.713706983704775 0.0 0.0 0.0 0.8679781388088141 0.0068611430526061105 5.607836198677047 5.72931732E8 9.248068272E9 0.0 0.6987004768036891 0.11654285252471522 0.8759603375478276 2.733851241750653E-4 0.8581471615251115 3.657369886318192E-4 
28.594949917870245 0.0 0.0 0.0 0.8683593423719178 0.008654332296416458 5.609084922298175 3.437205939E9 6.383794067E9 0.0 0.7025107076372424 0.22245306492905031 0.9875252271001965 0.0012239074986029465 0.8531585040362777 2.0685882048302427E-4 
5.087714914353516 0.0 0.0 0.0 0.8805297661454999 0.009661140650359694 5.598479020397024 4.756268343E9 5.064731661E9 0.0 0.6512963665842055 0.09718622918177566 0.8375756374082267 0.002814382154637211 0.7628251379321476 4.4755446754231304E-4 
28.594949917870245 0.0 0.0 0.0 0.8674716264711256 0.008339152439275976 5.609194899108442 1.3394422E7 9.807605584E9 0.0 0.7025395840630377 0.22245306492905031 0.964536784618671 0.0012239074986029465 0.8531585040362777 0.00166324417476282 
5.054509024057389 0.0 0.0 0.0 0.8741807312316475 0.008097283129957897 5.605623695924057 6.502722187E9 3.318277818E9 0.0 0.6998526154961127 0.15963154416392147 0.8995833440418275 0.0015234939556784586 0.9306643517577148 3.366545733189471E-5 
2.682514243460898 0.0 0.0 4.540664555870643E-4 0.8709281995409028 0.00647744552249271 5.607663908744057 2.067555203E9 7.753444803E9 0.0 0.6571001936148086 0.024489449758498982 0.7574245183940023 0.0015011318017033347 0.8586603776681861 4.450739699866713E-4 
5.405691275003128 0.0 0.0011324542710868446 0.0 0.8709311751645026 0.008552458787073435 5.607842419656816 1.409416826E9 8.408721681E9 2861494.0 0.701047354132001 0.09865896195212719 0.7615525546224543 0.011061056615574532 0.7611276307229504 4.547197578166221E-4 
7.95081717713884 0.0 0.0 0.0 0.8715418294403989 0.009975040267241903 5.607702405957031 3.18345496E8 9.502654511E9 0.0 0.5871456093109887 0.11672794629060992 0.6022538171064482 4.124240529748784E-4 0.831278652955721 1.636305997039163E-4 
20.941258437258245 0.0 0.0028872795494409246 0.0 0.8683721330740406 0.009082567162415699 5.607173274996742 3.354587131E9 6.466412876E9 0.0 0.7007338495628127 0.19247750811986616 0.9362478773758248 0.0075409991559853146 0.989239026243712 4.528443808657791E-4 
4.935997837434166 0.0 0.0 4.540664555870643E-4 0.871290641478787 0.00663958017557909 5.610224465500931 6.199007962E9 3.621992044E9 0.0 0.6569111201746201 0.1157214600659902 0.7574245183940023 0.002887377802324468 0.846816215896481 1.293231841517973E-4 
0.7235347451892116 0.0 0.0 0.0 0.881745131417658 0.007184763969784609 5.599718502135065 4.433811285E9 5.387188725E9 0.0 0.6704447524122308 0.18856325377313404 0.8822497115767779 0.0027911760638930755 0.7663192244651411 3.466878693847763E-4 
25.97578025792009 0.0013887877154233716 0.0013887877154233716 0.0013887877154233716 0.8411577173824432 0.00659639068366918 5.633079528787618 6.4319748E8 9.17780253E9 0.0 0.681005690185362 0.2515799743384156 0.7699109686710768 0.00752965212627245 0.2986359990126721 3.811776807554039E-4 
4.935997837434166 0.0 0.0 4.7291845950931283E-4 0.871290641478787 0.00663958017557909 5.608768596283261 5.906006977E9 3.904598703E9 1.039432E7 0.6569111201746201 0.11527607459354512 0.9008174937848016 0.0029321745685377473 0.846816215896481 1.293231841517973E-4 
1.5491122963335062 0.0036079813403996817 0.003373990442655922 0.0011122971593155503 0.8541260169099084 0.009006524705977193 5.611021449931506 1.257557234E9 8.56189499E9 1547774.0 0.6996901047658551 0.1455475298580705 0.8775220677127654 2.9760759950357707E-4 0.989239026243712 4.40313575729455E-4 
30.65196256370065 0.0 0.0 0.0 0.8691659804241906 0.009102815079369437 5.604671134661305 7.53232204E8 9.063367876E9 4399921.0 0.6899131746755605 0.12742296040359757 0.9835738512696477 0.0014197426772878936 0.9883158342920136 7.742314863425476E-4 
5.147316098830846 0.0 0.0 0.0 0.8672101039103501 0.007436811036474089 5.614389628029119 4.825496323E9 4.995503687E9 0.0 0.7142200708553054 0.1589748500862988 0.8540485684085753 2.8058448369132176E-4 0.9529096242807773 4.3204683763894427E-4 
20.836580507617455 0.0 0.0 0.0 0.8704872109462769 0.00972994664333445 5.609131412711829 6.296959017E9 3.524040991E9 0.0 0.596328391793333 0.15679141937934643 0.8806735965324473 0.0029659423725021863 0.9289209869985273 1.6165470515127462E-4 
0.8467439251892339 0.0 0.0 4.33737604103303E-4 0.8715926654231295 0.007519483939428692 5.608163330700706 3.722142912E9 6.098857094E9 0.0 0.683021779882088 0.1613185307869101 0.7566929246948253 1.495217106030786E-4 0.3095358545390355 3.409827192089673E-4 
15.165697952260729 0.0 0.0 4.540664555870643E-4 0.8716191768540883 0.00663958017557909 5.610309868521826 4.913459462E9 4.907540544E9 0.0 0.65528765450513 0.11595260661466715 0.757467007874756 0.0028646041159543795 0.846816215896481 1.2835838108578174E-4 
8.079756578146092 0.0 0.0 0.0 0.8706681846520967 0.006549534459488091 5.6121833277416036 6.421593227E9 3.396576421E9 2830352.0 0.6989536440998039 0.046986541531008744 0.6086964411456276 5.776450279730682E-4 0.9805730690133825 7.830901123270738E-4 
1.5491122963335062 0.0 0.0 0.0 0.8605680534131804 0.009102815079369437 5.610873335519631 2.11410425E8 9.609589582E9 0.0 0.6998531389816044 0.13450840971776432 0.8775914696028526 0.0075409991559853146 0.989239026243712 4.5049417400637275E-4 
7.7291170049625135 0.0 6.475592849547907E-4 0.0 0.8751980442458813 0.0128885086929563 5.599557187640814 3.632752418E9 6.18824759E9 0.0 0.7024307607898291 0.19035510835242944 0.8414616639742326 0.0034026452825917024 0.45052054978120964 3.4515046231000247E-4 
4.907229711402666 0.0 0.0 4.027935455613491E-4 0.8761562232885116 0.00583391306128281 5.60522059044083 5.486634399E9 4.33436561E9 0.0 0.4863206597813329 0.11597955599629327 0.9838056610848843 0.0029207344559087642 0.29229653399914096 4.5897039643457495E-4 
4.95069773859916 0.0022788391704815104 0.0022788391704815104 0.0025666791856519995 0.8602313833570613 0.010005505099543139 5.608678361505121 1.315283933E9 8.505716075E9 0.0 0.6740733868846583 0.09067597017758863 0.9017073462933188 0.008669974178763494 0.8866552204657236 3.824391005257668E-5 
0.6128021873551832 0.0 0.0 0.0 0.8662844145290823 0.008273222914202074 5.613529106471355 5.705610048E9 4.111411538E9 3978415.0 0.6596352306335183 0.11799654401064162 0.7595563951923685 0.002793272235774881 0.38029185656064396 4.4272577679805864E-4 
4.667561415184999 0.0 0.0 0.0 0.8728236660324322 0.006145865315347233 5.6096585718857455 2.325142625E9 7.494334078E9 1523296.0 0.6819351026094507 0.27006936969614986 0.8529570631091545 0.0035053778511993194 0.7631248314965767 0.006587608853315215 
1.1806234664304407 0.0 0.0 0.0 0.8645341456541967 0.007386102609473259 5.617724060189509 4.44050627E8 9.37694938E9 0.0 0.6808744838646522 0.36507904794566765 0.9324129355443378 0.0012952570778444544 0.8496630979094683 3.315886326237658E-5 
2.1148282964063245 0.0019507190796440909 0.0019507190796440909 0.0019507190796440909 0.8671385467016194 0.0035741519730765844 5.608435144086371 3.998664993E9 5.822335014E9 0.0 0.6519692318528886 0.11818266442004481 0.6157914115742558 0.001213164230371355 0.34256519651982353 4.2562215247319917E-4 
10.05255593837558 0.0 0.0 0.0 0.8640491473470967 0.006115210823906982 5.6151757158416 4.552390415E9 5.256826025E9 1.1783558E7 0.6899126511900686 0.1718098633645629 0.8391311900836803 6.911578298368132E-4 0.9904468554754075 3.458682022936625E-4 
10.056530052249588 0.0 0.0 0.0 0.8717518091001517 0.006690971586358806 5.604833625400269 6.365619588E9 3.455380422E9 0.0 0.6900134656471015 0.13645561726222907 0.7514264098711527 0.0013131989904198278 0.945337402079438 3.51335627877775E-4 
0.6061863173337159 0.00146494095112083 0.00146494095112083 0.0019190074067078943 0.87170928956412 0.007176526711655893 5.601265294415275 4.997478007E9 4.823521999E9 0.0 0.6568151992340446 0.11621928058600536 0.7574245183940023 0.002864806184923747 0.8471567334791863 3.527120604271747E-4 
2.647219752532746 0.0 0.0 0.0 0.8715418294403989 0.009975040267241903 5.607702405957031 2.175427066E9 7.645572939E9 0.0 0.5712819450620084 0.11715096998202786 0.8751432892077736 4.124240529748784E-4 0.8586233854898744 1.391090005417608E-4 
5.011130300008397 0.0016285585644822786 0.0016728748822828045 0.0016602291627871343 0.8638683203253147 0.006423951735506094 5.609401504673517 1.059373561E9 8.757740499E9 3885939.0 0.5844538964207862 0.2638314398445273 0.8805835233361283 6.057842102490528E-4 0.7586316246443998 1.6873262600765643E-4 
2.1148282964063245 1.8578896541360083E-4 0.0019507190796440909 0.0017680784745109884 0.8671385467016194 0.0035741519730765844 5.608458572976916 3.235544083E9 6.585455921E9 0.0 0.6556583609803903 0.11818266442004481 0.6154894235943731 0.001213164230371355 0.3313126438456733 4.2562215247319917E-4 
8.72722756431839 0.001091714389270065 0.001091714389270065 0.0011155173953730315 0.8444782141278503 0.0066348836829033305 5.630587956015333 5.379026642E9 4.441973366E9 0.0 0.5860064363098568 0.15033268988804951 0.8800056500198665 0.0014545141440453786 0.7632010400018918 3.370155282292242E-4 
8.080702463004133 0.0 0.0 4.376151158125472E-4 0.8671086426317512 0.006540557965141512 5.61019460562665 6.612372407E9 3.208627602E9 0.0 0.6574649642881351 0.1143353146331318 0.7539377862329943 0.002816801286757744 0.9258161631741216 3.762008325299314E-4 
2.1257559412377542 0.0 0.0 0.0 0.8691739558329772 0.008033405458921622 5.608857913990491 2.131009946E9 7.689990063E9 0.0 0.6998531389816044 0.09818779138482087 0.8082052277005278 0.006797209785238175 0.989239026243712 4.5049417400637275E-4 
2.0474512409385808 0.0 0.0 0.0 0.8725993208671228 0.006617392450607151 5.609418242184137 4.367506043E9 5.453493961E9 0.0 0.5887266638251151 0.15678251867206008 0.7430806869793795 0.0013123818951962089 0.9290268015588575 4.5551921069214574E-4 
15.314649927103382 0.0 0.0 4.540664555870643E-4 0.871290641478787 0.00663958017557909 5.610228589073572 5.967642293E9 3.853357711E9 0.0 0.6566327807731436 0.11595260661466715 0.7574245183940023 0.0028646041159543795 0.846816215896481 1.293231841517973E-4 
1.972571194846049 0.0 0.0 0.0 0.865350384345888 0.006466899337529706 5.612555008844542 8.9563735E8 8.92536266E9 0.0 0.701480268795385 0.023731371652011397 0.8759162997371233 0.0014060489459598114 0.8614812303254471 1.4533542150078766E-4 
7.7291170049625135 0.0 0.0 0.0 0.8757652721899237 0.012801952317690343 5.601299234834882 2.40318999E9 7.417810016E9 0.0 0.7024307607898291 0.18823042882995555 0.8414616639742326 0.002967558364154138 0.4357630588297373 3.4515046231000247E-4 
29.159599390864944 0.0 0.0 0.0 0.8651252393186893 0.012667288203230324 5.611741755909122 4.303977831E9 5.517022176E9 0.0 0.6617346269905716 0.13448143034591536 0.7566798715092856 0.001334660692966316 0.8618070116768095 3.429180594278379E-4 
4.907229711402666 0.0 0.0 4.027935455613491E-4 0.8761562232885116 0.00583391306128281 5.605148798491798 5.486634399E9 4.33436561E9 0.0 0.4863206597813329 0.11620370932176531 0.9838056610848843 0.0029207344559087642 0.29229653399914096 4.5897039643457495E-4 
1.8137790514227063 0.0 0.0 0.0 0.8692773932940849 0.009705308969685831 5.6095891810056 5.291514386E9 4.529485619E9 0.0 0.48898183433736897 0.059906570191697296 0.7566785597144174 0.003140801508244073 0.4320437850818202 3.8325869879892165E-4 
0.9306380082546415 0.0017067350323445119 0.0017067350323445119 0.0017067350323445119 0.869398896461758 0.009103418552038119 5.6013774798891705 7.54627972E8 9.064763644E9 1608382.0 0.6899131746755605 0.12742296040359757 0.9835738512696477 0.0014197426772878936 0.9883158342920136 7.742314863425476E-4 
2.598885201895027 1.3696087524893734E-4 0.0 0.0 0.8715418294403989 0.01001956990759593 5.607702405957031 2.511562551E9 7.309437453E9 0.0 0.6556312375131761 0.11671681417498704 0.7621063924587758 0.002804361845688636 0.8586233854898744 3.544444423715971E-4 
2.8236340970474405 0.0 0.0 0.0 0.8715418294403989 0.009975040267241903 5.607702405957031 3.642909711E9 6.178090297E9 0.0 0.5712819450620084 0.11701676912492166 0.8717953738447032 3.620450356867789E-4 0.7693684653355515 3.8531170393956656E-5 
1.4207931951248156 0.0021258449736374324 0.0021258449736374324 0.0021258449736374324 0.867761737928592 0.01031538047154176 5.600545346678954 1.734554598E9 8.086445412E9 0.0 0.7025395840630377 0.22245306492905031 0.964536784618671 0.0012239074986029465 0.7669922776789868 0.0016264789495070405 
18.559672656340574 0.0 0.0 0.0 0.8695464571783822 0.01358270163081352 5.605952645069379 3.8071371E9 6.012395894E9 1467006.0 0.6802030518623664 0.2511078733046 0.8742528381779688 0.0014864551115756398 0.7712934368322077 4.001012667959821E-4 
1.1806234664304407 0.0 0.0 0.0 0.8645341456541967 0.007386102609473259 5.617724060189509 4.44050627E8 9.37694938E9 0.0 0.6808744838646522 0.36507904794566765 0.9324129355443378 0.0012952570778444544 0.8496630979094683 3.315886326237658E-5 
0.779490847911843 0.0 0.0 0.0 0.8803723691127144 0.010346924349548777 5.598388961664932 6.011275709E9 3.809724301E9 0.0 0.6905734124727477 0.13566432031972503 0.853207547380006 0.0012973210210167098 0.945337402079438 3.4079648401272403E-4 
7.167691656253037 0.0 0.0 0.0 0.8768397130885902 0.009647863380111034 5.602489928231747 2.81641639E8 9.539358369E9 0.0 0.6300020678799185 0.1868306393432784 0.8834904620221339 0.0045485981550354385 0.9346138017135857 3.49525358501863E-4 
14.689676836747568 0.0 0.0 0.0 0.8679970562285277 0.006567126418582593 5.609304402689867 2.806210101E9 7.014789904E9 0.0 0.7015417511146168 0.17581977742009097 0.8832021697983415 0.0033347290889086598 0.7613354454183511 3.6548399553363903E-4 
7.7291170049625135 0.0 0.0 0.0 0.8798719558009982 0.012575239855351512 5.597498457125949 2.899506704E9 6.921493305E9 0.0 0.7003085938151916 0.0994861551857142 0.8414616639742326 0.002967558364154138 0.4300795331215622 3.452550243393223E-4 
2.598885201895027 1.3696087524893734E-4 0.0 0.0 0.8715418294403989 0.01001956990759593 5.607702405957031 2.511562551E9 7.309437453E9 0.0 0.6556312375131761 0.11671681417498704 0.7621063924587758 0.002804361845688636 0.8586233854898744 3.544444423715971E-4 
1.5491122963335062 0.0 0.0 0.0 0.8690954064627904 0.00533892234365073 5.611106405898769 1.1643148E9 8.656685205E9 0.0 0.6996901047658551 0.14471822415389637 0.8759603375478276 2.733851241750653E-4 0.989239026243712 1.304174557558793E-4 
2.682514243460898 0.0 0.0 4.540664555870643E-4 0.871290641478787 0.0066906510247667465 5.607663908744057 3.138971166E9 6.682028839E9 0.0 0.6566327807731436 0.11595260661466715 0.7574245183940023 0.0028646041159543795 0.8586940014234307 1.293231841517973E-4 
1.4207931951248156 0.0021258449736374324 0.0021258449736374324 0.0021258449736374324 0.867761737928592 0.01031538047154176 5.600545346678954 1.734554598E9 8.086445412E9 0.0 0.75382570174737 0.22245306492905031 0.8540439096900215 0.0012239074986029465 0.7669922776789868 0.0016264789495070405 
15.49886561493846 0.0 0.0 4.4554409153064973E-4 0.8817251758602611 0.007169643389140795 5.599859349088443 4.980474342E9 4.840525665E9 0.0 0.6700234301731646 0.11574718126100024 0.7571963024816534 0.002777814372347716 0.8465923756965898 3.5593899177850045E-4 
1.972571194846049 0.0 0.0 0.0 0.865350384345888 0.006466899337529706 5.612565744683177 9.64462107E8 8.856537899E9 0.0 0.701480268795385 0.023731371652011397 0.9313928492542365 0.0014060489459598114 0.8614812303254471 4.451393891270294E-4 
25.847996947434346 0.0 0.0 0.0 0.8680833504743347 0.007377027659370964 5.61353984103511 1.2250365E7 9.807673143E9 1076492.0 0.7023402871718533 0.09846797222290378 0.8830762373127947 0.0014727324206577261 0.8989946555841455 0.008421295944226977 
10.351847809749584 0.0 0.0 0.0 0.8681982637819142 0.00662368406926573 5.608063530405855 4.321489544E9 5.499510461E9 0.0 0.6026321522316657 0.11716496147379224 0.8738576865419772 0.003414146343917332 0.24395785401030934 4.636621016000612E-4 
7.7291170049625135 0.0 0.0 0.0 0.8757652721899237 0.008540094522979557 5.601299234834882 2.40318999E9 7.417810016E9 0.0 0.7024307607898291 0.18823042882995555 0.8414616639742326 0.002892249399830489 0.4727754866893371 4.541178051250436E-4 
7.293447434223978 0.0014845745035162994 0.0014845745035162994 0.0014930337496610233 0.8679264950119274 0.010365778238508282 5.602245543992871 4.19703779E9 5.623962218E9 0.0 0.700326455512019 0.14739773995700844 0.8470689964152343 0.007544405878893794 0.9069587299674778 0.0016227637728432856 
1.5491122963335062 0.0 0.0 0.0 0.8690954064627904 0.005320927177764768 5.611106616818384 1.1643148E9 8.656685205E9 0.0 0.6996901047658551 0.14540672811107103 0.8759603375478276 5.413210093728272E-4 0.9863340476929292 1.3019183280636056E-4 
8.336983599244629 0.0 0.0 4.376151158125472E-4 0.8726491274307464 0.006540557965141512 5.609159815486387 5.687919087E9 4.133080919E9 0.0 0.6574649642881351 0.1143353146331318 0.7539377862329943 0.002816042802087706 0.9041241817656301 3.762008325299314E-4 
7.293447434223978 0.0 0.0 0.0 0.872455458829298 0.002031309977246493 5.609680350678648 4.202319201E9 5.618680808E9 0.0 0.5810283550877647 0.17509820752656802 0.8448253277653579 0.007544405878893794 0.9069587299674778 7.848014082052568E-4 
1.4025079172202126 0.0 0.0 0.0 0.8692673832309074 0.006190434266689509 5.611215665983009 1.043835248E9 8.777164756E9 0.0 0.6185265655342301 0.0969346885389693 0.7641828755086661 0.01093428206582446 0.3196775254695963 4.629240204899777E-4 
4.814810092488887 0.0 0.0 0.0 0.8717421001756543 0.0074215463869062494 5.610487200139321 2.778818546E9 7.042181458E9 0.0 0.5833226747554131 0.09865896195212719 0.7599489246180746 0.010814124243114336 0.7436710466873633 3.615555023071731E-5 
7.207015186030754 0.0 0.0 0.0 0.870604750834164 0.007458662526342085 5.611800102790854 2.652205194E9 7.168388263E9 406541.0 0.6802169275684643 0.09652376805410995 0.7464087856571655 0.0015594318723526324 0.32659429497038583 1.6560900335913474E-4 
0.5646811329211343 0.0 0.0 0.0 0.8818017352625294 0.007169643389140795 5.599718502135065 3.855480733E9 5.949177018E9 1.6342248E7 0.6718770252869529 0.18856325377313404 0.8822497115767779 0.0027883360117041366 0.7663192244651411 3.4497088134813727E-4 
10.05255593837558 0.0 0.0 0.0 0.8637284214471467 0.006456567678428017 5.615533792787023 4.590974088E9 5.23002592E9 0.0 0.6899126511900686 0.13566432031972503 0.9847544261066357 0.0029977313504553045 0.939279448497003 1.8455226748473243E-4 
1.8968441564607814 0.0 0.0 0.0 0.8818585786154673 0.00640899713476979 5.601521751009704 9.37221589E8 8.883778416E9 0.0 0.701480268795385 0.023731371652011397 0.9313928492542365 0.0014363520099062218 0.8614812303254471 4.451393891270294E-4 
2.038069889434283 0.0 0.0 0.0 0.8723550550589112 0.007426004025123714 5.609280047622337 4.115473459E9 5.704011059E9 1515482.0 0.7074550169900921 0.15678251867206008 0.7456345960325119 0.010910269262357067 0.29306416446807865 3.601208515054724E-5 
1.9118079584437115 0.0 0.001267040773796095 0.0 0.8725201408683468 0.008841652545808576 5.605936041184261 2.712972968E9 7.108027037E9 0.0 0.70069751265716 0.14471520565581997 0.8775914696028526 0.0031509420372841873 0.8413655931451399 4.1581477724237926E-4 
3.0535683334966945 0.0 0.0 0.0 0.8809857629684283 0.012597638595911497 5.59570805019017 2.253480004E9 7.564681008E9 2838988.0 0.6822784994124251 0.11581924786802716 0.9889923344068959 0.003332979546947714 0.7659749495783699 3.4585813756430077E-4 
0.779490847911843 0.0 0.0 0.0 0.8785972496844785 0.010346924349548777 5.598388961664932 6.215727342E9 3.605272665E9 0.0 0.6905734124727477 0.13566432031972503 0.853207547380006 0.0012973210210167098 0.945337402079438 3.4079648401272403E-4 
8.08027413268418 0.0 0.0 0.0 0.8768589621254483 0.008565980911668807 5.603198036461355 5.211608224E9 4.609391781E9 0.0 0.6975213712250817 0.12925610082777364 0.8855432322869423 7.957014596704547E-4 0.2961977731389 3.363447822448409E-4 
13.91109616511816 0.0 0.0 0.0 0.8719640472543208 0.008024018137812125 5.608780448063481 5.267845229E9 4.553154776E9 0.0 0.6834275494320231 0.11536571515460735 0.8996539324046934 0.001479568770445912 0.7761487628114485 2.9567685844356442E-5 
2.038069889434283 0.0 0.0 0.0 0.8723550550589112 0.007426004025123714 5.609280047622337 4.115473459E9 5.704011059E9 1515482.0 0.6819369441471088 0.15678251867206008 0.7456345960325119 0.010910269262357067 0.29306416446807865 3.601208515054724E-5 
8.72722756431839 0.001091714389270065 0.001091714389270065 0.0011155173953730315 0.8444782141278503 0.0066348836829033305 5.630587956015333 5.379026642E9 4.441973366E9 0.0 0.5860064363098568 0.15033268988804951 0.8800056500198665 0.0014545141440453786 0.7632010400018918 3.370155282292242E-4 
0.4044976664294877 0.0 0.0 0.0 0.867228909355936 0.009689199183473215 5.611771991691113 6.813603017E9 3.007396988E9 0.0 0.6496658729781384 0.09504611683291894 0.8250580918727461 0.0011645676458432585 0.7643623964090935 4.2082692421436033E-4 
