-0.47 4073.0 
-0.488 4198.0 
-0.402 3778.0 
-0.493 4240.0 
-0.547 4977.0 
-0.533 4692.0 
-0.474 4093.0 
-0.326 3567.0 
-0.54 4802.0 
-0.491 4220.0 
-0.394 3756.0 
-0.44 3918.0 
-0.508 4375.0 
-0.506 4347.0 
-0.029 3252.0 
-0.529 4617.0 
-0.455 3987.0 
-0.316 3550.0 
-0.511 4407.0 
0.432 2989.0 
-0.232 3429.0 
-0.407 3796.0 
-0.532 4671.0 
-0.514 4429.0 
-0.538 4771.0 
-0.429 3888.0 
-0.466 4054.0 
-0.463 4033.0 
-0.554 5231.0 
0.498 2921.0 
-0.558 5433.0 
-0.285 3496.0 
-0.414 3819.0 
-0.037 3274.0 
0.355 3019.0 
-0.531 4643.0 
-0.459 4014.0 
-0.384 3721.0 
-0.555 5270.0 
-0.483 4178.0 
0.164 3144.0 
-0.549 5074.0 
-0.551 5133.0 
-0.344 3609.0 
-0.375 3693.0 
0.336 3052.0 
0.071 3194.0 
0.125 3165.0 
-0.548 5041.0 
-0.561 5606.0 
-0.363 3658.0 
-0.444 3932.0 
-0.089 3297.0 
-0.55 5108.0 
-0.25 3455.0 
-0.543 4871.0 
-0.498 4284.0 
-0.545 4924.0 
-0.351 3634.0 
-0.206 3402.0 
0.187 3125.0 
-0.535 4714.0 
-0.503 4322.0 
-0.526 4583.0 
-0.524 4554.0 
-0.553 5185.0 
0.209 3104.0 
0.245 3088.0 
-0.148 3346.0 
-0.42 3843.0 
-0.544 4898.0 
-0.516 4452.0 
0.452 2968.0 
-0.519 4485.0 
-0.537 4741.0 
-0.496 4262.0 
-0.448 3955.0 
-0.426 3864.0 
-0.557 5352.0 
-0.115 3320.0 
-0.542 4844.0 
-0.48 4137.0 
0.003 3231.0 
-0.268 3476.0 
-0.482 4159.0 
-0.478 4117.0 
-0.336 3587.0 
-0.563 5716.0 
-0.56 5575.0 
-0.501 4302.0 
-0.541 4821.0 
-0.521 4511.0 
-0.562 5662.0 
0.041 3210.0 
0.497 2936.0 
-0.564 5793.0 
-0.523 4535.0 
-0.559 5556.0 
-0.301 3519.0 
-0.181 3375.0 
