-0.534 4694.0 
0.215 3095.0 
-0.498 4285.0 
0.273 3058.0 
-0.558 5459.0 
-0.064 3272.0 
-0.525 4562.0 
-0.55 5085.0 
-0.385 3723.0 
-0.479 4154.0 
0.567 2874.0 
0.252 3074.0 
-0.374 3687.0 
-0.439 3911.0 
-0.395 3759.0 
-0.425 3863.0 
0.311 3038.0 
-0.139 3339.0 
-0.488 4213.0 
0.198 3111.0 
-0.522 4535.0 
-0.492 4231.0 
-0.527 4594.0 
0.343 3013.0 
-0.519 4490.0 
-0.563 5783.0 
0.519 2901.0 
-0.415 3820.0 
-0.545 4927.0 
-0.406 3799.0 
-0.548 5024.0 
0.032 3207.0 
-0.476 4130.0 
-0.474 4107.0 
-0.564 5856.0 
-0.163 3356.0 
0.601 2850.0 
-0.538 4770.0 
-0.52 4509.0 
-0.341 3608.0 
0.004 3228.0 
-0.502 4304.0 
-0.442 3935.0 
-0.456 4015.0 
-0.543 4866.0 
-0.529 4626.0 
-0.303 3526.0 
0.479 2927.0 
-0.553 5192.0 
-0.495 4252.0 
-0.467 4054.0 
-0.257 3460.0 
-0.535 4715.0 
-0.554 5241.0 
-0.471 4078.0 
0.159 3132.0 
-0.533 4673.0 
-0.51 4386.0 
0.443 2952.0 
-0.537 4740.0 
-0.549 5060.0 
-0.516 4462.0 
-0.547 5008.0 
-0.451 3964.0 
-0.544 4900.0 
-0.487 4183.0 
-0.462 4033.0 
-0.419 3845.0 
-0.559 5495.0 
-0.353 3634.0 
-0.093 3296.0 
-0.122 3323.0 
0.108 3163.0 
-0.431 3881.0 
0.074 3185.0 
-0.556 5333.0 
-0.319 3555.0 
-0.555 5291.0 
-0.531 4643.0 
-0.276 3488.0 
-0.508 4364.0 
-0.33 3580.0 
-0.505 4338.0 
0.406 2977.0 
-0.542 4846.0 
-0.03 3252.0 
-0.235 3433.0 
-0.54 4806.0 
-0.552 5151.0 
-0.562 5665.0 
-0.454 3987.0 
-0.362 3653.0 
-0.551 5108.0 
-0.561 5611.0 
-0.557 5362.0 
-0.293 3507.0 
-0.514 4440.0 
-0.513 4413.0 
-0.212 3408.0 
-0.541 4829.0 
