-0.508 4362.0 
-0.497 4277.0 
-0.489 4204.0 
-0.565 5902.0 
-0.509 4380.0 
-0.443 3944.0 
-0.402 3778.0 
-0.553 5192.0 
0.44 2957.0 
-0.566 6010.0 
-0.075 3288.0 
-0.276 3489.0 
-0.529 4615.0 
-0.479 4132.0 
-0.261 3467.0 
-0.23 3433.0 
-0.426 3862.0 
-0.44 3918.0 
-0.418 3834.0 
0.171 3137.0 
-0.563 5720.0 
-0.347 3616.0 
-0.56 5540.0 
0.27 3072.0 
-0.182 3376.0 
-0.52 4520.0 
-0.559 5477.0 
0.036 3226.0 
-0.386 3723.0 
-0.525 4559.0 
-0.336 3590.0 
-0.526 4589.0 
-0.409 3802.0 
-0.502 4317.0 
-0.474 4102.0 
-0.495 4251.0 
-0.548 5015.0 
-0.557 5445.0 
-0.466 4054.0 
-0.485 4171.0 
0.041 3208.0 
-0.107 3310.0 
-0.564 5801.0 
0.068 3191.0 
-0.541 4842.0 
-0.47 4074.0 
0.579 2874.0 
-0.002 3244.0 
-0.537 4749.0 
-0.549 5046.0 
-0.55 5081.0 
0.361 3010.0 
-0.368 3672.0 
-0.309 3536.0 
-0.463 4031.0 
0.542 2899.0 
-0.555 5274.0 
0.409 2989.0 
-0.54 4802.0 
-0.434 3892.0 
-0.5 4299.0 
-0.512 4406.0 
-0.535 4705.0 
-0.546 4951.0 
-0.544 4907.0 
-0.201 3406.0 
-0.517 4462.0 
-0.145 3350.0 
-0.394 3756.0 
-0.493 4230.0 
-0.552 5153.0 
-0.29 3512.0 
-0.46 4011.0 
-0.539 4785.0 
-0.046 3263.0 
-0.379 3700.0 
-0.543 4875.0 
-0.36 3646.0 
-0.556 5325.0 
-0.504 4342.0 
-0.454 3986.0 
0.118 3164.0 
-0.515 4435.0 
-0.323 3562.0 
0.515 2924.0 
-0.243 3449.0 
-0.533 4674.0 
0.34 3032.0 
-0.551 5118.0 
0.209 3104.0 
-0.561 5603.0 
-0.128 3328.0 
-0.547 4985.0 
-0.554 5248.0 
-0.519 4485.0 
-0.531 4644.0 
-0.45 3963.0 
-0.545 4928.0 
0.295 3056.0 
-0.562 5655.0 
