8.50511047779992 0.021920654800703807 1492.0731284663675 489.1868147464147 273.84260484060053 
41.822826577040665 39.86682300065036 473.4431435458223 372.7075717102134 17.893864264796008 
27.68778085934503 0.013995918933116198 1310.430314613168 464.02564833263614 284.8855960199031 
40.44398046505386 0.09994328327852309 1155.8969438136676 523.3743455581338 289.04762603272206 
43.68148362305163 0.01598544165991705 1498.069049651092 473.49719098322936 249.64209728177957 
27.988396222455552 0.015323562070285896 910.7218302751564 462.3065792974955 286.554221998135 
7.577559536035386 47.30821726595437 769.1248575085956 365.25133566207904 1.5964580745238166 
5.002770643849852 52.777243932430295 37.273872534105564 24.02613432017631 5.612646091910207 
0.445695096185387 51.26576011574108 15.836124581135927 330.9452810346241 2.3804245454654422 
44.11694699971596 0.017164401707019605 952.3365934282685 470.23649392663657 277.8348735419698 
24.10702748242627 1.143717969713633E-4 916.6425557836534 471.00660544629795 204.6137569637147 
17.12671551002327 0.13979225107108548 1075.761888815982 477.3784030950006 262.5493993997611 
9.427154905204556 44.475800005518586 500.39397285125534 355.12860596278114 17.893864264796008 
71.38994101861252 0.012903143895202973 1468.3609498999363 1017.6561293625648 846.1206434636115 
0.3525433135789142 51.51406307028043 14.052751701482757 14.95701759422576 53.80473253843442 
8.036889179091139 52.777243932430295 15.803902950244591 24.02613432017631 90.05756186187602 
3.080919432744079 33.92082381750562 395.7847376836203 340.72673322966347 1.9904560965398288 
12.219317939936932 1.092502578403931E-4 1172.0360727484779 388.5858776359445 257.81862696623847 
46.18409029545294 0.10200327823068697 1071.0903948714438 471.9228819444078 250.58512041497198 
42.922135080906955 0.02721724945425095 1499.2929118940635 905.7285532363832 448.21091084364434 
69.27253342303462 0.009585700124375054 1492.0119990824605 789.7382711433695 285.21946853016425 
1.3043566152902049 54.4880500993845 503.8169502333898 223.42035055655353 6.230135073235772 
25.038751584645972 0.14167139939421433 882.7816647536089 469.8675416302135 128.030685155742 
4.723045597931968 29.673352962766117 449.91852378556 308.100155141335 27.665185290432305 
0.3673463045692653 52.11746242515422 325.74560642377605 227.70788031317807 16.863589022620232 
43.393924049253556 0.005048424654839678 1499.0017121007054 857.164786551009 302.44651557217657 
24.15424614809155 0.3731735213791687 889.6030118595166 347.0276589143974 90.96308427093264 
0.4720475968927531 37.58844342468172 37.077421455064496 84.81967350887973 15.49882985196966 
2.23126479683674 51.3552506639673 18.338662792483458 199.02758547119043 2.396508507619423 
8.003572928926044 6.635957132948143 582.5223443283622 349.97718660646825 93.50073526411252 
47.02317373616481 0.2276907360116298 1471.0576870575128 560.7374744023926 303.71083196366124 
21.053415389666917 38.01821641226106 595.8067784509777 350.15487558001934 55.871666892800924 
26.411128817692045 0.08119654837531529 965.9430061730828 469.8675416302135 248.33279129411417 
0.3525433135789142 51.90824210854618 14.052751701482757 13.04694724101299 2.4420888402619596 
9.468515193810488 0.06249914024047168 573.6323358170673 376.7010703442547 53.17897612173609 
9.136120472969832 48.340447849966864 269.82400544606 399.39153533974644 1.6100507304055327 
43.33052212900102 0.017164401707019605 1189.902776346263 470.23649392663657 277.8348735419698 
9.468515193810488 0.4158130782086644 586.8188698408362 423.3582305042936 94.37410401489223 
28.426887120713417 0.015266579968606017 828.8287552278177 373.6954893279875 187.07904001892544 
0.4933327580743519 51.86990179035407 324.325270665896 320.8704310600313 4.403177992890868 
26.317241426813673 0.01573207731761589 892.8581955862626 349.2257680263474 192.86031490112055 
9.118862769969361 0.34439973287902337 777.5516821900193 399.39153533974644 134.96721839131098 
41.65775456648192 0.05715454760206322 1497.6159168741203 959.0708307597741 761.503195746503 
69.82933933886423 0.05362844748732243 1497.1982440930014 959.0708307597741 758.8687044022352 
44.09030634277859 0.021920654800703807 1492.0731284663675 543.4299876076351 273.84260484060053 
83.0 0.11183550344673776 1498.57288636803 950.6385909505595 486.7709968551733 
15.743660856735207 37.92226978183125 897.7706591092865 330.73568592174513 3.158646142372959 
0.4623125058728714 87.29366412356529 233.20594835966537 14.709979276957995 21.552066182502358 
8.782839287198497 38.01160135943806 43.414599952605926 330.03633325943855 2.0380052685446755 
50.53256149067607 0.12207369401230947 1470.0730794216768 476.98652628357274 184.55390872304793 
21.035663553269366 0.08850115132829328 1095.194486703638 492.14901823950504 305.15724798112086 
71.40487216854373 0.09473221143667748 1492.9444763945557 631.9904656741004 301.68544986334354 
47.299603760486185 0.01579656021096374 1470.6203327054839 571.5737065570049 172.20407756606352 
9.118862769969361 0.17585270824294352 801.6708454032761 370.0269318752797 3.002434959173507 
9.118862769969361 0.08846826773378069 850.7722592344196 355.09319421667516 3.6833806325691896 
42.76694630235874 0.033796378846859675 1499.3689887865423 1485.5533336069918 818.4788056966253 
43.88594666744076 0.02721724945425095 1498.866736778756 952.6637374762477 393.8195568944853 
44.248619336505115 0.010821700903329012 1498.57288636803 1296.8378271642464 486.7709968551733 
44.65544607840611 0.0554261877228559 1490.6702105486002 964.5679520220998 263.0235480918484 
27.15374326807326 0.015266579968606017 909.5795392845441 359.00316200819395 192.86031490112055 
0.05177220623255607 53.06207615237209 52.105419874851805 365.56561076003334 0.8814521191901719 
43.8423745613665 0.027267882816598803 1498.7540864449948 1303.879257306501 731.8613299757677 
21.380101302507033 36.556478879818016 595.8067784509777 350.15487558001934 93.50073526411252 
0.3521148590054102 38.32303666186732 45.02062617398416 223.01173795480292 2.7205694418174273 
82.0 0.11183550344673776 1498.57288636803 1315.3861873119952 486.7709968551733 
19.627855040907836 0.021042878297090725 898.2275030025054 477.5872844020026 183.2269696757525 
71.61736760840509 0.008281727773187073 1492.0119990824605 770.21395611491 284.783760211318 
0.541772248944522 52.11595816560655 129.73968418574833 230.3659924309301 2.4663165635366453 
25.549094460376942 0.017164401707019605 920.4615028679472 362.58632781400746 269.48172039476486 
0.3639525402435462 72.27432172904835 17.133545783382772 223.01173795480292 1.0177242627149223 
0.4368258045601071 53.11524135139202 216.7496560596586 324.89282034892034 17.625147363568388 
24.10702748242627 0.015266579968606017 910.7218302751564 376.30793933741245 204.6137569637147 
71.40487216854373 0.09473221143667748 1490.6424946702643 631.9904656741004 459.02732859956336 
43.836458343849856 0.027120319591566466 1498.5588469932393 632.983965621692 272.37533116947174 
7.982961547386777 1.776776437739 730.6687009437699 407.5276430442922 155.71814022267915 
71.39610961555533 0.008281727773187073 1492.0119990824605 815.6853685414613 284.783760211318 
43.8423745613665 0.02721724945425095 1498.9472027833428 504.0041916904773 225.64783632121868 
9.427154905204556 39.86682300065036 500.39397285125534 372.7075717102134 17.893864264796008 
0.445695096185387 37.92226978183125 43.414599952605926 330.9452810346241 2.0380052685446755 
44.09030634277859 0.018512652296560073 1271.6900534011597 543.4299876076351 273.84260484060053 
2.23126479683674 51.40709513656362 77.83147900023437 372.95949710461025 2.396508507619423 
2.1608437438716965 69.44090709392795 63.6847582375475 96.03827179968118 10.904910467153172 
72.80192679967935 0.11991916772278355 1470.0730794216768 557.4048129383847 318.2220484928359 
40.44398046505386 0.14019126393446169 1155.8969438136676 464.6450679741975 289.04762603272206 
44.101564420316976 0.017164401707019605 1271.6900534011597 567.9080477089962 273.84260484060053 
0.49449039830657826 51.86990179035407 271.537997758673 324.89282034892034 4.403177992890868 
43.71057331516079 0.13660554695152188 1330.33986438945 464.8052497697775 289.8734329900745 
28.766098040421074 34.70363819714402 588.4569166867655 340.27266166166584 1.8374181467941275 
64.84690508968761 0.012903143895202973 1499.0017121007054 857.164786551009 302.44651557217657 
7.577559536035386 50.28709511247799 441.4624741274823 365.15082619039356 1.5964580745238166 
2.23126479683674 38.54465102358277 88.92939911305082 230.3659924309301 1.5323004009665682 
75.54201818954851 0.0816456180151639 1481.259102103485 1444.1303788209436 1198.366415042318 
43.8423745613665 0.0554261877228559 1490.6702105486002 966.3692210817371 453.34156822952616 
43.23551988616229 0.21969577322848616 1482.6038926734873 620.2550526252679 263.34377113144615 
43.8423745613665 0.021852276373820978 1498.551985463929 1378.4989240559921 731.8613299757677 
43.8423745613665 0.027120319591566466 1498.57288636803 1413.132632828517 859.3676379136858 
2.572666568777312 43.524308543680604 471.62739192332344 369.1520401689575 2.0708711700583873 
0.41336134384651324 52.29653318831338 120.75380978797283 184.82759198054748 27.982565831818153 
27.351034120827464 0.14167139939421433 882.7816647536089 469.8675416302135 168.26818760937397 
71.38994101861252 0.012903143895202973 1499.0017121007054 1053.78191198658 859.3698429541153 
