6.827332017862588 0.11365475438604622 913.0207492734389 406.92862381986106 211.89347807209253 
22.611142543814047 0.16219359705151143 1048.7270945245418 410.62809315197836 231.94616209481353 
22.093705170302368 46.48811458240348 685.8849520653396 384.8270516889464 24.665108336683645 
17.88284094078026 0.17656114185772617 1066.9262593475137 495.0944050001155 111.24545585736642 
50.05483327564571 0.1300129374883278 1480.6240918135761 791.7849260786056 373.2325255006799 
22.207725937162458 0.08044338709921867 1492.5621791788435 555.0520225166753 320.5114541529064 
26.515658909771055 0.22808407455310123 884.2181180538921 417.8306818892063 228.93040049889566 
1.3503591946177744 42.1185618681891 506.3767445731637 333.0280843424359 39.01157339062142 
69.7891459580524 0.4573382093316158 1495.6852682267677 606.8819106089561 329.81933548657923 
40.44646059023714 0.11858300134725902 1085.8569096198348 413.11364902522905 167.87186110003015 
7.432418913169055 0.26801773562129405 634.6779839930424 354.693664701384 10.50664001287372 
39.09157297584884 0.4734593576562598 648.7404319559112 412.70658175136015 165.52714276790329 
28.608227640847986 0.22753874040633007 1252.3775446069474 408.6990657810845 302.5180574691836 
17.03547661825714 0.009376987934743397 1170.1320259469817 487.15441177340085 219.5043842892543 
0.6751997509006333 40.54777144698415 90.01191533260075 327.65857716896164 15.91602359400651 
50.17919680903684 0.17396051083342443 1484.598363324015 497.1305862481305 218.78366716689547 
16.111589521848934 0.19162916101473865 746.3852327783518 446.88311157511816 160.41560291865733 
6.6398121258618055 40.54777144698415 493.991279183666 319.42942075329233 25.413108954034257 
15.614005139490196 0.032934186072826416 1142.1649526189478 564.2947908447752 229.24480992046313 
19.717231715841656 42.250760822257654 2.167320277110676 68.35093827995951 27.569466009082163 
6.791397435061297 42.424985644213564 316.8908650912647 334.8856611207854 6.337539035599036 
26.52526314687502 72.03317598978323 651.8354288851085 353.74379534830194 186.61371889906712 
45.42029810782974 0.45462432188863594 1497.257022586035 488.6644920652017 366.25938656491155 
49.71336685110076 0.10859735868268112 1172.8029786058487 497.8904789727086 302.5180574691836 
47.83787595913239 0.028968193151596183 1489.8914610527122 589.1432992135781 368.19495502588336 
3.7273591446627035 43.86916506628225 711.5676341243774 442.21617415517943 166.80539814952903 
21.35401933305412 0.13464876883610688 745.2001069416066 487.912348774539 214.91372794359722 
39.83820843816764 0.1366070719027216 752.4657179907645 437.46336589695284 220.3653246231944 
77.01535660034523 0.29711571202827847 1473.1728148461648 977.2001521302273 474.05056589292604 
2.2466165061487544 40.4776051472317 0.13492182191097823 68.35093827995951 15.615143440765763 
81.08944750682616 0.1158406650019866 1468.730969630278 1077.6764055190515 713.7256230888735 
0.4710004922214024 40.67074175626209 420.6960100935158 330.7888656389417 25.413108954034257 
20.12089139973425 11.973471687518085 651.8354288851085 353.0307028933454 191.72983830169895 
7.503650508165573 105.15158113704811 37.35314922608052 364.4350338163048 0.37982695309350056 
6.898483601445391 40.54777144698415 1.615781035159948 141.97152489003903 28.134100569904582 
46.87021281442859 0.20921007968771882 1433.5667966985266 553.7483188546267 239.79000805480968 
56.682344063233494 0.37973069130771575 735.9088883996938 430.0710062250756 171.085295955908 
20.478724153269745 43.824151532470424 672.3454190423489 343.1187550406175 24.665108336683645 
81.6768657204738 0.2988264183373245 1492.9488263477747 972.6334087152752 532.8825323788286 
79.90876897557828 0.11509256650782401 872.7550004518713 437.69631140952254 270.0017008442686 
6.5341182257535735 40.54777144698415 146.09968008211726 164.69605230186357 31.820241056844516 
80.94986843248198 0.29711571202827847 1458.2408458557597 793.0618311976518 574.2105640381315 
81.51275188713397 0.07285634531885579 1493.7358900021056 811.2425672543656 608.7460948790895 
5.661875399375155 40.54777144698415 559.1858730602193 334.8856611207854 18.080178070726816 
22.608675517767157 42.24644345765614 494.5899774654913 359.4127654694563 224.83387508364785 
18.924714084939954 40.54777144698415 97.39666944125806 68.35093827995951 28.134100569904582 
4.71114083424597 40.54777144698415 9.16627527592803 314.8898333162924 28.134100569904582 
6.5341182257535735 40.54777144698415 141.4048803214094 194.5539512849982 16.580792148223487 
47.975828768079985 0.47332055562485265 1491.860931371714 868.2627357935451 321.9296666052969 
49.12327707719968 0.21367539984810097 1493.8032233714903 1371.08248301295 421.6041122024154 
9.382867724861322 42.45115345130155 494.5899774654913 359.4127654694563 185.7993860237121 
21.69049039412086 0.16015772656683658 726.9913253297714 418.9823645631319 103.21957136141994 
5.715400566505149 40.798398828014115 123.77098256696577 342.29097542967355 4.025195118997571 
80.94986843248198 0.29711571202827847 1458.2408458557597 809.6985016644027 613.9117357885948 
5.661875399375155 40.46785185479473 393.5135573996895 297.62569927237007 27.655041115347252 
50.05483327564571 0.11858300134725902 1480.6240918135761 705.7453650382117 328.65074364241605 
15.613130232839147 0.032934186072826416 1172.6617571628778 417.88182366418846 230.6894214771459 
50.05483327564571 0.1306268562891779 1480.6240918135761 758.0922135310365 327.75182712560627 
6.745130493436598 42.1185618681891 506.3767445731637 318.8905568904694 219.30792461023537 
5.746075935460154 42.239193023339645 235.67599489594483 359.4044090001998 27.574083572886874 
6.5341182257535735 40.54777144698415 84.28167368576466 194.5539512849982 16.580792148223487 
47.645714596005746 0.08044338709921867 1492.5621791788435 549.3305578814839 320.5114541529064 
22.611142543814047 0.16219359705151143 1221.840978554693 413.20617030386757 231.94616209481353 
47.83787595913239 0.18149821245327788 1261.5742458774218 576.5869440811939 335.1023282316145 
47.64562730733036 0.08044338709921867 1257.324722252694 549.3305578814839 342.63949404742294 
81.6801819413809 0.03539783165475936 1492.9472094442788 889.403290531885 538.6774221136425 
0.9229178758797869 43.70333719026587 54.3545383929374 207.3277143930957 25.976178654800545 
6.5341182257535735 40.54777144698415 84.28167368576466 159.04572823467112 16.580792148223487 
7.812425673300769 48.734577770589 194.97471879779815 337.1660962117415 3.7325456102337142 
6.827332017862588 0.5253404118283846 580.5915693878176 406.92862381986106 211.89347807209253 
76.35526756170782 0.03403951360631141 1494.6990636198775 695.9976956493538 329.6377049117302 
50.17919680903684 0.17396051083342443 1254.344978396728 497.1305862481305 218.78366716689547 
7.48924892473288 103.72734838134862 37.35314922608052 63.57699274962337 2.028652808030955 
49.71336685110076 0.11437351173484211 1252.3775446069474 497.8904789727086 302.5180574691836 
45.42029810782974 0.4685817349550616 1494.6643092633324 560.3124228070984 366.25938656491155 
15.614005139490196 0.032934186072826416 1141.743219184465 417.88182366418846 229.1302106016958 
16.032318963005352 0.18914492697776733 734.7315285374455 445.43394017240945 103.21957136141994 
22.093705170302368 0.18229629460229346 672.3454190423489 418.9823645631319 24.665108336683645 
65.33262466921094 0.04948559545093717 1499.215385678708 1088.4448377895908 473.4536539020844 
5.6198269896963025 40.54777144698415 207.2715706097534 301.35110486185283 24.371271665751124 
45.42029810782974 0.4685817349550616 1494.6643092633324 661.311473957732 366.25938656491155 
39.83820843816764 0.11509256650782401 875.2550428302004 437.69631140952254 270.0017008442686 
0.9229178758797869 43.70333719026587 54.3545383929374 330.93645947320124 25.94671794782731 
5.661875399375155 40.54777144698415 423.75711547426783 299.83022243198786 25.413108954034257 
22.611142543814047 0.2353443028273599 1052.2721416032948 417.88182366418846 111.24545585736642 
39.83820843816764 0.11509256650782401 875.2550428302004 437.69631140952254 220.3653246231944 
7.432418913169055 42.24644345765614 494.5899774654913 359.4127654694563 15.91602359400651 
48.07812319063473 0.12243094137865901 1499.215385678708 1425.7588192813985 546.6182338686083 
48.52206141698952 0.18124524704995051 1497.5070674002184 1378.4523196687053 316.72095382103794 
27.60468589700236 0.2353443028273599 1181.1385625299333 417.88182366418846 227.83157268044232 
43.46634627776373 0.17175074611695634 1490.3075625176496 659.0282872252084 326.6931223646223 
47.478537230342795 0.1204379456989588 1253.658883978402 524.771158426379 302.8202018738269 
47.371784438904335 0.18124524704995051 1494.402913807065 1378.4523196687053 549.2493258409015 
7.796341744595025 48.734577770589 4.62054193073584 337.1660962117415 3.7325456102337142 
7.48924892473288 94.61812863600196 8.009465570210281 56.19471899659247 2.028652808030955 
46.3432329422884 0.20385297013045406 1494.903268349353 1455.9553537769343 672.7124200041878 
25.845835354289314 0.28460866272813035 1309.5658643659337 524.3163004527277 324.2582661381514 
45.13312808098921 0.18124524704995051 1453.8603826913068 1383.7229965954225 343.1874516808315 
0.4710004922214024 40.67074175626209 453.1011313149784 330.7888656389417 25.413108954034257 
6.745130493436598 40.54777144698415 236.5390320443301 334.8856611207854 15.91602359400651 
