45.22667729438255 0.11452153568983303 1448.723580914257 683.2264327477407 383.29119688064975 
1.1165199269843011 39.818713021311325 230.1182300583819 333.0345426010858 101.66476422048413 
31.282627987263147 0.0675840564143606 904.6433046286829 601.2419418257371 208.73882009468824 
44.26132078275598 0.14858336278230236 1234.2887432136727 421.5694310527378 231.41619713649328 
26.933413675801873 0.398041830955333 1023.0356638647544 476.76407753919904 199.5621360048781 
45.22667729438255 0.07215976012345848 1495.6639495142497 711.7098837689023 439.63156585159203 
0.9760908499114294 60.64064824031091 659.4698970313917 333.8714991627787 11.395176167708698 
78.5418712042403 0.1853535480671779 1491.141707130562 607.025586174378 350.82995397971547 
1.1558910319875706 47.42938930167608 378.23742000864127 298.7100492793601 5.579748587289252 
31.43476831951392 0.22470479304176966 1229.889057062062 459.4213767137016 348.37259896905215 
3.5377900165313445 56.730871368445484 1.6175532342323686 382.3818866337726 4.630005391146777 
4.426070369131489 0.2010507161874857 649.8650654197802 349.27505783506615 217.26732775516382 
1.1165199269843011 43.25657873886433 230.1182300583819 333.0345426010858 47.85547664682375 
27.11950361169419 0.28317134238599806 1482.6623719826794 511.29552734305634 222.68771124711515 
45.69908687475232 0.30749318216625415 1497.1032675554684 538.9615807156363 218.20409010550435 
45.22667729438255 0.49065179540689385 1495.6639495142497 711.7098837689023 369.0994337511597 
44.42587962420925 0.1373024838598958 1486.1700120960377 835.6913531803084 532.1030345924811 
26.292504327698076 0.39783524729828 936.2326804970471 500.22375324313225 147.04168579257288 
1.81053656142565 43.46611296371642 505.15861434805163 332.29984445878085 240.8992603454793 
4.58746401988069 56.729294269126804 1.5617933812203466 330.0949026102804 1.2375664925685506 
26.292504327698076 0.39783524729828 1210.8890068994745 500.6587126185379 342.1589382697891 
10.257228734405924 0.4362218465957094 934.6784105480564 389.6470511657526 234.99955940434583 
45.69908687475232 0.30749318216625415 1492.7926556852149 962.921335532211 355.4186851537067 
4.58746401988069 56.729294269126804 5.0302129575331085 108.62267882884922 1.1635194259513773 
46.00652656650588 0.1373024838598958 1477.8735301927807 1227.7818127116404 532.1030345924811 
4.427036150951667 44.78205330172679 1.2211542659137251 88.96842649114336 21.474634326521613 
1.204318379403099 46.91680722159249 26.130559169070892 391.1978307763209 4.653663705484549 
1.0580920551623523 45.93055696841559 426.8530372594136 357.41820183104375 20.383988276617515 
23.730648543593034 0.3693611496595217 1455.6880385294655 570.8447404345237 209.05801622381773 
4.227426379157393 45.289621408720954 44.46843428605415 12.81282446668348 10.896457508562122 
1.1169514523019386 48.573504370289186 141.9937949663057 330.2505063703919 3.526604624816194 
31.126326409016876 2.816032267085795 928.969151575445 478.7552993438908 52.723916604679346 
0.10115691252349057 64.46736094019549 37.74382067318625 7.3189661190976025 7.090093743044431 
10.183239214643354 43.03916640709402 670.653824206737 365.07538188001166 162.86285232404538 
78.08528863062048 0.4924987630261093 1492.3489448301057 672.8175097934975 555.6547520510308 
30.96821305370495 0.4806712514421336 967.4030973737399 324.6929897193843 218.01163354358923 
55.71799567425601 0.31349506936067606 1471.9351800114423 815.4994219624359 337.11692120271357 
1.341957331232438 43.5732669524849 189.01131585757304 164.14671459785302 16.189651760396856 
45.20780203058016 0.09245807741843712 1011.6967474628123 530.2179809347952 218.98389695880573 
11.278418999875118 75.29924528432578 653.8218266264539 330.0298125638998 222.69915947102373 
45.22667729438255 0.49065179540689385 1488.8790133680616 697.1423584016611 354.77016957097356 
0.16692178691639015 47.47927002454754 643.5530378715272 388.0770621204278 77.86555935483229 
10.499237325124643 63.07150896510059 399.27068464723686 359.16856118790037 94.01683442351072 
10.255601687721793 0.08761208490871741 967.4030973737399 324.6929897193843 218.01163354358923 
1.1467908162145752 92.2463372115218 113.22912610093874 358.2769256586756 6.575012475421501 
77.74157855173067 0.14146037790154956 1480.008708479518 494.42324808189665 346.3958036108678 
26.933413675801873 0.3362973955026902 1396.572365060934 479.36436790951876 235.55159018626034 
0.10659153927306564 45.32249093050649 5.775799601567229 353.48672452587124 15.644930584085898 
1.1558910319875706 47.47927002454754 378.23742000864127 295.3248266276221 77.86555935483229 
9.36813918367582 3.982112323034496 947.6028267631903 335.53629855822487 189.38521618990603 
6.809177562724177 77.204686303319 497.31417730323597 330.362594840397 100.90476075480579 
25.54539465158463 1.45515882912402 715.5791746508166 384.0782581825969 341.77049001617286 
82.98939024953711 0.28345151525339257 1497.2131489955764 1093.008874085972 580.5119777191883 
14.061897136492465 0.41066100254039345 508.5208368093329 393.1369437468002 234.94465679644702 
16.683468506643223 0.17874080402755543 621.1473047859461 397.4487349675138 184.83685319629657 
62.17749729126828 0.4362218465957094 670.9049457954743 389.6470511657526 224.35404594600465 
78.0108757483621 0.3251320773732139 1497.0563974898084 1249.8761834638894 579.5969652831071 
30.88402815321065 0.22470479304176966 1234.8378138923642 459.4213767137016 230.79237086915873 
10.255601687721793 45.93055696841559 426.5359404385257 359.77103154129037 212.12327529497574 
65.34636873020565 0.03416016872772538 1492.7535249901896 1351.1559436818366 574.6866415660485 
44.42358332938606 0.14146037790154956 1026.313154764919 494.42324808189665 346.3958036108678 
9.795927750963449 7.815490211848374 594.5399010828571 337.19498406124876 25.468011624209268 
71.15887306554322 0.21433207499826132 1497.532775985799 802.4081891502235 401.7207881135044 
0.9002653772078044 44.88530755744047 3.199984988307733 187.84548974876324 4.473280687044991 
48.06931236066876 0.31349506936067606 1499.7575287172958 1001.1295683247477 373.51422785762463 
66.28123131371063 0.1842876612036719 1480.2212522289192 555.1164998981409 313.11624860401184 
1.3406950360673822 38.71492291366849 421.25707680634093 318.9057017581948 4.89123242146751 
4.583460043546612 57.40743276091219 0.08438846763620944 121.2366127209126 20.92802656496987 
82.0 0.39543653482973123 1495.4455456790133 1494.359371910389 397.9257813379552 
78.73607435789846 0.21523476700880942 1495.4455456790133 1494.359371910389 515.8133213853628 
4.5286753960045925 43.46611296371642 664.6288981191223 334.56666269698263 89.13370853026407 
55.71799567425601 0.31349506936067606 1495.8430090682089 1020.383984219598 718.2338010487294 
6.809177562724177 75.29924528432578 463.21235615465355 334.26934561241603 100.90476075480579 
48.51590776274408 0.07067502132841508 659.4698970313917 388.3073370197595 212.12327529497574 
3.5377900165313445 56.730871368445484 1.5617933812203466 310.92637603752263 7.262716242707285 
81.20359080365168 0.21523476700880942 1489.9608119353757 1425.9073701134084 830.7366805771271 
0.4966822141644758 63.785844725087635 98.34137419212857 18.4037054945166 6.852222627563201 
45.22667729438255 0.11452153568983303 1488.8790133680616 609.1207024847919 354.77016957097356 
1.3167998457214056 46.91680722159249 5.775799601567229 267.6055799005215 4.653663705484549 
1.1467908162145752 38.71492291366849 405.4184240886553 358.2769256586756 6.584801557897968 
31.126326409016876 0.15794593743163185 1465.3738635305124 607.025586174378 350.82995397971547 
55.71799567425601 0.31349506936067606 1497.5153309389984 815.4994219624359 337.11692120271357 
1.8528939786329923 57.40743276091219 125.91459252429671 121.2366127209126 4.983135300672757 
47.43889237720328 0.1456283744433807 944.9763148311815 528.629912568208 211.31451846983106 
26.292504327698076 0.39783524729828 947.6028267631903 498.30044841011534 189.38521618990603 
82.98939024953711 0.28345151525339257 1484.0289571387877 1106.6954711293765 403.24750730216795 
65.28576903747718 0.03617478362031751 1492.7535249901896 1227.7818127116404 574.6866415660485 
4.227426379157393 45.331764080824755 3.7857390380890834 215.6665754368416 16.255247232444205 
82.0 0.27633819645456803 1495.539520603278 1020.2641033964306 403.2471686213818 
4.227426379157393 45.289621408720954 44.46843428605415 208.8204478438609 15.371382129140827 
31.282627987263147 0.47507151880426585 926.6065467413837 509.75518787407344 222.05080204139279 
1.6649844889462235 44.82093705896243 195.820224862686 329.27360455829876 4.478126625879776 
4.235233842061955 51.153370239056876 3.985115612391514 0.41759506892144316 6.9035602975552255 
1.372819617033855 48.639727698743926 196.62119374140156 333.0345426010858 47.85547664682375 
26.292504327698076 0.39783524729828 1210.8890068994745 528.629912568208 342.1589382697891 
4.583460043546612 57.40743276091219 38.480667087706195 121.2366127209126 4.983135300672757 
17.51315349590975 0.4697468463494685 1461.0629216141717 447.34070040253533 310.8491497614009 
10.257228734405924 0.4362218465957094 650.970434627257 389.6470511657526 234.99955940434583 
26.933413675801873 0.3362973955026902 1482.6623719826794 476.79602669259833 235.55159018626034 
46.15538357507886 0.1463510432102808 926.5062488459346 475.2424111237102 83.84668872268212 
