2.0679448404725695 41.837178559259776 308.36741723142825 353.779668461337 0.9171196572616791 
2.026778858036992 41.97733419918609 40.957712266268516 337.75594482207146 6.825765994006282 
0.9743394593026817 2.005931029122248 819.7592628396367 390.85345412658626 17.728125672913052 
16.918508870788393 1.8445625355047763 821.0581459088314 343.72139279291713 207.24897183546324 
6.570762681565643 0.3480675275841546 844.7255515326834 363.99278764045846 101.72022548764174 
22.817352865728147 0.27461888081631025 1289.701929289512 461.3916413170343 164.40204674148896 
1.3004890037988854 41.828870772342356 287.6798007670868 328.4128779222807 0.06308424590039241 
2.374644900935958 45.0423327102375 57.45333428157779 378.4831410693624 1.405552104220149 
50.05987568487629 0.39868417310779 1491.8754364155998 1083.433395579011 737.0312728284741 
43.544238536198954 0.027904699836351854 1497.3846309291805 706.0444686893355 686.0854021947073 
45.37240454563324 0.4839721254180205 1190.80537368227 523.9246173363075 250.6617689399129 
2.4217320298143985 1.1952437693691813 660.8977211461117 391.0271351873766 29.370214125710575 
1.3871313762021504 0.09283053801527591 819.7592628396367 390.85345412658626 229.31654377842435 
1.1713535773354704 46.36845102249523 9.049160407047442 341.2934931147429 0.1173127662331126 
3.186746362152199 42.53848176629055 76.63579388635372 336.99204617292065 6.357919426078688 
68.94944354169589 0.2694468510875866 1492.8834146512481 991.6734949168363 666.2104580666341 
68.70181789214135 0.3057325281543912 1482.1680208210241 557.3464357294049 242.49054027236082 
12.425222811409329 0.6507865043289804 846.4851334979778 433.2567398193455 188.47787827004652 
69.49945613858915 0.3584949239332669 1479.342041677932 1194.2564732548467 763.8252796505824 
4.916110064516197 1.1952437693691813 660.8977211461117 379.98485349727247 87.95594224936688 
19.521138646817274 43.64448531396378 473.87488801189335 365.83886180401544 3.5670516863219746 
9.3320275996273 0.470122371870878 1074.6380166278439 410.6751699019665 200.46056884677404 
33.388895251600715 0.2632830436507041 1153.1133722416735 461.2157010464168 232.4680105820312 
44.554144986003344 0.32398608776175397 1450.612516961624 438.71824662320955 221.1224468339785 
9.390454827400701 41.817265371798605 555.2577755097732 345.7328281957575 7.175081397902511 
4.948591991608954 44.37513300834671 660.8977211461117 381.22804352738615 3.555411798970006 
4.173511188559142 44.72024751939547 45.87023576038416 40.15606196279106 33.2843089398296 
34.70343980538294 8.926485045799293E-4 1499.9891270327328 504.67831300784724 245.85496400410733 
42.34600365548842 0.03152630563976429 1499.929645826852 692.690786710192 303.1239602768058 
2.0679448404725695 40.89526329229711 305.15022733603274 42.14686459541525 0.19029126422777154 
50.28462320401175 0.13417889850943265 1491.4852835344836 639.4757421427219 238.80540786802732 
33.72745427221109 8.926485045799293E-4 1494.63094562685 948.9309138745749 254.97855569451735 
17.243904365098327 0.32340989011298904 1419.5748378291898 430.99038696028725 212.74505641498658 
44.87715678458989 0.037724984971856945 863.8206121940659 411.27538612612375 223.4363521564831 
0.10534384949872377 43.98878321966204 7.607972171174588 302.70067672501244 9.39687527333993 
22.387547660899408 0.25850938403758733 1499.3456465932804 473.2442785297273 310.8944158487998 
50.46395309196223 0.03196995325263996 1498.7788286466234 1280.6826590590094 599.2763379432839 
12.528945575715444 2.73488989634512 634.5542720482002 382.85238856080747 233.1330575337912 
22.247127935484556 0.3393134343535252 1427.079662202024 431.43145451115214 235.11008207973669 
3.827099122845657 41.64271488224998 3.156333513507211 18.20208063330631 21.328646402383892 
34.28227743445535 0.2694468510875866 1441.8002352500068 989.8198246395779 666.2104580666341 
22.93488259240755 0.30603790205692777 1145.9014752151625 436.00412311438714 228.98713538689958 
34.28227743445535 0.2694468510875866 1492.7529705604031 991.6734949168363 666.2104580666341 
8.260332645902132 41.182376199352014 573.463072568666 365.83886180401544 103.36299912014597 
1.1046354571245551 41.47881332761382 178.09363037582793 343.6727016902658 16.800784012577964 
1.3871313762021504 6.161804530389295 819.7592628396367 390.85345412658626 3.5006014873550693 
69.75007197817176 0.3584949239332669 1479.342041677932 1298.387386170709 760.973928529863 
1.5028106969544668 40.666101937054535 380.2818284377439 342.67423384751964 94.46039925206762 
1.4758930912801052 44.72024751939547 45.87023576038416 40.15606196279106 0.2411242320877225 
50.52301581876069 0.32561575572125356 1499.5917519552222 637.1872299074239 340.0601692884501 
50.03097423544537 0.3247129098228486 1485.2634066265919 432.97309392795484 218.7423800372464 
2.374644900935958 45.0423327102375 76.63579388635372 378.4831410693624 1.405552104220149 
46.358602006064146 0.3221328729927281 1068.9022073807175 432.97309392795484 225.4355445932057 
33.388895251600715 0.27802465277493926 1145.9014752151625 461.186957036793 299.4168135211153 
22.817352865728147 0.3911849965688475 1289.701929289512 463.1058064013162 234.63722241036606 
69.43481881624479 0.3584949239332669 1479.342041677932 1399.829852114917 760.973928529863 
16.918508870788393 1.7837706762093317 778.4264597408771 343.72139279291713 207.24897183546324 
0.47608186084133663 44.70145245471263 1.0145518710936292 120.82131915531116 7.836620876846911 
8.896005682370792 41.83670692491537 468.4179313207023 345.7328281957575 9.999451786824295 
44.622941370538 0.32398608776175397 1280.352896859568 525.2992346661624 256.3293234004996 
1.3004890037988854 41.47881332761382 178.09363037582793 328.4128779222807 0.06308424590039241 
2.0679448404725695 41.53695141548681 304.9846868900698 337.95445492714634 0.8710683786455707 
44.59327109958938 0.12678814958699103 1450.612516961624 489.35066470807584 231.06563463659995 
42.442445604687244 0.6877459018369778 1490.1175543088148 694.8782996923422 584.2199559672479 
21.32979788766695 0.30859115897267275 1437.9783303404301 989.5572682068389 666.1845496917811 
4.260689703942643 44.70145245471263 19.5253514752028 131.59596595797387 13.820300952512715 
6.288800596378309 0.3480675275841546 846.3353598891206 398.03359033198507 97.3350907470093 
0.8173176937311943 52.02772813228778 502.85696172804313 423.91111784500845 1.8483163557514164 
0.2247235477537144 41.69411594594058 261.7760335617181 22.61274696789451 0.32061410370180277 
3.2575461389974563 43.96450886106254 254.67519275767307 310.60871020657873 13.5959019263192 
2.0679448404725695 40.886270931917 297.92064731008617 302.76169185523565 0.15800901124168315 
0.10534384949872377 43.98878321966204 7.607972171174588 318.33592799591895 9.39687527333993 
33.72745427221109 8.926485045799293E-4 1499.9891270327328 509.56884583299905 303.1239602768058 
22.819877450075786 0.470122371870878 1074.6380166278439 436.84589597987707 200.46056884677404 
44.55463068234802 0.31188628139397256 863.8206121940659 385.19354163333145 220.50583593011595 
44.43034355328206 0.32398608776175397 1498.4850846627 616.523673564777 230.73730267849706 
50.06725554263556 0.2653613515179364 1491.4852835344836 961.609014265977 250.35680663496493 
17.453385728814336 41.44474125162642 449.9373092375009 365.83886180401544 0.3437060542254695 
44.444486537313594 1.3977654916948192 1471.2254743580022 703.7405697029565 457.80845212476777 
19.521138646817274 42.77358571032727 568.832824563442 365.83886180401544 9.608553588135393 
69.43481881624479 0.4258544317941021 1479.342041677932 1430.4124030623339 756.6680042875862 
12.425222811409329 0.6507865043289804 846.4851334979778 433.2567398193455 119.37801194478084 
23.2175765317319 0.11311610222499935 964.285118642033 432.97309392795484 108.05270639565177 
23.201708209101067 0.4144241159225537 947.9740652563902 444.80433404513786 227.63006760317853 
6.283048883597315 42.69212698733315 340.4807097477578 342.1221597575461 19.294981498370394 
2.0679448404725695 41.69411594594058 304.9846868900698 22.61274696789451 0.8710683786455707 
22.240542084583428 37.702746577840564 634.8836275871575 396.91097978479223 21.34051887612665 
4.260689703942643 44.70145245471263 5.860915349247444 120.82131915531116 7.860745603495641 
22.93488259240755 0.30603790205692777 1145.9014752151625 461.38127020288954 228.98713538689958 
2.0679448404725695 41.634789998538 304.9846868900698 57.94548376114483 0.8710683786455707 
2.4874879468650484 41.693184422042535 404.78062034301877 342.67423384751964 2.8324799920852257 
3.6429092919077988 41.85560202653416 9.03809417364036 160.8483250342891 14.075584927832494 
2.0679448404725695 41.634789998538 304.9846868900698 76.42408370072374 0.8102737961345534 
0.7665363403271428 0.11167421234970498 964.285118642033 432.97309392795484 234.63722241036606 
2.4874879468650484 41.693184422042535 380.2818284377439 342.67423384751964 1.8483163557514164 
14.651155177613859 42.584592461793406 710.5734254659917 382.37289978491697 6.734527254035527 
18.764645770629485 4.7221511293518255 710.5734254659917 343.72139279291713 136.17634252111006 
22.368867437764138 0.35844717080377264 1499.3456465932804 1010.9407167123959 310.8944158487998 
8.896005682370792 41.83670692491537 440.96349935615183 345.7328281957575 0.9219515232254987 
6.341853143030247 45.0423327102375 17.69827033114391 194.12981031738013 0.5149003035116912 
