54.89338737219192 0.47098372121355325 1492.5512324534243 904.2870245234448 456.5085680227815 
1.4131949340155856 43.068159664766874 414.3827347114812 399.35283615513436 30.64036185945383 
7.532171242075128 28.234685496866437 678.8991125665706 403.30881736580034 259.1476273202913 
1.5608668865372026 47.20006748060721 89.65588518365814 85.36900587971091 16.348730478339817 
3.2704202900689094 20.579572731564923 370.53793852782826 379.54986698306993 16.362976191330905 
7.532171242075128 41.73585678150325 527.2103729552367 402.7892753430652 195.37898879513955 
1.984071852385716 43.044170605541794 208.2730221387236 109.58980984057673 0.6183643990044629 
82.0 0.11245180624799547 1496.297062487309 1463.5594341094165 435.0010425013261 
73.39719036295863 0.4733448519318577 1489.9571020988378 977.4274990182403 450.77463575563047 
56.874538229071206 0.45370860839625415 1490.7686763666504 555.2798395778543 236.53467110624024 
1.984071852385716 32.44198496495746 149.68160060801569 189.29231418402745 16.112620826557578 
1.5135061799175027 53.057510049163724 280.6057495756737 382.1627303527922 6.959745502482852 
1.5973139513634216 43.64134111089769 617.469827667566 382.8500121560212 0.9208848768807139 
22.42688658743187 0.18654928814911642 1030.4449910107596 457.19480090294974 212.670961659866 
81.08245241196357 0.4709111817400388 1478.0644091399965 1228.0831191980371 561.0713460650763 
27.57520684216634 0.0032254775526493066 1205.5306437099543 471.19701412701573 328.4371482830895 
7.532171242075128 28.234685496866437 678.8991125665706 403.30881736580034 195.37898879513955 
56.303181293899236 0.16062605452730447 1390.1194099435916 505.7689131950157 254.1775187070943 
2.1765365648738024 45.79214371543962 493.0979288386393 372.2553170861772 3.4042455626664108 
0.6530075646677611 48.02607181276045 39.74138763101138 47.90841071694433 11.317233952964756 
2.676771306875257 30.559015548284492 9.212543078480387 184.28515724655193 10.635995067761593 
57.952177770031284 0.11245180624799547 1493.833500690645 670.8494768708614 427.53556957094025 
73.82990601623578 0.003795400222967843 1478.7230306389356 589.8856397631541 303.0886620584771 
1.4229639693867882 52.37513357580555 13.260639128225819 372.0747801518025 11.317233952964756 
2.214252861404826 29.417287228909036 493.20573020855153 378.6362979827664 78.5179590844244 
56.495251405319365 0.11245230622982459 1497.832374809816 689.2960804915743 234.127890036064 
43.019320821811846 0.05695442162765024 1497.6012429229306 1180.9906244461395 405.31449518170047 
1.957014131182369 43.922993605285136 25.92541573124936 153.00447670215004 13.633487190941636 
82.0 0.009600677927933815 1476.7405971907804 1484.0399946794012 765.3787901829381 
24.03044530144579 0.4707656858608445 597.9798014995739 411.9055333788018 263.1018723627353 
1.984071852385716 43.044170605541794 174.969284489453 204.20588471883502 1.9831843752448517 
3.4179223494189226 43.52032917050117 174.81575677588035 309.78767706190786 7.035540328401464 
55.63647853749198 44.639157527113646 636.2192175280587 375.88645461575055 24.365002926538978 
55.71793324039097 0.001741770592265074 1497.832374809816 824.2106513959229 331.3165461896022 
0.35942842321895085 45.52671762252058 9.212543078480387 94.10044277612232 1.3738161932548154 
52.27165971336517 0.013689848647633715 1131.0215260371197 453.75296623318206 225.96719429799023 
22.42688658743187 0.18654928814911642 705.928350739174 457.19480090294974 212.670961659866 
52.860224815577155 0.041125524249913115 1489.9485947260187 947.9092633953851 278.13329578320844 
4.364399148734066 0.16028444336917413 1464.8717297778603 540.4657075894029 249.45994507621444 
52.27165971336517 0.013689848647633715 1084.8351786599376 453.75296623318206 234.78172432286152 
44.39387358927464 0.4359544069202065 1482.1175844966947 662.1523167301245 255.4325203721053 
26.32457367083764 0.4573833680899065 944.1061816206234 433.27666624804476 90.4029778399023 
6.105582535916492 47.32752825343053 91.0261545257695 206.4094400289078 9.707799828660846 
1.5829402693904384 43.92212211918741 30.3012872987357 208.37005362018294 5.940349291008879 
0.2488584179795943 43.068159664766874 101.12289993372623 399.35283615513436 31.5934400123503 
81.80624042194152 0.10986264074143497 1496.297062487309 1473.3477983323342 556.8482559341458 
57.952177770031284 0.0967516837246348 1398.0793268755674 811.5596239724887 427.53556957094025 
62.90729836854451 0.0033737818776274128 1492.369802114783 1272.8470781584535 751.5952966383695 
1.4229639693867882 52.37513357580555 13.260639128225819 12.099544475431856 11.317233952964756 
27.57520684216634 0.0032335804757327724 1208.1999898574054 471.19701412701573 257.34535487567695 
5.225541229231613 49.73422474891249 508.1066872933848 236.28121576416913 3.681488965871978 
38.25115660527774 0.16062605452730447 1382.3148741090704 505.7689131950157 258.3679068338259 
13.64596475410489 43.09887547524944 624.1943643116707 379.54986698306993 7.035540328401464 
54.723438749546816 0.4359544069202065 1496.599354329587 662.1523167301245 255.4325203721053 
1.5973139513634216 43.64134111089769 206.79268013488195 382.8500121560212 2.206320070310099 
22.751538293761403 0.16093228766700748 1273.2095602394995 476.6565634815812 274.84378525954406 
11.328018260252552 29.1950858304076 547.6334809453131 360.41371255171 75.33653124288753 
56.495251405319365 0.11245230622982459 1497.832374809816 538.5644332967128 317.9503459715571 
1.5829402693904384 43.92212211918741 206.79268013488195 211.31170467211575 1.2367718322142593 
22.1632959021647 0.1861691426766517 916.6013290868947 378.4361376015678 212.670961659866 
51.538871710316236 0.4496348688087106 1485.122061341043 1191.7904890299997 567.2095445726327 
0.08916072851557322 44.06896060638201 12.125990713082288 399.07722239985605 31.5934400123503 
6.945750766302115 45.79214371543962 493.0979288386393 359.94815872474794 81.60909415395882 
22.711866078545434 0.056382834388773395 936.0909743896444 535.1549512373113 240.96602877316332 
11.328018260252552 31.51754122210342 376.73043837581724 361.1465802123396 15.789491055778248 
11.197283459551784 0.5559087283209128 669.6561003087209 431.8885848911152 200.59862142435537 
7.24207394334176 47.20006748060721 84.41870697463065 380.95369797897683 21.115027619287133 
1.5608668865372026 44.58064214103488 56.153758684437236 85.36900587971091 1.1988022705573638 
28.195664415534697 0.1292876024499809 1493.281244175814 859.8287156240264 267.77128119222607 
24.03044530144579 0.4707656858608445 1457.6731827675303 393.0793606695872 263.1018723627353 
80.9346466459803 0.03557072042619193 1497.832374809816 538.5644332967128 322.36006829429067 
52.860224815577155 0.48039936131111105 1489.9485947260187 947.9092633953851 456.5085680227815 
19.095830928293875 0.03343666311410515 1437.7704348326863 466.732147100948 249.0451848468714 
26.626515529095645 0.0032488467456074617 1464.8717297778603 540.4657075894029 249.45994507621444 
16.130791189383615 0.16062605452730447 1382.3148741090704 476.6565634815812 258.3679068338259 
22.42688658743187 0.18654928814911642 913.816115164598 457.19480090294974 212.670961659866 
81.00574284215394 0.035512417555839254 1461.0733766764754 1485.4184096998513 1090.2950673373934 
8.619653546064882 30.11444864190674 669.2649777668244 402.21650325095743 96.58543727868519 
8.659409077943563 44.58283417542022 447.4436051765391 297.8731592251538 2.5030577661706808 
7.532171242075128 29.485165661352184 678.8991125665706 380.09693042471145 195.37898879513955 
57.952177770031284 0.11245180624799547 1496.297062487309 811.5596239724887 427.53556957094025 
26.57576642618382 0.03343666311410515 911.5458454359955 466.72201118678606 249.0451848468714 
21.922042115705707 0.0038001939536354 1435.726187098443 404.6727458551294 236.40734631050967 
27.560662792153902 0.007030868685595881 675.7554196580505 431.8885848911152 200.59862142435537 
82.0 0.01174600797593453 1483.5967716342172 1273.0651416146975 561.5621801773025 
26.317269008678178 0.4573833680899065 940.828341798036 383.81718893517706 77.3274037769637 
1.683573726482701 43.09887547524944 198.77509847478757 379.54986698306993 79.40246885993756 
73.39719036295863 0.4733448519318577 1489.9571020988378 977.4274990182403 533.6760310218874 
57.32412366774128 0.464419509675966 1466.6300170628617 538.1953245118358 241.2488294816745 
54.86102326091605 0.4752853440934699 1497.6012429229306 1180.9906244461395 418.12360522544304 
32.4667087700136 0.4709111817400388 1479.2546170818907 1195.7088180631663 379.8698350135931 
21.006207943664393 0.05868361413231529 996.2078033557826 512.3434532818474 275.42700712612 
10.84126250746921 48.16270785014099 632.2318113300488 381.7245895965207 100.92611599681878 
81.901127443929 0.11097960665683401 1496.297062487309 1473.3477983323342 1221.7015588018148 
1.4229639693867882 52.37513357580555 13.260639128225819 47.90841071694433 11.317233952964756 
27.57520684216634 0.0032335804757327724 1211.1061127718822 431.8885848911152 278.00574272036 
22.718010249401033 0.16271093467187742 924.1387301528965 415.3889772281693 240.96602877316332 
58.161692115172364 0.11097960665683401 1496.297062487309 683.2427926954595 324.81113983847246 
54.59586741230467 0.4556470509332547 911.5458454359955 466.72201118678606 249.10406169414085 
3.2704202900689094 43.09887547524944 174.81575677588035 379.54986698306993 7.035540328401464 
