35.68386641553959 0.1890778638373457 741.2506251908828 426.23272946027026 87.82086504378952 
3.117571209330637 56.40370149672591 143.15034107958775 311.56498292195135 3.479425164568017 
1.589927528579715 56.751530703930484 17.575426069743713 144.0724597437778 2.9518394650321573 
19.482761400127863 35.32130436491691 551.442820959693 338.81835439904404 43.959231659980844 
0.3209778590641508 72.09761002825734 1.2111481154709645 4.037328559233892 19.15722594624371 
72.4618879340384 0.053702795343169796 1430.0209816771694 575.5111915111197 366.16346586222323 
0.27885956025514047 56.432553548144504 4.240819743946485 236.25193042254156 9.56076475510087 
1.4391855606351904 53.77617727225271 84.4322982448746 219.628672795894 2.101423306283799 
34.53983367370115 0.6355510269994831 713.9755291894407 423.4349935419028 111.53625601500914 
2.3956621932362623 46.50241247344751 521.3847898675917 330.3617683458998 3.838828751697383 
66.92597091544641 0.18950269074746603 1498.7007280771352 943.7518346239734 287.5398342077581 
35.87965820745312 1.3374374667391784 691.9469221890859 383.635796507966 180.73056401313963 
2.9048652781616315 61.21060606077366 7.455770681093782 322.58771430354136 3.2829810784429228 
1.610103124534132 50.669811606839865 605.642955184546 330.3106923662062 0.43132386103224807 
63.05086961973766 0.19034553464039233 1487.311900128024 1246.6090932893571 413.634967915943 
27.97710928800811 0.060474956056835796 1261.6908580665638 463.9167775308621 284.605236161521 
12.622925712171035 6.453584471135642 511.74247177804176 396.52444851228245 7.6931217876496385 
0.34652289944090064 52.63627584339765 595.1139743350882 397.6643403187299 1.2345597155683787 
22.799130917529062 0.10242475590097941 1498.7007280771352 884.7662302222027 274.1302621938288 
63.05086961973766 0.19034553464039233 1487.311900128024 1328.5385695990258 389.9297579842219 
36.45064893319142 0.05057274545187322 1231.4597967104821 654.0714069366433 279.6373208581384 
8.156138576684663 35.94244267924215 463.06381378509025 372.992926299509 17.827022605039048 
0.7486515850284821 50.669811606839865 89.40707937562013 3.2460960565327355 28.26837510144498 
1.419374844150614 57.17614118908026 53.63532445695421 221.12436681585024 9.435865519258677 
36.62458773493204 0.19614691295291561 1487.4688974202907 653.5283116182892 285.15918069134773 
34.26759985355014 0.18874626912785056 1150.2501831252946 419.4079870395693 202.7246533738618 
16.381113045456473 0.4023623683075318 1431.3466249890212 487.5810012208189 188.16068337358303 
35.62509610273741 0.16411434263582095 1057.146267210966 419.2161351020556 292.8841162848668 
35.87965820745312 1.3249929642136995 841.2738516764778 383.635796507966 180.73056401313963 
36.49379372555517 0.05057274545187322 944.3361171698662 525.7306017021219 158.78052714807328 
0.2524999114791646 55.854582532808855 18.4173995522317 307.13609523943836 3.7455157441856755 
1.4051966058053607 46.50241247344751 458.73812457699586 330.3617683458998 6.121211983297535 
66.85625750416898 0.19550748737792595 1498.7103148544004 641.8686208383443 407.5671285064742 
3.1081974503575083 54.022501399215614 88.77679307661379 307.13609523943836 9.486612409455294 
36.195704857752276 0.1671037376646325 1489.609790495132 523.1280158813701 279.6373208581384 
2.466203510615156 50.60057855417188 747.3684371346108 400.17621529606015 79.48186520821915 
67.47466999297058 0.20238936927518314 1498.7007280771352 1013.7711301995174 658.8602479813234 
34.887460691401834 0.18874626912785056 882.5015881792411 423.38865368304846 193.3560776108829 
15.25932849690394 0.07940458106306482 740.941055733897 335.0828152249734 97.49114556131113 
5.901248198802086 3.4755061893625125 463.06381378509025 386.32193207412604 5.408803048645153 
36.432743411996896 0.19615258580818135 1464.5965465018676 653.5283116182892 259.5905122769334 
0.7692832295257475 57.17614118908026 163.8535001336035 279.38628879834647 9.553787900737754 
62.08987062574175 0.18366696028982382 1491.2861604277878 1343.4772863923317 574.850814783221 
82.0 0.16604432554419002 1489.6236547890144 1419.4791863137323 660.5513178108503 
2.458515554930743 53.74646336412735 690.9860841768098 385.59513889602766 79.48186520821915 
15.237283820353557 0.07940458106306482 888.4880516635582 423.4349935419028 112.52186901286161 
82.0 0.1955090342339792 1485.2847726335467 1449.8687952672408 787.7530700162536 
1.272925282616868 57.08432414999009 384.33474896285475 323.9294598901678 32.048100723750395 
0.6945880179178001 55.51701279962338 55.96241310287999 61.20440265473896 3.463717327331833 
36.43779866737622 0.057010901198656413 800.381952836803 383.635796507966 180.73056401313963 
0.18272301751504627 50.669811606839865 447.34676889584136 363.2857549320283 12.982800636854478 
82.0 0.1955090342339792 1473.4193944957237 1361.358034782764 698.1749591382215 
1.5704649765743754 55.20474394378152 165.6013339368006 348.46142082737794 6.795780401610051 
5.896731174571745 61.21060606077366 7.455770681093782 16.196690418648473 22.289707712568656 
1.499377846633806 50.45683145736511 511.74247177804176 375.06164954451015 7.6931217876496385 
0.16518488554781285 45.77291302339019 219.6502992611068 375.9467027141636 6.1224756052050395 
68.20850536559468 0.006657173881843767 1432.4315147107736 515.1338159057094 258.87429264523047 
1.272925282616868 57.08432414999009 384.33474896285475 323.9294598901678 98.55630863336611 
3.5938047637666255 56.913103592001775 4.419926392203978 287.9125374400448 2.8214118963893875 
66.93705537852425 0.41080021078364015 1473.4232502548682 576.4778505213426 259.9810675744587 
30.395985547315252 0.060474956056835796 1242.3215301470736 448.8347510156228 284.605236161521 
0.8768269371467285 35.666800835418485 9.703408023922833 133.5974435427629 2.7877035047429217 
15.878332279817101 0.060474956056835796 1242.3215301470736 525.7306017021219 275.3552124792301 
36.48831082650045 0.0574658451584039 1487.5946271212124 514.8959020401248 407.5671285064742 
24.846214982778033 0.15015175732860347 739.8523006143994 407.2340262391458 20.272999390463696 
1.610103124534132 50.669811606839865 510.20134275115987 204.92264194458915 5.2124280143032 
36.205482097484484 0.05057274545187322 1231.4597967104821 626.8811292760857 279.6373208581384 
0.3826289588657339 43.4201680203678 220.39815679724893 341.536773930427 21.77295699605311 
2.4593484083769592 53.74646336412735 655.9786971904657 385.59513889602766 79.48186520821915 
3.558340820987743 55.73326734666113 64.24073159709366 70.39572884237437 3.512648642996703 
3.117571209330637 56.40370149672591 59.10411568079195 311.56498292195135 3.479425164568017 
35.234062369577956 0.19522012304382486 1227.7629294068693 467.6582493752843 169.65867161902585 
3.6029959888133707 53.74646336412735 695.7989818289345 386.03086543266863 119.51290406318607 
12.424954715660764 0.057010901198656413 641.5152519598582 396.9321276725073 180.73056401313963 
82.0 0.16612741481702742 1492.6038435032444 1361.358034782764 380.7149515558613 
67.10953773553408 0.10242475590097941 1470.4083908548669 903.2705646010172 490.94312913340485 
36.17064269306863 0.773426986416436 1066.1403934200762 503.02078435991024 205.18925283078218 
67.64503239154185 0.20314377841919196 1498.6987003728473 871.4141696589526 293.48463008347744 
66.73222600896372 0.08421424197175398 1498.7007280771352 1002.3571660286575 645.0066654800761 
36.49379372555517 0.05057274545187322 899.0155271089861 525.7306017021219 158.78052714807328 
1.272925282616868 51.48397494097368 83.49199715220657 154.07189261459115 8.059341036349295 
1.610103124534132 50.669811606839865 512.1180029911328 218.17955524678268 7.6931217876496385 
34.887460691401834 0.18874626912785056 1246.3285075375693 419.4079870395693 193.3560776108829 
36.205482097484484 0.05057274545187322 1242.3215301470736 525.7306017021219 279.6373208581384 
34.53983367370115 0.08652163668728395 893.3597664701391 423.4349935419028 111.53625601500914 
2.772991523079111 50.66689228394182 96.00285414417769 363.2541882332888 11.24393755199084 
36.90298598099729 0.1957896565241493 1487.5946271212124 735.2633934782147 407.5671285064742 
37.43120408670957 0.2557577105473934 912.241904129622 423.4811158014939 259.6563242396656 
19.482761400127863 35.32130436491691 551.442820959693 368.40652299562646 166.4255632810718 
16.33821725561968 0.4023623683075318 1429.5870164557007 494.71648046904386 252.7667357959188 
66.92597091544641 0.19727620653165767 1498.5138594600744 909.0193054568315 597.860554971639 
35.234062369577956 0.18874626912785056 1215.9231851330314 419.4079870395693 194.10975474462896 
67.43186574816379 0.19727620653165767 1473.2442456594492 893.537774223666 640.9212351476132 
36.64968157431258 0.2557577105473934 949.5577059728092 423.4811158014939 259.6563242396656 
30.42532372917111 0.16411434263582095 1499.6206623736077 834.1787228004599 293.71765874384477 
15.22753917820455 0.24635543287566253 915.8596197089216 420.24397875125777 256.47790524660337 
22.799130917529062 0.10242475590097941 1498.7007280771352 884.7662302222027 490.94312913340485 
66.92597091544641 0.20238936927518314 1498.7007280771352 943.7518346239734 653.8910650438972 
36.10803436000651 0.19550748737792595 1487.0336725697377 641.8686208383443 407.5671285064742 
5.9784780814983165 56.81208462984964 2.205047136186411 178.23100016014 2.7877035047429217 
