3.6600411821480314E-4
2.3990181292727516E-4
4.2897180492112096E-4
4.3614399078741137E-4
3.946713132025549E-4
3.643576861464705E-4
2.7482160674971353E-4
3.092524631968036E-4
3.178869526244284E-4
3.106214610368719E-4
3.259997686874986E-4
3.238312283337276E-4
3.554837877306866E-4
4.214901250491551E-4
3.074087501901411E-4
3.270366744976443E-4
4.101640411098924E-4
3.644637351567119E-4
3.2550151484272267E-4
3.682650702008034E-4
2.6866134737293956E-4
2.5239651129046006E-4
3.7460975644099744E-4
3.420383355505828E-4
3.6841157080606265E-4
3.660542948367713E-4
3.983764353519593E-4
3.588233268941795E-4
3.820407531002865E-4
3.3049751826545135E-4
