0.3690326029829404
0.404781438284382
0.44618481938264076
0.4420971161781354
0.4376116184414753
0.4497409329190263
0.4550755787516192
0.4270981178784389
0.42229569063990974
0.4793952871200036
0.41442739450515514
0.4330834067814464
0.3862572732711978
0.39313279216419905
0.42590193280327504
0.4755699100454244
0.44431191801443987
0.45068638911514364
0.4479773367596373
0.39254859652257135
0.4127291403518298
0.40305634590333994
0.507886618197191
0.4489387685865986
0.3729775274646305
0.4710078056732029
0.44327493585551864
0.4064679964330562
0.4445081310356523
0.4392714971391062
