1 0.11145981398915528
2 0.09968732990752237
3 0.09375910866305313
4 0.04360207120838657
5 0.03910310852533343
6 0.03898451618269606
7 0.04015393585003685
8 0.02787359098684656
9 0.02625482993641932
10 0.027000361301697678
11 0.025143645018127152
12 0.013225088779545544
13 0.013011288249457516
14 0.013043093119764282
15 0.009931480693580984
16 0.009523577087273815
17 0.00887519653731576
18 0.00784331924929634
19 0.00822342359838267
20 0.007985878090730135
21 0.008569339395418792
22 0.008392977377154961
23 0.008310070626231935
24 0.008450703384599448
25 0.008479634592093213
26 0.008441193288811188
27 0.008568372780720859
28 0.008961215534577155
29 0.008891206038288309
30 0.00895835897616096
31 0.009104273603748875
32 0.010486053631731369
33 0.010521076951513613
34 0.010453407904375598
35 0.010394759006939258
36 0.010343732203785146
37 0.010745309684586403
38 0.010633276979848914
39 0.010445342739626247
40 0.010250520302300593
41 0.00806951217103463
42 0.008299132953445571
43 0.008120703257214984
44 0.008353328522073268
45 0.007501775197409695
46 0.007347045950674332
47 0.007476508146720399
48 0.007540975910205729
49 0.008069150116250314
50 0.007683993012181655
51 0.007370281813674209
52 0.007347216891079813
53 0.007416454609982133
54 0.007681481384887546
55 0.00761358506782766
56 0.00753733035941934
57 0.007277969627970755
58 0.00720077439500272
59 0.00740220571646077
60 0.007880152193579059
61 0.007565294523160012
62 0.008219493432898252
63 0.008139026532563383
64 0.007765614305610653
65 0.007138765294990686
66 0.007358148383021679
67 0.007791553120163761
68 0.007380673681578333
69 0.006839052526254121
70 0.007071758355844675
