3.106 15291.57572388389 0.666 0.30496563837988117 
0.021 20974.346268273384 0.56021115143517 0.2121951138011348 
4.673 18844.105027815374 0.39806795469686873 0.2444693111303109 
-17.523 20663.131656973397 1.7357320099255582 0.3111285585483454 
-14.37 23497.507304276078 1.4267701260911738 0.2559017815879505 
-12.129 21214.61544855099 1.4246532156368221 0.3086019887540401 
2.412 19905.522585276885 0.4725274725274725 0.22683768463884998 
-3.224 16705.46540117259 1.0222222222222224 0.3111741921911957 
5.25 14740.106234736755 0.5564009262322197 0.3041266872893997 
-20.039 24646.585582745956 1.7665008291873963 0.2530590413067554 
-7.414 23789.731085795658 0.9710906701708278 0.22355693372800473 
-8.558 19986.27551931132 1.1661269430051813 0.2649932689453663 
-13.629 22813.415035440717 1.3959775799538412 0.24931947460684575 
-20.598 25393.185343775254 1.7634444077862093 0.2438965988504485 
-22.147 26138.862490455744 1.8480212836714334 0.23781977567681023 
-14.465 24554.010798244868 1.4094670638861304 0.24176398989654072 
-22.93 26817.660519425022 1.9178925761204242 0.23189934726275294 
-12.972 22683.403776360683 1.3461925528346195 0.23545077479434232 
-19.892 26636.938846415534 1.679016393442623 0.23148225954433596 
-9.649 24226.96293706459 1.1092465753424658 0.2137216201593517 
0.777 22090.238322772326 0.5026472534745202 0.208506688301835 
0.744 22004.889310487888 0.5198494182067077 0.213001264886941 
2.98 18924.615754080733 0.5104961832061069 0.2534920452656172 
-7.161 18765.251229428755 1.1259946949602122 0.2685928865468296 
2.837 20594.234347109923 0.4347118202539889 0.2237448428162138 
-22.507 26717.189586897257 1.8828125000000002 0.23262532040693606 
-6.04 23559.80169271756 0.8925755584756899 0.22293743675689176 
2.841 18538.284540665238 0.567643391521197 0.2737169240280051 
1.911 20176.83870804738 0.483245729303548 0.22105818465891577 
-14.52 19393.20321356169 1.6438671489641563 0.30838487326137465 
-11.967 25083.011183414885 1.2479117941864348 0.22871166033671325 
-21.369 27073.174981548458 1.760932944606414 0.24107732301559895 
-4.723 16600.77308610919 1.1316300129366106 0.32330575623861474 
-24.38 28217.160369877998 1.9490489130434785 0.21361154212057498 
1.773 21296.191650140157 0.46484888304862026 0.21351955112655693 
5.438 16789.15220236956 0.4265244918360546 0.26294935051053014 
4.481 14542.937646723954 0.6426701570680629 0.32469191476250187 
-22.953 27773.804564065897 1.8532354903268844 0.22220405447045846 
-11.548 20279.155251581993 1.402081977878985 0.294218818843712 
-10.719 20072.97753005704 1.334856396866841 0.28332317642859156 
-20.813 23861.747219393255 1.8219448094612354 0.2560637116544951 
-22.37 26400.90712582774 1.877038043478261 0.23140002906155682 
-19.491 21911.84175107351 1.8308457711442787 0.27493395190413905 
-16.811 24983.47697385148 1.5121512151215122 0.27635396440887566 
3.04 17319.252011127614 0.5689655172413793 0.27401325766522344 
1.119 19841.506227866656 0.5703022339027596 0.2415027962714297 
6.803 16258.262435061519 0.4674237895995218 0.30159169119129126 
-21.581 25489.501767387257 1.8502038043478264 0.23712911618385843 
-22.047 26476.64995244835 1.8093192333113022 0.22887475610113164 
-21.259 26900.439095704005 1.7586653709102689 0.24230506495643797 
-9.798 23078.82134122138 1.1210212201591512 0.22423492793047012 
-19.205 21725.59445508437 1.816031537450723 0.28002177346433627 
-9.085 17663.841642894466 1.365094957432875 0.31804331416980247 
-20.471 25779.058123257266 1.7428760768721008 0.2371011879715633 
-7.911 21500.404629032393 1.0690571049136788 0.24291051940943106 
0.581 15711.25558365103 0.7873808741373645 0.2973088602549034 
-23.879 28133.21254030998 1.9386024423337855 0.2246909167765322 
-11.277 24349.97196303182 1.2269409422694093 0.24169239340770518 
-7.131 19563.469113584426 1.119762454635434 0.27520222340482636 
-8.774 23976.731085795658 1.0407358738501973 0.22037547365021698 
-2.595 17245.66831573876 0.941039307128581 0.2953659514929447 
-24.093 28017.59262774152 1.9422554347826089 0.21803549689439208 
-18.27 20843.43013911708 1.8235487044932766 0.3015779311410659 
-16.815 24789.862490455744 1.5407382773528435 0.23501712388174587 
-9.041 17743.686775674912 1.357856191744341 0.3100506621893064 
-22.254 26275.685499912877 1.828319162851537 0.23920873771963783 
-19.419 22946.261247341547 1.8047875927174646 0.26438096696682506 
0.115 22298.533772365205 0.5379494007989347 0.20807924127245947 
-8.428 17573.25953434957 1.3368351936966514 0.3217657835741486 
-20.277 26971.430641208484 1.7139986604152713 0.22621815419218702 
-11.745 19779.492196451145 1.4246874999999999 0.309918235731228 
-22.809 27415.35137273452 1.8817934782608698 0.22462377204016792 
1.967 15914.640245237824 0.7138574283810792 0.30261641072644396 
6.381 14082.039744788837 0.5291005291005292 0.3145124669295292 
-10.595 23701.043543046806 1.200066912010706 0.23874599625940798 
8.326 14000.123470571592 0.4770819883795997 0.33638098979445735 
-19.765 25903.164868562904 1.6656375424513736 0.26244323340231185 
-17.962 21412.50793759356 1.7784411276948593 0.2896754209424243 
-24.219 28322.160369877998 1.9480298913043481 0.21860314719453391 
-14.367 19312.334258245453 1.6423645320197047 0.3108004766453586 
-21.887 26072.987875907394 1.842296271857473 0.24895170693024893 
3.875 15122.777589291603 0.6190476190476191 0.3012232209685282 
3.871 18614.55989787331 0.4236453201970444 0.23270113687200805 
3.192 16440.902925948405 0.5867823765020027 0.27965751417593654 
4.954 14949.57572388389 0.571 0.30602414846318354 
5.185 17991.32796187158 0.462352209085252 0.2755869674325749 
-9.766 18084.309484160465 1.399799263967882 0.31119805166454695 
-20.307 27291.84550013233 1.7209926224010732 0.22938520072222823 
-3.307 17415.19106777436 0.9909502262443439 0.3062332622147919 
-1.76 16177.229079488588 0.9155716162943497 0.2976553776177016 
4.196 16346.878965022272 0.5425671250818599 0.2830214828209863 
3.708 20516.92501427263 0.40933977455716586 0.23326802160688817 
-4.172 17889.282791544585 1.0069651741293533 0.28907076106325535 
-5.73 16987.664512078438 1.148209549071618 0.3011582743130293 
2.027 19050.799239212116 0.5072944297082228 0.2290714875788131 
-12.738 23405.393997847932 1.3196150016594757 0.23923866180955158 
3.654 15528.537517604833 0.615563684735617 0.2967757845936563 
2.608 15056.166550174883 0.697437582128778 0.30384012596580934 
5.442 15983.0257286509 0.5008210180623974 0.2913518582633618 
-22.816 27179.139078086806 1.838783518639634 0.23246239110843578 
-7.28 19660.93983357839 1.123342175066313 0.27238073263497536 
-17.367 21108.763573153665 1.7544320420223243 0.2969058806151649 
3.885 19473.39659410766 0.41808475141808477 0.23640328121169946 
-14.355 24481.050751282557 1.4022420046158917 0.24310198070187428 
-10.248 24165.74296769829 1.1196187972395661 0.2190535039306002 
-20.007 22433.512743519845 1.889190105049136 0.2795742573421499 
-14.304 24859.705345767397 1.4000000000000001 0.24726253885235738 
-10.605 19182.601736214892 1.371590153027279 0.28812538563293494 
1.759 20411.877596513677 0.48357424441524316 0.2184182345339327 
-21.466 25328.698501946812 1.7931147540983607 0.2362764567979999 
-19.264 21841.57547987054 1.8147174770039425 0.27850420704194906 
-10.976 18472.931668700912 1.4521276595744683 0.306401122904908 
-12.284 22209.580050046603 1.3969139855548258 0.2830394223684833 
5.076 15831.282791544585 0.5197346600331676 0.2909089839621791 
-14.578 25222.8986214794 1.3765928906773977 0.2159043132180967 
5.671 15457.107267194477 0.5094771241830065 0.29783651260049265 
3.852 20766.806207488626 0.3854099418979987 0.2242193728075672 
7.923 14240.218998636255 0.47134812851937735 0.3281060806503671 
-5.744 16870.41395982033 1.1738700098977235 0.31271698623245453 
1.703 18357.723254028268 0.5869637512470902 0.25376157441714847 
-21.302 24721.71322539077 1.812002652519894 0.23848869005106124 
-9.903 23244.49951972547 1.1223474801061009 0.22275800232447449 
4.992 15222.022842523747 0.5622134905042567 0.3045394497986296 
6.504 14418.843251282302 0.5026437541308659 0.3075327692960035 
5.698 15356.247840900376 0.5102581072137657 0.29922373190104934 
-14.386 22558.811133357078 1.4789859906604403 0.2598981563089261 
-14.856 23325.957224963964 1.4559789750328516 0.24842568140928267 
-23.657 27631.35137273452 1.9320652173913047 0.22511010206659446 
-16.13 22370.17772246484 1.5664928292046936 0.2599101068677893 
-21.759 26553.039028256182 1.8017492711370264 0.24749473620632975 
1.276 19248.172835649584 0.5755420054200542 0.24405535995717145 
4.55 14343.166550174883 0.6205650459921157 0.312597178215802 
4.159 18156.470937906503 0.4525710635579687 0.24875515717838872 
7.612 13740.986179136944 0.48200261780104714 0.31857353216281903 
-8.482 21627.572558938315 1.1059846205282513 0.24370144308381367 
-14.854 25673.69750565687 1.3849765258215965 0.21339939977339664 
0.169 17063.774995972657 0.7819796119697469 0.29674043246786264 
3.523 16071.380830731883 0.5682571239231279 0.2756409988868832 
4.616 14862.885049321994 0.5894806483625538 0.30437578097013235 
-23.225 27950.092385198554 1.895617263298762 0.23486519840592415 
5.314 15607.794055285169 0.5072075092189071 0.2905399602163272 
-18.441 23175.215220573926 1.7434012696291346 0.270543231615471 
-4.686 16501.900202906534 1.1348460291734197 0.32420851875578754 
6.76 13884.681586096238 0.514163372859025 0.3145887029074627 
-3.183 18258.505463023444 0.9207195203197869 0.27857699983268364 
-0.013 17148.481007095266 0.7653333333333333 0.28307254669868537 
5.922 14161.221313291695 0.5488896254557507 0.3127410859515523 
-8.678 17491.27114689024 1.3476832073611567 0.3183397472585808 
-21.743 25562.41178616664 1.8166445623342176 0.23353996472244834 
4.707 14654.166550174883 0.5906701708278581 0.30507327407837875 
