5260.475085077719 0.05817939975708804 0.07015565983546551 0.7413786883659087 0.7449375409420201 
39963.56633958458 0.010500814465936557 0.03292463706137464 0.584042803751389 0.807285432764322 
41272.83290214359 7.813188152727187E-4 0.05598642218629979 0.6395660061134232 0.781508873754107 
33811.87668737659 3.714135466913642E-4 0.08117320627173635 0.3647639282375329 0.8050279240409006 
10469.649202472672 0.014846893331219368 0.05146930703258153 0.08432717413388324 0.8226387957516623 
8921.175379388049 5.278213490642614E-4 0.029305669174873438 0.21748761959938778 0.8149447222752265 
10868.84445422086 0.005803795505504723 0.09709745668697145 0.6395759084313077 0.8633157430203605 
37516.53969743704 0.014725986863607213 0.07519079247189742 0.4866535450020875 0.7967262796914468 
30916.122932236474 6.803516937473053E-4 0.023183560334874315 0.7605699958297615 0.7629907043906433 
27621.096761316392 0.007934876909462006 0.048209451172434484 0.07585503893374218 0.8125974503451585 
39270.81751276994 0.06591755108213385 0.07872564661335862 0.08328625157733985 0.7394438733673662 
35416.43857699812 3.520043181672039E-5 0.0027332454946089775 0.12488466233545234 0.7551684453064016 
41482.812200651504 0.006862370416367227 0.18126673445050734 0.22531623286950603 0.9925088731353929 
33805.4763401244 8.786383644192597E-4 0.0715017173910639 0.08713370453517555 0.7583598828376428 
32551.974558839112 0.01873739674987207 0.018865760758154673 0.02616996169244168 0.8106597837895776 
35535.03324472946 0.0037304480507456377 0.08717173519324434 0.46142463358825525 0.8319070514195132 
26577.719441138437 0.013455079175581326 0.02349482128849128 0.23809420992687685 0.7929448345142818 
28650.030944079597 0.04053739016308583 0.06996404928755925 0.31226158615946 0.7883083940019444 
17097.522051302927 0.07956108835704138 0.07984205289276165 0.6907838640740082 0.8149082059484438 
37498.233895538295 5.278213490642614E-4 0.023772134568276995 0.2178739105149697 0.8154632503474802 
11167.144124345734 0.013455079175581326 0.029686532324991556 0.23809420992687685 0.7929448345142818 
12691.080988267866 0.03845512553385826 0.06383394770659218 0.7559532127710908 0.8227510757987961 
37113.85727406257 0.04387469938683684 0.0848926287280062 0.1384557552540517 0.8060531137301686 
40956.71763243926 8.786383644192597E-4 0.07269305303366329 0.08713370453517555 0.764810301804873 
40486.93386019229 0.0028294367006073853 0.08540361714333819 0.7605699958297615 0.7641959227287742 
7682.616555176404 0.003870963098404614 0.0335762887683441 0.08889907190348542 0.7644494836468021 
13224.836054461979 0.001566052422269691 0.046523996998443055 0.25103904086524576 0.7931944204855094 
39630.9114487775 0.011006673106337392 0.03309652556309216 0.22864707467994058 0.807285432764322 
30427.57039769018 0.015534830086180083 0.041010162669788484 0.12488466233545234 0.7555844430313676 
41247.06409451063 0.020573687881969283 0.022654057209130093 0.04181429171478603 0.8067185010901095 
29003.99730895892 0.019738963955205843 0.06392075147710469 0.544779986877232 0.8268816897473651 
5036.138527863577 0.026243620992029735 0.02951313818120376 0.11989379415260212 0.7569536712847343 
7377.885678936993 0.027204714583706435 0.04713901310701048 0.0632724818737704 0.8083157996026655 
34227.08358269546 0.0020413576213069266 0.0863340154152188 0.11799790361244575 0.6740017965423538 
36124.681293487665 0.012562203879226755 0.019626856007960543 0.06494097598250276 0.8160714018468189 
41247.3494941362 0.0022719833534350503 0.03654850385015418 0.16425256141275302 0.5906069100117501 
21123.448006589257 0.024703198212575272 0.042209951208739216 0.08176867354009343 0.7142127043595081 
5233.086594720593 0.020734111747915132 0.04863632998764557 0.43510622896394224 0.7693745832749165 
29802.069153681205 0.013376353675156969 0.02349482128849128 0.23809420992687685 0.7686122868298887 
20938.633300738813 0.01888801465032379 0.02289887144070549 0.09622567940095408 0.7320077205677882 
6432.789738472291 0.042388898536001 0.10028046536716184 0.24013338050391186 0.8333725526593276 
36435.479058504825 1.1394885703834567E-5 0.07185849440979032 0.4247056396409613 0.848288056459889 
5675.3570977108 0.01046363303894123 0.020887824442726376 0.05479582625453072 0.8235893416181095 
7924.282072058865 0.002981881956695999 0.023183560334874315 0.3272860531937508 0.7678437825638574 
41291.10323833438 0.0028240282839669586 0.0190816204979177 0.0694555163626118 0.7877280457803874 
5259.565365126891 0.020092377356318518 0.06522500539489419 0.6443909006535236 0.8340127267172948 
7922.095696056853 0.01642310058219412 0.023183560334874315 0.6347757252435269 0.7089147038683083 
29106.419711440936 0.0012866428786948566 0.029841740622124958 0.41013871660365936 0.8191970103985671 
12645.170197988056 0.04697065923339361 0.07071769333768754 0.6220510371644088 0.7930862863146065 
16793.629404189036 0.017381153651896325 0.06756691215203499 0.16089568476488053 0.7320077205677882 
6036.025783970319 0.020947589923749097 0.03649294678141275 0.4863843542580276 0.8083832031611348 
9627.391359990525 0.011248803297963676 0.06964095463567384 0.6650199106475302 0.8197795849751192 
41643.814681730684 6.983997970632719E-4 0.09242346208114516 0.27824799416303575 0.7902989554448059 
31343.613174470585 0.007915806785063817 0.08176867354009343 0.701362255360282 0.8314362480803188 
5356.246070672683 0.022825140207846498 0.023278433435053092 0.4948073617035557 0.7950419574127916 
12934.204101970576 0.07668365266175867 0.07977114010976735 0.6903474100694607 0.7189692400041673 
11600.049402564962 0.02023167860456935 0.058628209584433766 0.7672363763193929 0.8085502792841572 
32394.571758810183 8.786383644192597E-4 0.007971463777183968 0.4046499513249803 0.586754743198154 
41246.79179059464 0.016170874357435545 0.049108136169243824 0.3371182586726758 0.8029151047634858 
5238.066718206723 0.013501028214404458 0.020887824442726376 0.05479582625453072 0.8223937283227873 
9522.217995659154 0.0037304480507456377 0.0149957397467477 0.7672948378215989 0.7681299231741658 
35563.202626856684 0.005219220200276115 0.06452476834014063 0.07119136414365174 0.8308178561963573 
12463.993605687281 0.014520385162484818 0.02569720796916946 0.6760559706783693 0.7611325010271519 
7922.095696056853 0.0037304480507456377 0.019107815462765274 0.5536218724610785 0.7641959227287742 
18534.84467768961 0.05425328810337503 0.06360466760794983 0.5493374639318807 0.8123484694324116 
39270.81751276994 0.003167534213585635 0.06583988841854528 0.07119136414365174 0.42361413826299754 
28868.534738040566 0.03637723436461267 0.0705192917008879 0.5558782749867786 0.6394260903131479 
41062.422892205344 0.010438625532698087 0.07791048272043831 0.3654694178238286 0.7973419012973275 
14591.528817942271 0.01517796340742257 0.06980169020003799 0.6379392515943871 0.7963571810973864 
6075.720648272685 0.017648610205272298 0.06991011153703086 0.3411132925727249 0.8082761038553808 
18809.01396819926 0.03637723436461267 0.0705192917008879 0.2235830344917552 0.6224894724578743 
10151.587022746191 0.014846893331219368 0.07291415730203532 0.745084703579688 0.8032062140763795 
10469.649202472672 0.014846893331219368 0.04903130507354854 0.08432717413388324 0.80284623892895 
31525.799850678253 0.050021201583698105 0.06129893558873736 0.11108053292800518 0.8132724813971051 
12633.433811202507 0.04897686788904242 0.06354005319719642 0.544779986877232 0.8122936914478087 
5096.917898337851 0.06503374072787027 0.07125484309959879 0.6302932976968574 0.8227844744884008 
21123.448006589257 0.007915806785063817 0.08176867354009343 0.701362255360282 0.7606445516512483 
12179.529802439683 0.009207707265205478 0.027204714583706435 0.17256334424136754 0.8083479127675655 
39792.01960570019 0.043490724108716156 0.05900282530814001 0.35675673913016837 0.824670013124159 
17887.133992180447 0.004947151125415043 0.06593150632317901 0.12865878808408193 0.7359098749535125 
19318.04406694739 5.883138331343896E-4 0.029790273841278657 0.2477895338803282 0.7950296934563135 
29642.595871519283 0.007459247892595448 0.07332759221620085 0.7650454224592544 0.7941803710646728 
9909.004937535554 0.02659240618578766 0.029308645037597048 0.10137301549841196 0.7569536712847343 
20938.633300738813 0.019192875913278472 0.028178436860036522 0.0954142764322647 0.830930518477534 
40565.713631191145 0.0028240282839669586 0.0190816204979177 0.0694555163626118 0.7877280457803874 
9522.217995659154 0.0037304480507456377 0.023183560334874315 0.7668794656010627 0.7831173472994599 
27946.781403945635 0.016338542837031886 0.03637723436461267 0.5545903547998661 0.7502698588993604 
5045.021227065837 0.004127797360117326 0.08546456427601945 0.20626199618918734 0.7626992170955219 
5362.80433621387 0.020946517659226737 0.058243600834048226 0.18547067529719277 0.7319784887872657 
19645.72979482731 0.007934876909462006 0.043948710290624166 0.06864780510383212 0.812222697585723 
40282.46171860525 0.03866340999612235 0.07791048272043831 0.3654694178238286 0.7967855492201924 
29106.419711440936 0.0012866428786948566 0.030760215884355634 0.6534728549616174 0.7854832258449062 
30068.16229427411 0.019077216678099213 0.0230204840394174 0.4767508809959397 0.7956149906964557 
15669.009680971916 0.020724269076425633 0.04903563659896912 0.5929867515697833 0.8128190354639533 
29732.23186812345 0.0021218264217945787 0.07326545654596311 0.6737520391486636 0.8057241812085325 
7924.282072058865 0.0037304480507456377 0.023183560334874315 0.6981035920411403 0.767906064601148 
28817.218000574532 0.016166907768137017 0.09277530644390185 0.7059270750728593 0.7950296934563135 
7272.985664767687 0.05190209983177846 0.06354005319719642 0.544779986877232 0.8123484694324116 
14954.986726397063 0.006678462938786087 0.026712144774134028 0.0954142764322647 0.7332034323644024 
17577.671554276174 0.0063142823147324285 0.07056781501090817 0.5929867515697833 0.8122802145775215 
32216.853056542343 0.0012866428786948566 0.030760215884355634 0.5688419666654297 0.7950296934563135 
7493.060403998672 0.04053739016308583 0.07064658663324598 0.31226158615946 0.7883083940019444 
40215.38582162459 6.983997970632719E-4 0.037167898482695576 0.14166377127355065 0.8171600793634827 
34241.526558075224 2.7969840355474224E-4 0.08117320627173635 0.3647639282375329 0.8050279240409006 
40326.105339777496 0.0022719833534350503 0.030797090634662877 0.17727057895157503 0.5906069100117501 
40368.872263322635 0.0022719833534350503 0.030797090634662877 0.1375415196115083 0.5906069100117501 
16726.827084234 0.04903563659896912 0.07056781501090817 0.5929867515697833 0.8128190354639533 
7922.095696056853 0.0037304480507456377 0.023183560334874315 0.7641959227287742 0.7831173472994599 
10444.662152263252 0.023183560334874315 0.07360610224490058 0.7097747779024504 0.8051945537488535 
10786.18941118862 0.0214115619056746 0.06381698352761823 0.6603549646671732 0.8034152361144016 
19274.07545913239 0.019532520417810076 0.07046589958427003 0.5415791663116696 0.8124441147308078 
5096.917898337851 0.035839377197534605 0.06383394770659218 0.5271696220578648 0.8227844744884008 
38649.150648592346 0.00701961097240128 0.029128635111326004 0.4520607310603586 0.7639766430123074 
5007.686778840036 0.046773116431909074 0.0632724818737704 0.702435143990361 0.8083479127675655 
39138.462708536295 0.003167534213585635 0.06583988841854528 0.5926293034932658 0.7587040211259469 
41937.58939449365 0.026547539356885374 0.06597479779440898 0.24636291827356843 0.7822601744626944 
19933.033228691664 0.033044525928413226 0.04884958124355376 0.08479235876091556 0.8149082059484438 
5325.853538954678 0.020946517659226737 0.058243600834048226 0.7178148477312734 0.7950296934563135 
32394.571758810183 8.786383644192597E-4 0.020648766954494024 0.1305896272710533 0.8241146852969148 
7272.985664767687 0.00615790342523961 0.06392075147710469 0.544779986877232 0.8268816897473651 
27537.568765240754 0.0020413576213069266 0.04808537213620358 0.11799790361244575 0.6740017965423538 
39630.9114487775 0.011006673106337392 0.03292463706137464 0.0412595605297211 0.807285432764322 
30729.190536037422 0.07958159696807364 0.08909259196170191 0.7336975960172545 0.7414593793168902 
7249.519651140529 0.03270723219786591 0.07139682781278178 0.49368003055522397 0.8473305111762196 
5103.047248025658 0.018766887444949608 0.06567434035611944 0.555008002929412 0.7883083940019444 
29802.069153681205 0.013455079175581326 0.02349482128849128 0.23809420992687685 0.7929448345142818 
39739.21793976929 0.017360866618773306 0.0716528978705841 0.5926293034932658 0.6295786407517581 
28934.936221789794 0.015544176621941918 0.07928737573592459 0.655279780472233 0.7794657130692447 
40808.28719974245 0.03576482830585834 0.06388296146236289 0.6253721656921072 0.7606445516512483 
10469.649202472672 0.014846893331219368 0.07291415730203532 0.6904150411332153 0.8032062140763795 
41933.03774832033 0.014932322905899756 0.02719974494283736 0.18014373040382076 0.8262180303674288 
28868.534738040566 0.03637723436461267 0.0705192917008879 0.5558782749867786 0.7502698588993604 
30401.382515426994 0.015544176621941918 0.06080819449093079 0.12488466233545234 0.7555844430313676 
37664.251653131934 0.012562203879226755 0.019626856007960543 0.06494097598250276 0.8160714018468189 
14517.818426367656 0.016875986202451322 0.023183560334874315 0.4767508809959397 0.7950296934563135 
7203.598279799906 0.023735057506187034 0.029214979691039776 0.6042041668130373 0.6770578829208854 
5254.3868450694135 0.020994750289904558 0.04884141283996988 0.5063172442598277 0.7693745832749165 
7580.982622764974 0.023183560334874315 0.03077631464296776 0.7097747779024504 0.7950296934563135 
30863.045993345448 0.01873739674987207 0.018865760758154673 0.02616996169244168 0.8125223128205907 
14591.528817942271 0.015152453988614156 0.09445208121080767 0.6379392515943871 0.8546935780596113 
29682.08252468713 0.018927421853042515 0.03649294678141275 0.5558270630478955 0.8083832031611348 
7922.095696056853 0.0037304480507456377 0.023183560334874315 0.7605699958297615 0.7641959227287742 
5836.054356954234 0.043490724108716156 0.05863288617318098 0.35675673913016837 0.824670013124159 
41978.90014726887 0.07270098053278921 0.07675334215220253 0.4051380644757215 0.6329709935079935 
5164.635925702005 0.0355108636731418 0.07032357994313297 0.6787987525997883 0.8263455396226794 
36046.73267140967 0.005574018408193465 0.05081453609762434 0.10037077717440746 0.6936337616621839 
40599.00052322103 0.013455079175581326 0.020496928420094207 0.18260432228896722 0.7918738297752744 
41770.9009743257 0.019030237559753138 0.03649294678141275 0.4866170824038802 0.8083832031611348 
41998.29807360554 2.9487122581682774E-4 0.18560602402123097 0.22531623286950603 0.9925088731353929 
5007.686778840036 0.04949848437214652 0.06392075147710469 0.7672363763193929 0.8085502792841572 
