39708.01017146699 0.01093289784874406 0.03997962151351419 0.07895529247336992 0.8210019244942462 
41930.21333664686 0.0011010273178576144 0.03614044281171886 0.0486836472544967 0.8166768226315284 
14167.614261945548 0.006742476960754518 0.02719585681283771 0.5866435596323355 0.679583502097069 
9518.511059744895 0.004914579886898564 0.02763634468721633 0.6800252503733419 0.7385373954261903 
34802.265217862885 0.025280653617863243 0.03020189250567491 0.5805250294847589 0.7745148313974246 
5090.317259346675 0.0038440173676809767 0.028319007968446386 0.6655007810565223 0.7310487827868203 
28923.754298557014 0.010960919868870225 0.03697071815806525 0.4816498118030551 0.7650018079581963 
32515.492934898244 0.026337773971332766 0.07360985036670326 0.4052938026498313 0.7408663025277739 
38925.37307150359 0.02594199030055997 0.031201667851095655 0.3160074106255657 0.3697626751402675 
34039.2843435971 0.018326113220193396 0.027991260117541262 0.0767474825387103 0.7500361603487513 
40536.988749255484 0.03803359319267985 0.038640438038591574 0.15990550396536302 0.6916906665797053 
23743.546516578557 0.05003980540452685 0.06662834598413647 0.1200765815777948 0.7212300181956169 
38760.486407150085 0.00998798585340295 0.011643266724350822 0.11890102769238298 0.7169991078551463 
21891.36066654963 0.003891522352058998 0.03219814118538608 0.6428485795556609 0.662588247678236 
7502.883413635452 0.021464272258658726 0.0409501442688145 0.7556701502514437 0.7576119224651372 
13243.71502936454 0.022222533261791813 0.02900085007302028 0.5845082738448539 0.7654036051652535 
41883.11822833212 0.01638889512720003 0.04090705837345814 0.1192965652955931 0.8024915400154461 
12877.657729922903 0.026455336006946162 0.03559880547259665 0.458198343368623 0.8023188075022933 
37796.756931937925 0.0031840533133635383 0.034141515331364475 0.04985635616470171 0.8371740340873026 
41881.55950446399 0.0031358500210379864 0.04090705837345814 0.41961066817528286 0.8035975142085598 
41923.75152431036 0.0031358500210379864 0.05707935609305253 0.5755288303186086 0.8035975142085598 
6350.833355526919 2.675534190216449E-4 0.0284702520705832 0.12758423221648424 0.7391617865585257 
34203.85396647445 0.006219573554046141 0.03336459477162189 0.24227484625322654 0.7609810970619104 
32401.8268109134 0.0012960598796035918 0.07189667115264355 0.5649232519675389 0.8423392932323431 
34039.2843435971 0.027991260117541262 0.0783224043302797 0.1378234826357796 0.7205859549177511 
37189.71548688133 0.001162468338523143 0.03444716993048135 0.06340897659385819 0.7574681902462469 
18786.8923527923 0.0019552116559545217 0.027525562480626212 0.21066335176469406 0.6217354880720533 
31880.637779068493 0.02687781071410878 0.03446578453399309 0.51561255417949 0.7825344724777639 
6025.397537422487 0.030455684813093076 0.042114441271485135 0.39033774293461243 0.7962047505768013 
6569.228362030833 0.02726220604507857 0.02893208648642842 0.599996569500723 0.7973286040996572 
5206.4343509966475 0.02800570400876673 0.028676826495784034 0.03575509113624534 0.6395517702522457 
10174.26270450318 0.023661840348023738 0.033794297969657765 0.153048577610724 0.7583282961709007 
18237.638532032914 0.007807196185508367 0.02752029505274728 0.24376815022454126 0.7960295469802489 
5104.602639295095 0.002932040839907415 0.03216855276527071 0.07934603835782605 0.7976773750075058 
38828.9921476537 0.010040793038680369 0.012165623628973186 0.5030424754962054 0.7175289305257114 
8512.63755282446 0.008597869954005265 0.029307170260175288 0.7576119224651372 0.7950671863363131 
34039.2843435971 0.027991260117541262 0.03255190212182879 0.13491453856965446 0.7500361603487513 
5045.616510505479 0.026455336006946162 0.03559735873124742 0.458198343368623 0.7940813955586837 
41430.54097499332 0.001397063643161913 0.03662791933396556 0.4809695409401173 0.7614945249866057 
39264.5361928198 0.020880950387442823 0.03725132903681605 0.6885299912113813 0.7228162072476398 
19354.29361288531 0.004513538792864983 0.053281093826799825 0.5239535445951564 0.7672242893905322 
23693.439292224808 0.03046270829201778 0.033763411117224015 0.6915984559539217 0.8040877004700507 
21945.527484524868 0.0027344262751422986 0.0042956861335732704 0.48821462385907904 0.7662570352777266 
33508.30815095056 0.007917408959382987 0.03783540289423286 0.11765074303678663 0.8141136044472757 
18274.31056531464 0.006311501780475463 0.008021032667614015 0.32102161768686815 0.7454999529215529 
41883.11822833212 7.333742493369907E-4 0.03399402596018339 0.22942002097435724 0.8025874528289602 
25038.93401760611 0.021472031608296277 0.028983744416699035 0.5299377210796928 0.7653281369571772 
37318.120476841636 0.002613955315678626 0.002658004128979853 0.28419794000607396 0.6578680792078045 
10198.540284546645 0.027576948923321527 0.028258197138584733 0.6097300477026675 0.7973286040996572 
5064.907728617544 0.028448546385983115 0.02938359012329315 0.7436964899241373 0.7758960271047489 
35505.81738607952 3.653946253514822E-4 0.022989144936165183 0.681008912051349 0.7843599088787812 
34537.26044442809 0.008050256825296986 0.03793076707064583 0.22266573788116148 0.771339455645413 
27453.82172519986 1.423728246161592E-4 0.006258735935493823 0.22611410260158862 0.6246743903562826 
15495.625280117067 0.01135169797998272 0.04124232468654948 0.7576119224651372 0.7890428780224145 
37665.30757673408 0.010819514560712324 0.024592794074579705 0.028339864719396694 0.7389984943202581 
32401.8268109134 0.0012960598796035918 0.07193601482682807 0.08280757939841793 0.7425287425009568 
28282.27990831611 0.0020937719750228206 0.011770991512478832 0.28419794000607396 0.7597612337461888 
41281.659665687446 0.03148233825454648 0.04071680161608518 0.04252764590219537 0.7284610949482052 
41037.6342587901 0.023922607350521742 0.03953856035984624 0.49372745056554346 0.8163205372420256 
35042.56531966099 0.0010050516632491568 0.029245566879404446 0.2994047093163288 0.5497929381019712 
20257.620450667142 0.014949467438750332 0.03662791933396556 0.4809695409401173 0.7659406980489427 
41883.11822833212 0.0031358500210379864 0.04090705837345814 0.27939297946915786 0.8035975142085598 
14167.614261945548 0.0014353031062088973 0.02719585681283771 0.6260692919875479 0.7385373954261903 
13600.346579462728 0.0013766179652067317 0.03446578453399309 0.51561255417949 0.7825344724777639 
41880.65301066721 0.008831705660891656 0.04084333383105321 0.5768124349622112 0.7951554215471577 
15943.24832982669 0.02082711275483118 0.04184139020621624 0.15483576921320494 0.7839344989486523 
34397.93140525634 0.02638044719483922 0.032682846949015756 0.6794627480321804 0.7215950791660737 
13729.730994443169 0.02754843969796137 0.041406591724899924 0.6419906934492708 0.7646887745282369 
18237.638532032914 0.008350274152295108 0.027525562480626212 0.20772389130267693 0.6217354880720533 
12083.467415100997 0.00154258367567414 0.027555965318540585 0.6337571751230002 0.6743912160610475 
6025.397537422487 0.030455684813093076 0.042217932157145345 0.6578337579371307 0.7962047505768013 
31941.163468884428 0.02590796754932676 0.03207692446114262 0.12706502114235402 0.7487360830212986 
5288.8372727350015 0.008474646679693536 0.034014667414319494 0.3666925823953241 0.3697626751402675 
5104.602639295095 0.027907156230695937 0.03299900547101391 0.05454262720916192 0.7976773750075058 
41645.78949790662 0.02579780527129607 0.044183612217634824 0.45408875260616366 0.7989170423744033 
41281.659665687446 0.01122362690720424 0.04071680161608518 0.08239370498231097 0.7659111540800392 
20629.535319165065 0.014949467438750332 0.030340642644874107 0.6033067850343032 0.7122530717291176 
6838.114216630289 0.00484335582616777 0.010510377232570502 0.6001021586152188 0.7386367881785249 
38982.03849008473 0.039540717554466295 0.03996271849541591 0.17309768077485788 0.7893155528854833 
38697.032523647504 0.03627006780678424 0.03690210838552653 0.4363590639624682 0.4816498118030551 
12068.057045391486 8.302775331047066E-4 0.0018669303119483865 0.28419794000607396 0.6934878734048977 
6316.7885291206485 6.450003905153837E-5 0.034014667414319494 0.3666925823953241 0.37011421057937166 
9983.747529053728 0.01913919417643952 0.03715446670707548 0.6732616762129074 0.743551953159328 
39708.01017146699 0.01093289784874406 0.03702216798667893 0.07607798274477912 0.8136201345481627 
31999.06648062123 0.009142555393900324 0.02757951958666249 0.30743184228953396 0.7680039921618085 
5104.602639295095 0.02078091023706976 0.027907156230695937 0.029141778047997665 0.7976773750075058 
5117.099333372034 0.02623023339891297 0.03259450350297382 0.4670805517494576 0.7961978402508675 
40911.56986301513 0.008635191204443955 0.04071680161608518 0.2250597205127951 0.8192220522061807 
9983.747529053728 0.03803359319267985 0.038640438038591574 0.06859473865329979 0.8165210345337751 
35010.448703327245 0.021116782679186336 0.05167676654951869 0.6592727594244197 0.7203968127690145 
9417.625616149893 0.024599099519239623 0.028177057579164777 0.18935295179612288 0.7889756643027221 
26450.697740296753 0.026337773971332766 0.043010072049651654 0.4155898202211161 0.774694053908127 
10197.548602165538 0.0032360228096587427 0.031491164141909424 0.6766994889027935 0.7571856400517155 
22100.819784764222 0.014949467438750332 0.03219814118538608 0.6033067850343032 0.7662638958251511 
33859.24492284926 0.026337773971332766 0.03020189250567491 0.5805250294847589 0.7745148313974246 
40324.3849815837 0.0026795311631740704 0.009591289347537384 0.23081595017234083 0.7082720467162109 
38927.39068433642 0.020880950387442823 0.03725132903681605 0.6885299912113813 0.7228162072476398 
9239.548294351414 0.013236631064077714 0.035200956411402244 0.45519371345680815 0.8042230871156982 
5104.602639295095 0.027907156230695937 0.03257798629071107 0.060788364546299566 0.7976773750075058 
41064.31770354787 0.0031840533133635383 0.04071680161608518 0.06888707703950296 0.8256600064488072 
36426.97776922824 0.029194983403158625 0.032865128948516883 0.6915984559539217 0.790072862708131 
23629.274444434897 0.05003980540452685 0.06662834598413647 0.12192627664989156 0.7084356887179277 
20992.91573900706 3.744937864226944E-4 0.03182915195040433 0.6033067850343032 0.7962922372733174 
38226.752147737825 0.011085790922108145 0.03452773164894747 0.46260589243606776 0.8130909509558857 
27790.353194996416 0.0031010586655000876 0.03580298553385279 0.04030793725780563 0.6246743903562826 
34795.82357140292 0.01161303902199514 0.03207094301985171 0.04071680161608518 0.8165900597527446 
8216.876157750457 0.005687353167268067 0.053281093826799825 0.5227247198247164 0.7672242893905322 
40375.2499046221 0.011098312818106092 0.03702216798667893 0.3873523756802286 0.8168802271453688 
38697.032523647504 0.01114812444932508 0.03690210838552653 0.4816498118030551 0.8165900597527446 
41935.01966557386 0.012816653436453721 0.017272968466611742 0.23112017375436456 0.7662588366484022 
34095.81722621889 0.008086461556565866 0.03336459477162189 0.21898128529454647 0.7609810970619104 
9613.266375752628 0.02451423894694949 0.033638392711473925 0.10632496468076759 0.7640910097607547 
18237.638532032914 0.006311501780475463 0.008350274152295108 0.3209049345147824 0.7945509489965357 
5450.821287498831 0.006154249879692273 0.0417061989745255 0.505684524033588 0.768683636667223 
12624.12175086188 0.027538434381920558 0.035461818834366984 0.637583016345059 0.8097171657734575 
5285.609813767674 0.006154249879692273 0.03162520571605752 0.6766994889027935 0.7687027024028565 
41037.6342587901 0.034814629240589014 0.042018191057665605 0.24814340609120034 0.7742169636938594 
27790.353194996416 0.007465750567709982 0.03580298553385279 0.04071680161608518 0.6217700667149854 
19585.212895616747 0.023328325002739937 0.032199525285222075 0.6033067850343032 0.7990060008839875 
19500.535559734984 0.0015912429236257194 0.02769047297870164 0.06277681372110161 0.7943169815689637 
27553.384376490154 0.03789605716599992 0.08979222824279318 0.0987838107505848 0.7557731552891483 
33294.5169004003 0.004100323362227615 0.023572189141209156 0.34864189981880167 0.8162677123031435 
6838.114216630289 0.00484335582616777 0.010510377232570502 0.7267361920280063 0.7386367881785249 
12068.057045391486 8.302775331047066E-4 0.027580268527498383 0.28419794000607396 0.7597612337461888 
41358.118646831856 0.01161303902199514 0.0369515335564112 0.04071680161608518 0.8114170822072121 
5086.452142517097 0.027392067628607873 0.03259450350297382 0.7436964899241373 0.7961978402508675 
17554.55070096359 0.0026802544881065257 0.033429956815318865 0.672098155776942 0.7932757996944714 
40907.21941466268 0.005921978335241296 0.04071680161608518 0.06888707703950296 0.8192220522061807 
41083.315534861766 0.005211808451602169 0.030869066903050114 0.13315854760540002 0.7042593330448722 
40169.15482256473 6.710168363586143E-4 0.027928080177719538 0.05245746284536518 0.738256001425259 
34906.91008772508 0.00998798585340295 0.011643266724350822 0.11765074303678663 0.7169991078551463 
41980.48088300263 0.039540717554466295 0.03996117551667226 0.17309768077485788 0.8213855996441569 
7502.883413635452 0.021464272258658726 0.04124232468654948 0.7576119224651372 0.7890428780224145 
9809.508127020617 6.103928198587082E-4 0.01175121182640599 0.6122258333859187 0.7843599088787812 
32711.948009924417 9.748561947486509E-5 0.027525562480626212 0.22330477822453065 0.7945517154061954 
32088.233828678858 0.005203786577493725 0.024260319863686933 0.301894914944545 0.8162677123031435 
15457.107383088185 0.021472031608296277 0.02900085007302028 0.5299377210796928 0.7654036051652535 
16199.43796990747 0.02451423894694949 0.033638392711473925 0.10632496468076759 0.7640910097607547 
36459.154010642014 0.0010050516632491568 0.029287216472385504 0.29985672405923386 0.5497929381019712 
39514.08818006 0.027757435442194493 0.03118030584478245 0.04065213267126254 0.6893241760910217 
41883.11822833212 7.029937272748643E-4 0.04090705837345814 0.20667921858372687 0.80363831261836 
41717.24752693385 0.0011010273178576144 0.03614044281171886 0.0486836472544967 0.850400091819715 
36642.56962560667 0.027525562480626212 0.03219635428402529 0.05003980540452685 0.7560830615813063 
36791.95095099431 0.015896490509901072 0.02879598498932381 0.29985672405923386 0.7609527965258455 
14167.614261945548 0.005671484303759789 0.02719585681283771 0.679583502097069 0.7385373954261903 
40728.10742184222 0.010701002961665844 0.035669599817309834 0.12204797829752888 0.8364983965213564 
37189.71548688133 3.342974718589173E-4 0.03425255139683835 0.7153977898266376 0.8014079318920928 
20549.714810231355 3.7186114419975394E-4 0.038396531480454174 0.6732367432183917 0.7379402197534493 
22649.247306767196 0.022557254114589677 0.032489454805276055 0.041661403843644584 0.792263630707411 
15371.696053592288 0.013538419312197937 0.02927349933875536 0.6393457100800962 0.6829678969403822 
