2 0.6554621780862696
3 0.7409756504774307
4 0.8076517067264251
5 0.769370739686039
6 0.8639107331274021
7 0.8554475885748204
8 0.7925129459443007
9 0.8629082486156463
10 0.7781267863471646
11 0.8336928776093059
12 0.8423336722634251
13 0.8277784056428574
14 0.9184344030947921
15 0.8056017080068354
16 0.9181926708823104
17 0.8617073432999139
18 0.7970473757131948
19 0.8350215556768731
20 0.9099851393964811
21 0.9103013003184631
22 0.9261578121259338
23 0.8670751326770308
24 0.7989630672144424
25 0.7972987636345386
26 0.7668407796241515
27 0.7327139599979794
28 0.7061420408500982
29 0.7024372175073484
30 0.7223453601111266
31 0.7491733622334722
32 0.7326052849283703
33 0.7337015356781631
34 0.7121991272950929
35 0.7469874156421705
36 0.7151161933386052
37 0.7057193310170339
38 0.7021122487872095
39 0.6964867888125247
40 0.7069935147581897
41 0.6822827885178748
42 0.6845198925038474
43 0.7086630989798174
44 0.6972776162962512
45 0.7034097249145115
46 0.6955105615433412
47 0.693792950946
48 0.6456197011834763
49 0.6671268505644407
50 0.6850445525372325
