2 0.6285250777305224
3 0.6705305475463457
4 0.6947483009047896
5 0.7003769730851284
6 0.6978694568825302
7 0.641522013704365
8 0.8044563845353848
9 0.7519160001107627
10 0.752243814334567
11 0.7227349315473629
12 0.7460295966961341
13 0.8150220525217647
14 0.8150481646934846
15 0.8539495226193012
16 0.8005593166354873
17 0.7963733635698612
18 0.8995861936360161
19 0.9250773621982334
20 0.9354696570115556
21 0.9070801329188747
22 0.894650936590148
23 0.8404184615447455
24 0.8212970268079464
25 0.8051122853979589
26 0.8171623497972005
27 0.779748473809585
28 0.7605000410163972
29 0.7053549252733955
30 0.6394900969862068
31 0.6222871429308602
32 0.62692710587502
33 0.6230717849698479
34 0.6504194734339785
35 0.608606451909197
36 0.5746428797088476
37 0.5790378978827264
38 0.6334052550410215
39 0.635771407792447
40 0.6398815661013171
41 0.6454734724479684
42 0.6187128716398077
43 0.7219702877437785
44 0.7066475651411659
45 0.9350286200791195
46 0.9469241046853974
47 0.9309877399654298
48 0.9182063271786467
49 0.8952499016435937
50 0.9499727525641309
