1 0.2669226786764053
2 0.25403799899908786
3 0.21216988915584137
4 0.19266997775228428
5 0.15411680270104317
6 0.14289300300110658
7 0.1248131040554787
8 0.10708154494326753
9 0.09928516213768449
10 0.09348606799189454
11 0.08369502039750554
12 0.07616562186772544
13 0.0733373193319532
14 0.06887778595077516
15 0.062276506883994706
16 0.051661968765753616
17 0.04882109758790961
18 0.03800178286202545
19 0.03133788663595764
20 0.025235854112321758
21 0.023850122187010776
22 0.02078883414230985
23 0.019958825861054064
24 0.0172095555560192
25 0.016451931143120914
26 0.014277055215848794
27 0.01266422333320372
28 0.01218514192086094
29 0.011940281165099773
30 0.011500311220712045
31 0.010334281076669876
32 0.010258060901446571
33 0.010097684991696968
34 0.010011447068847958
35 0.00994031421572825
36 0.009239087285471619
37 0.009133504351013021
38 0.00900930521876639
39 0.008520689056944662
40 0.00830282616766861
41 0.008189824980387875
42 0.008058785219840495
43 0.007883724768970098
44 0.007829785046670503
45 0.007636785381023729
46 0.007477740054770421
47 0.007455452475353197
48 0.00742917055780772
49 0.007481587678786388
50 0.007642428752016393
51 0.007684722362478873
52 0.007520325563804417
53 0.007288612270660149
54 0.007244508103278891
55 0.007364356789182715
56 0.007425135971825095
57 0.007520455074303637
58 0.007543976116047008
59 0.007330870994206856
60 0.0073461227015684995
61 0.0074544914343737684
62 0.007163037137672407
63 0.007363263737462433
64 0.007400993080001822
65 0.007447309630547844
66 0.007304223303831336
67 0.007251163729185178
68 0.007177230258235752
69 0.007204681660861032
70 0.007346164753978169
