1 0.3370441706229284
2 0.2995669700105462
3 0.27186589459334864
4 0.29693832999553205
5 0.15875380276795067
6 0.1577247749170113
7 0.14479433596893254
8 0.095863271668523
9 0.09518530401788991
10 0.07969217807495915
11 0.07669609263341462
12 0.07379294171903696
13 0.07323034332413199
14 0.072979700516721
15 0.07278424767470387
16 0.07231952156488626
17 0.07406014146026624
18 0.07368765465384991
19 0.06045407806297209
20 0.022081346606079657
21 0.021768233025335048
22 0.02018719950725781
23 0.018835511037323144
24 0.019114254869378153
25 0.017514408249641063
26 0.01739569786922911
27 0.015625144628833534
28 0.014703290922457807
29 0.01473096165826782
30 0.014781059988743205
31 0.01119766251124938
32 0.011042597396114169
33 0.011069482992860293
34 0.011037303050049673
35 0.011297385612513571
36 0.009456314552249706
37 0.008900079699147443
38 0.008572374933083625
39 0.008796689676124006
40 0.007583556624978257
41 0.007479544639001886
42 0.007231394855952159
43 0.0070645503710196735
44 0.00722859418025717
45 0.007403045835168765
46 0.007488696593148113
47 0.007651439382944335
48 0.007745287997518349
49 0.007337390233003556
50 0.007689343295321068
51 0.007787002224262324
52 0.007683306959975657
53 0.0075499110516299315
54 0.0070956730697478146
55 0.007649986897657032
56 0.007557021382102524
57 0.007788786740984152
58 0.008393907087717877
59 0.007787652245605273
60 0.007970720766276852
61 0.008230068492617596
62 0.007750424562911063
63 0.007801774626549821
64 0.007612779997018258
65 0.007615554821713686
66 0.007560554059803771
67 0.007749532771060525
68 0.007527177351039422
69 0.007658754996724414
70 0.007584892866739746
