1 0.2111854820111652
2 0.20937320976295296
3 0.19295310591282547
4 0.08614874213312987
5 0.07078839158616082
6 0.06914856440954496
7 0.06478388457809482
8 0.05347004520041316
9 0.0493410013832958
10 0.047050112338329765
11 0.03782002978216968
12 0.03732039488661697
13 0.03633903614760407
14 0.035593970091265435
15 0.017232379946938096
16 0.016948622619530087
17 0.01122186484084785
18 0.010575516289453517
19 0.010493669293218273
20 0.010072294925538875
21 0.009576185748067925
22 0.00886160392577783
23 0.0093713757217984
24 0.00901039114267405
25 0.008241175801494393
26 0.008027656986441709
27 0.007873340333127966
28 0.008556817261968365
29 0.007807592757018042
30 0.0072969425591247
31 0.007515123235455581
32 0.007481813588255455
33 0.00728042267048722
34 0.007138118868314768
35 0.007294009499470292
36 0.0071729044994380195
37 0.00730225001997802
38 0.0074872764674004215
39 0.007789140420009429
40 0.0078819841069369
41 0.0074119039293236684
42 0.007375559366603936
43 0.007471296277400781
44 0.007156023336650403
45 0.007596650701675184
46 0.00726685004384135
47 0.006843020944800194
48 0.006792770338401905
49 0.007653036728870915
50 0.006620060743570095
51 0.006731951828306487
52 0.007016993725472818
53 0.006604121131696751
54 0.006548099566946495
55 0.006813685968812231
56 0.007265413736343234
57 0.006826529203696238
58 0.006626944249132603
59 0.0064692842769052536
60 0.006839972711509978
61 0.006620631144367282
62 0.006538114786680448
63 0.006467378712452996
64 0.007050967253372518
65 0.006870153798834992
66 0.006823551853614502
67 0.006786703760147235
68 0.00698892280478923
69 0.007275147469081093
70 0.007141003935706837
