1 0.2912339384201351
2 0.31445943194818593
3 0.20670783491723607
4 0.20560639661153635
5 0.17526231284259133
6 0.17248038293179266
7 0.09719987068090921
8 0.09743162770296052
9 0.05782021837424646
10 0.0534434647959736
11 0.05231036381238224
12 0.04944476315425247
13 0.0500617088513318
14 0.04961695404983391
15 0.05697939113977535
16 0.052321812819931875
17 0.04742766141874563
18 0.024127122976288825
19 0.023284815380088926
20 0.023194352598764307
21 0.02274369060557837
22 0.021631498927828955
23 0.017874109772986372
24 0.01205631986276357
25 0.011853905734199867
26 0.011786321758737886
27 0.011698436488161929
28 0.011558059139015708
29 0.011554902174997649
30 0.00912714578096967
31 0.00773660262980239
32 0.0076100482656477906
33 0.00743465190037671
34 0.007101674734875422
35 0.007352105378518945
36 0.007315709968359343
37 0.0070351618488291275
38 0.007162084147453581
39 0.00677906406507587
40 0.006842734254047042
41 0.0071282831471356275
42 0.007039366709899262
43 0.00714770899650621
44 0.007117300774628042
45 0.007223169729029507
46 0.006545788824569854
47 0.0067383364207199824
48 0.007029148794436086
49 0.007405028980769741
50 0.007643122306019149
51 0.007347433778948591
52 0.007187864018408596
53 0.006742747127497889
54 0.007007553489932746
55 0.00688664981152882
56 0.006560459083106056
57 0.007052777397342748
58 0.006961986784273679
59 0.006879331085873494
60 0.006781183069340066
61 0.006704795225993122
62 0.006490281248744257
63 0.007046981127666132
64 0.007480496694603067
65 0.007595298285887877
66 0.007203292667589153
67 0.006545256600306397
68 0.006687336684473049
69 0.006868157011442933
70 0.007157563738894675
