0.617 2838.0 
-0.566 5969.0 
-0.566 5969.0 
0.617 2838.0 
0.015 3216.0 
0.137 3140.0 
-0.045 3259.0 
0.084 3175.0 
-0.562 5671.0 
-0.487 4184.0 
0.263 3066.0 
-0.366 3700.0 
0.309 3033.0 
-0.516 4486.0 
-0.561 5573.0 
-0.531 4704.0 
-0.558 5470.0 
-0.257 3460.0 
0.179 3118.0 
0.163 3124.0 
-0.556 5329.0 
0.23 3088.0 
-0.391 3749.0 
0.034 3208.0 
-0.565 5853.0 
-0.564 5767.0 
0.337 3013.0 
-0.354 3640.0 
0.206 3104.0 
-0.448 3968.0 
-0.285 3496.0 
-0.554 5230.0 
-0.513 4430.0 
-0.522 4556.0 
-0.56 5532.0 
-0.43 3964.0 
-0.25 3452.0 
-0.469 4067.0 
-0.475 4122.0 
0.462 2936.0 
-0.555 5272.0 
-0.552 5166.0 
-0.141 3334.0 
0.384 2985.0 
0.568 2869.0 
0.08 3184.0 
-0.548 5031.0 
-0.203 3399.0 
-0.563 5741.0 
-0.091 3298.0 
-0.337 3591.0 
-0.401 3804.0 
0.363 3000.0 
0.277 3054.0 
-0.068 3280.0 
-0.19 3378.0 
-0.542 4890.0 
-0.503 4343.0 
0.548 2885.0 
-0.229 3425.0 
-0.168 3361.0 
-0.323 3560.0 
-0.365 3664.0 
-0.458 4043.0 
-0.422 3897.0 
-0.116 3310.0 
0.409 2970.0 
-0.565 5853.0 
-0.55 5098.0 
-0.429 3908.0 
-0.495 4292.0 
0.521 2901.0 
-0.524 4578.0 
-0.529 4646.0 
0.437 2960.0 
-0.163 3357.0 
-0.222 3416.0 
0.053 3196.0 
0.591 2858.0 
0.484 2926.0 
-0.538 4764.0 
-0.525 4634.0 
-0.145 3337.0 
-0.42 3841.0 
-0.116 3310.0 
0.595 2852.0 
-0.544 4914.0 
0.409 2970.0 
-0.391 3749.0 
-0.545 4959.0 
-0.557 5399.0 
-0.551 5134.0 
-0.557 5399.0 
-0.549 5051.0 
-0.501 4302.0 
-0.323 3560.0 
-0.493 4236.0 
-0.541 4827.0 
-0.472 4115.0 
-0.3 3525.0 
