0.625 2833.0 
0.625 2833.0 
-0.567 6060.0 
-0.238 3441.0 
-0.073 3278.0 
-0.477 4135.0 
-0.56 5511.0 
-0.284 3502.0 
-0.549 5051.0 
-0.566 5990.0 
-0.565 5837.0 
-0.007 3230.0 
-0.506 4392.0 
-0.429 3884.0 
-0.251 3451.0 
-0.564 5765.0 
-0.519 4509.0 
-0.274 3486.0 
-0.557 5402.0 
0.176 3115.0 
-0.098 3297.0 
-0.554 5270.0 
-0.397 3754.0 
-0.553 5181.0 
0.553 2880.0 
-0.456 4010.0 
-0.561 5609.0 
-0.344 3608.0 
0.137 3138.0 
0.5 2912.0 
-0.032 3249.0 
0.246 3072.0 
-0.498 4332.0 
0.273 3061.0 
-0.329 3576.0 
-0.558 5445.0 
0.344 3012.0 
-0.493 4246.0 
-0.203 3396.0 
-0.416 3823.0 
0.013 3217.0 
0.53 2900.0 
-0.369 3673.0 
-0.383 3721.0 
0.364 2999.0 
0.159 3127.0 
0.469 2931.0 
0.23 3084.0 
-0.53 4649.0 
-0.043 3268.0 
0.491 2917.0 
-0.447 3976.0 
0.572 2866.0 
-0.54 4815.0 
0.107 3158.0 
0.376 2992.0 
0.407 2971.0 
0.604 2847.0 
-0.546 4967.0 
-0.551 5116.0 
-0.543 4878.0 
-0.461 4067.0 
-0.556 5311.0 
-0.562 5632.0 
0.203 3097.0 
0.329 3021.0 
-0.314 3542.0 
-0.546 4967.0 
-0.113 3308.0 
0.2 3099.0 
-0.466 4080.0 
-0.203 3396.0 
0.028 3211.0 
-0.378 3698.0 
0.089 3176.0 
-0.528 4621.0 
-0.473 4123.0 
-0.524 4556.0 
0.533 2890.0 
-0.159 3362.0 
-0.176 3370.0 
-0.151 3356.0 
0.583 2860.0 
-0.512 4447.0 
0.282 3051.0 
-0.406 3795.0 
-0.525 4577.0 
-0.565 5837.0 
-0.32 3555.0 
-0.512 4447.0 
0.064 3185.0 
0.315 3029.0 
0.448 2943.0 
-0.354 3634.0 
-0.566 5990.0 
-0.436 3917.0 
-0.187 3375.0 
0.042 3208.0 
-0.543 4878.0 
-0.563 5700.0 
