0.623 2834.0 
-0.565 5846.0 
0.623 2834.0 
-0.565 5846.0 
-0.234 3440.0 
-0.168 3373.0 
-0.384 3719.0 
-0.525 4589.0 
0.475 2931.0 
-0.506 4368.0 
0.448 2951.0 
-0.542 4861.0 
-0.544 4936.0 
-0.511 4448.0 
0.241 3085.0 
-0.561 5591.0 
-0.53 4663.0 
-0.539 4804.0 
-0.201 3391.0 
-0.56 5532.0 
-0.547 4990.0 
0.499 2916.0 
-0.562 5666.0 
-0.564 5794.0 
-0.554 5257.0 
0.1 3164.0 
-0.521 4521.0 
-0.012 3233.0 
-0.11 3318.0 
-0.502 4313.0 
-0.557 5355.0 
0.229 3093.0 
0.157 3133.0 
0.198 3101.0 
-0.321 3557.0 
-0.302 3524.0 
0.187 3111.0 
-0.353 3627.0 
-0.548 5060.0 
-0.483 4169.0 
0.547 2883.0 
0.608 2844.0 
0.517 2904.0 
-0.549 5105.0 
0.58 2862.0 
-0.535 4742.0 
-0.091 3292.0 
-0.558 5431.0 
0.343 3017.0 
-0.368 3671.0 
-0.559 5461.0 
-0.556 5310.0 
0.572 2866.0 
0.121 3152.0 
0.01 3220.0 
-0.495 4247.0 
-0.417 3862.0 
0.298 3038.0 
-0.517 4481.0 
-0.405 3797.0 
-0.553 5187.0 
0.162 3131.0 
-0.149 3342.0 
-0.211 3405.0 
-0.463 4088.0 
-0.438 3949.0 
-0.46 4021.0 
-0.057 3267.0 
0.317 3026.0 
-0.552 5164.0 
0.038 3205.0 
-0.447 3967.0 
-0.533 4706.0 
0.28 3051.0 
0.079 3176.0 
0.388 2985.0 
-0.405 3797.0 
0.02 3212.0 
-0.126 3331.0 
0.356 3006.0 
-0.427 3899.0 
-0.497 4264.0 
-0.031 3244.0 
-0.269 3477.0 
-0.345 3609.0 
0.27 3057.0 
-0.473 4105.0 
-0.434 3904.0 
-0.563 5719.0 
0.403 2979.0 
-0.091 3292.0 
0.121 3152.0 
0.066 3184.0 
-0.292 3508.0 
-0.259 3473.0 
-0.047 3258.0 
0.427 2959.0 
-0.377 3701.0 
-0.279 3505.0 
0.312 3032.0 
