-0.565 5845.0 
0.622 2835.0 
-0.565 5845.0 
0.622 2835.0 
-0.143 3336.0 
-0.561 5635.0 
0.113 3165.0 
-0.225 3427.0 
0.36 2999.0 
-0.504 4333.0 
-0.192 3387.0 
-0.45 4004.0 
-0.412 3830.0 
0.388 2985.0 
-0.402 3785.0 
-0.331 3616.0 
-0.111 3317.0 
0.514 2907.0 
-0.512 4452.0 
0.15 3138.0 
-0.564 5789.0 
-0.317 3555.0 
-0.033 3249.0 
-0.496 4262.0 
-0.52 4521.0 
0.555 2880.0 
0.262 3066.0 
-0.062 3269.0 
-0.555 5267.0 
0.531 2892.0 
-0.098 3305.0 
-0.554 5224.0 
-0.464 4059.0 
-0.546 4953.0 
-0.168 3357.0 
-0.556 5350.0 
0.179 3119.0 
-0.426 3875.0 
-0.56 5526.0 
0.417 2964.0 
0.472 2936.0 
0.291 3045.0 
0.444 2951.0 
0.068 3183.0 
-0.372 3683.0 
0.574 2865.0 
-0.258 3465.0 
-0.537 4799.0 
0.206 3096.0 
0.228 3083.0 
0.022 3213.0 
-0.432 3891.0 
-0.443 3930.0 
-0.563 5710.0 
-0.385 3730.0 
0.621 2836.0 
0.051 3195.0 
0.409 2973.0 
0.271 3057.0 
0.336 3015.0 
-0.282 3492.0 
-0.349 3620.0 
0.155 3129.0 
0.306 3037.0 
-0.448 3948.0 
-0.552 5149.0 
-0.073 3287.0 
-0.558 5453.0 
-0.533 4682.0 
0.451 2943.0 
-0.466 4088.0 
-0.506 4395.0 
-0.528 4620.0 
-0.389 3742.0 
-0.557 5374.0 
0.321 3029.0 
-0.562 5697.0 
-0.309 3532.0 
0.487 2925.0 
-0.522 4563.0 
-0.551 5143.0 
-0.481 4170.0 
-0.559 5457.0 
0.592 2854.0 
-0.544 4891.0 
-0.536 4731.0 
-0.548 5005.0 
-0.529 4661.0 
0.005 3221.0 
-0.55 5075.0 
0.228 3083.0 
-0.55 5075.0 
-0.508 4407.0 
-0.526 4585.0 
-0.56 5526.0 
0.086 3173.0 
-0.004 3228.0 
-0.54 4876.0 
-0.477 4127.0 
-0.473 4122.0 
