0.624 2833.0 
-0.567 6071.0 
0.624 2833.0 
-0.567 6071.0 
-0.386 3733.0 
-0.565 5864.0 
-0.189 3381.0 
0.288 3047.0 
-0.412 3838.0 
-0.088 3288.0 
-0.543 4898.0 
0.373 2993.0 
0.584 2859.0 
-0.331 3577.0 
-0.548 5018.0 
-0.121 3313.0 
-0.484 4183.0 
-0.471 4089.0 
0.557 2881.0 
-0.045 3255.0 
-0.066 3277.0 
-0.524 4578.0 
-0.531 4662.0 
0.507 2909.0 
-0.533 4700.0 
-0.024 3241.0 
-0.496 4257.0 
-0.551 5150.0 
0.468 2934.0 
-0.534 4797.0 
0.605 2845.0 
-0.547 4997.0 
-0.566 5994.0 
-0.562 5631.0 
-0.29 3505.0 
-0.37 3674.0 
0.31 3034.0 
-0.161 3351.0 
0.4 2974.0 
-0.561 5582.0 
0.35 3008.0 
-0.556 5316.0 
0.416 2964.0 
0.091 3171.0 
-0.217 3408.0 
0.109 3156.0 
0.125 3150.0 
0.143 3135.0 
-0.244 3442.0 
0.158 3127.0 
-0.503 4337.0 
-0.559 5485.0 
0.253 3067.0 
-0.437 3916.0 
-0.445 3948.0 
-0.56 5513.0 
-0.508 4376.0 
-0.557 5409.0 
0.54 2890.0 
0.447 2948.0 
-0.522 4537.0 
0.044 3197.0 
-0.349 3621.0 
-0.269 3478.0 
0.022 3212.0 
-0.269 3478.0 
-0.517 4500.0 
-0.555 5293.0 
-0.541 4829.0 
0.326 3023.0 
-0.554 5230.0 
-0.553 5210.0 
-0.222 3415.0 
-0.242 3439.0 
-0.449 3986.0 
0.218 3097.0 
-0.001 3228.0 
-0.564 5784.0 
-0.514 4467.0 
0.178 3120.0 
0.231 3079.0 
-0.558 5410.0 
-0.363 3655.0 
0.337 3018.0 
0.253 3067.0 
-0.564 5784.0 
-0.566 5994.0 
-0.563 5707.0 
-0.563 5707.0 
0.488 2923.0 
-0.151 3340.0 
0.075 3182.0 
-0.492 4228.0 
0.057 3189.0 
-0.316 3545.0 
-0.003 3229.0 
0.447 2948.0 
-0.453 4013.0 
-0.469 4072.0 
-0.35 3622.0 
