3.5926554257466423E-4
2.914791061272148E-4
3.6804767276177476E-4
3.624629875270169E-4
3.608879870909354E-4
3.915790524872202E-4
3.533323014933525E-4
3.624545940854947E-4
3.4713875083868076E-4
3.443133097606544E-4
3.8389022983521115E-4
2.785930659499237E-4
3.173106675420229E-4
3.4590815144870847E-4
3.580405786599206E-4
4.195102060376849E-4
3.4488950171895054E-4
3.3579889175024927E-4
3.531765507325414E-4
3.3431492960313573E-4
3.175143875149627E-4
4.920212629801879E-4
3.6811623428652766E-4
4.097781761257742E-4
3.2127356936951124E-4
3.879445955187122E-4
2.443751514468841E-4
4.1559871576770345E-4
2.826028098578688E-4
3.866799250993142E-4
