0.8349945923059829
0.8352201748906936
0.8346304113620261
0.834713989578661
0.8349495281891771
0.8345316371060033
0.8357714243195323
0.8354782455596126
0.8352641910047833
0.8346099753090563
0.8348295318781468
0.8357648743025547
0.8354960616057919
0.8350614024791547
0.835378947302232
0.8351664647514764
0.8350244603834017
0.835230654917858
0.8349966883114156
0.8349581742115879
0.835442089465896
0.8353482932227764
0.8347291856180488
0.8349207081144753
0.8352961550876341
0.835107776599357
0.835840854499495
0.8351360726727001
0.835324975162336
0.8352539729782982
