0.47545706690115325
0.44706395592029635
0.43401462429321896
0.3906470698954849
0.4482728845062644
0.44781157853958803
0.3785453086483335
0.43984679476745214
0.44322896567415443
0.4956842236965324
0.4854472768834476
0.4710491138603309
0.3861305661371169
0.41300307150146803
0.4599962323819938
0.42473717387375326
0.431160741129306
0.43027839002617885
0.4285119123278298
0.4809763779913463
0.4392395356038124
0.428552444022304
0.47442293389692286
0.43142824041150774
0.39595897019830884
0.3949819720966655
0.4461418073534183
0.3594709556450202
0.4450546478539845
0.453750466818418
