0.2144049628606729 51.1006783617312 1.0550297114443765 0.36613816761506657 2.78801354682639 
69.14232463523483 0.11127492335693345 1487.500698294847 1498.0003113667194 1197.2802312300596 
0.2144049628606729 51.1006783617312 1.0550297114443765 0.248183345024656 2.78801354682639 
69.14232463523483 0.027811390816304904 1487.5004615245966 1498.0003113667194 1197.2802312300596 
2.2078509874024714 51.13204759685526 4.697333868987132 151.28790829673792 5.673129820668116 
0.20970844653681556 49.61483668836446 153.18264664021012 0.8017639158010859 18.792777759180595 
0.6540611237841831 41.9998066767957 8.940497116318113 269.5862998567575 0.19902352967922265 
32.82895730326085 63.90948204664479 933.361354358813 397.32977576580055 173.36776576699523 
59.710821488029595 0.09259256777871938 926.1208395288561 428.47598841907984 24.130914179789237 
0.05278560365235424 46.88939912766617 2.0916046280345597 356.50059483196355 2.0042405048870213 
72.292839678102 0.4303607701269558 1498.9305763686095 1421.6808881345542 1094.082452769959 
0.47320572928800564 49.92501324393532 267.3580206296941 299.74466873712976 3.231892961373891 
0.40172445517024336 51.215569213462615 7.072105472377132 253.70510350643136 2.7679982257945297 
57.35282272689829 0.002261256774736181 1496.9130108017264 954.7515348686725 641.9860691146548 
32.82895730326085 3.539805085600509 846.6128318151882 398.8934032624177 25.88073895037809 
56.260892239158075 0.1710035785437101 1498.5086543019406 1498.0003113667194 793.0376842475722 
58.24026531792736 0.004718986499552745 1487.3830112187782 1280.1299407898707 584.3376855494046 
0.17876446177750316 49.530725311342024 52.15786609379899 336.34291808535136 21.17433767381503 
58.33030484305696 0.0039086908084830785 1487.3488050108517 1100.9724889232866 562.0589443284993 
57.50103207217146 0.017651503993786982 1498.7917945311597 640.0144379406884 388.00653058814595 
0.21379221618093971 48.158097926842565 4.672087230811614 382.7131159526863 3.6088729233181454 
0.46215344673019 51.122503906720695 6.19124804900496 202.46931441313836 12.310777520980878 
18.347000277817052 0.20166036835845125 926.1208395288561 427.19138380074827 318.4279559848007 
80.56024771196576 0.4303607701269558 1497.5808593699119 1420.4091445499578 375.869933226571 
0.2702482367159851 63.92780842354108 2.2841813613067643 417.6867945494607 18.80175530063334 
2.76141680433447 44.52728667806734 14.179155366631036 277.41534407387326 9.744846989274476 
0.08634298470038604 50.665491933342274 4.910014591135694 177.78442864639385 22.983957919409693 
0.6683885299603283 53.00506055720129 0.828939202733395 447.43918312479923 3.97161394142951 
0.2144049628606729 51.1006783617312 0.7573850707848919 134.90730555957046 2.78801354682639 
57.35282272689829 0.002261256774736181 1498.464912646516 953.354708089154 537.4013105684352 
1.800171593602851 45.12164761727986 2.987067029326848 133.92620492748193 28.88664797045314 
0.22844710445096061 50.665491933342274 4.910014591135694 177.64864880007306 22.983957919409693 
59.423087060856155 8.834098869520308E-6 1488.4445951402352 1420.86009450492 564.8778111303925 
0.424981487941537 51.25538118658428 343.3741793983549 213.02964613648095 23.07406678403391 
0.1906609287385056 51.215569213462615 6.880335206741847 338.75345286837614 0.7068944689209413 
28.609279048704508 0.4382043704165429 1488.2519397935646 532.4852943235376 240.58235253507664 
57.50103207217146 0.014450034466969464 1498.7917945311597 640.2712962621216 78.48510561770001 
0.024238538922919384 51.25538118658428 343.3741793983549 17.356212341463433 10.507560613543165 
57.50103207217146 0.3659792148111458 1498.7917945311597 836.7383294329578 361.7020329922767 
0.27760912798331155 55.11628936885952 374.5640307559527 398.7034298866331 20.76032663732052 
0.1682340264224661 47.2774616966233 1.2730446766721126 52.71104188352653 19.794671067466005 
0.44791142562656105 50.377399980940645 233.55822365999953 337.1803776156511 20.203115197889034 
55.517644961193746 0.17974306362179537 1489.1438802897812 1198.4664766935364 648.8138566565788 
3.4828202590724864 50.3991506114147 678.5289995839065 373.190836732947 18.522141129439937 
66.76937246172214 0.07390335073674094 1300.8274181887632 428.9974870642584 262.65106357017714 
19.843947121043385 52.762222529503184 499.41760885301454 451.5217614119349 18.584813683833417 
0.03801128119119129 49.60997638378685 5.128752604924578 21.83300545192712 10.549058047690046 
68.40755190782104 0.11127492335693345 1482.0077934769793 613.2594912281415 336.746206385981 
70.37656012422795 0.3659792148111458 1499.366793603845 836.7383294329578 563.5416148426287 
0.480110080417083 49.528871137710226 387.42968037912726 336.34291808535136 19.750033869162205 
14.019474057483045 42.28097759321285 412.3779597727294 383.8858850300299 5.673129820668116 
58.11345133065887 0.44023490154799644 1214.5048985427816 546.5424083713443 263.75150728884995 
0.2138515877541164 51.1006783617312 7.23368836711964 396.1844105014711 19.307472264840182 
0.03801128119119129 51.054317072795065 1.0569270764352263 85.54507353682908 10.549058047690046 
2.950084367360617 53.11926012243632 501.81958606185617 374.4159547728975 3.872878309003749 
56.12955010519103 2.3933101385801123 1487.7010242912215 776.7209233419915 300.6583214712434 
57.50103207217146 0.3622222483804384 1499.9047259054496 836.7383294329578 304.3020406648162 
58.90225085395312 0.028931507533262568 1487.3488050108517 1176.9393409725528 562.0589443284993 
57.50103207217146 0.3659792148111458 1498.7917945311597 836.7383294329578 622.0207328832869 
55.13887376804957 0.5085985121304759 678.5289995839065 393.8031256085641 157.13261094749717 
0.23459529182062155 51.122503906720695 13.955547358644907 202.427331421573 12.310777520980878 
56.33774535246945 0.007600904812158998 1487.8663469821481 1498.0003113667194 566.5287325254378 
1.7567267301635439 54.45056860472895 11.300084456799482 61.52285672530995 0.33701743423791264 
19.843947121043385 50.71658725357053 586.1661386984737 451.5217614119349 129.56899825453766 
1.7032228637299696 0.20166036835845125 1290.8052244830642 428.1587556917083 1.5913111146563739 
0.03804599772691042 50.96959784648303 132.88067785407978 226.75129968150213 19.278596648795084 
0.2144049628606729 51.1006783617312 7.23368836711964 6.055554074706166 2.78801354682639 
19.843947121043385 49.66119308919429 588.1896379585531 447.3509700033357 25.31273925096864 
0.44408319963192566 49.60997638378685 5.128752604924578 218.74691823023124 23.11557053799926 
8.860101362877483 0.20166036835845125 1244.326427391574 431.2431010096333 1.6964992350358266 
0.2144049628606729 51.1006783617312 1.0550297114443765 15.94675415189431 8.594769069475205 
56.33774535246945 0.34676693744471965 1487.7379036667987 486.72479406958735 566.5287325254378 
33.669267843329116 0.07269883351828707 1171.0284519229704 406.83923701798307 318.762955511716 
19.843947121043385 52.762222529503184 499.41760885301454 326.44488253708914 8.508951627296666 
1.688613899619249 55.812652803656974 11.209064628233818 291.0981083007709 9.937440667613473 
0.2144049628606729 51.10465463350241 147.81668111214952 226.8530143465564 2.788645107026253 
33.25552524952361 0.07544265155310881 1166.9536153796478 400.1936524791063 311.4225259072732 
58.31081089080344 0.07022509435012286 1294.3384851499272 428.9974870642584 186.92350168883104 
1.5926301987387719 50.38034183053138 0.05903205398936384 233.33624837863954 4.957646550684583 
3.4828202590724864 50.3991506114147 288.73676499275336 373.190836732947 20.972416864907874 
58.33030484305696 0.0039086908084830785 1487.3488050108517 1135.4468094708984 562.0589443284993 
34.721577191914044 0.13289303932444038 681.9500029365954 360.41021691674433 191.56342990006772 
0.1053080987526106 47.151608207929 117.6880051404763 41.021722297649006 11.582899022029153 
56.33774535246945 0.34676693744471965 1487.7379036667987 1498.0003113667194 566.5287325254378 
0.2702482367159851 41.9998066767957 2.2841813613067643 406.1680908084437 4.957646550684583 
0.1053080987526106 47.151608207929 117.6880051404763 41.021722297649006 11.582899022029153 
0.20928504277930593 49.61483668836446 199.243311329356 346.2820237858124 24.49541252820045 
0.6614214034860857 55.11628936885952 371.1080195308307 262.1216387980334 21.17433767381503 
0.424981487941537 51.25538118658428 343.3741793983549 213.02964613648095 23.07406678403391 
0.40172445517024336 49.592053776913936 526.7238421308751 279.87587872946267 8.413223424645851 
2.908398966507863 50.609605262065976 586.1661386984737 450.92220475567007 124.53325964532738 
1.688613899619249 54.7392727433039 11.209064628233818 61.35698152105692 12.113641752393447 
0.2144049628606729 51.1006783617312 48.10121498105907 6.055554074706166 4.413985899417708 
57.54925359996443 0.3927411259250384 1487.7010242912215 776.7209233419915 300.6583214712434 
2.309528872507695 1.0136041785866254 678.5289995839065 397.5585892670822 157.50461102508808 
0.26302017656884347 49.528871137710226 371.1080195308307 283.05695887444904 9.707982851796313 
0.40161719507422344 49.528871137710226 383.19254788063495 251.2945687256145 23.963822281367488 
0.03801128119119129 51.054317072795065 1.0569270764352263 85.40931525800241 10.549058047690046 
0.19055361189686104 49.528871137710226 371.1080195308307 336.34291808535136 21.17433767381503 
11.01248763872714 49.79306883865556 403.2194846745452 279.87587872946267 8.413223424645851 
