0.16909314278415644 47.479871733503 0.2098871016718924 0.04482979740849685 1.087766937716187 
75.05246930169298 0.00193796324790088 1499.656930377635 1420.7983158441757 1068.4188172148602 
0.22996509995502 48.258608909808196 705.8671950240939 348.97967292764844 161.35558309534775 
0.039443714536409935 39.59100201432307 447.2002767750845 464.61726270744833 15.55412470450895 
0.1535082365023013 44.41273393030488 32.40613780163676 8.629111004483065 2.011649236792305 
0.5458927508393248 47.5371628541834 0.22552099362835226 166.7217456046398 0.7873354142936051 
0.15843861115890912 48.52076347263893 33.76514269340902 205.34228515931443 8.567546742823144 
0.16672779252656178 48.76306555413516 151.70542544288335 361.26494763217676 3.2507576029786422 
68.43297848998152 0.16587562158301128 1485.2557545618267 1184.1858768170803 532.6099950320529 
0.16924730495413354 47.479871733503 0.2252810348846202 7.740495592165161 1.087766937716187 
75.40892122874655 6.38640144514202E-4 1498.829019615153 637.7857139275774 487.12801238049667 
17.84864947872237 0.08697583469980619 1209.370629074048 407.4456912720533 189.79003290238236 
0.819404315559305 59.633902653691344 9.989072435139313 101.7117253178293 3.486924451817265 
0.5911577364066032 47.53287872772523 24.95797799930142 194.9070709121965 1.3044785747327765 
0.8177203458451265 59.992598277730245 9.721896534065925 38.24993545737226 3.6439037717570604 
0.039443714536409935 39.732720409120155 447.2002767750845 274.85726170920793 17.44281205158833 
74.81365340390259 0.06824133120223763 1478.037886978849 1006.0878064948158 771.817002496547 
0.7997746109192079 41.00603709729231 171.070776622711 14.565107465674487 1.294768155502961 
65.96942351189554 0.4548472719104566 1494.194162166345 1293.4291002690288 507.91189394468654 
1.6241714693625582 0.8003766824936738 578.3468142999083 469.7440695134989 36.02671131951682 
74.99421590737616 0.002328014085089203 1499.4317474875127 970.8703206140027 515.2224249167012 
74.81557820455633 0.4141114739059155 1436.488420929763 970.8703206140027 515.2224249167012 
64.34473493395157 0.012717031794704611 1445.402553547238 461.83460076642217 273.86222128318974 
0.09201192935135771 39.42791605334463 441.7534271123494 430.0226145924529 36.539449882960724 
0.5458927508393248 48.85258993635235 262.2059018745216 164.79102527915455 0.7026700337815237 
74.81365340390259 0.2545553269454087 1478.037886978849 970.8703206140027 749.9775106818665 
68.61161619280135 0.0018769065223997877 1484.8841266224908 1375.3339855629774 512.0963287788248 
55.79112988308995 0.0406835901168367 1498.9726674853678 625.9566771853474 279.52115223347096 
72.83573316494689 0.259215160192929 1499.9056040569487 629.4402421062317 363.0817518743768 
0.164446581955176 48.46045789508892 25.793374498296572 361.5551151574821 1.2785751576455064 
2.905988664185635 6.38640144514202E-4 1379.350869995385 637.7857139275774 475.85245653880213 
0.05644549275386712 40.716798244281364 626.1451215427574 466.7655508425502 205.26598734042577 
0.22299739652851663 42.1817491674619 99.16781889411651 283.92322951144166 10.222030719969286 
29.45017015699207 0.09015069220216965 1021.6363400243498 603.0004050233497 189.79003290238236 
0.25539200085642527 48.859165971932825 490.2583429956367 3.0231806866074464 1.1073326123728768 
0.1124100125308158 41.00603709729231 171.070776622711 376.25068190368717 1.294768155502961 
75.40892122874655 0.28089931844825244 1499.656930377635 1397.9255641556033 512.0963287788248 
14.794658188606649 0.012717031794704611 1445.402553547238 459.90868190904666 273.86222128318974 
15.436930827653827 41.41348454152305 417.7117608536911 270.4645051215657 127.38329534414086 
0.11386895873234887 60.33477230497124 9.721896534065925 38.24993545737226 60.191317095556094 
0.17591909866531896 43.02249603893509 0.2098871016718924 243.9931096533436 1.3038092986774241 
40.888423525027704 0.06459073203795372 651.156707594788 432.90132882320745 198.2507998942956 
0.8301938088688291 43.16193375701404 9.764723994867268 264.8039805549848 1.4452271104414909 
0.15843861115890912 49.36112751557021 0.2262372237525243 286.37715314952067 7.480761800367262 
0.10969354014713345 42.14756945059289 421.1286123084102 376.25068190368717 1.294768155502961 
0.26829264740639963 37.51507137727602 63.71318528687948 102.30036936448144 3.4873201173533817 
74.81365340390259 0.06824133120223763 1478.037886978849 1163.4591266390717 748.9743625773123 
15.255124138390503 0.012717031794704611 1292.1991923288392 459.90868190904666 273.86222128318974 
68.83819954136938 0.07734345228764905 1499.656930377635 858.9937067280864 512.0963287788248 
1.5977198897443143 41.76137332177502 9.713116305382176 240.52275622957075 1.7701845666249874 
0.1555505723043722 44.41273393030488 9.936281732847903 291.639817110477 2.011649236792305 
0.15308991216953372 74.39648215039959 412.71686358571384 310.7999482728243 103.50442820828673 
0.9678586463850891 2.5899596406856773 651.156707594788 427.73829661636086 204.80964179069002 
0.14910986633448897 39.85353746272472 18.57401362736894 72.73857056404478 33.117206231191155 
13.881445755982334 0.06548386715618618 1033.1534632341236 380.06609551473264 181.7043382583391 
13.881445755982334 0.06548386715618618 1209.370629074048 367.6611920029401 189.70993715837562 
0.6115181944021884 51.617682955125375 99.11048200155015 357.2397806444419 10.752671296900175 
0.1073548303305782 74.81937382034222 1.8674807417277464 310.7999482728243 8.210442056006512 
77.18586026917924 7.218762800196288E-4 1499.656930377635 1350.1720762373927 1068.4188172148602 
69.03011470092272 0.02050138223061221 1498.9726674853678 1476.5487641218224 514.192107427215 
65.50715529578672 0.46009892180048345 1494.194162166345 785.1505061827237 507.91189394468654 
14.326480582927587 0.017024606280308135 651.156707594788 434.7299882879085 180.70972403746873 
0.15843861115890912 49.36112751557021 0.2262372237525243 195.74628164926798 8.7816298818216 
68.83819954136938 0.07734345228764905 1481.4167722999312 855.6437620339734 483.4141318615237 
0.5458927508393248 48.647677151872635 17.01937876230818 166.7217456046398 23.956391131520974 
23.007431247051162 0.03910425598663125 1491.8533724233073 438.56016822595564 507.91189394468654 
0.052718207328903754 43.526903440946334 28.685813941295653 161.07386375092142 2.7946555119251837 
9.134854929614278 0.3874651219871251 1485.3841537026415 797.466116389608 481.8644039450426 
0.164446581955176 47.326210744621214 486.4074396479356 359.9260334426168 40.1410911675232 
0.26829264740639963 37.51507137727602 63.71318528687948 102.30036936448144 3.4873201173533817 
0.6549260000440315 48.24852919233033 0.07246091492820295 408.6998332459506 3.65988736834798 
0.16672779252656178 48.76306555413516 3.320703484034416 361.26494763217676 3.2507576029786422 
0.22500854459636438 42.964474065045074 231.39590713864354 391.91948293684 6.716902481082585 
40.838623886710735 0.017024606280308135 651.156707594788 432.90132882320745 311.43888379942035 
15.506019061225778 48.856072009631205 1063.0925650422932 382.39195803495255 181.7043382583391 
0.5379347139077918 43.94372416503285 4.661167633606382 363.99460180862286 0.018309789067776472 
0.6897371534473615 48.24852919233033 0.07246091492820295 408.6998332459506 3.65988736834798 
62.17197804869291 0.012717031794704611 1201.4748022999897 461.83460076642217 192.24616118681354 
0.22299739652851663 42.1817491674619 112.27298867906822 358.1768131750061 10.222030719969286 
0.15835110943242375 49.17188831405548 0.2262372237525243 195.74628164926798 32.31628442052391 
0.2710145059345202 48.65337349924074 3.992914623993415 389.1917956403481 3.24599409903157 
40.3938348105827 0.06548386715618618 1033.1534632341236 378.23743605003193 312.4334997266346 
69.03011470092272 0.02050138223061221 1498.9726674853678 1476.5487641218224 514.192107427215 
0.04208500199046038 43.46850799338639 286.59546062288973 365.59773360225194 11.041543853585502 
0.16519211839616785 47.00191850381692 240.5889981907349 357.72610729011063 7.651041783389264 
17.834110117135513 0.12635066054231636 1209.370629074048 563.4519406584525 263.05322330747623 
0.8301938088688291 74.68371760968417 0.42854245404686786 260.8953248524166 8.246081966697583 
17.834110117135513 0.12635066054231636 1280.242349694163 564.6006662258309 186.83473175589245 
0.04208500199046038 43.46850799338639 296.3362339184973 365.59773360225194 11.041543853585502 
0.1124100125308158 41.00603709729231 237.12965877170217 376.25068190368717 5.680372457986598 
42.331538758539764 0.3874651219871251 1480.120804931129 797.466116389608 481.8644039450426 
0.25539200085642527 48.859165971932825 65.43122535801453 25.87627601431541 1.2217006187093329 
5.248302556753717 44.754152788039846 21.015764267321913 294.79436049238535 9.5112085834811 
77.18586026917924 0.20681019813093107 1499.656930377635 1350.1720762373927 1068.4188172148602 
0.07145990572814828 42.964474065045074 231.39590713864354 357.49649990104734 5.794555477371247 
0.22571390045240103 41.04021681416132 99.16781889411651 381.09893327530347 10.222030719969286 
14.547755584136548 0.2737325693043457 1497.516425809192 568.2289737344822 274.152538181056 
0.27038598472209363 48.84516180819805 3.992914623993415 388.63715981969904 3.24599409903157 
82.31883656534939 0.06548386715618618 1033.1534632341236 378.4370137998674 109.95393684925443 
0.22996509995502 48.258608909808196 1066.9302761319318 382.9953306846677 181.80658756399902 
