61.286465786392185 0.01690393314808196 1498.5850606441866 1493.5514076351335 1445.959811434769 
0.1931561341512447 57.59861569556585 1.2664845707190642 0.14446077844335026 0.967844692018601 
82.0 0.016889966645177848 1494.565108697539 1497.9344718748143 806.2519465389616 
82.0 9.989133865385968E-8 1491.880433441725 1461.066536715026 568.166797169719 
22.90185588014714 1.7879909406480117 532.0088575055532 366.2988028866555 1.9072257366659415 
9.502511902297254 124.46692924497833 469.09914226717535 414.5692219797497 2.1740619303168254 
0.2910474919025894 56.883841935286505 30.116342070602034 89.88033817796551 3.2934509242043752 
36.37308268621251 0.19490285444382355 1189.166132550213 346.39280679078473 168.67253433888288 
0.305498344701006 58.19843282804735 1.2664845707190642 325.4098101072915 4.272838191746036 
0.30584621727403655 58.19843282804735 2.1697422184664745 398.9744562738748 4.262862881064817 
0.36475338457232365 45.62541213749819 1.2648952738347208 382.9187235651708 1.2542151758270237 
64.01022154146315 3.0405090577723115E-4 1498.6565962992906 1045.5009108606478 488.8747633751103 
0.364807934018581 0.19490285444382355 1189.166132550213 457.5269170190434 174.14368711999066 
0.8544381186907888 2.2403110012906376E-4 1419.2532363192472 867.1539608056848 188.17687835817742 
0.2863845594784896 0.7765781145662203 696.7908643321263 399.223295192101 2.5199994102413257 
0.23130508355081714 56.06193463973776 335.43671030606936 314.1549793401846 3.2937335701834196 
0.3718114936470288 45.62541213749819 395.5957000174071 382.9187235651708 1.2542151758270237 
82.0 0.016889966645177848 1494.565108697539 1497.9344718748143 806.2519465389616 
57.37407840128867 0.002154804868469388 1418.402132418769 458.23127475372655 381.54144935313013 
0.3095901082639719 58.15403155190791 11.446573489040702 295.2124788767004 7.990774517697699 
0.21517750264991675 47.566166831071634 82.21859165758704 305.9675694720714 0.9472998177326906 
3.7267576370833364 42.04032878162196 2.936430328467244 212.55093432550635 2.3033577302763195 
4.5776775702283174 0.00424597618196419 1496.6315215125453 491.89977648867307 173.43622819903416 
3.468583590747688 42.35850796052105 510.10410607764595 345.6585898321588 32.73869640471316 
21.141791675829896 58.160060652013115 823.1982665119986 390.69449724585 4.9415194860776985 
0.09288719111002507 42.39661003251057 280.46545848389684 286.3097547192926 1.5737555820704012 
2.5541876669259747 2.629144739220319 989.6119790174463 454.9433671397382 35.727520320868166 
0.3131532489180937 57.757432934409884 2.2295248327773387 179.17768246308185 2.065275469288561 
47.28969785768918 0.004297082882974812 1491.814471413781 491.89977648867307 342.02742068845293 
3.591741922223436 1.1542942753729868 782.2683042274662 490.88880716835206 8.056356152130377 
3.604203199701507 39.760312803436776 113.52419440048422 155.29597446580075 1.9909800238396231 
0.21517750264991675 47.566166831071634 83.10458557750914 40.082475565474965 3.984388504524402 
61.88370850595669 3.0405090577723115E-4 1498.6564519491224 807.3072264955869 488.47563704891985 
0.307035957648588 58.23414800212367 58.03883140452248 15.778031201730272 1.1868528346358724 
0.21517750264991675 41.95480057364528 30.759709419349445 146.09889696764387 0.302813749495332 
0.09823894855443686 42.451190260298276 234.14454605188234 286.3097547192926 1.5737555820704012 
3.60324357226685 41.21608584570971 469.09914226717535 355.94322385558553 2.1740619303168254 
0.3131532489180937 57.575092106777866 2.2295248327773387 295.05601795332274 4.236639248264802 
66.05489703504169 0.01861479897426361 1498.6706885228252 666.244614681609 499.4073644101963 
0.3070368506216473 57.64270192444927 3.036231207650628 11.067472665150262 1.270231094021968 
44.966237655467964 3.0405090577723115E-4 1491.8123412500036 403.9407756402286 153.68869625825704 
83.0 1.3779167471706863E-5 1492.3174148420587 944.8161207602293 515.7359301311022 
36.37308268621251 0.19490285444382355 1189.166132550213 457.5269170190434 165.58121870209163 
36.37308268621251 57.41317828149974 1189.166132550213 340.0459664426112 178.17544076763517 
0.5942745140863739 61.50782883118981 707.4086573917108 374.7934383827041 4.324341422819834 
36.37308268621251 0.19490285444382355 1266.2578986766537 468.2245784948803 118.06741288825071 
52.13081127137582 0.003939783091657895 1488.637656098205 827.4242247568185 382.86993970273573 
57.29754804830178 1.3779167471706863E-5 1492.3174148420587 944.8161207602293 515.4390854655198 
58.130661807790446 0.004860321803680228 1434.861689687539 551.9887173941838 486.6166191431986 
0.21517750264991675 46.661518916100896 37.896901419352744 19.38565241390792 0.9755096780825974 
58.768390625226274 6.92127270481901E-4 1498.5850606441866 1108.9695002922638 969.6318856173523 
0.2713822384678425 59.03547553945245 42.87898767230309 97.88898174371678 1.5911914326273158 
3.7656897984681077 39.29437729765254 30.698176921961732 169.396409335275 2.257365324285325 
26.172331206469387 8.31563114527447E-5 1498.5848345982683 495.68789922585114 500.5476109103077 
0.2846407748385116 56.832314434734315 10.117161291739729 58.673807613416784 3.2937335701834196 
1.4379155864238484 0.7765781145662203 696.7908643321263 408.9492301358569 153.175390512881 
57.166302141800735 0.0021886137779002883 1498.2798667332822 1187.891553865185 529.1298188542144 
52.05265020696769 0.4680848639338673 1049.6353442635582 497.39880842646016 495.9075370410744 
0.21517750264991675 42.04032878162196 10.292937021195455 199.75285731030982 0.302813749495332 
0.8544381186907888 7.015652266908756E-4 1419.2532363192472 458.23127475372655 172.90169655801887 
0.21533325027535996 46.36708721226328 323.7203843098004 28.179637816244764 3.4364156400384633 
64.02951376750654 3.0405090577723115E-4 1498.6565962992906 1112.2204578600144 488.8747633751103 
0.034402192424412545 59.09363245636327 42.87898767230309 43.38522774624417 3.2937335701834196 
21.822283976798644 0.0018684753889537387 762.8342178327321 454.1941733766415 152.5683590195185 
0.30572313454226296 39.440512142883115 10.120257617995785 72.57520997281617 8.985286654299285 
0.35668478119267977 56.490799199829475 266.25307171116253 336.71075043998655 1.154660823531994 
37.70285213181026 1.556393997989538 1189.166132550213 366.9312098254328 0.4084071833184595 
82.01719036835235 2.22297358988887E-4 1494.565108697539 1098.2407456944577 546.3533426716929 
0.35668478119267977 56.490799199829475 266.25307171116253 81.87358202607263 1.154660823531994 
0.029418504687446 61.28173818757787 200.7495147237471 296.25071961396617 1.6834595814294366 
0.006061732615050303 58.204954950930336 9.554610835232914 273.2684257911325 8.699701708738704 
0.20106925786211804 39.760312803436776 5.328988961570566 155.29597446580075 1.9909800238396231 
0.35668478119267977 56.490799199829475 266.25307171116253 336.71075043998655 1.154660823531994 
0.5440638545211467 39.168767147917634 438.4263806132136 272.89658572402004 2.5880993993927786 
0.21517750264991675 42.04032878162196 2.936430328467244 213.08701408503066 0.302813749495332 
0.30643313358734414 58.204954950930336 9.554610835232914 13.651067860333697 4.563075527860329 
1.4539397135280772 0.0017214625905658948 1497.481095389605 622.6258781335953 478.10058679259276 
57.29754804830178 7.542610663162884E-5 1431.3001683486702 933.192981326144 487.33443287026466 
0.2668063313067889 47.566166831071634 61.29172568973881 305.9675694720714 0.8576412909572863 
63.590706583763364 3.0405090577723115E-4 1498.6565962992906 1355.2854563839367 685.5651711344506 
64.01022154146315 3.0405090577723115E-4 1498.6565962992906 1355.2854563839367 500.46959932446475 
3.468583590747688 1.133092528707067 510.10410607764595 454.88223316915486 32.73869640471316 
0.21463814792006125 56.8173388374186 70.53301487043063 366.2078240018253 0.7849960855795355 
0.2668063313067889 47.566166831071634 61.29172568973881 305.9675694720714 0.8576412909572863 
0.10985598164799959 41.59729995764557 280.5314303917631 405.0452104584384 0.4116606609248503 
0.3095162181825405 45.28132886287472 452.5170816168069 302.5993926132087 8.000042827538598 
3.4691362477079757 4.858548859122845 911.8495511857603 448.23969358777225 141.74662508655322 
0.307035957648588 57.76821250240238 30.96244947178102 15.778031201730272 1.1868528346358724 
63.590706583763364 3.0405090577723115E-4 1498.6565962992906 1355.2854563839367 685.5651711344506 
58.768390625226274 0.018853420934931364 1498.5850606441866 1108.9695002922638 969.6318856173523 
64.01022154146315 3.0405090577723115E-4 1498.8027352855352 1355.2854563839367 500.46959932446475 
0.07855161968761928 41.59729995764557 280.5314303917631 266.4077185452343 0.5184784455881875 
44.966237655467964 2.4886316463534897 827.0354917517045 403.9407756402286 175.3048600256651 
0.10967367255857179 47.566166831071634 83.10458557750914 33.09311401989781 1.862077909829447 
2.5733966376532895 41.29169214468948 1.3380568853987937 366.1077184947261 2.3147441476505177 
0.20616035666942978 57.36840629431193 9.377804575376656 326.27161208469914 3.826425666986436 
0.3095162181825405 45.28132886287472 279.9060718940806 302.5993926132087 8.000042827538598 
3.819573736769807 45.62541213749819 111.86363887943634 382.9187235651708 1.2542151758270237 
0.3055245780392777 58.199972239338436 2.1697422184664745 269.9640941666254 4.262862881064817 
57.29754804830178 7.542610663162884E-5 1431.3001683486702 933.192981326144 487.33443287026466 
