82.0 0.47117196199604544 1496.9383049754692 1495.9390302003326 791.8027712969568 
0.22352651872949098 50.712060280895685 1.7909466389100963 0.27270443720199466 0.3123799374665399 
0.22352651872949098 50.712060280895685 1.7909466389100963 0.27270443720199466 0.3123799374665399 
0.22115888170666234 50.491009811759085 2.6607070742365737 41.848114446618 8.21293002243916 
0.6100160307696488 58.13666681438562 355.25468555356605 386.673234412439 8.87952197603579 
0.6100160307696488 58.13666681438562 40.6605848789967 413.0461991010027 8.87952197603579 
3.723772050653608 46.529615949563976 647.2051521045917 386.0088821163073 188.9126665526784 
1.4983134919654626 3.9734203792616043 711.7251996580359 377.8499518247493 106.0737008717725 
66.88128741614469 0.3928078225437821 709.31493352809 462.1361647931983 120.03013730969559 
0.06791289844330539 47.3625454237052 4.811587627446929 376.21699475937925 9.268231975025577 
0.45045134276243326 49.08871760700883 446.2091310598779 353.45093410740225 24.070335046784777 
0.45045134276243326 49.15522653823725 77.67060476413263 353.495100347934 24.070335046784777 
75.02380648196973 0.4717858602108434 1496.612777056148 1459.1238324499013 791.8027712969568 
0.06692715296369456 28.15116943660536 3.5210092980020598 12.493759491609882 9.268231975025577 
0.15454906277042657 50.22984601170082 699.7987599035836 354.2128228805193 7.004562877042224 
81.90848275443089 0.05274418648692836 1496.612313846032 654.1359006387106 617.1952471252349 
0.7330165436255491 47.68223809997854 45.675608702991155 28.26497911559059 1.4543202322461912 
0.5745538434363874 47.2727492151071 30.110046070764838 374.87803254917856 3.2457855894109295 
1.294949229153881 46.838951413947115 69.73400390739378 66.67948583743305 10.23383619341013 
0.45045134276243326 20.85530841865516 272.2997849260994 352.3842807543528 23.8680079038375 
0.6100160307696488 58.13666681438562 355.25468555356605 494.24403459119526 8.864968490877242 
0.3441536862324841 50.35223671710482 2.840808529118486 130.43057251655767 8.91205981662433 
20.442931071447717 0.4712158267769258 1496.612313846032 837.4984806471177 626.2072847782554 
78.20938404897787 0.25095262536336893 1496.6113916457493 1312.2476120375927 735.9636615608373 
0.3596389866561936 46.235011450963206 2.6553145607775575 261.58293637395457 0.08536822697607871 
32.524025043633266 0.32001973284528645 1056.6445060296821 394.70425886145523 246.95192987012348 
75.2224574794565 0.4760025499866771 1496.6083140584167 672.9538326230455 379.2487263652093 
0.6100160307696488 58.13666681438562 390.1373882559337 494.24403459119526 8.864968490877242 
0.22115888170666234 50.491009811759085 324.36821234706554 11.43184408182694 8.21293002243916 
81.95886028796001 0.45266826618443196 1494.735424372424 1214.1874513105263 486.63386429303733 
75.14093632153904 0.4699365857369325 1497.167674415365 926.9147988998016 367.143482955523 
0.12838350208800525 50.712060280895685 152.48267493078103 0.25453933477258195 33.76856303278959 
78.19880107881612 0.4676827584381566 1371.394901649845 490.9420156926527 291.1878465032752 
33.121078972975155 2.3959707583808765 1058.2357004287574 490.2331287608641 246.79482623044433 
50.020899035503895 0.5458411806217429 711.7251996580359 380.8296721659465 197.03901767481216 
0.29340788385044275 43.24910717829097 132.3917301642635 370.2744857926892 4.054697780799614 
0.14220490757621007 50.19039983266407 0.4355332210183862 244.16048749366797 1.089376736257913 
56.677502739730784 0.25069136910430456 1423.9550327596735 1177.9199250425938 362.7838198492467 
81.75762874210682 0.0702532298720221 1489.2174058048902 1272.4061480784335 448.24289292796476 
0.22066963209157328 50.087702147191344 135.0104698455617 244.8161780555895 3.353887173436169 
0.6128946727975794 51.5002706703588 355.25468555356605 456.47928801466963 9.036352187825916 
2.3173335907619124 58.56749060804039 2.834663030176415 184.17305065086686 4.315431560183134 
68.4112944749313 0.32001973284528645 1132.4512132398404 550.2268154483122 174.1338987541713 
59.23884492058298 0.4808301568130513 1490.8117869842265 986.1078351939965 451.6219285499094 
31.29563575575638 0.46965459923685304 709.31493352809 490.3316023692676 238.55072380714256 
33.121078972975155 0.47353115859020445 1058.2357004287574 490.2331287608641 246.79482623044433 
0.35760636543812063 47.24622934146695 8.276446224717645 187.6914039956925 9.80255071872529 
57.06124398061452 0.4697289766168158 1496.6113916457493 1204.8635230886498 860.6631693855188 
0.22068048038448188 23.620306627393173 51.92317765438464 127.6258870569568 0.22707280189317797 
63.944666399783955 0.3927209325334573 1385.715505808664 592.7429184123838 372.8188454188308 
1.3443470434097466 47.40715775087647 3.5210092980020598 12.493759491609882 9.268231975025577 
0.16484724242186743 50.359718512714615 2.189431134841925 244.16048749366797 25.824696590172138 
0.45045134276243326 20.85530841865516 272.2997849260994 375.4758583285183 105.35580654971142 
5.565409510015251 58.8409828724549 413.26289905191004 283.14578711466385 7.573646467153409 
78.19880107881612 0.4676827584381566 1371.394901649845 448.89065844976903 291.1878465032752 
0.22352651872949098 50.712060280895685 106.54810629159078 0.27270443720199466 0.3123799374665399 
0.1988881721616229 45.4315484468616 0.2704127503457574 329.45454558402884 0.052079449425945334 
63.944666399783955 0.3927209325334573 1409.3668513225916 576.0631944456754 199.13751027719252 
20.576421277306057 0.4820534978888299 1493.9075748166103 624.0623523622555 339.7262186495857 
5.565409510015251 58.8409828724549 413.26289905191004 300.5146721294234 6.672874363269012 
78.19880107881612 0.4676827584381566 1395.332107799246 448.89065844976903 101.25577758798278 
0.22068048038448188 47.69604812038003 51.92317765438464 127.6258870569568 0.22707280189317797 
0.2704434985566033 58.13666681438562 132.24506267533826 386.673234412439 8.87952197603579 
0.24072270194493472 45.4315484468616 2.9327687408956926 349.092009256251 0.0975759558245124 
0.6738585126285987 49.36566895048626 474.01186616988883 355.8120625684681 264.6356570766021 
0.3596389866561936 43.3178043408125 8.129320378506634 268.3477227842257 9.2099768758687 
0.22352651872949098 50.712060280895685 1.7909466389100963 0.27270443720199466 8.074110137532386 
70.3363852924926 0.48183084688446365 1486.5898508190842 652.2598585028264 366.9311412551492 
56.296845245798636 0.4820534978888299 1495.5950342407748 624.0623523622555 339.5965968983498 
49.02512499583763 3.5889643060326972 711.7251996580359 380.8296721659465 106.0737008717725 
0.305701386156616 49.93237312921947 108.39418090228224 244.8161780555895 0.07031242815196748 
19.90730743652084 116.5607380284668 625.0427227114027 380.8296721659465 197.03201664769438 
82.0 0.4697289766168158 1496.6113916457493 1323.3980956085911 898.7251814269333 
0.3596389866561936 46.235011450963206 8.129320378506634 274.61247217590744 9.2099768758687 
2.4207761409765167 47.40715775087647 23.363678622550736 272.89222959489143 9.268231975025577 
0.6036745638772558 48.1139328694843 292.53133571310093 282.2794454261067 0.8397285194756456 
58.38884034841729 0.25020156542549904 1489.202958423351 1177.9199250425938 445.1514064044077 
81.95989002356119 0.4697289766168158 1496.6113916457493 1214.1874513105263 860.6631693855188 
31.292389301069868 0.32001973284528645 994.138739513902 370.61331602211834 174.1338987541713 
0.3163313964148915 40.00907595125169 52.0342872191964 57.00047423525979 11.277600464358592 
0.6264305569347305 48.28325154953484 321.6002111284315 299.64833044086623 24.99557483464247 
33.121078972975155 0.47353115859020445 1174.9161471624266 490.2331287608641 246.65156495969842 
0.15454906277042657 50.22984601170082 699.7987599035836 354.2128228805193 0.03235022780396335 
66.19393717903058 0.3927209325334573 1385.715505808664 583.4303730810266 279.5036182099476 
82.0 0.4697289766168158 1496.6113916457493 1323.3980956085911 898.7251814269333 
77.55483819098373 0.4696625405009308 1464.4005274009924 822.091687265205 379.6827333288053 
58.38884034841729 0.24867001673849082 1489.165223302661 1177.9199250425938 445.1514064044077 
56.677502739730784 0.022999626547314356 1423.9550327596735 1177.9199250425938 362.7838198492467 
31.292389301069868 0.32001973284528645 971.4866313203983 370.61331602211834 174.1338987541713 
32.524025043633266 0.32001973284528645 994.138739513902 394.70425886145523 227.9667004136218 
0.15454906277042657 50.24276494529544 25.006584532720183 349.7850570604983 6.956152862786967 
0.21368399171618271 47.588590730449745 69.32707356758272 306.3535675849897 10.341304348481474 
31.094336412894524 0.4808301568130513 1477.9788160032135 1002.3553656410687 490.8885682880382 
0.45077816767200546 48.05837050362308 324.5333600092402 282.2794454261067 25.848838658664476 
0.19041677639796895 45.4315484468616 55.63325704342846 329.45454558402884 0.052079449425945334 
78.19880107881612 0.4676827584381566 1248.4909785196242 490.9420156926527 291.1878465032752 
0.6100160307696488 46.82244615338496 40.830961582961194 115.78332770741576 1.1117413732063293 
0.33688671208904 48.35001475469494 2.6600778574446515 208.08197004751523 9.268231975025577 
0.19041677639796895 51.127318148824315 54.85070352023655 275.2061628258385 0.052079449425945334 
0.529530728297607 47.588590730449745 75.08892353384212 354.1678969862254 10.341304348481474 
