46.942530096803324 0.1570158848360112 1495.1947689178153 1497.6776375138984 1024.7229156622768 
0.031151753351248812 59.111249821617655 0.6688956651180007 1.62333574814636 3.1995925560430747 
46.942530096803324 0.1570158848360112 1495.1947689178153 1497.6776375138984 1024.7229156622768 
0.031151753351248812 59.111249821617655 0.6688956651180007 1.62333574814636 3.1995925560430747 
13.747207443509694 27.282544755402395 443.3142046449774 292.82961630574806 0.2305595236665241 
1.0470835760559574 58.3333958115359 545.5394086438912 313.92550531644537 1.971981891596501 
75.17129911838214 0.05998673486888012 1488.9716989130768 644.108054452958 417.86365325544125 
47.640540262145166 0.3920939661446451 1498.8241707865402 1011.5164802383715 630.6774512368619 
0.1210675720098866 50.56701885508772 258.1791455545928 376.50598160869686 0.03379042152478018 
75.17129911838214 0.05998673486888012 1488.9716989130768 841.8233978549335 417.86365325544125 
18.289269275987238 38.18542261890346 354.30779665272127 312.4543580626008 2.50398187839017 
0.374001422394406 79.05369145625717 715.8230854331855 418.5222023402874 14.984388120542135 
82.989385063961 0.39107047821364915 1499.9716759424675 1013.4735199303921 1046.2612575553048 
8.98384131510544 2.0845640888349397 1043.4080812039192 506.8599195625131 1.3404075965974238 
0.13358944087708358 22.64682876397095 58.653301233373256 125.52741048396265 4.041396843045277 
0.8673742702853856 40.050827018742964 0.008206162108560289 312.8978526855984 0.35018399749565354 
0.39771570504907827 57.246472927203506 21.19317441820289 15.177911211475319 0.3709862550863118 
0.12088724650723227 50.56701885508772 4.598675887337222 376.50598160869686 0.03379042152478018 
54.99507095248978 0.18608413604386204 1496.1030957939186 1373.6779892428597 637.2700116728088 
0.9017327990283195 61.91749733391602 10.720857440448643 6.836785156334331 0.9948701437524703 
0.6648177035263447 50.56746499629319 162.4547181963333 91.91303751810729 1.158436750350461 
0.3536234140355083 50.56746499629319 10.887899915246578 288.1996020716382 1.0826434205937256 
1.7786096877147717 56.99012732167728 407.2177585822484 315.2823816970607 10.204358390092287 
0.031151753351248812 57.19003955845441 0.6688956651180007 89.6759379619538 1.7845822700390754 
71.22776144452872 0.15305441602756797 1496.0963907999026 1308.5280083985522 474.9986877528005 
64.79209097889073 0.21038496738885126 1499.3804797306675 996.1515799302438 305.32255271739916 
0.14738455997479322 58.99894115926154 0.49395288885879296 278.900819732955 1.3328024954236481 
21.118995430496422 0.08184184085752655 997.4075471930661 380.11911942690983 178.78142823357425 
0.3536234140355083 50.56746499629319 13.903017204761845 134.2436413907275 1.0826434205937256 
0.1261099580942111 40.050827018742964 0.47476253186951123 161.33785044332618 2.203563765014276 
82.989385063961 0.39107047821364915 1498.8241707865402 1096.444915733176 630.6774512368619 
0.5066221728316505 59.111249821617655 92.49308684321738 1.62333574814636 3.1995925560430747 
82.989385063961 0.39107047821364915 1498.8241707865402 1013.4735199303921 408.16091492029636 
0.02705807325649956 57.28262662548483 73.26357141854308 370.551882817135 0.3709862550863118 
13.482883265928415 59.07712986920948 539.3863120741755 400.5487275911689 201.38241317865226 
0.2781675668739041 58.99894115926154 323.82305487788244 250.9239992297848 3.259566918373892 
2.51307787130738 57.25424635024993 400.76129760538004 215.95317283230932 2.21093412451578 
0.22993749953067394 34.26918551222393 5.043909546995329 39.60237022305068 0.3202454857790292 
48.76768821017146 0.1874742979375652 1498.2089638499642 1308.8467289298492 678.3688781963899 
0.11636925769535088 58.03324837121497 6.681577217485881 340.5870530032635 3.1995925560430747 
53.16717300256343 0.025494649294048398 1480.6276774366434 651.5667084108461 266.49124895963087 
0.5176755411897934 57.25424635024993 3.4683241679281203 250.2205944644677 0.1498153115473797 
1.1457399650401001 2.584000955519169 714.3048494308815 405.6737926841064 2.993406487026552 
49.21296638175681 0.06420868626907517 1205.4526402701133 647.4090602540577 203.54120422739967 
71.22776144452872 0.1593270245782946 1496.111131267711 1373.6779892428597 1002.7858900256523 
1.903958185734948 56.96191783786414 526.264263726816 360.1548839887427 5.085449381944378 
81.2032851114575 0.02539848485096004 1494.024095664486 796.9072987509702 375.0740075514344 
1.2124385080553708 0.01936700336479713 1366.945892858289 469.0630660767589 222.439280330122 
0.7024694109290957 57.312035543238395 27.64401986442423 61.96164631230539 2.065617791238915 
0.3107777338743473 59.07712986920948 539.3863120741755 324.6067726419682 144.1329524365068 
0.618378272395491 59.10703701940383 0.366359563882658 105.84493235936263 0.36276341183250327 
14.507641240093434 0.1324726056210206 810.0551819883405 332.5404546548705 39.263644515169915 
0.6648177035263447 50.56746499629319 162.4547181963333 277.2395913686218 1.158436750350461 
2.1434139102377943 50.56746499629319 162.4547181963333 91.91303751810729 1.0596102438874269 
52.26386276411413 0.1324726056210206 810.0551819883405 424.26402002550174 39.263644515169915 
53.16717300256343 0.025494649294048398 1480.6276774366434 814.9682546371884 266.49124895963087 
21.118995430496422 0.08184184085752655 1147.262974411 424.26402002550174 184.2893676104403 
0.0797250376794866 57.598729507375005 0.15136162835281652 359.15133075940713 2.2037924487629486 
54.08602491878667 0.01504311383393693 1480.444029684837 559.5177309721473 284.84237227394135 
0.5006846399228231 59.10703701940383 4.644031518967605 237.91873240496605 2.2492861363199452 
1.6223213027705143 56.99012732167728 270.115408221473 311.08898882060373 10.20221178706257 
0.22520281598677877 59.078331314410654 206.8910748222382 392.8006829993201 1.05572847653843 
0.618378272395491 59.10703701940383 4.644031518967605 105.84493235936263 0.36276341183250327 
48.25280885794333 0.03437905323950624 1474.4396860378288 656.3062892243938 222.439280330122 
0.8653791430842406 40.050827018742964 0.25237926727123083 39.60237022305068 2.2351223850719237 
53.298261906596224 0.06420868626907517 1205.4526402701133 453.9534055156242 204.5616806186351 
0.114003758968376 58.03324837121497 6.681577217485881 216.78096295253994 3.1500559422614383 
0.0034720814260819077 59.11124401580059 96.43665327625386 398.92921098322546 1.05572847653843 
0.6648177035263447 55.31610340089827 65.57756499453112 91.91303751810729 1.158436750350461 
0.2726612312854361 59.41767651486143 4.644031518967605 401.00395738257265 0.3223289075361404 
0.9081949928444825 58.46029749836255 0.080728589115314 401.00395738257265 2.2391395921489616 
0.7486096960605177 59.135016225324414 120.56936477581522 234.9364343213524 24.997543357528144 
0.17635674181047603 57.25424635024993 16.93229376064417 278.1974149676378 0.1498153115473797 
17.841288007985376 1.276725024548726 1210.4835266959835 439.3087976641672 205.7785597972349 
0.2227720296238983 59.07712986920948 539.3863120741755 392.4245185475117 144.1329524365068 
1.1518750376587792 40.050827018742964 37.2180818972962 422.1777825441731 2.203563765014276 
82.989385063961 0.39107047821364915 1498.8241707865402 1096.444915733176 630.6774512368619 
54.99507095248978 0.18743173465269927 1498.808871729743 1373.6779892428597 837.6139793305662 
0.16787500236237984 59.10409807561147 5.640686578276373 332.57529989568826 1.05572847653843 
71.22776144452872 0.1593270245782946 1496.111131267711 1373.6779892428597 1002.7858900256523 
54.99507095248978 0.18743173465269927 1498.808871729743 1373.6779892428597 837.6139793305662 
50.442289547302494 28.766979878634775 828.9341256597177 439.34401010761036 182.62209725513884 
0.37296128608925017 0.1588844264788507 717.1888074392957 418.5222023402874 251.58466667252213 
0.0797250376794866 57.598729507375005 0.15136162835281652 359.15133075940713 2.2037924487629486 
0.012344552329255909 57.28262662548483 57.93500613415786 87.57680519887784 0.3709862550863118 
0.4035016499586932 57.25424635024993 46.58496124367403 298.2075000365347 6.874998753153882 
54.79532904209495 2.0237799888385304 1049.0116545002425 506.8599195625131 1.3404075965974238 
0.302977285726568 59.11046488919916 178.18669208887513 329.39078964672865 1.05572847653843 
53.298261906596224 0.06420868626907517 1099.899553237528 461.48830282897427 197.51721867180856 
0.5158363101091867 57.17199101401567 544.3568629157666 401.501349198821 11.370543252301864 
22.84917344089215 0.044492709262726526 828.9341256597177 442.39161092747486 224.52478733318085 
0.05769309690303359 59.07712986920948 802.1232267471595 424.6042464462858 144.1329524365068 
0.7024694109290957 57.312035543238395 8.826746306382681 61.96164631230539 1.9004142571868474 
0.029555718515560978 55.87218477431431 5.806974865216863 261.27979022514006 2.3940024095904158 
0.5158363101091867 57.17199101401567 544.3568629157666 401.501349198821 8.750269744688795 
55.99626151656936 0.025494649294048398 1495.1982576511032 814.9682546371884 266.49124895963087 
22.774003607620244 1.2354050870740105 828.9341256597177 445.53040845724865 182.62209725513884 
78.71191844694613 0.21038496738885126 1499.1431706409855 996.1515799302438 300.2323099575092 
3.8798449342110075 0.01936700336479713 1429.6898501463836 469.0630660767589 234.37211395703287 
0.029555718515560978 55.87218477431431 5.806974865216863 261.27979022514006 0.5179591689110907 
