0.16266249473080535 56.02047165507254 1.7257282726453216 1.2153574596060253 4.019848452870537 
82.0 0.09754342206623559 1497.5552257519198 1479.6106656733054 1235.5591715978221 
0.16266249473080535 56.02047165507254 1.7257282726453216 0.9783177850530618 4.019848452870537 
82.0 0.09941910732408799 1497.5552257519198 1479.6106656733054 1235.5591715978221 
0.09692135531623397 58.15858894834293 21.811722586670946 370.57096620383845 4.360831821489974 
0.1742326354512475 1.6677876942125565 1259.3595531693677 632.4500270192683 296.10511397784757 
0.2780556438511181 58.06169935266452 102.54655063733402 365.53768637128695 4.380289629957807 
59.59588390968676 0.019769461317858422 1499.7480319590063 514.0954796521883 279.7933467183921 
79.153116838501 0.013334887014722865 1494.7290394701686 1432.930369069474 599.2382038481505 
0.09158646889426869 58.15661045062316 100.23694000269919 124.14613672975247 23.77969633606334 
0.08645007530186355 53.454755743319836 516.5391883096356 338.1766869811508 2.231722504665826 
0.1577330983667332 56.02047165507254 1.7257282726453216 15.096442673657258 4.01979699065594 
0.1557595584194606 56.02393550587844 0.7966772634140078 33.427687397350475 2.8078093139806066 
60.504741476646934 0.029607663248623517 1446.5419219132918 637.8288081922682 326.4845341980479 
0.01357643898647265 58.514440152627195 9.998986907389877 158.24773973288487 14.841830947997508 
0.014016211575753751 52.016048917365694 52.87114457776482 183.25536170293566 1.3459936123634684 
61.13084101730943 0.3273553626147403 1488.6448680639505 1148.3747870295783 500.8508238028832 
55.68339667700957 0.052556245708325414 1495.063363008662 1398.0236553438376 1130.706346359821 
1.906754354628685 2.3520070238633473 1495.2022239328983 378.4125264009742 328.94986882432147 
0.2790370787655174 55.177411381691265 102.54655063733402 365.53768637128695 4.0166562075055605 
61.13084101730943 0.3273553626147403 1487.098584206103 815.6895999025103 635.2442837662663 
0.2784588692684007 56.60548013580984 117.84402359612375 228.86458902149133 5.857992224489067 
67.73441166009819 0.03514740648093553 1497.6303830805573 687.3008889868971 337.72623795952086 
49.797209717509475 0.09676957665155986 1499.4605338996325 1403.4630575498647 600.3478241462855 
79.87451392629455 0.009898802134925694 1494.9765408741514 863.6599577055243 755.8928612954697 
1.4208885349717943 54.087009913564536 634.0155399060745 368.08948564411713 1.2415202290585308 
0.2790370787655174 55.177411381691265 283.3976108815343 342.49573601373095 2.614731427058319 
0.2712515014890395 58.087332902458506 21.811722586670946 132.29282557524715 4.2306895153550705 
81.6979685240626 0.09676957665155986 1499.4605338996325 1231.2392996202543 600.7064979779168 
0.9947531546027335 53.757501753071416 633.5038575081113 316.453894053506 2.3919353003439077 
0.45434641024382455 55.4180839605433 293.00359012045067 340.3328611949946 72.63934211729487 
0.46144761448711824 55.29393359213054 182.01672252780884 338.9884168499021 0.4957496744806842 
1.428849414516228 53.9667959202155 255.5311688309344 405.38806583242194 0.4804241722379423 
61.467567372650535 0.35060487463293555 1471.1902398080824 607.3241643958748 249.07115455502895 
27.246305053745647 9.160218697302508 977.3311856435772 307.33078059400634 312.89460858880636 
0.07681414967735249 55.177411381691265 108.5782657216562 303.49972511852366 2.3642512879080515 
0.4340578004583525 46.38655012410465 2.254165764844821 43.78436446653523 4.041632447044181 
0.4584154185142501 48.82043222940345 36.93128391040945 300.8220426337414 2.2858531101733544 
0.12061378367506381 58.140281139292625 2.758159329172309 109.73448396574328 8.963277387240574 
0.052649054926581895 48.69945460010113 3.0136849209698866 262.3471158890793 5.101891340823997 
0.27533948489829624 58.29516429449593 8.793299421996608 94.20786136351195 1.472643596389343 
0.15771260679562255 49.891669853192134 4.04363749749664 129.61794558414385 2.32951263295567 
81.84660530864761 1.337918660896968 783.8377021198489 483.89328803258485 221.10767825062197 
0.3967584685592982 55.083484648397075 87.75858469495336 233.9757965000382 11.278584595544018 
0.4340578004583525 45.953812077547354 33.72181871139912 43.78436446653523 32.30693883087214 
0.01158932760019359 55.543781698583764 35.385865222916074 226.5070954456108 1.6455887797879996 
0.47636324306648437 55.29414471367724 182.01672252780884 363.0338520620956 0.4957496744806842 
49.797209717509475 0.09676957665155986 1498.5237117994725 1184.693500308972 600.3478241462855 
0.018040638067280818 58.288949675921465 380.59957162552763 336.54470803741907 3.7028725330300976 
129.0 1.337918660896968 997.6839308663561 483.89328803258485 221.10767825062197 
0.28501353458291706 55.29414471367724 182.01672252780884 338.74653967486654 2.324090788909465 
16.77926083760279 0.3273553626147403 815.3867374612829 343.36315293641024 192.88611619716687 
22.670733198122935 9.080744666474175 638.3375448648841 325.1182893194794 46.32698669103354 
0.010628494881219155 58.40710539419187 523.577294338023 278.726094712683 14.462520466565323 
55.854811035067016 0.03010390228488722 1495.2022239328983 1136.9811940311392 326.5830907579849 
0.2710127152862851 58.15661045062316 9.72759939496665 84.96005827297816 5.666977567779919 
0.176768981304402 55.57195017468019 24.636845403213755 227.62986126219516 3.6829127444280516 
0.1742326354512475 1.6677876942125565 1259.3595531693677 448.43382982868184 295.0236114097029 
0.08864468848818252 49.510192803647946 404.61355711531024 325.4931611434521 4.360831821489974 
8.374815575356067 45.64296056369167 335.8468852552386 359.36047761901995 211.08091729736003 
0.09213251539004089 58.15661045062316 94.02384458113923 112.50126921088028 23.77969633606334 
1.4162732116726906 54.087009913564536 634.0155399060745 368.08948564411713 16.835285132562504 
60.577911569142046 0.03010390228488722 1497.8292105268577 1136.9811940311392 326.5830907579849 
22.670733198122935 42.17146997146564 661.0513707218082 416.71927017644845 60.23884514496185 
0.1742326354512475 58.27115428152121 10.62746203329112 216.59159087972853 42.07198513467691 
56.23142165088277 0.03204107210302615 1490.6586687547094 1430.7190732927713 1229.811669942283 
83.0 0.0991459798077455 1499.7089016167465 861.4186409002165 600.7064979779168 
77.17386641270181 0.1015329373877707 1490.4664900651069 1190.589974481501 603.4628056428841 
23.009794904668077 48.285075442894026 661.0513707218082 416.71927017644845 6.784381425137454 
16.77926083760279 2.9692142821821506 815.3867374612829 398.76015454869827 193.43829339217376 
0.44813911288212027 58.29127537988968 40.695495432107506 33.37022242123548 0.4804241722379423 
0.11902118196172484 0.5636206010155941 1176.8966821762424 421.6897835265396 230.22141016260468 
0.005531161789219641 52.016048917365694 51.18327139243058 236.81725448229625 1.6455887797879996 
0.08864468848818252 58.14058429098341 24.901766388549845 325.4931611434521 4.360831821489974 
0.1468857361495771 59.21182191477505 4.04363749749664 141.49467989493013 4.404491556207743 
0.3213043641888689 60.50330684947767 219.2924742952685 333.60226069949294 18.382903926511005 
79.153116838501 0.0965387460884008 1494.7290394701686 1303.999427148735 599.2382038481505 
18.504197313416142 0.07235099591754235 853.3955101415498 439.87976382514296 222.3286358741453 
55.85274924595966 0.03010390228488722 1499.129253682793 864.1786848092091 326.3037189351778 
0.2814187670681747 0.3273553626147403 815.3867374612829 349.1959497644839 161.01763883748427 
55.85274924595966 0.03010390228488722 1499.129253682793 864.1786848092091 326.3037189351778 
0.14747731407028486 58.29127537988968 40.695495432107506 29.146275304083247 0.4804241722379423 
17.007592116276946 67.63441603741337 693.1668720373132 371.8348782228944 16.43409260893573 
66.97409052893278 0.03514740648093553 1497.6303830805573 687.3008889868971 576.3297478919976 
0.8109395947016962 46.28177275680452 0.7966772634140078 67.10641605760097 2.8078093139806066 
0.01357643898647265 58.497826729395044 9.998986907389877 278.726094712683 14.462520466565323 
56.23142165088277 0.03204107210302615 1490.6586687547094 1430.7190732927713 1229.811669942283 
55.68339667700957 0.09665376154804228 1495.0979987481733 1398.0236553438376 1130.706346359821 
63.163648921666066 0.074098791017303 977.3311856435772 618.8264176905302 312.89460858880636 
79.153116838501 0.0965387460884008 1494.7290394701686 1303.999427148735 599.2382038481505 
68.76147095055718 0.03514740648093553 1455.7526088057884 687.3008889868971 576.3297478919976 
0.022311157521929914 66.46395856355339 698.1359509947038 379.80823666516824 241.88983908802743 
53.97995305015398 0.074098791017303 997.3711513346875 618.8157399686377 312.1721903323508 
72.8005861320685 0.03514740648093553 1497.6303830805573 687.3008889868971 391.6065704016967 
0.4412140382527237 53.757501753071416 4.824127191729019 316.453894053506 3.368774431754531 
0.2735631442599745 55.177411381691265 19.02022965329715 342.49573601373095 2.614731427058319 
0.12498304119032114 55.165969478982944 211.29683029417234 375.7990884912541 2.7856515230588568 
62.880431206804225 0.3803345528939879 1176.8966821762424 421.6897835265396 36.23208788937755 
62.880431206804225 0.3425308407914585 1176.8966821762424 421.6897835265396 247.8012572995765 
0.937106487174777 0.3273553626147403 815.3867374612829 343.36315293641024 68.02979046984451 
