0.40243904935960473 45.6582979256375 0.3487342971818097 0.9112166878400387 0.6413674200978714 
77.22113293814276 0.03278108975924782 1498.6332418328554 1463.2029363594634 933.841141322037 
0.40243904935960473 45.6582979256375 0.3487342971818097 0.9112166878400387 0.6635868144641925 
3.997673674805167 45.567226553035766 349.9263453426953 349.56847256508445 6.459848263589944 
0.4605362125177759 45.6582979256375 5.183915200579605 226.4810267225519 62.16063094425218 
2.517077974204033 44.08243250796998 394.43555198782224 357.2422892846306 2.764959845819644 
82.0 0.14255157909622304 1495.0192206943639 1074.9546923924613 523.4775790987335 
78.85884504597217 0.070860954869384 1496.1882451091797 1217.6835618896687 894.8443976197038 
0.43799548484711237 45.89054416526763 75.25946591586518 226.72305443836493 3.7388802718986827 
82.77483006614665 0.30934586241255246 1451.5208880890204 1363.331286183457 484.1372563615606 
82.0 1.0676205793566425 1497.0912918623173 1192.0977634096075 477.14110343028165 
0.4322027620990326 53.84211585387516 75.25946591586518 249.46224395836262 3.774611524238862 
82.21596475671632 0.26566167867723994 1498.636968855398 913.9161313611648 268.92816172464575 
0.40243904935960473 44.954214191322066 0.3487342971818097 262.65104726081245 0.6635868144641925 
0.2017995054764058 47.672770290166326 551.4252237977346 317.44155601574414 10.910532145686773 
0.4322027620990326 46.375623799532505 75.25946591586518 90.00913493292359 23.06453274894517 
35.95261310982435 0.7959967372171661 718.7126008840576 357.3926889839157 158.889254200832 
0.20152714096348134 45.57834344925906 208.45846319933014 320.9087854026908 1.5687838434487689 
0.40387987524721103 59.89405768155402 3.804812006070428 318.8498463639184 4.041559806006933 
0.9164783935132255 45.55755072022249 352.9637882009946 240.15853013412809 3.137599727186057 
0.6911267631537381 60.474635933859105 249.20596799646015 349.56847256508445 7.7771927370441745 
60.10998629289424 0.6357489736495694 1450.4835885139491 739.6169747984836 246.34328044079382 
5.771910268043566 45.655682487278604 467.5068499758238 374.5450375198241 121.79577962447874 
0.6751813409386644 45.6582979256375 19.874505939214085 97.42353994746156 0.896000929153536 
3.9966372371028562 59.89405768155402 344.24048713181907 318.47698812670853 3.951507293448511 
0.12720194755817404 44.953093013419114 659.8480960707975 344.7241455318433 120.23537621408018 
0.20298234635977508 0.18864870497891767 876.0629686863292 431.1848837864001 67.3891191914243 
0.47291892437533534 0.7202876639819671 568.0359723004542 373.93767186446604 160.22777450719875 
0.42933390465271504 59.959044879372165 147.25062278952063 208.40073871616096 0.9767868120119501 
0.4947035419291412 0.7202876639819671 595.3735127597291 373.93767186446604 160.22777450719875 
0.549846859947023 52.72352914930818 467.5068499758238 362.6427336801373 121.79577962447874 
0.11812346948138003 45.651293418383354 64.2584201733491 349.56847256508445 6.9085619605290685 
0.12724367118641786 45.929489476881315 12.016503928481402 166.64302190930164 0.6413674200978714 
81.99441936183814 0.24434621803786127 1498.6900526931358 1483.6709265701543 478.5280279737321 
77.66095204523057 0.018154896087604677 1498.5134204093563 718.939845833726 573.2816792288605 
3.8801027480502235 45.55610466986792 20.856677754385174 2.7858848576648967 9.966040643932544 
0.08450307873974272 52.33569281026083 217.76420009469842 366.72547324629835 83.97768049531862 
17.114231067176675 2.8483160135493044 1340.7032645556205 441.99464485462806 149.47797768064808 
0.49257801230865433 45.6582979256375 5.183915200579605 226.4810267225519 0.896000929153536 
78.78320178329321 0.08875515432996521 1498.0666848033104 1230.9886579028034 482.47130895663383 
75.13463773932229 0.1750432530453373 1116.7661922613127 561.8907562992806 287.3679181251993 
0.31056002743607725 44.94087795329039 5.584306773714296 184.92348169394472 4.29291682424045 
0.10609518348135381 59.81290115438788 133.21471742095022 41.06060484557969 0.8453619567220811 
9.114334513502751 0.20093965324417695 1442.0435703346152 944.4018847106515 230.73946373775894 
0.09985172535724324 47.744933325589514 668.4468915777884 294.5328582369829 117.02194253942153 
51.6275485348634 44.67435483378884 645.386221271388 457.85465260410575 8.441163802160574 
81.99972961142691 0.26566167867723994 1498.636968855398 910.7913572269148 477.13819006738515 
1.4910120475377937 1.9029236484963654 1497.0912918623173 452.8257352287639 222.83808211833798 
83.0 0.2771288142050117 1497.0912918623173 1028.046529068237 485.1425964418138 
1.6841991843992927 2.287305229988384 1388.365845920977 435.48007313952274 226.49373402845262 
81.85305229591441 0.29704988243393043 1488.797962097929 512.5030076350243 174.15324300090316 
80.60458202111457 0.20093965324417695 1497.068177547622 598.5351394349952 229.245110256675 
1.9867387667236898 0.09240746908373465 1487.2236530026223 555.2791168509242 159.6972861262525 
0.16969683731085206 60.01804121728832 9.998349027858325 156.43087530254894 4.052373235927586 
82.0 0.26566167867723994 1498.6332418328554 564.9246113471913 407.3904707258216 
0.4744813815880574 45.557727545652014 6.167257449934103 201.59537826799078 3.1608916252268857 
37.12686939293057 0.14698196874977087 715.2729147976751 562.4850500567071 52.33329619475154 
0.4727595348333446 45.6582979256375 5.158465348866059 41.06060484557969 0.8915604346269589 
0.08600139973070228 60.09622545644064 0.3487342971818097 155.25385584603944 7.415893957311498 
0.1153544124586009 47.788181700159626 551.4252237977346 289.77377071335826 10.910532145686773 
0.02593433903121889 47.788181700159626 539.3602806632402 289.77377071335826 4.085283389358738 
0.6979149851022467 45.557727545652014 2.502519298269789 326.70350800209314 3.1608916252268857 
0.4322027620990326 46.4155404697976 7.466593834982056 90.00913493292359 22.71726143652611 
33.204115993837505 2.5142420423548444 666.4722963735683 357.3926889839157 158.889254200832 
7.714919345560574 0.9535608016373125 996.4804197628279 369.4364450478055 165.34711335513018 
81.99441936183814 0.24434621803786127 1498.6900526931358 1483.6709265701543 478.5280279737321 
0.40243904935960473 45.083722921254335 0.3487342971818097 443.9629695628099 7.207093785499748 
0.10609518348135381 57.70483080191485 30.142095549911932 41.06060484557969 0.8915604346269589 
69.73635899232458 0.3020585757615766 1442.6664340077348 428.1151402425621 281.5708332484387 
0.11433553805657276 45.52071412262411 26.91789743359068 404.77504077445974 0.5454914347132656 
78.85884504597217 0.27826424837394736 1496.132224400082 1399.9155751274725 928.1066432965745 
1.4910120475377937 0.2766024336221218 1497.0912918623173 637.2708545328433 222.83808211833798 
0.4322027620990326 45.658434510377006 75.25946591586518 40.99350206321334 1.0195889217410303 
82.0 0.26566167867723994 1498.6332418328554 910.7913572269148 408.8848206743514 
60.32622143742152 0.6267225677301392 1474.746216355809 783.0387074512347 255.60418175822542 
83.0 0.9986196159441754 1497.0912918623173 984.7548572848905 485.1425964418138 
78.23860837085002 0.7959967372171661 725.7827642840005 357.3926889839157 158.889254200832 
0.0926856278077042 45.31026491727225 218.1049731244156 346.69388360664954 4.691827996108678 
1.0588944845992483 0.5722471341666733 1176.9071748153915 436.6304735058676 207.85670064842202 
0.11523821210539142 47.672770290166326 30.85647377096182 352.4961232309583 10.910532145686773 
0.49454415238715044 45.6582979256375 0.7440846456611698 41.06060484557969 0.8915604346269589 
37.12686939293057 0.0861690459142904 1115.8508710758292 559.7864946409109 52.33329619475154 
2.4536108977389475 3.3488941585173038 1169.300135039358 380.0725730002788 0.34389831462873566 
0.4509963302912441 52.865543673170166 44.64670475265284 172.03628902701692 32.348773190515104 
0.6249102042066239 59.89405768155402 344.24048713181907 318.47698812670853 3.951507293448511 
0.08236676182705746 52.865543673170166 134.48472432200015 348.8905577172303 32.348773190515104 
3.051924505062942 59.89405768155402 28.89269807723329 318.8498463639184 10.866838209650604 
0.40047290928115953 45.6582979256375 4.8108482204742575 182.02423881154022 0.34389831462873566 
0.43799548484711237 45.89054416526763 75.25946591586518 218.5143041294709 3.7388802718986827 
0.10510915593486825 5.3237392408058 1388.365845920977 348.8419205893455 218.69119886708802 
82.99911354583939 0.28502277742824117 1497.0944841852531 536.1573198743033 192.8895761110941 
3.063500843515122 1.651974954037847 1311.3615173910134 358.40293886043986 54.07902963384504 
0.11812346948138003 45.69121008864844 9.081835074358253 349.56847256508445 6.560714194016904 
0.10823150039389803 47.73718718756344 30.142095549911932 41.06060484557969 0.8915604346269589 
0.49257801230865433 45.6582979256375 5.183915200579605 218.27227641365786 0.896000929153536 
0.40243904935960473 45.6582979256375 0.3487342971818097 7.550951798068418 0.6635868144641925 
55.98557003971513 2.039244623580103 656.2028859242346 457.85465260410575 158.7649387557443 
78.85884504597217 0.27826424837394736 1496.132224400082 1399.9155751274725 928.1066432965745 
60.32622143742152 0.6267225677301392 1474.746216355809 783.0387074512347 255.60418175822542 
3.4677757713609756 45.55610466986792 20.856677754385174 346.1201241592986 0.7596543405406102 
