61.842484172798734 0.2818534350266135 1490.3221072483805 1441.3227115234058 1129.0688456090643 
0.06666001721874049 48.71284976693584 0.9339937630643789 0.7261076690521628 0.33544755196131804 
61.842484172798734 0.2818534350266135 1490.3221072483805 1441.3227115234058 1129.0688456090643 
0.06666001721874049 48.71284976693584 0.9339937630643789 0.6888258973783268 0.33544755196131804 
1.3566175374157181 47.009236311221485 5.981915679318682 95.22201275577999 0.6789380434889516 
3.422752895149035 2.944068400081626 1020.0647637004646 352.3627697216057 128.49330933334912 
31.20974035379844 0.14760997550353105 779.4394178580728 327.90625397426413 216.32748693158538 
0.484093203794167 48.71284976693584 9.864270040830412 37.14479055203454 1.9162947388776541 
59.60962849184172 0.04295602391013098 1498.7441165414655 1446.7276225141454 780.0960264837734 
0.20533267875760286 65.18781211774585 39.222172517561106 96.77185740031189 0.7163931224142994 
0.509467989790037 45.51300761439896 9.864270040830412 261.2709878400692 1.9162947388776541 
49.92982537896409 0.4404753342809087 935.6602650091575 471.3385618349689 370.9626497139982 
3.9505386421075714 46.86620242038647 320.27677851902337 317.97146593253126 0.7826210203487577 
0.704484568561 46.043823771848864 21.421853476024786 307.10591605869223 14.324322073982565 
49.82575527786965 0.27581241932499123 1434.6685217963577 597.5823169973609 325.61612845130367 
50.64640614920369 0.30584828469286063 1498.00378378739 1439.604144536052 661.0188768729613 
34.805637190860935 0.08545341293298847 1159.5616951153572 517.1912750657018 321.3742220530261 
28.701752401876675 0.16141870794828372 797.6807082778851 471.8249989344349 216.32748693158538 
0.24567810079226682 102.39361667359667 148.64023663495766 340.3087720273114 10.388543112653117 
49.24973592386965 0.20199780483747487 1412.831987383788 548.4882675136049 292.64689425209576 
1.2730600843695552 49.785544540660794 10.334769096200546 72.20361841415328 3.3826299212277995 
3.9542923173472047 46.85427920638654 2.021244520083968 308.35963766351557 0.717892994159444 
3.5434180268360365 63.142866160651856 6.897296855875922 245.827507727777 0.6874952543158788 
46.5571332931202 4.05985754772327 899.0057795991664 454.0137068758097 215.81244009935594 
49.92982537896409 1.1544210991250239 1003.8662800595395 506.28674797615946 370.9626497139982 
0.011997533822621809 44.526629393821956 10.334769096200546 338.3241688443333 0.08230112249176758 
37.92354669575205 0.2766808894483309 1498.8014357650736 670.9611825949492 353.15472716455776 
0.002854865602635292 54.66705278579371 453.9948781421655 358.35247459112594 0.4170343994588883 
1.2501202473816806 41.76062847613861 188.02826141416944 305.339896801749 1.5801038722482126 
52.11506422983875 0.22715244946994062 1498.8920822809887 1364.2581195247776 663.6079602030486 
0.06666001721874049 48.915781988087616 0.9339937630643789 24.364908965867357 0.33544755196131804 
0.002854865602635292 54.66705278579371 453.9948781421655 358.35247459112594 51.318168419614246 
0.06666001721874049 48.96048783855816 631.8018115290604 294.4251416510078 1.9049926171330043 
0.20533267875760286 46.21381692458787 2.021244520083968 244.1845051733582 0.7163931224142994 
0.06534232428470213 46.36887101603813 0.9339937630643789 288.3745937399773 1.9921429305377973 
0.24567810079226682 102.39361667359667 319.8031313528204 350.27069937034275 10.494776358809155 
50.09827581390865 0.19605467655443043 1499.3546787194157 1178.1766976327604 349.9992256439913 
0.3828469533536154 0.16141870794828372 1406.3843690333174 471.8249989344349 216.32748693158538 
0.008749197258037578 43.34220683629106 424.9302251863576 319.5190627344001 1.6350682480895666 
62.141551255460996 0.0790935966554144 1138.7402418969718 457.48550062672473 261.0204187029287 
47.231093283804114 0.03037463996565222 1498.6640454795083 806.0030109208466 581.2603036057662 
1.3376913779948567 48.60112198312992 243.7557639804819 50.603908349408854 3.2595815869535762 
0.008749197258037578 43.34220683629106 305.529091109579 317.88923690671805 1.6350682480895666 
0.07393512458233864 46.00590249347809 19.862797577177215 47.78536064755684 3.3826299212277995 
0.5091334667088949 0.36379172323932707 719.1284005993894 383.31598450738375 49.73757250120978 
0.24567810079226682 102.39361667359667 319.8031313528204 350.27069937034275 4.76035615029849 
32.449082709202855 32.557185983174094 314.5227481620914 367.049908330083 54.05369778194262 
83.0 0.31330711489883784 1499.1611367285363 902.7449887448761 414.8566104042069 
67.00949460214491 2.944068400081626 1020.0647637004646 449.80242433617894 128.49330933334912 
61.68859422129188 0.2855752775592526 1484.693553785001 709.6512841958499 334.1152481866909 
46.74115805930054 0.20048212818497158 1498.900245141991 853.1257428934168 370.9626497139982 
49.354695201916286 0.16141870794828372 1406.3843690333174 471.8249989344349 205.43099291010034 
50.21119467732834 0.021542517532610727 1498.0811899386435 951.5625122311886 660.8003517626526 
0.03005489062881744 43.335566740953055 253.4742318946831 317.88923690671805 6.258854991717072 
0.06534232428470213 51.842216182848205 5.033646031368448 288.1705276514146 1.9921429305377973 
0.20533267875760286 46.21381692458787 37.811587231650066 194.7604421271368 54.04712896853179 
0.11362906097851758 77.22511273261435 732.7710597072244 286.0745734024365 2.1160300152030143 
52.99427943006822 0.31330711489883784 1499.1611367285363 874.8270067324363 638.910407177953 
0.0557279466127623 45.9640688140704 22.000855024261668 358.41769055076827 4.41798863313575 
0.027466656695628328 46.093253750388726 56.42163676978855 96.06376075788927 10.458605764089553 
0.02987520211445127 46.038375914086274 90.42603803391432 87.92147886267523 5.769771720093942 
7.437830302146065E-4 46.155431412323665 67.36407007521586 346.66693867235466 1.2652433401332934 
37.92354669575205 0.2766808894483309 1498.8043215773482 670.9611825949492 603.7260646735963 
37.37185662256202 0.14460626892030676 1498.080808884301 1301.4548382958833 657.8855841572342 
31.119980656794333 0.14760997550353105 734.516919289066 327.90625397426413 216.32748693158538 
50.23393103789639 0.013048139811008566 1498.0926364667675 1231.86859832537 428.3954586493918 
0.027466656695628328 48.49248266396394 93.74750612249468 96.06376075788927 6.122350568682453 
0.05175837063845522 46.241286254930074 0.1699804637296971 359.32823741576703 0.7166393110257002 
50.62892370510571 0.03164978817294248 1498.0921525138815 1348.6691500227735 357.89338486293644 
50.23393103789639 0.013048139811008566 1498.0926364667675 1236.8371064800624 428.3954586493918 
1.2502693444321271 41.8801117884514 14.53797296516369 409.2716832591651 3.3826299212277995 
0.5297344469822737 46.102525488460216 142.69210783079 67.9031950268693 5.789730771979999 
34.538821389118354 0.030864432529264976 1498.0926364667675 950.3471313992889 660.9380874965292 
2.315552760877253 2.944068400081626 1121.4674242028616 419.23488329938516 128.49330933334912 
82.0 0.14460626892030676 1497.845763455698 1301.4548382958833 638.7320798940979 
3.414468486475892 95.71041933683773 723.2494709426924 378.629641948826 36.706812856352826 
0.5091334667088949 77.67517525363027 789.6376359350446 274.26770223568064 22.049409267237344 
0.23100355550905305 46.2257401385878 320.27677851902337 253.79633344262092 0.7811211486036133 
39.056167589971345 0.03156026248776034 1498.1097645289842 1155.9567572700848 365.64236743143965 
0.002854865602635292 0.3845015703832324 482.3499889333365 354.7506015142227 301.1976704728448 
0.0557279466127623 45.9640688140704 21.619749769850994 358.41769055076827 0.7444237895459096 
0.002854865602635292 0.3845015703832324 605.5163429156821 322.172323461091 301.1976704728448 
57.587704497793325 47.69005291320044 351.7902320581366 330.82268317203386 0.7826210203487577 
0.008570409301776499 46.04501600942427 80.71236078951321 87.92147886267523 1.1497135578303856 
1.111135228132703 42.41518984578621 14.20991164049082 404.08983355203327 3.3826299212277995 
50.62892370510571 0.037098279142429386 1498.1550354267426 590.7970383453828 357.47535868060885 
0.027466656695628328 48.493546300311024 142.01460085039494 96.06376075788927 10.300247643245584 
0.484093203794167 48.71284976693584 0.9339937630643789 10.932051941659381 1.9162947388776541 
1.2501202473816806 41.76062847613861 236.9097866939232 27.221506804050193 0.6561851247137245 
45.53417847094823 0.17557876400942618 1312.2111939586755 578.6247638959177 309.43397507097404 
0.20533267875760286 46.21381692458787 13.549727070387817 194.7604421271368 0.056371196910156685 
3.5964033894307974 48.532416328547264 195.06409343227767 96.06376075788927 10.300247643245584 
3.27401330393909 40.885462139294255 639.4224921719197 307.47572757877526 41.828211516290644 
47.231093283804114 0.03037463996565222 1498.6611596672337 806.0030109208466 330.68895922425065 
0.15546317374683238 46.11513352174302 259.1450653233347 333.71188915089306 0.6910090218513288 
0.20533267875760286 46.21381692458787 74.03408817085612 425.2513015713888 0.48530045885865625 
49.08390682487135 0.20199780483747487 1412.831987383788 491.616143223306 226.31428341842297 
0.15546317374683238 46.78757527578813 259.1450653233347 333.71188915089306 3.3240028084323154 
0.5091334667088949 77.67517525363027 789.6376359350446 274.26770223568064 50.87046991354142 
7.437830302146065E-4 46.155431412323665 67.36407007521586 346.66693867235466 4.3327855025238176 
