-0.552 5140.0 
-0.322 3566.0 
-0.426 3873.0 
0.372 3001.0 
-0.301 3538.0 
-0.387 3729.0 
0.207 3105.0 
-0.563 5744.0 
-0.554 5230.0 
-0.534 4694.0 
0.132 3160.0 
-0.24 3444.0 
-0.374 3687.0 
-0.492 4221.0 
-0.56 5534.0 
-0.512 4412.0 
-0.421 3848.0 
-0.526 4578.0 
-0.335 3587.0 
0.494 2921.0 
0.292 3055.0 
-0.544 4892.0 
-0.537 4765.0 
-0.016 3240.0 
-0.354 3634.0 
-0.541 4834.0 
-0.557 5398.0 
0.331 3026.0 
-0.565 5883.0 
-0.435 3903.0 
0.087 3179.0 
-0.088 3293.0 
-0.397 3774.0 
-0.548 5012.0 
0.458 2938.0 
-0.504 4327.0 
-0.456 3997.0 
-0.55 5110.0 
-0.527 4608.0 
-0.501 4298.0 
-0.539 4791.0 
-0.473 4093.0 
0.165 3135.0 
0.238 3082.0 
-0.136 3337.0 
-0.564 5802.0 
-0.545 4969.0 
-0.562 5649.0 
0.584 2863.0 
-0.51 4385.0 
-0.246 3461.0 
-0.525 4555.0 
-0.382 3709.0 
-0.54 4813.0 
-0.194 3388.0 
-0.515 4439.0 
-0.367 3665.0 
-0.535 4714.0 
0.041 3208.0 
-0.469 4066.0 
-0.559 5474.0 
-0.059 3272.0 
-0.347 3614.0 
-0.494 4245.0 
-0.293 3517.0 
-0.441 3927.0 
-0.11 3316.0 
0.414 2971.0 
-0.546 4991.0 
-0.517 4484.0 
-0.536 4742.0 
-0.553 5182.0 
-0.522 4532.0 
-0.53 4634.0 
-0.52 4502.0 
-0.481 4140.0 
-0.566 6001.0 
-0.409 3799.0 
-0.275 3487.0 
-0.416 3823.0 
-0.549 5039.0 
-0.485 4168.0 
-0.516 4467.0 
-0.448 3955.0 
-0.561 5587.0 
-0.464 4039.0 
-0.205 3410.0 
-0.555 5263.0 
-0.532 4662.0 
-0.558 5416.0 
-0.556 5379.0 
-0.498 4275.0 
-0.396 3750.0 
-0.567 6068.0 
0.524 2901.0 
-0.507 4357.0 
-0.478 4118.0 
-0.543 4865.0 
-0.488 4199.0 
-0.172 3367.0 
