-0.514 4434.0 
0.115 3156.0 
-0.52 4509.0 
-0.509 4378.0 
0.507 2911.0 
-0.358 3641.0 
-0.334 3600.0 
0.084 3178.0 
-0.558 5423.0 
-0.478 4123.0 
-0.518 4476.0 
-0.504 4332.0 
-0.543 4875.0 
-0.556 5317.0 
-0.563 5721.0 
-0.521 4531.0 
-0.523 4549.0 
0.291 3044.0 
-0.546 4967.0 
-0.554 5250.0 
-0.453 3984.0 
-0.227 3424.0 
-0.445 3944.0 
-0.441 3921.0 
-0.071 3282.0 
-0.483 4161.0 
-0.512 4405.0 
0.015 3222.0 
-0.467 4062.0 
-0.531 4645.0 
-0.492 4224.0 
-0.473 4101.0 
-0.415 3817.0 
-0.553 5218.0 
-0.375 3688.0 
-0.506 4354.0 
-0.036 3254.0 
-0.539 4786.0 
-0.459 4011.0 
-0.555 5284.0 
-0.303 3521.0 
-0.54 4813.0 
0.059 3200.0 
-0.432 3885.0 
-0.562 5636.0 
-0.464 4045.0 
-0.367 3666.0 
-0.537 4751.0 
0.386 2991.0 
-0.142 3333.0 
-0.488 4203.0 
-0.515 4454.0 
-0.557 5373.0 
-0.158 3356.0 
-0.549 5046.0 
0.425 2961.0 
0.534 2892.0 
-0.561 5600.0 
-0.529 4616.0 
-0.185 3377.0 
-0.391 3734.0 
-0.535 4716.0 
-0.211 3402.0 
-0.31 3549.0 
0.604 2851.0 
-0.527 4589.0 
0.57 2870.0 
-0.407 3795.0 
-0.27 3481.0 
0.465 2938.0 
-0.256 3457.0 
0.227 3083.0 
-0.348 3622.0 
-0.544 4901.0 
-0.495 4244.0 
-0.499 4278.0 
-0.47 4080.0 
-0.398 3768.0 
-0.382 3707.0 
-0.532 4678.0 
-0.534 4697.0 
-0.548 5020.0 
-0.545 4930.0 
0.156 3135.0 
-0.55 5095.0 
-0.426 3859.0 
-0.502 4310.0 
-0.486 4183.0 
0.333 3018.0 
-0.552 5146.0 
-0.525 4568.0 
-0.284 3498.0 
-0.542 4844.0 
-0.331 3577.0 
-0.421 3840.0 
-0.103 3306.0 
-0.547 4990.0 
-0.559 5471.0 
-0.56 5550.0 
0.187 3109.0 
