-0.553 5194.0 
0.314 3031.0 
0.487 2931.0 
-0.513 4414.0 
-0.409 3802.0 
-0.456 4007.0 
-0.483 4178.0 
-0.433 3886.0 
-0.554 5237.0 
-0.415 3822.0 
-0.533 4686.0 
-0.123 3322.0 
-0.541 4822.0 
-0.209 3405.0 
-0.564 5810.0 
-0.549 5075.0 
-0.559 5483.0 
-0.563 5726.0 
-0.16 3354.0 
-0.539 4791.0 
-0.401 3778.0 
-0.538 4773.0 
-0.557 5397.0 
-0.545 4922.0 
-0.081 3285.0 
-0.439 3926.0 
0.006 3229.0 
-0.448 3948.0 
0.547 2887.0 
-0.555 5362.0 
-0.33 3602.0 
0.506 2913.0 
-0.56 5533.0 
-0.565 5851.0 
0.588 2864.0 
-0.537 4749.0 
-0.55 5091.0 
-0.438 3907.0 
-0.547 4975.0 
-0.532 4666.0 
-0.523 4539.0 
-0.395 3757.0 
-0.382 3717.0 
-0.496 4263.0 
-0.05 3266.0 
-0.499 4293.0 
-0.548 5009.0 
-0.502 4311.0 
-0.422 3844.0 
0.443 2953.0 
-0.51 4392.0 
-0.472 4087.0 
-0.551 5116.0 
0.353 3005.0 
-0.562 5667.0 
-0.319 3556.0 
-0.525 4570.0 
-0.451 3972.0 
0.407 2977.0 
-0.493 4236.0 
-0.561 5621.0 
-0.266 3469.0 
0.269 3071.0 
-0.531 4642.0 
-0.481 4144.0 
-0.246 3447.0 
-0.296 3515.0 
0.113 3165.0 
-0.223 3429.0 
-0.504 4329.0 
-0.308 3534.0 
0.172 3122.0 
-0.363 3652.0 
-0.098 3305.0 
-0.507 4361.0 
0.213 3095.0 
-0.467 4062.0 
-0.329 3578.0 
-0.49 4211.0 
0.076 3184.0 
-0.187 3382.0 
0.132 3147.0 
-0.352 3626.0 
-0.558 5453.0 
0.036 3206.0 
-0.542 4866.0 
-0.53 4626.0 
-0.514 4438.0 
-0.477 4116.0 
-0.427 3862.0 
-0.521 4509.0 
-0.552 5147.0 
-0.517 4465.0 
-0.544 4896.0 
-0.535 4709.0 
-0.281 3495.0 
-0.528 4604.0 
-0.464 4040.0 
0.293 3051.0 
-0.373 3682.0 
