-0.526 4591.0 
-0.353 3638.0 
-0.517 4462.0 
-0.514 4426.0 
-0.528 4608.0 
-0.486 4179.0 
-0.403 3788.0 
0.524 2906.0 
0.054 3192.0 
-0.493 4229.0 
-0.483 4155.0 
-0.499 4287.0 
-0.337 3590.0 
-0.557 5412.0 
0.568 2881.0 
0.511 2935.0 
-0.279 3489.0 
-0.495 4262.0 
-0.502 4306.0 
-0.551 5131.0 
-0.546 4968.0 
-0.228 3437.0 
-0.474 4101.0 
-0.291 3513.0 
-0.111 3315.0 
-0.548 5022.0 
-0.45 3972.0 
0.436 2959.0 
0.267 3061.0 
-0.386 3726.0 
-0.534 4702.0 
-0.374 3688.0 
-0.49 4207.0 
0.588 2858.0 
-0.394 3754.0 
-0.25 3462.0 
-0.511 4396.0 
-0.415 3822.0 
-0.458 3999.0 
-0.216 3407.0 
-0.46 4018.0 
-0.447 3945.0 
-0.555 5309.0 
-0.556 5336.0 
-0.533 4684.0 
-0.554 5234.0 
-0.417 3858.0 
0.337 3036.0 
0.01 3234.0 
-0.525 4574.0 
-0.505 4337.0 
-0.54 4815.0 
-0.531 4661.0 
-0.429 3882.0 
-0.433 3902.0 
-0.565 5882.0 
-0.552 5159.0 
-0.56 5554.0 
-0.55 5114.0 
-0.465 4041.0 
-0.042 3256.0 
-0.562 5659.0 
-0.38 3704.0 
0.201 3103.0 
-0.561 5612.0 
-0.48 4135.0 
-0.545 4950.0 
0.095 3170.0 
-0.471 4080.0 
0.234 3083.0 
-0.145 3338.0 
-0.468 4059.0 
-0.543 4876.0 
-0.539 4780.0 
-0.441 3921.0 
-0.547 4997.0 
-0.53 4631.0 
-0.346 3611.0 
0.023 3214.0 
-0.522 4527.0 
-0.081 3286.0 
0.384 2995.0 
-0.536 4730.0 
-0.508 4368.0 
-0.524 4552.0 
-0.184 3372.0 
-0.52 4496.0 
-0.364 3663.0 
-0.549 5045.0 
-0.317 3551.0 
0.138 3147.0 
-0.566 6011.0 
-0.553 5190.0 
-0.537 4751.0 
-0.563 5736.0 
-0.564 5823.0 
-0.327 3569.0 
0.174 3125.0 
-0.478 4119.0 
-0.559 5477.0 
