0.5331458734522282
0.5631382581510962
0.5587273086344418
0.5673945229852104
0.5108072633033168
0.5550837619901143
0.5050899180809206
0.4848406382403244
0.5411160423188903
0.47079619928307326
0.5041003930035148
0.5169455736170304
0.49641976666101084
0.5021609976039687
0.5503371332594194
0.5255817918853442
0.4531638769977379
0.5830507067273961
0.5561045964436795
0.5134790395198239
0.4955458956200446
0.47932864687210375
0.5104634907763347
0.4755913783706013
0.4830627303048594
0.5127307270154593
0.5081496507087314
0.4942638650452136
0.4750639631646478
0.575678252892369
