0.5417709979545561
0.5325939758268771
0.5485897003682355
0.5746555535960052
0.5470499088585233
0.5637937356039351
0.5415770248411473
0.5258463681665615
0.588204005520962
0.5504651181905523
0.5467724522376529
0.5656745736486833
0.5297596711874084
0.5544367321412563
0.5838369241274202
0.556216817039391
0.4936366086854337
0.5798822516005737
0.5617278616485843
0.5284511925279345
0.5176695004128264
0.5127014800279389
0.5327966859407277
0.5307716353082105
0.5198694383521292
0.5367606430711728
0.5392923571752696
0.5344299695784235
0.5187416397068695
0.5871606614663305
