1.2877645401804152 48.77922627414056 36.52263637270687 23.385495134454203 2.8033951912465014 
63.2805928523138 0.3996743819305708 1486.986518373544 998.3302096291221 413.47564310069396 
8.801530462621194 39.985582150862435 536.0730547654016 359.32584549510307 12.588410633957157 
8.172582901847717 55.32826024701385 1.0085891410153405 8.386583563349397 9.951025174927782 
78.95055180740646 0.12036231564256958 1499.9224207651332 1026.6640668702441 634.4977968459949 
2.1706911304069934 49.700042671910566 9.33650111979879 185.36799515260242 3.5427430525250685 
22.94417466841894 1.7575876262049874 542.4023158092568 391.5589566958088 115.9406002352955 
0.0023913164213089644 0.6438196657468822 878.149105755816 315.988541328056 65.18148646720198 
0.24545117242876913 52.91566295790387 44.12090548126815 245.23554016032062 5.20154288453435 
28.80552786298317 0.4040137039043633 1427.7636351234503 464.6547782336438 183.14719659586123 
61.78972175569792 0.31906064704188825 1483.15326742048 1445.095801194043 873.3642793012311 
23.85929375481325 0.36802177108452183 1485.4907780659003 737.4803183730089 350.3372679294177 
39.62816745764373 0.3192997865150559 1409.3639564681398 553.447917330271 257.91350735573013 
9.427034744318384 31.474981154582657 288.71741185754905 400.2976843273475 36.95584281498705 
19.56597805284812 0.3085084744134821 1465.3203228573668 506.38262752247635 224.57411448416525 
2.0215371668366267 35.862354555230326 37.57911393285826 315.90274606985656 2.755162740321264 
43.48256118048707 0.005389212617515682 1219.5768079483264 465.78869718103437 240.72611549599236 
8.50669974526532 54.403274203646774 689.8582389150022 342.9416941232821 65.46222467253742 
11.878090243509941 0.1211199841821362 890.1587894855518 391.04978310395313 136.43993369423444 
69.04655797066079 0.31914745948574197 1498.790567112409 1384.1371631604165 599.7158296166297 
2.762100161129483 54.371836701125055 83.0387073705663 348.78996627819436 7.957294233513936 
29.129293431744976 0.40259054965302987 1143.0589129659247 474.1857860028896 264.68823974122165 
10.24473304054077 12.614053196861637 703.6487302826148 340.664186923274 28.178803830364558 
39.76732416441393 0.01985520724414469 983.7718463213783 344.4984456428663 106.27823207462686 
2.1888723599216258 49.700042671910566 34.1740169596407 401.80052073477657 2.3558835689073465 
80.91962957108711 0.24138208082723614 1477.6535884369625 530.5599729961368 280.7625442628189 
8.566215010335505 42.64214771946417 481.34941419637613 311.98123829129344 3.7897246022797475 
80.91962957108711 0.07825051247666429 977.0635092844498 496.9234916475902 258.20466316548544 
8.09454718150276 1.6482776555180862 756.2978326806281 401.4572574456676 112.38174418586868 
44.035020583553674 0.29877433514841645 1465.3203228573668 506.38262752247635 224.57411448416525 
9.246005930082568 0.6438196657468822 744.5138558045339 315.988541328056 65.18148646720198 
40.18278141187105 0.3303301694834378 1499.7186295683439 1026.6640668702441 634.4977968459949 
39.76732416441393 0.01985520724414469 866.2588768026486 344.4984456428663 256.14191281369676 
1.963283348729533 54.373284152075435 7.683130561442587 361.1273204431821 1.4068498423906894 
66.22731852260497 0.32564124675977785 1498.790567112409 1255.9620839130473 573.4792820723551 
28.80552786298317 0.4040137039043633 1098.1578189650465 464.6547782336438 183.14719659586123 
2.0608211916216432 49.700042671910566 34.1740169596407 362.12247056743405 2.512498252791263 
8.473284715508964 1.6957749560979831 779.983081690071 350.8915455820686 66.74860187672412 
2.0596468296427677 44.51557554574869 291.5400349808874 362.3528351764704 132.77790646762006 
8.59614706987296 30.90151413298229 637.1202432097061 342.83546288808867 73.50435432371711 
58.59199849766806 2.9285992802766234 1262.3442962243364 467.83020426669276 276.07432813730213 
65.68598586858012 0.31914745948574197 1498.790567112409 1310.451777570069 616.2754210930108 
63.10617786612286 0.36765071327237697 1478.1722592591743 892.0622571364686 258.62725886697876 
32.9464064371629 0.14964114674904083 1013.7361545359131 325.3158875287412 184.7352289372974 
1.313889232478021 54.40442391121203 65.48986275323571 446.9519480431497 2.8033951912465014 
57.72858645248909 0.3191903651620036 1482.9268887789892 1096.1042284439472 730.785587525087 
21.279196083768632 0.30873953862437453 635.5090584640013 359.75525163509707 164.1535449977984 
22.166641793580403 0.23131234478119966 1001.6214501006281 478.01951671348604 258.89367562179524 
0.2427020774116207 53.952668638720255 8.2226992699542 440.85875251661423 0.22630460749908665 
2.1706911304069934 49.700042671910566 34.1740169596407 125.55497759185343 2.6881582718460892 
27.381898533221634 31.40673233456585 196.24215618228948 313.9601322349585 33.622029676641965 
77.21023607585907 0.48731967117709907 1480.6944302812897 1201.3530772051436 635.637170019591 
80.81079621637164 0.23894466852031165 1494.2388781510556 715.6168533219767 409.18674870005793 
76.99664372183187 0.10930177336144781 1473.9102151299367 1470.8921915546214 641.8943572847429 
44.23578189538124 0.29609206974654084 882.2005336878326 463.04623423893065 183.94299400916574 
29.129293431744976 0.40259054965302987 1328.410025902337 471.261734115752 258.718461833529 
2.1200016195019913 31.40673233456585 196.24215618228948 313.9601322349585 33.40087324877355 
6.468657780494414 0.3205408724045604 1467.5297297473667 467.83020426669276 261.17442746252607 
58.84603429566296 0.2017336201453505 1424.4793562335433 574.9162282404016 258.20466316548544 
39.62816745764373 0.24360365626433822 1409.1241557698518 571.9924702647912 257.91350735573013 
1.960067841496145 54.01977016085275 253.402958318485 361.60083548533777 1.4068498423906894 
23.85929375481325 0.36802177108452183 1485.4907780659003 768.7029178941957 350.3372679294177 
8.78987550651643 39.985582150862435 309.24695682244464 362.3528351764704 12.213519538339106 
40.45607888972141 0.24218203158817309 1495.342465244468 576.4438605802466 352.47041437579594 
40.79170554998987 0.30611860352506026 1471.922084992581 674.2307270560759 289.5303218425165 
2.1706911304069934 49.700042671910566 9.33650111979879 165.8619716954471 2.6881582718460892 
23.82204174897243 0.13124616622403784 992.0807386950532 401.41716911585485 130.92743704708664 
60.47729402322301 0.23131234478119966 1413.9084133312092 684.091462775202 258.89367562179524 
9.283810951752635 0.6431164093410446 1219.5768079483264 531.7196789463655 259.08032871798986 
40.45607888972141 0.3302030731272298 1498.1566878996298 1015.7853549761764 359.89709463481176 
2.0215371668366267 49.700042671910566 9.33650111979879 201.10503020670308 2.6881582718460892 
63.60597965340196 0.36765071327237697 1478.1722592591743 905.3803316571499 537.6496523393769 
1.2877645401804152 48.77922627414056 65.48986275323571 23.385495134454203 2.8033951912465014 
0.5061169537953596 55.08972759933243 7.683130561442587 239.47775554879513 2.755162740321264 
28.80552786298317 0.2931781148179722 936.9668530378195 464.6547782336438 183.14719659586123 
1.89249836875262 56.202285488358804 1.0085891410153405 90.15367652680163 10.352846048201965 
0.1336030795925216 53.57226147846494 388.4540126350546 33.124081748116936 3.4289881636548896 
61.75225439336821 0.3221333842815283 1485.7126094984133 1064.3900767566827 409.9823541040204 
19.9469953941749 0.022787192943036425 992.0807386950532 395.4486660116961 357.4312050627277 
22.73045867022676 0.0189323925029469 980.5010244167554 465.33705605507316 257.82514209429183 
8.566215010335505 42.55957448035914 481.34941419637613 340.682054859369 3.7897246022797475 
8.473284715508964 33.26917552505617 466.465835922916 340.664186923274 65.04624053809543 
8.473284715508964 35.520327032818045 466.5986513879886 361.91121627194576 74.83170179638259 
44.23578189538124 0.29609206974654084 1219.5768079483264 465.78869718103437 183.94299400916574 
45.89800093990702 0.00560928362733476 1476.7962819330705 461.51726481893786 192.81581641560587 
76.8071180546715 0.48731967117709907 1477.8424447212155 809.5693766472937 597.8774608611271 
1.8903402600821195 56.202285488358804 1.0085891410153405 7.588285685460335 1.8866045933122635 
59.14555661251786 0.2017336201453505 1490.542269880199 576.456275278092 258.19527471725564 
2.027412162699304 30.90151413298229 569.8797627826934 342.83546288808867 64.4292972656402 
8.15701568869992 31.40673233456585 523.4854729099625 401.96957282214214 33.40087324877355 
40.79170554998987 0.30611860352506026 1495.6452800849227 674.2307270560759 289.5303218425165 
25.083365162433367 1.267216274449762 779.197410160484 421.1597470910649 115.9406002352955 
80.91962957108711 0.24057351458243317 1494.2388781510556 683.876686785363 258.20466316548544 
39.76732416441393 0.01985520724414469 892.4681685874602 344.4984456428663 106.27823207462686 
2.0215371668366267 55.08913959509396 7.683130561442587 314.4379980957656 2.755162740321264 
22.94417466841894 1.7575876262049874 791.3066325132182 391.5589566958088 115.9406002352955 
2.0596468296427677 42.502177410995714 291.5400349808874 362.3528351764704 12.213519538339106 
60.99998742942104 0.3191903651620036 1483.15326742048 1085.6507131268354 867.738123925897 
28.918175616229323 0.4042475809852384 1491.418528614865 788.2390359642211 458.44725712927607 
2.0215371668366267 59.125430762350845 41.992570846372246 91.11943292025967 6.553275729046311 
