5.933858827294304 26.162504907670186 478.68923560603344 296.0331273925011 45.74949312080861 
0.2509227472497457 39.94132162066856 101.7505728348435 77.70711573187495 11.422871982455138 
1.5295071848990247 43.38605582993299 162.75728257820336 337.44112897130697 34.260759180463666 
0.33245339427859755 70.23405005815232 48.53863176409067 92.56247950642816 11.497835595691715 
30.185382756539298 0.030009530064184803 1065.4230012492144 480.68673578787946 195.7374182280508 
15.77523879247018 0.38854070914728567 986.5634916269042 417.2164322924068 145.26987781696508 
3.486399173364961 38.840613229001676 555.6193699433034 344.6742884703467 139.50243753921018 
30.185382756539298 0.004592574579213273 977.9656934293816 480.95827470251623 186.1109817824791 
1.80600401961419 45.211871881052915 40.81098467981783 79.90020414815112 11.55811522712088 
77.78048790464682 0.05539172664507609 1380.137560516474 581.3491899229413 269.56556406055296 
66.41634759315777 0.37021926530231397 1145.1366916397742 512.8205667049525 341.67366536820583 
10.129670761474848 0.26093934865420626 644.145909640421 406.7117898970221 7.82427062874023 
80.88729961903061 0.27409128840197877 1486.0150310257347 1391.4796522660542 462.50146910522824 
53.50509354173083 0.014245763260799942 998.2018933691012 475.0770181457759 197.0979214261497 
0.692343980162685 57.80410477075281 106.73082074616637 201.75795173577376 2.469571172045228 
30.2056976885001 0.40197031422016727 1236.7439036649444 469.77770572523906 222.10185093382535 
7.47352497895382 24.63556141759377 514.3081421187885 364.33202229174725 52.2294166383389 
29.045517105530944 0.02925526408123555 1163.804366794126 489.90649608322246 233.44454493072556 
0.5244621558278206 60.49327055872013 111.35533204104509 343.6966403944553 11.974397636429249 
0.2781975636944214 53.5174970058323 357.97234062165927 321.9083206621571 81.55199913908355 
0.958775270533156 60.29514210384278 371.23335850076364 287.71742664225883 75.26310948277951 
0.18600225176247998 36.45598122617141 21.293015429288715 361.7442601253038 36.57794748383634 
43.094266395555906 0.11414776735258977 1488.913446497378 737.5173048344363 293.1945941030579 
1.5295071848990247 43.38605582993299 162.75728257820336 361.7442601253038 34.260759180463666 
29.441599931557555 0.04775618631071851 913.3580456057495 392.9614640587621 232.78524354544695 
22.631505905682932 0.4398819139411732 1488.9007254707092 576.6252092928243 499.6841473553312 
29.097135242267385 0.4177763912736855 1463.5777348734823 497.76620393226773 229.82888828233672 
29.441599931557555 0.42176781402278096 897.1034705634451 392.9614640587621 144.18849219233238 
3.756014426540953 64.84505109713126 37.486010604894 310.0501777975045 11.974397636429249 
9.590818193611254 78.95610014101989 406.05956395524345 404.38797728025185 52.69670855863304 
35.686536478121596 0.014352585497478948 1145.1366916397742 512.8205667049525 341.67366536820583 
78.26591072548996 0.16401910466437683 1498.7655991871668 793.3417427012139 345.79585879571886 
15.77523879247018 0.38854070914728567 579.8177319167795 344.6688051043914 151.3243274243677 
5.992789152061844 46.0096097102322 478.68923560603344 343.0320028966912 45.74949312080861 
9.666875348020602 0.26093934865420626 644.145909640421 412.49152642829137 54.128259549052686 
27.667315527900016 0.11414776735258977 1481.734675635106 737.5173048344363 291.59951630607145 
3.756014426540953 68.19381351162423 99.26261298961776 83.36266620018787 11.974397636429249 
30.142781870978887 0.106420127625493 939.8378255481232 510.3230077222585 434.3135859043006 
24.416627015849613 0.07721939628932244 1491.0454921990868 563.6051912148095 401.2156139682421 
72.94873296287457 0.26939364110706465 1469.9295076267274 1073.1345082757477 762.5137333795009 
82.63320948987455 0.26212422118614787 1488.6699389865028 867.5686458695269 499.6841473553312 
0.18600225176247998 43.38605582993299 225.63020790980795 361.7442601253038 34.260759180463666 
30.2056976885001 0.38644135133770013 1466.3926861126183 469.77770572523906 222.10185093382535 
6.764856830041024 26.74091886103361 315.5865680780957 296.3250307600867 54.089500561568286 
72.72014820151773 0.05171093693780987 1466.6460720857456 742.0139070156923 341.81577667776355 
17.016167240642083 0.38961080451446584 1407.421091144447 469.35593752321273 224.7124040265555 
30.712639790685422 0.09456061950856012 795.547574963796 408.601317210999 137.53809844256025 
28.059124006504913 0.3841503477816296 596.5688623076588 414.30164129611325 150.35587635696612 
0.8028574212445223 61.31337464977394 64.82195493269055 0.18840151578187925 36.078103014056495 
29.467343033839754 0.028250857247157923 913.3580456057495 392.9614640587621 51.2321128856988 
0.14566583848144665 60.49327055872013 111.35533204104509 363.1262839034595 11.974397636429249 
3.704332037560265 68.19381351162423 99.26261298961776 295.469867502923 11.974397636429249 
0.23136343560481532 35.52291500235464 15.28074250369076 282.62726139856534 11.372630556976661 
0.17949468799213064 39.94132162066856 15.28074250369076 239.73646171945956 11.478528836161955 
79.34214142361773 0.028250857247157923 1491.7499363213506 764.8829961387208 312.1462804973419 
69.77475812339728 0.11414776735258977 1481.734675635106 737.5173048344363 293.1945941030579 
72.94873296287457 0.27409128840197877 1486.0150310257347 1075.385633361476 462.50146910522824 
28.059124006504913 0.26104087965337586 596.5688623076588 363.8743486358285 86.70485691617631 
31.383239486831965 0.0035846318405133443 1015.7541638743883 532.8421586453137 301.5873517304139 
83.0 0.022166936009764604 1488.6310925889682 916.044401823448 592.3447457030431 
0.2781975636944214 78.95610014101989 406.05956395524345 311.137670791079 52.69670855863304 
29.05849961467149 0.014352585497478948 739.723935867974 408.441121918392 141.08275985883938 
30.2056976885001 0.3063077952889465 1422.8007188661097 470.1720649659113 225.17239677210364 
15.77523879247018 0.38854070914728567 927.3072328872158 411.97844802238603 145.26987781696508 
0.7766300081328967 62.42451242537457 22.515964746211644 3.9896948329528783 45.7264281075057 
0.958775270533156 60.29514210384278 371.23335850076364 363.05483612717865 75.26310948277951 
25.09990795531435 40.035293715010994 593.1613938549813 362.993460991414 179.12534642810152 
1.753236491909927 68.18652967297933 1.9693141984600349 79.9449479491681 5.164135335921754 
0.8028574212445223 61.2929757684911 0.009679156405525191 0.006203707803089209 49.84262124650868 
0.2781975636944214 40.145453489619214 183.0786163740624 371.128919291788 31.059512873679587 
1.80600401961419 68.08668417305691 13.93015144535093 394.20960425611923 11.55811522712088 
1.3759963015773806 47.04250637923629 127.370659363433 237.3431407818087 6.098908640993969 
28.04339210756168 0.26104087965337586 671.3263485619068 408.99518412151656 91.06322038566543 
2.314607549697982 1.4148819402145776 734.1107785881393 410.7729954130693 131.71987594991347 
83.0 0.42861425515638907 1488.6699389865028 840.3352120504728 499.6841473553312 
73.41566452528984 0.16401910466437683 1470.0997366257825 793.3417427012139 345.79585879571886 
4.543434111811942 40.035293715010994 593.1613938549813 371.01316350143924 61.97252969007782 
73.45950530012013 0.17693852478445155 1468.164036543739 1355.7556129395293 301.26711547577526 
73.62187151678269 0.4154580699826249 1498.3959283631132 1062.4523853334886 534.2965794701655 
83.0 0.022166936009764604 1488.6310925889682 916.044401823448 497.09980231425254 
6.8342328332589 43.50330556863402 570.1291039457763 362.22069540478554 181.69374041058427 
2.6645002829101276 46.336745045662155 22.515964746211644 210.74075510205367 6.098908640993969 
30.68589583567693 0.05595074816628927 1491.0454921990868 684.4147580201159 309.6614352837428 
6.022869448951418 25.64754139755693 527.7195338807965 343.0320028966912 45.74949312080861 
5.221090426740066 37.08558739210032 2.4281703613945638 160.04180438741585 36.48317648433123 
30.734585566850374 0.05357669709291368 1380.137560516474 568.7309307038364 269.56556406055296 
24.67734769074959 0.9600702951649189 762.1734289646653 362.3741599780596 183.2488850974389 
30.757111678607775 0.06918168547040193 895.7350381795702 483.23995378000865 264.20625569339444 
73.62187151678269 0.4177763912736855 1465.7334129853798 1385.2563978019468 435.8522309734406 
7.510550566075203 61.47705741991769 594.9064355194712 413.63575292634096 52.800452393653174 
1.5614655414958971 38.840613229001676 233.86167323085579 41.54039217837391 14.24647672671982 
72.97916530271107 0.025709526195105026 1463.7080733282082 1024.7812713216522 534.2793011531872 
30.579920519365462 0.05357669709291368 1491.0454921990868 505.53384996448534 309.6614352837428 
68.63318319996813 0.1126327204211946 1483.2366069701686 794.658263692603 470.2589669764198 
0.2781975636944214 40.145453489619214 420.78137872630015 371.128919291788 52.69670855863304 
30.712639790685422 0.05357669709291368 1491.0454921990868 563.6051912148095 309.6614352837428 
73.03915454923967 0.11213955434211974 1482.238872025311 820.6699999435244 485.7391318926025 
24.67734769074959 0.9600702951649189 762.1734289646653 408.4065013766991 183.2488850974389 
29.69846357530216 0.02908785892222454 946.7878337995639 396.3857425027116 311.94869336678164 
83.0 0.07818368874737569 1465.7767693986166 1334.339783413607 401.4753135154172 
