2.1895993958932483 46.43810620797693 101.50459648371024 385.6274786556086 1.554407785995025 
4.216808794515023 52.73046843119963 648.692745960775 389.3289398301729 1.365260294478635 
41.07059800630945 0.15456922048478725 1090.6795057781997 495.5290068955213 212.17184384572508 
17.59913803853788 0.4175484802447299 901.2941822658323 381.0213876282392 119.88400478809255 
6.8398326197892985 33.727620460843994 72.23716217670756 196.05558787691572 2.79952510530031 
16.026510871520912 63.146490419695354 607.9917948941007 376.7801976388629 0.7271416219475384 
80.72809854227332 0.12626431673977895 1491.4544338383973 1465.2315975861384 556.1772740850182 
2.225260977874431 0.06563770630178212 1417.4597405998952 497.05317451478334 257.6315454275799 
0.8863977502493579 42.51610581850113 157.58187251352106 315.2198151505214 32.56542770526536 
40.51489936296938 0.06563770630178212 1378.9058010225308 496.8602061308653 270.7094966978168 
0.5047496809420506 46.43810620797693 0.29812494633906894 385.6274786556086 1.554407785995025 
40.32245338207988 0.0031872239765872307 1475.3733068874346 525.9547358077057 224.76474397906588 
35.67988496160904 0.14537438345747247 1496.199804761708 665.3840239319369 456.05111863313306 
35.939155821743476 0.15469999603609402 1090.6795057781997 413.8866676017875 223.31544954412126 
46.51646267007928 0.041292004588900394 1495.8727154325386 601.4451287113468 467.6356699676133 
16.47159734611447 57.08633942742499 528.9690575395059 357.01305897907184 5.738576630677699 
40.366643517553264 0.12474111223146064 1204.0283621390274 461.652942213375 178.42675957774557 
79.97806976714853 0.4090828573488603 1497.541613987103 1313.526832939706 713.3215921973275 
1.36977648539942 42.40193667570798 439.7852188476294 295.9803087593458 10.812127701411391 
36.41979818278932 0.16957398542997448 1062.3542148519787 462.71187540468964 209.9374966838143 
80.40174461799558 0.13969477756934948 1497.1724313270581 1405.3453376723305 1250.2156398590887 
58.57572948249094 0.4146642062712278 1491.6912143882557 938.1250254469101 459.8406220693788 
81.74125762088593 0.13969477756934948 1497.541613987103 1269.5205036955992 701.9637780645322 
28.026889002140834 38.29978355078375 446.9198076922398 385.6274786556086 86.01363124626745 
53.234481807743414 0.1460954749802228 924.3229701726027 417.5639841438985 215.53968336105524 
27.564596584568914 2.1465162260716752 607.0424839708271 401.4567722655639 101.6581624535009 
1.4553499162383234 61.4261728974607 197.55341729180665 362.3680528165606 10.187772285327057 
19.773550235473827 7.249628072119 621.5740250898313 401.47261136824295 184.29054427821814 
41.430326559671414 0.1457297008121442 1468.3587769265193 664.6831127806361 278.72408777733705 
83.0 0.024967140581240138 1474.527056140518 1131.3977308355786 485.37818957287243 
41.430326559671414 0.14537438345747247 1468.3587769265193 665.3840239319369 449.52284915083726 
80.72809854227332 0.12626431673977895 1491.4544338383973 1473.0845007698256 686.8377288833902 
27.071885079532926 0.4212701927020652 648.6015269906629 398.4111756063312 210.73866608085274 
0.12577481429397178 58.9605224754446 20.11699769229313 31.454047147310632 12.091517982706938 
46.53792287346608 0.0761034195044249 1498.2409070552371 621.5557307330132 252.1722478388014 
40.020938115734914 0.0031361422947319443 1482.792229305535 523.1416661314679 278.45126927516753 
58.53830870232654 0.4146642062712278 1491.6912143882557 1331.5674492512162 465.4312785866713 
0.7384414336428142 63.243518643071944 44.30688285368875 365.643470474832 26.06355946790875 
40.99436871183948 0.14537438345747247 1498.578272380324 685.4758284429801 449.5285738372108 
42.62446033078653 0.06563770630178212 1455.9920556976563 497.05317451478334 275.2885588205984 
7.169415871933841 42.51610581850113 353.55140034746887 318.9571479433489 39.30131770863028 
17.722211240177643 0.16967863849359333 884.1717575549701 340.6325610715268 189.01622094161766 
58.08142787247069 0.4146642062712278 1477.7276164192565 982.0941100076055 491.2972292128642 
0.49421070392362587 57.126691529285914 541.1188513189254 335.7509175966631 2.9933995949069647 
17.59913803853788 0.4012654453833093 967.3164395002143 409.3375445124538 139.7914279209939 
82.0 0.2245106571102965 1481.1298547313993 1243.8104313268914 456.46603845156824 
40.220667616182304 0.1263610343604975 1389.827134400489 454.729627579006 211.63893494743675 
2.220312835830165 42.65063465980833 0.0017752787997800112 274.6215217729611 29.236544718952935 
17.59913803853788 0.4175484802447299 904.9372019747218 409.3375445124538 123.49353503729884 
0.20830516765749785 60.59104269755167 37.07807985452689 113.93886776246332 11.619962758265087 
26.786760033576076 1.5363179738140293 634.5721872969407 349.8078575740675 121.9735684659353 
27.355637947427184 0.4245043999245759 600.6885848475531 400.4679726515029 210.73866608085274 
5.204373225162865 1.9933288854767746 604.7819564819946 359.82547770131475 109.31548539770782 
38.53921785826597 0.0615875078184937 1474.527056140518 1131.3977308355786 457.8169491338541 
0.39196064159571575 50.13843280130782 20.95286283203945 164.50317330796327 14.648694232577556 
0.13772848943753857 47.95087580060587 20.184712136731946 296.9256049523594 14.969534876438004 
0.4158202725786384 53.25841510127945 433.2819330598101 343.91501309569577 21.32606751601722 
0.22636044607521288 62.064938402937926 575.372868281531 352.9151845880194 127.45763619434828 
80.40174461799558 0.13969477756934948 1497.1724313270581 1480.361669382101 1250.2156398590887 
27.593613038029652 0.15469999603609402 1032.9799620657525 413.7266420670581 223.31544954412126 
42.07685667530799 0.20913795681815905 1217.6321926896405 477.13584584774804 208.97111060102344 
1.685281743606187 80.72284959798779 14.851427996035607 208.2202344357125 1.731663668874404 
2.1895993958932483 38.29978355078375 441.69600558892375 385.6274786556086 86.01363124626745 
40.03589868798035 0.005995294627827247 1195.9871449737866 522.8996646882584 235.8019672920785 
58.19585422987117 0.025619280137845202 1480.0995635838385 862.1768104586831 452.8411341167623 
0.49421070392362587 56.969140635350584 7.392783141355949 335.7509175966631 1.0177754047528946 
57.95597307071775 0.13475231083006042 1491.6912143882557 958.1568583367057 658.237193636604 
7.523647358288816 42.65203000411994 353.55140034746887 275.8849680047041 43.49685378086107 
41.67369316385358 0.3989069619984697 1476.4566503013225 765.7855865268613 412.608657529853 
0.20830516765749785 50.15702793566611 30.124084896477996 67.35891779600504 13.360286555218266 
58.08142787247069 0.4146642062712278 1477.7276164192565 1170.4905374707425 491.2972292128642 
2.257877583933413 57.56955259866429 21.45382401935558 143.76826761035105 12.091517982706938 
36.41979818278932 0.17599324312517717 856.4468938004125 462.71187540468964 210.73866608085274 
17.61032361194879 1.209834005304078 880.6670795222726 457.6627405906696 129.32244090102236 
1.031872242796315 55.39931388230437 275.7595577511427 315.21724952155404 35.923322413911215 
1.3314851148207452 53.20526933758795 480.9434314377847 338.7406453902972 1.3019479431331362 
14.153778206533396 53.20526933758795 433.2819330598101 361.7077317355741 21.112957881664823 
17.722211240177643 0.16967863849359333 849.1473281441224 340.6325610715268 181.33356770846206 
35.939155821743476 0.15469999603609402 1052.9385600678736 413.8866676017875 223.31544954412126 
0.20830516765749785 50.15702793566611 13.044011547971792 196.05558787691572 11.663510058616804 
40.15962221455824 0.21256186176503378 888.9239889140129 454.7927118675177 288.1890311698401 
16.823270640431993 57.12801088074902 601.735633608035 393.7668417956786 194.27906841756663 
1.102179931490272 21.738071459333895 602.424916478522 359.4057339801127 195.3292188995705 
13.575745462552973 0.2223350006848543 1081.3653358875474 488.5655665545174 222.13285107681838 
7.64617749222335 42.51610581850113 323.5840766730876 318.9571479433489 32.326812501207684 
4.165477235672178 0.0575263441800864 838.8351164973717 359.9511388125164 120.67051487106362 
1.4530135538096118 46.53831382019215 18.90280877702429 343.32938025374824 11.144612356401623 
1.4553499162383234 57.39222144703274 252.60907076401497 300.27550016316775 10.187772285327057 
0.20830516765749785 50.15702793566611 72.23716217670756 196.05558787691572 11.663334285697765 
51.55677640706011 0.12956745453897392 1476.5099614356163 511.071669266666 350.4944855001523 
58.49827930572497 0.39567983388215733 1476.4566503013225 806.9713623435878 412.608657529853 
38.27018779040813 0.20913795681815905 1449.8708131121375 508.10445766535713 212.39693952205891 
38.99750179432668 0.22480407173397005 1487.8674306388002 938.5414648027182 452.7405887713789 
46.53792287346608 0.13179225901996594 1448.6641810317958 606.1234390660438 252.1722478388014 
41.6049004909397 0.20244238273333548 1265.2209699995835 506.5076267997523 214.84621733808888 
3.6208717253090983 63.146490419695354 39.99638255046412 15.26308432344679 32.56862803028031 
5.7806906296866405 53.20526933758795 375.6891841215494 358.3480859977953 6.866215867211082 
0.20830516765749785 59.20071498241305 37.07807985452689 87.36141307231883 11.619962758265087 
46.131966787962995 0.025619280137845202 1449.5008985967174 867.2558968401661 456.0367049129905 
58.49827930572497 0.4163045737698705 1479.446718791814 862.6896234802444 500.9665531361218 
