-0.544 4920.0 
-0.547 4996.0 
0.329 3035.0 
-0.453 3984.0 
-0.563 5732.0 
0.445 2956.0 
-0.463 4033.0 
-0.496 4261.0 
-0.262 3475.0 
-0.546 4965.0 
-0.348 3618.0 
-0.418 3832.0 
-0.445 3943.0 
-0.536 4733.0 
-0.549 5054.0 
-0.522 4542.0 
-0.402 3774.0 
-0.49 4217.0 
-0.384 3718.0 
-0.425 3853.0 
-0.543 4889.0 
-0.532 4663.0 
-0.142 3356.0 
-0.064 3294.0 
-0.494 4242.0 
-0.409 3800.0 
-0.474 4097.0 
-0.527 4589.0 
0.57 2872.0 
-0.36 3645.0 
-0.281 3497.0 
0.144 3150.0 
-0.556 5317.0 
-0.312 3551.0 
-0.369 3673.0 
-0.535 4707.0 
-0.518 4485.0 
-0.5 4305.0 
-0.437 3904.0 
-0.512 4411.0 
-0.52 4513.0 
-0.398 3759.0 
-0.552 5163.0 
-0.503 4325.0 
-0.509 4383.0 
0.499 2921.0 
-0.141 3340.0 
-0.22 3430.0 
-0.488 4191.0 
-0.378 3696.0 
-0.506 4354.0 
0.104 3178.0 
0.171 3126.0 
0.607 2847.0 
-0.517 4464.0 
-0.533 4679.0 
-0.468 4059.0 
0.363 3012.0 
-0.478 4118.0 
-0.53 4636.0 
-0.542 4858.0 
0.216 3098.0 
-0.113 3314.0 
0.398 2981.0 
-0.432 3880.0 
0.007 3222.0 
-0.339 3596.0 
-0.326 3567.0 
-0.392 3741.0 
-0.555 5295.0 
-0.56 5529.0 
-0.525 4562.0 
-0.554 5231.0 
-0.047 3266.0 
-0.499 4278.0 
-0.248 3451.0 
-0.54 4808.0 
-0.209 3408.0 
-0.564 5800.0 
0.529 2902.0 
-0.461 4017.0 
-0.562 5676.0 
-0.559 5470.0 
-0.553 5190.0 
-0.561 5603.0 
-0.528 4612.0 
-0.538 4775.0 
-0.013 3238.0 
-0.515 4446.0 
-0.551 5118.0 
-0.558 5434.0 
0.051 3204.0 
-0.189 3384.0 
-0.545 4942.0 
-0.48 4140.0 
-0.472 4081.0 
-0.303 3527.0 
-0.548 5017.0 
-0.485 4168.0 
0.284 3070.0 
