0.129 3146.0 
0.523 2915.0 
-0.536 4736.0 
-0.505 4338.0 
0.452 2944.0 
-0.494 4253.0 
-0.395 3759.0 
-0.403 3784.0 
-0.182 3373.0 
-0.535 4714.0 
0.184 3128.0 
-0.559 5467.0 
-0.22 3426.0 
0.563 2879.0 
0.24 3091.0 
-0.463 4037.0 
-0.157 3349.0 
0.12 3170.0 
-0.563 5720.0 
-0.56 5542.0 
-0.285 3507.0 
-0.386 3721.0 
-0.532 4663.0 
-0.554 5241.0 
-0.459 4008.0 
-0.557 5386.0 
-0.473 4087.0 
-0.439 3915.0 
-0.42 3849.0 
-0.428 3867.0 
-0.556 5356.0 
-0.552 5140.0 
-0.542 4858.0 
-0.353 3629.0 
-0.415 3825.0 
-0.456 3990.0 
-0.544 4905.0 
-0.526 4575.0 
0.616 2842.0 
-0.391 3740.0 
0.027 3220.0 
-0.547 4978.0 
-0.551 5120.0 
-0.303 3536.0 
-0.477 4130.0 
-0.519 4500.0 
-0.508 4371.0 
-0.476 4108.0 
-0.517 4480.0 
-0.41 3806.0 
-0.499 4289.0 
-0.194 3396.0 
0.277 3063.0 
-0.039 3270.0 
-0.367 3665.0 
-0.374 3694.0 
0.052 3198.0 
-0.434 3889.0 
-0.246 3447.0 
0.395 2983.0 
-0.448 3957.0 
-0.548 5013.0 
-0.553 5183.0 
-0.127 3323.0 
-0.53 4629.0 
-0.521 4520.0 
-0.488 4204.0 
-0.329 3575.0 
-0.515 4447.0 
-0.549 5045.0 
-0.47 4066.0 
0.305 3038.0 
-0.361 3648.0 
0.0 3238.0 
-0.317 3553.0 
-0.561 5580.0 
-0.511 4402.0 
-0.272 3480.0 
-0.54 4802.0 
-0.534 4696.0 
-0.482 4157.0 
-0.538 4765.0 
-0.546 4955.0 
-0.493 4229.0 
-0.523 4548.0 
0.356 3008.0 
-0.541 4840.0 
-0.528 4605.0 
-0.513 4423.0 
-0.34 3598.0 
-0.486 4177.0 
-0.089 3300.0 
-0.555 5274.0 
-0.445 3933.0 
-0.564 5791.0 
-0.55 5082.0 
-0.502 4312.0 
0.195 3110.0 
-0.562 5637.0 
-0.558 5420.0 
