-0.125 3325.0 
0.53 2907.0 
-0.515 4455.0 
-0.548 5004.0 
-0.467 4059.0 
-0.503 4331.0 
-0.421 3847.0 
-0.445 3942.0 
-0.532 4673.0 
0.317 3038.0 
0.081 3178.0 
-0.428 3872.0 
-0.536 4735.0 
-0.06 3301.0 
-0.539 4794.0 
-0.5 4302.0 
-0.395 3759.0 
-0.528 4609.0 
-0.512 4410.0 
-0.434 3891.0 
-0.54 4829.0 
-0.286 3499.0 
-0.161 3359.0 
-0.517 4478.0 
-0.403 3782.0 
-0.222 3417.0 
-0.543 4884.0 
-0.56 5563.0 
-0.2 3389.0 
0.16 3131.0 
-0.41 3804.0 
-0.489 4202.0 
-0.55 5070.0 
0.332 3021.0 
0.424 2975.0 
-0.563 5746.0 
-0.554 5271.0 
0.058 3204.0 
0.558 2887.0 
-0.538 4763.0 
-0.416 3822.0 
-0.523 4551.0 
-0.526 4576.0 
0.127 3151.0 
-0.021 3254.0 
-0.48 4133.0 
0.377 2997.0 
-0.564 5776.0 
-0.519 4501.0 
0.461 2941.0 
-0.483 4152.0 
-0.38 3707.0 
-0.557 5367.0 
-0.238 3438.0 
-0.553 5211.0 
-0.535 4714.0 
-0.455 3994.0 
-0.486 4172.0 
-0.545 4932.0 
-0.546 4955.0 
0.242 3080.0 
-0.346 3612.0 
-0.514 4428.0 
-0.299 3523.0 
-0.561 5595.0 
-0.372 3678.0 
-0.464 4033.0 
-0.355 3637.0 
-0.391 3735.0 
-0.362 3654.0 
-0.006 3233.0 
-0.493 4231.0 
-0.325 3569.0 
-0.534 4698.0 
-0.44 3920.0 
0.276 3058.0 
-0.337 3591.0 
-0.509 4394.0 
-0.452 3971.0 
-0.46 4015.0 
-0.521 4523.0 
0.198 3104.0 
-0.498 4278.0 
-0.531 4649.0 
-0.476 4104.0 
-0.261 3461.0 
-0.056 3274.0 
-0.552 5153.0 
-0.542 4845.0 
-0.508 4362.0 
-0.472 4079.0 
-0.547 4981.0 
-0.317 3547.0 
-0.559 5471.0 
-0.549 5050.0 
-0.562 5660.0 
-0.555 5307.0 
0.581 2861.0 
-0.551 5107.0 
-0.496 4254.0 
