-0.396 3758.0 
-0.547 4978.0 
-0.488 4190.0 
-0.315 3544.0 
-0.401 3777.0 
-0.412 3812.0 
-0.475 4106.0 
-0.504 4330.0 
-0.388 3732.0 
-0.435 3914.0 
-0.534 4705.0 
-0.491 4215.0 
-0.542 4847.0 
0.079 3191.0 
-0.554 5248.0 
-0.036 3250.0 
-0.219 3412.0 
0.608 2851.0 
0.45 2949.0 
-0.379 3702.0 
0.418 2968.0 
-0.282 3495.0 
0.167 3122.0 
-0.551 5122.0 
-0.48 4141.0 
-0.183 3383.0 
-0.508 4362.0 
-0.497 4266.0 
0.131 3146.0 
-0.062 3269.0 
-0.516 4464.0 
-0.269 3473.0 
-0.557 5375.0 
-0.519 4500.0 
-0.558 5438.0 
-0.531 4648.0 
-0.549 5054.0 
-0.471 4083.0 
-0.552 5158.0 
-0.565 5884.0 
-0.345 3610.0 
-0.553 5183.0 
-0.45 3965.0 
-0.546 4957.0 
-0.494 4245.0 
-0.164 3357.0 
-0.137 3334.0 
-0.564 5832.0 
-0.365 3660.0 
-0.466 4048.0 
-0.556 5329.0 
-0.461 4018.0 
-0.51 4388.0 
-0.563 5739.0 
-0.538 4788.0 
-0.427 3865.0 
-0.533 4677.0 
-0.55 5087.0 
-0.527 4585.0 
-0.444 3940.0 
-0.296 3518.0 
-0.514 4445.0 
0.002 3229.0 
-0.541 4824.0 
-0.523 4538.0 
-0.537 4752.0 
-0.525 4567.0 
0.027 3209.0 
0.341 3018.0 
-0.512 4416.0 
-0.434 3890.0 
0.216 3100.0 
-0.501 4301.0 
-0.566 5980.0 
-0.562 5679.0 
-0.548 5007.0 
0.578 2874.0 
-0.543 4875.0 
-0.454 3985.0 
-0.555 5274.0 
-0.482 4160.0 
-0.545 4921.0 
0.492 2923.0 
0.514 2904.0 
-0.111 3310.0 
-0.42 3837.0 
-0.087 3290.0 
-0.337 3592.0 
-0.536 4728.0 
0.104 3174.0 
-0.239 3438.0 
-0.357 3639.0 
0.303 3049.0 
-0.326 3569.0 
-0.529 4617.0 
-0.56 5634.0 
0.368 2996.0 
-0.559 5457.0 
0.281 3078.0 
-0.373 3681.0 
