0.207 3103.0 
-0.399 3780.0 
-0.49 4218.0 
-0.539 4799.0 
-0.389 3742.0 
-0.564 5893.0 
-0.361 3663.0 
-0.373 3685.0 
-0.461 4025.0 
-0.552 5146.0 
-0.55 5083.0 
-0.548 5014.0 
-0.531 4649.0 
-0.567 6115.0 
0.064 3191.0 
-0.155 3358.0 
-0.538 4759.0 
-0.553 5181.0 
-0.544 4919.0 
-0.478 4136.0 
-0.443 3931.0 
-0.498 4279.0 
-0.519 4496.0 
-0.534 4700.0 
0.441 2958.0 
-0.563 5734.0 
-0.505 4342.0 
-0.054 3275.0 
-0.495 4244.0 
-0.418 3842.0 
-0.561 5592.0 
-0.543 4875.0 
-0.511 4397.0 
-0.521 4512.0 
-0.516 4452.0 
-0.467 4066.0 
-0.141 3337.0 
-0.517 4475.0 
0.229 3088.0 
0.277 3068.0 
-0.253 3461.0 
0.469 2933.0 
-0.383 3716.0 
-0.414 3824.0 
-0.533 4679.0 
-0.448 3955.0 
-0.53 4627.0 
-0.451 3978.0 
-0.528 4609.0 
-0.411 3806.0 
-0.549 5047.0 
0.173 3119.0 
-0.562 5709.0 
-0.485 4177.0 
-0.536 4723.0 
-0.558 5471.0 
-0.547 4975.0 
-0.201 3412.0 
-0.566 6076.0 
-0.546 4953.0 
0.334 3018.0 
-0.514 4432.0 
-0.565 5952.0 
-0.19 3385.0 
-0.56 5561.0 
-0.542 4843.0 
-0.275 3487.0 
-0.557 5363.0 
-0.439 3915.0 
0.394 2992.0 
-0.428 3869.0 
-0.508 4374.0 
0.107 3163.0 
-0.095 3301.0 
-0.398 3763.0 
-0.559 5503.0 
-0.349 3621.0 
-0.313 3541.0 
-0.489 4199.0 
-0.237 3439.0 
-0.324 3561.0 
-0.555 5300.0 
-0.121 3318.0 
0.16 3140.0 
-0.358 3643.0 
-0.455 3994.0 
0.294 3044.0 
-0.482 4157.0 
-0.554 5246.0 
-0.502 4313.0 
-0.032 3249.0 
-0.525 4569.0 
0.023 3222.0 
-0.477 4116.0 
-0.527 4588.0 
-0.333 3581.0 
-0.296 3515.0 
-0.523 4543.0 
-0.341 3599.0 
-0.434 3892.0 
