-0.494 4249.0 
-0.334 3586.0 
-0.413 3814.0 
-0.555 5299.0 
-0.469 4064.0 
-0.527 4596.0 
0.517 2905.0 
-0.513 4423.0 
-0.561 5625.0 
-0.559 5504.0 
-0.202 3392.0 
-0.541 4823.0 
-0.531 4648.0 
-0.395 3750.0 
-0.4 3778.0 
-0.48 4136.0 
-0.564 5788.0 
-0.504 4331.0 
-0.558 5472.0 
-0.517 4457.0 
-0.453 3977.0 
-0.547 4986.0 
-0.523 4562.0 
-0.544 4905.0 
0.597 2855.0 
-0.05 3282.0 
-0.345 3607.0 
0.313 3042.0 
-0.548 5003.0 
-0.535 4720.0 
-0.522 4535.0 
0.025 3217.0 
-0.537 4744.0 
-0.483 4160.0 
-0.181 3372.0 
-0.53 4627.0 
0.27 3070.0 
-0.25 3449.0 
-0.368 3671.0 
-0.557 5399.0 
-0.492 4222.0 
-0.551 5122.0 
-0.379 3701.0 
-0.51 4385.0 
-0.519 4502.0 
-0.552 5147.0 
-0.22 3413.0 
-0.012 3237.0 
0.228 3094.0 
-0.563 5706.0 
-0.534 4698.0 
-0.512 4405.0 
-0.273 3479.0 
-0.458 4002.0 
-0.56 5536.0 
-0.29 3501.0 
-0.438 3909.0 
-0.444 3932.0 
-0.538 4775.0 
-0.473 4095.0 
0.408 2979.0 
0.348 3021.0 
0.057 3192.0 
-0.562 5651.0 
-0.556 5328.0 
-0.132 3327.0 
-0.388 3730.0 
-0.55 5086.0 
-0.233 3430.0 
-0.104 3305.0 
0.475 2937.0 
-0.36 3650.0 
-0.352 3624.0 
-0.327 3569.0 
-0.549 5046.0 
-0.047 3260.0 
-0.306 3527.0 
0.189 3116.0 
0.443 2959.0 
-0.545 4947.0 
-0.42 3852.0 
0.374 3000.0 
-0.463 4030.0 
-0.546 4969.0 
-0.477 4116.0 
-0.318 3549.0 
-0.508 4363.0 
-0.543 4868.0 
0.098 3165.0 
0.55 2884.0 
-0.418 3832.0 
-0.499 4277.0 
-0.486 4181.0 
-0.429 3879.0 
-0.554 5243.0 
0.133 3147.0 
-0.449 3958.0 
-0.16 3350.0 
-0.533 4675.0 
-0.5 4305.0 
