-0.516 4456.0 
-0.533 4689.0 
0.12 3159.0 
-0.401 3781.0 
-0.532 4668.0 
-0.104 3304.0 
-0.365 3674.0 
-0.564 5837.0 
-0.396 3761.0 
0.165 3131.0 
-0.121 3325.0 
-0.537 4776.0 
0.046 3205.0 
-0.535 4751.0 
0.272 3065.0 
-0.559 5484.0 
-0.489 4202.0 
-0.548 5031.0 
-0.213 3424.0 
-0.478 4133.0 
-0.547 4978.0 
-0.304 3528.0 
-0.377 3704.0 
-0.289 3501.0 
-0.429 3879.0 
-0.56 5536.0 
-0.358 3648.0 
0.585 2862.0 
0.006 3225.0 
-0.563 5810.0 
-0.035 3252.0 
-0.541 4823.0 
-0.454 3987.0 
-0.496 4258.0 
-0.522 4521.0 
-0.342 3616.0 
-0.543 4886.0 
-0.269 3483.0 
-0.509 4372.0 
-0.531 4642.0 
-0.316 3548.0 
-0.444 3933.0 
0.08 3186.0 
-0.534 4710.0 
-0.325 3571.0 
-0.506 4348.0 
0.35 3009.0 
-0.25 3466.0 
-0.191 3379.0 
-0.5 4301.0 
-0.474 4112.0 
-0.528 4599.0 
0.31 3037.0 
-0.458 4009.0 
-0.493 4234.0 
-0.415 3825.0 
-0.079 3287.0 
0.529 2898.0 
-0.464 4035.0 
0.49 2923.0 
-0.551 5133.0 
-0.432 3902.0 
-0.539 4791.0 
0.196 3105.0 
-0.057 3270.0 
-0.205 3402.0 
-0.504 4323.0 
-0.471 4086.0 
-0.545 4925.0 
-0.555 5267.0 
0.441 2953.0 
-0.549 5048.0 
-0.514 4428.0 
-0.55 5103.0 
-0.499 4280.0 
-0.41 3802.0 
-0.48 4148.0 
-0.557 5380.0 
-0.519 4495.0 
-0.511 4398.0 
-0.553 5198.0 
0.39 2987.0 
-0.485 4176.0 
-0.423 3850.0 
-0.468 4059.0 
-0.562 5718.0 
-0.45 3965.0 
-0.526 4582.0 
0.249 3084.0 
-0.386 3730.0 
-0.524 4554.0 
-0.338 3593.0 
-0.565 5931.0 
-0.556 5336.0 
-0.558 5417.0 
-0.246 3448.0 
-0.542 4852.0 
-0.552 5162.0 
-0.164 3358.0 
-0.561 5613.0 
