-0.555 5388.0 
-0.526 4574.0 
-0.011 3239.0 
0.095 3176.0 
-0.317 3548.0 
0.511 2905.0 
-0.166 3357.0 
-0.565 5892.0 
-0.413 3824.0 
-0.405 3788.0 
-0.178 3371.0 
-0.339 3594.0 
-0.464 4036.0 
-0.116 3314.0 
-0.367 3670.0 
-0.518 4480.0 
-0.558 5426.0 
-0.482 4155.0 
-0.431 3881.0 
-0.49 4207.0 
0.314 3030.0 
-0.459 4011.0 
-0.503 4320.0 
-0.439 3912.0 
-0.532 4661.0 
-0.544 4903.0 
-0.493 4230.0 
-0.56 5560.0 
-0.54 4807.0 
-0.326 3566.0 
-0.55 5074.0 
0.419 2969.0 
-0.535 4714.0 
-0.542 4859.0 
0.442 2948.0 
0.545 2883.0 
-0.449 3960.0 
-0.524 4554.0 
-0.512 4410.0 
-0.562 5647.0 
-0.445 3937.0 
-0.038 3261.0 
-0.265 3467.0 
-0.388 3738.0 
-0.279 3489.0 
-0.079 3286.0 
-0.566 5956.0 
-0.424 3850.0 
-0.148 3339.0 
0.488 2924.0 
-0.547 4992.0 
-0.513 4432.0 
-0.478 4133.0 
-0.38 3709.0 
-0.554 5254.0 
-0.472 4079.0 
-0.516 4455.0 
0.341 3014.0 
0.046 3197.0 
-0.222 3414.0 
-0.495 4251.0 
-0.409 3804.0 
-0.564 5853.0 
-0.475 4110.0 
-0.559 5545.0 
0.006 3227.0 
-0.51 4387.0 
-0.52 4499.0 
-0.546 4949.0 
-0.53 4639.0 
-0.506 4343.0 
0.372 2992.0 
-0.538 4768.0 
-0.549 5044.0 
-0.548 5018.0 
-0.501 4295.0 
0.112 3156.0 
-0.528 4607.0 
0.264 3067.0 
0.587 2857.0 
-0.199 3390.0 
-0.534 4694.0 
-0.357 3643.0 
-0.35 3620.0 
-0.522 4523.0 
-0.485 4183.0 
-0.294 3511.0 
0.227 3088.0 
-0.304 3529.0 
-0.552 5187.0 
-0.536 4740.0 
-0.508 4362.0 
-0.234 3440.0 
-0.563 5734.0 
-0.4 3766.0 
-0.455 3984.0 
0.18 3119.0 
-0.553 5224.0 
-0.498 4271.0 
-0.561 5620.0 
