-0.354 3637.0 
0.205 3097.0 
-0.386 3728.0 
-0.476 4110.0 
-0.55 5081.0 
-0.557 5372.0 
-0.545 4944.0 
-0.556 5314.0 
-0.365 3671.0 
-0.539 4791.0 
-0.523 4548.0 
-0.505 4344.0 
-0.564 5803.0 
-0.196 3387.0 
-0.111 3319.0 
-0.471 4088.0 
-0.435 3898.0 
-0.342 3608.0 
-0.531 4661.0 
-0.543 4882.0 
-0.506 4363.0 
-0.424 3850.0 
0.539 2899.0 
-0.518 4478.0 
-0.528 4612.0 
-0.42 3835.0 
-0.398 3767.0 
-0.429 3872.0 
-0.502 4315.0 
0.468 2950.0 
0.009 3227.0 
-0.455 3992.0 
0.351 3023.0 
-0.495 4256.0 
-0.258 3471.0 
-0.53 4628.0 
-0.535 4709.0 
-0.015 3248.0 
-0.552 5148.0 
-0.526 4584.0 
0.175 3124.0 
-0.288 3520.0 
-0.467 4062.0 
-0.279 3496.0 
-0.46 4034.0 
-0.405 3785.0 
0.408 2975.0 
-0.458 4009.0 
-0.56 5521.0 
-0.515 4444.0 
-0.48 4139.0 
-0.449 3970.0 
-0.499 4283.0 
-0.333 3581.0 
-0.491 4219.0 
-0.553 5187.0 
-0.562 5662.0 
-0.221 3412.0 
-0.313 3542.0 
0.577 2875.0 
-0.483 4165.0 
-0.321 3559.0 
0.134 3151.0 
-0.413 3812.0 
-0.488 4188.0 
0.252 3081.0 
0.365 3006.0 
-0.559 5467.0 
-0.544 4914.0 
-0.521 4514.0 
0.495 2926.0 
-0.536 4728.0 
-0.447 3949.0 
-0.542 4859.0 
0.282 3061.0 
0.296 3042.0 
0.082 3182.0 
-0.547 4976.0 
-0.392 3751.0 
-0.443 3927.0 
-0.541 4823.0 
-0.555 5274.0 
-0.534 4691.0 
-0.51 4383.0 
-0.548 5020.0 
-0.512 4413.0 
-0.549 5044.0 
-0.148 3343.0 
-0.561 5631.0 
-0.172 3364.0 
-0.558 5419.0 
-0.551 5113.0 
-0.554 5219.0 
-0.234 3438.0 
-0.563 5732.0 
-0.077 3298.0 
0.046 3205.0 
-0.537 4758.0 
-0.055 3273.0 
-0.379 3699.0 
-0.474 4109.0 
0.141 3152.0 
-0.094 3306.0 
-0.555 5271.0 
-0.024 3247.0 
0.186 3130.0 
-0.162 3351.0 
-0.436 3905.0 
-0.419 3847.0 
-0.447 3951.0 
-0.527 4599.0 
-0.554 5248.0 
-0.486 4185.0 
-0.484 4162.0 
-0.48 4139.0 
-0.548 5007.0 
-0.348 3619.0 
-0.389 3734.0 
-0.544 4906.0 
-0.282 3520.0 
-0.312 3545.0 
0.327 3034.0 
-0.433 3882.0 
-0.244 3446.0 
-0.533 4672.0 
0.03 3223.0 
-0.471 4087.0 
-0.414 3819.0 
-0.508 4390.0 
-0.256 3473.0 
-0.535 4713.0 
0.29 3064.0 
-0.551 5122.0 
-0.503 4320.0 
-0.497 4269.0 
-0.28 3496.0 
-0.531 4648.0 
0.125 3167.0 
-0.566 6024.0 
0.493 2926.0 
-0.211 3401.0 
-0.5 4292.0 
-0.454 3985.0 
-0.135 3327.0 
-0.518 4481.0 
0.066 3194.0 
-0.225 3420.0 
-0.552 5149.0 
-0.559 5489.0 
0.361 3016.0 
-0.563 5754.0 
-0.342 3603.0 
-0.523 4530.0 
-0.538 4774.0 
-0.397 3758.0 
-0.356 3637.0 
-0.543 4866.0 
-0.467 4050.0 
-0.53 4628.0 
-0.494 4244.0 
-0.507 4371.0 
0.453 2958.0 
-0.557 5387.0 
-0.405 3783.0 
-0.534 4696.0 
-0.371 3675.0 
-0.546 4948.0 
0.246 3094.0 
-0.549 5049.0 
-0.565 5886.0 
-0.376 3694.0 
-0.512 4413.0 
-0.561 5616.0 
-0.325 3567.0 
-0.562 5660.0 
-0.459 4007.0 
-0.542 4847.0 
-0.491 4220.0 
-0.524 4550.0 
-0.553 5190.0 
-0.54 4809.0 
-0.526 4571.0 
-0.537 4746.0 
-0.547 4985.0 
-0.514 4436.0 
-0.186 3376.0 
-0.521 4505.0 
-0.081 3287.0 
-0.363 3657.0 
-0.382 3711.0 
-0.517 4459.0 
0.204 3119.0 
-0.567 6078.0 
-0.334 3586.0 
0.394 2995.0 
-0.506 4342.0 
-0.464 4032.0 
-0.564 5800.0 
-0.56 5557.0 
-0.556 5309.0 
-0.47 4073.0 
-0.488 4198.0 
-0.402 3778.0 
-0.493 4240.0 
-0.547 4977.0 
-0.533 4692.0 
-0.474 4093.0 
-0.326 3567.0 
-0.54 4802.0 
-0.491 4220.0 
-0.394 3756.0 
-0.44 3918.0 
-0.508 4375.0 
-0.506 4347.0 
-0.029 3252.0 
-0.529 4617.0 
-0.455 3987.0 
-0.316 3550.0 
-0.511 4407.0 
0.432 2989.0 
-0.232 3429.0 
-0.407 3796.0 
-0.532 4671.0 
-0.514 4429.0 
-0.538 4771.0 
-0.429 3888.0 
-0.466 4054.0 
-0.463 4033.0 
-0.554 5231.0 
0.498 2921.0 
-0.558 5433.0 
-0.285 3496.0 
-0.414 3819.0 
-0.037 3274.0 
0.355 3019.0 
-0.531 4643.0 
-0.459 4014.0 
-0.384 3721.0 
-0.555 5270.0 
-0.483 4178.0 
0.164 3144.0 
-0.549 5074.0 
-0.551 5133.0 
-0.344 3609.0 
-0.375 3693.0 
0.336 3052.0 
0.071 3194.0 
0.125 3165.0 
-0.548 5041.0 
-0.561 5606.0 
-0.363 3658.0 
-0.444 3932.0 
-0.089 3297.0 
-0.55 5108.0 
-0.25 3455.0 
-0.543 4871.0 
-0.498 4284.0 
-0.545 4924.0 
-0.351 3634.0 
-0.206 3402.0 
0.187 3125.0 
-0.535 4714.0 
-0.503 4322.0 
-0.526 4583.0 
-0.524 4554.0 
-0.553 5185.0 
0.209 3104.0 
0.245 3088.0 
-0.148 3346.0 
-0.42 3843.0 
-0.544 4898.0 
-0.516 4452.0 
0.452 2968.0 
-0.519 4485.0 
-0.537 4741.0 
-0.496 4262.0 
-0.448 3955.0 
-0.426 3864.0 
-0.557 5352.0 
-0.115 3320.0 
-0.542 4844.0 
-0.48 4137.0 
0.003 3231.0 
-0.268 3476.0 
-0.482 4159.0 
-0.478 4117.0 
-0.336 3587.0 
-0.563 5716.0 
-0.56 5575.0 
-0.501 4302.0 
-0.541 4821.0 
-0.521 4511.0 
-0.562 5662.0 
0.041 3210.0 
0.497 2936.0 
-0.564 5793.0 
-0.523 4535.0 
-0.559 5556.0 
-0.301 3519.0 
-0.181 3375.0 
-0.517 4467.0 
-0.532 4658.0 
-0.502 4325.0 
-0.53 4631.0 
0.44 2966.0 
-0.557 5374.0 
0.396 2990.0 
-0.509 4385.0 
-0.535 4716.0 
0.106 3166.0 
-0.506 4347.0 
-0.526 4585.0 
-0.305 3530.0 
-0.544 4898.0 
-0.374 3700.0 
-0.533 4677.0 
-0.461 4021.0 
-0.401 3778.0 
-0.349 3651.0 
-0.381 3725.0 
-0.472 4085.0 
-0.523 4550.0 
-0.49 4217.0 
-0.559 5475.0 
-0.501 4299.0 
-0.481 4141.0 
0.154 3133.0 
0.607 2849.0 
-0.522 4527.0 
-0.14 3335.0 
-0.558 5410.0 
-0.454 3991.0 
-0.495 4252.0 
-0.278 3487.0 
-0.436 3907.0 
0.024 3224.0 
-0.553 5200.0 
-0.565 5895.0 
-0.485 4166.0 
-0.545 4943.0 
0.507 2921.0 
0.56 2899.0 
-0.336 3590.0 
-0.34 3624.0 
0.475 2942.0 
-0.538 4760.0 
-0.477 4113.0 
-0.562 5689.0 
0.363 3014.0 
-0.539 4780.0 
-0.552 5170.0 
-0.547 4978.0 
0.566 2877.0 
-0.561 5628.0 
-0.258 3458.0 
-0.508 4364.0 
-0.564 5789.0 
-0.486 4184.0 
-0.194 3388.0 
-0.034 3251.0 
-0.529 4612.0 
-0.063 3274.0 
-0.542 4846.0 
-0.54 4800.0 
0.227 3103.0 
-0.151 3360.0 
-0.465 4052.0 
0.046 3200.0 
-0.512 4413.0 
-0.217 3411.0 
-0.563 5727.0 
0.251 3072.0 
-0.393 3748.0 
-0.291 3510.0 
-0.322 3559.0 
-0.556 5342.0 
-0.445 3936.0 
-0.368 3678.0 
-0.423 3852.0 
0.307 3041.0 
-0.419 3830.0 
-0.411 3812.0 
-0.548 5005.0 
-0.519 4495.0 
-0.537 4742.0 
-0.091 3299.0 
-0.543 4881.0 
-0.551 5113.0 
-0.567 6139.0 
-0.541 4826.0 
-0.56 5550.0 
-0.499 4280.0 
-0.428 3872.0 
-0.549 5055.0 
-0.554 5223.0 
-0.515 4436.0 
-0.24 3438.0 
-0.555 5305.0 
-0.566 6001.0 
-0.451 3963.0 
-0.394 3754.0 
-0.539 4801.0 
-0.434 3894.0 
-0.546 4947.0 
-0.233 3442.0 
0.063 3207.0 
-0.112 3320.0 
-0.517 4460.0 
-0.508 4375.0 
-0.55 5076.0 
-0.522 4533.0 
-0.527 4585.0 
-0.503 4338.0 
-0.528 4606.0 
-0.454 3984.0 
-0.459 4010.0 
-0.53 4639.0 
0.21 3097.0 
0.256 3070.0 
-0.383 3728.0 
-0.439 3914.0 
-0.402 3783.0 
-0.197 3385.0 
-0.265 3492.0 
-0.549 5041.0 
-0.372 3688.0 
-0.564 5809.0 
-0.333 3586.0 
-0.512 4401.0 
-0.524 4550.0 
-0.52 4498.0 
-0.563 5742.0 
-0.472 4087.0 
0.427 2969.0 
0.473 2937.0 
-0.426 3857.0 
-0.562 5662.0 
-0.56 5553.0 
-0.151 3354.0 
-0.42 3836.0 
0.499 2918.0 
-0.551 5119.0 
-0.443 3951.0 
0.009 3222.0 
-0.534 4698.0 
0.297 3043.0 
-0.313 3546.0 
-0.463 4035.0 
-0.327 3568.0 
-0.294 3519.0 
0.371 3008.0 
-0.199 3412.0 
-0.543 4868.0 
-0.559 5480.0 
0.128 3158.0 
-0.483 4154.0 
-0.555 5286.0 
-0.544 4909.0 
0.074 3192.0 
-0.545 4930.0 
-0.548 5004.0 
-0.252 3462.0 
-0.532 4669.0 
-0.554 5234.0 
0.53 2894.0 
-0.541 4835.0 
-0.479 4131.0 
-0.362 3657.0 
-0.565 5911.0 
-0.231 3428.0 
-0.476 4109.0 
0.163 3131.0 
-0.514 4434.0 
-0.495 4265.0 
-0.487 4185.0 
-0.354 3636.0 
-0.43 3875.0 
-0.084 3294.0 
-0.499 4292.0 
-0.49 4212.0 
-0.558 5418.0 
-0.538 4773.0 
-0.409 3799.0 
-0.491 4241.0 
-0.536 4737.0 
-0.016 3247.0 
0.566 2872.0 
-0.346 3615.0 
-0.552 5151.0 
-0.379 3703.0 
-0.048 3270.0 
-0.553 5199.0 
-0.561 5598.0 
-0.557 5389.0 
-0.566 5952.0 
-0.556 5318.0 
-0.469 4062.0 
-0.547 4973.0 
-0.502 4315.0 
-0.414 3817.0 
-0.557 5368.0 
-0.436 3912.0 
0.176 3117.0 
-0.456 4004.0 
-0.275 3485.0 
-0.564 5834.0 
-0.452 3980.0 
-0.553 5206.0 
-0.444 3937.0 
-0.528 4608.0 
-0.43 3880.0 
-0.548 5019.0 
-0.424 3859.0 
-0.556 5331.0 
-0.129 3325.0 
-0.414 3816.0 
-0.407 3791.0 
-0.53 4633.0 
-0.504 4333.0 
-0.538 4768.0 
-0.517 4471.0 
-0.493 4227.0 
-0.533 4676.0 
-0.521 4509.0 
-0.367 3664.0 
-0.525 4577.0 
-0.479 4129.0 
-0.561 5607.0 
0.454 2961.0 
-0.42 3836.0 
-0.158 3356.0 
-0.536 4741.0 
-0.301 3526.0 
-0.374 3685.0 
0.03 3209.0 
-0.547 4994.0 
-0.542 4854.0 
-0.068 3277.0 
-0.54 4819.0 
0.293 3044.0 
-0.55 5067.0 
0.225 3095.0 
0.565 2882.0 
-0.56 5560.0 
-0.551 5124.0 
-0.545 4939.0 
0.404 2992.0 
-0.509 4375.0 
-0.546 4966.0 
-0.399 3774.0 
-0.347 3612.0 
-0.552 5182.0 
-0.354 3642.0 
0.593 2856.0 
-0.392 3744.0 
0.336 3017.0 
-0.007 3238.0 
-0.451 3963.0 
0.117 3170.0 
-0.088 3296.0 
0.262 3072.0 
-0.516 4448.0 
-0.381 3708.0 
-0.332 3580.0 
-0.544 4900.0 
-0.499 4280.0 
-0.475 4101.0 
-0.178 3379.0 
-0.497 4261.0 
-0.484 4159.0 
0.156 3147.0 
-0.532 4659.0 
-0.289 3508.0 
-0.203 3399.0 
-0.539 4788.0 
0.057 3192.0 
-0.507 4355.0 
-0.502 4305.0 
-0.524 4555.0 
-0.321 3557.0 
-0.562 5665.0 
-0.467 4059.0 
0.477 2938.0 
-0.554 5228.0 
-0.523 4532.0 
0.515 2905.0 
-0.23 3440.0 
-0.488 4191.0 
-0.514 4430.0 
-0.535 4713.0 
-0.462 4023.0 
-0.256 3461.0 
-0.029 3259.0 
-0.559 5456.0 
-0.511 4397.0 
-0.558 5414.0 
-0.216 3419.0 
-0.555 5280.0 
-0.563 5716.0 
-0.472 4082.0 
-0.345 3608.0 
-0.303 3556.0 
-0.504 4329.0 
-0.55 5074.0 
-0.056 3266.0 
-0.481 4142.0 
-0.474 4099.0 
-0.401 3770.0 
-0.452 3979.0 
-0.106 3321.0 
-0.514 4425.0 
-0.565 5937.0 
-0.443 3933.0 
-0.468 4074.0 
-0.359 3643.0 
0.279 3058.0 
-0.438 3913.0 
-0.419 3834.0 
-0.509 4377.0 
-0.518 4470.0 
-0.52 4500.0 
-0.182 3398.0 
0.163 3131.0 
-0.49 4231.0 
-0.536 4736.0 
-0.511 4395.0 
-0.548 5008.0 
-0.539 4797.0 
-0.487 4181.0 
-0.496 4255.0 
-0.405 3795.0 
-0.543 4868.0 
-0.561 5565.0 
-0.432 3890.0 
-0.368 3682.0 
-0.547 4986.0 
-0.527 4585.0 
-0.563 5720.0 
-0.335 3585.0 
-0.541 4834.0 
-0.534 4698.0 
-0.462 4030.0 
0.312 3035.0 
-0.545 4925.0 
-0.466 4047.0 
-0.232 3446.0 
-0.428 3865.0 
-0.296 3524.0 
0.14 3157.0 
-0.498 4279.0 
-0.499 4309.0 
0.068 3200.0 
0.222 3111.0 
-0.2 3423.0 
-0.387 3724.0 
-0.525 4563.0 
-0.555 5274.0 
-0.381 3706.0 
0.095 3175.0 
-0.278 3490.0 
-0.414 3817.0 
-0.546 4949.0 
-0.395 3747.0 
-0.152 3347.0 
-0.564 5775.0 
0.369 3003.0 
-0.09 3294.0 
-0.553 5174.0 
-0.556 5316.0 
-0.516 4451.0 
-0.449 3960.0 
-0.366 3661.0 
-0.558 5415.0 
-0.529 4618.0 
-0.554 5221.0 
-0.022 3246.0 
-0.489 4207.0 
-0.479 4128.0 
-0.566 5983.0 
-0.538 4760.0 
-0.531 4641.0 
0.49 2923.0 
0.225 3090.0 
-0.458 4005.0 
0.549 2887.0 
-0.552 5148.0 
-0.174 3370.0 
0.458 2948.0 
-0.562 5635.0 
-0.533 4673.0 
-0.258 3469.0 
-0.551 5105.0 
-0.559 5459.0 
0.029 3219.0 
-0.544 4897.0 
0.424 2975.0 
-0.557 5362.0 
-0.56 5537.0 
-0.549 5045.0 
-0.522 4526.0 
-0.544 4929.0 
-0.551 5107.0 
-0.365 3659.0 
-0.134 3348.0 
-0.536 4734.0 
-0.371 3678.0 
-0.394 3746.0 
-0.453 3984.0 
-0.546 4957.0 
-0.399 3772.0 
-0.059 3273.0 
-0.192 3392.0 
-0.505 4342.0 
-0.503 4323.0 
-0.444 3932.0 
-0.357 3640.0 
-0.517 4467.0 
-0.541 4821.0 
0.151 3137.0 
-0.099 3318.0 
-0.447 3960.0 
-0.387 3723.0 
-0.489 4202.0 
-0.378 3695.0 
0.465 2950.0 
0.559 2886.0 
0.118 3154.0 
-0.56 5523.0 
-0.509 4382.0 
-0.52 4503.0 
-0.512 4409.0 
-0.07 3300.0 
-0.525 4575.0 
-0.531 4657.0 
0.429 2977.0 
0.319 3062.0 
0.499 2923.0 
0.042 3210.0 
-0.529 4620.0 
-0.558 5422.0 
-0.348 3616.0 
-0.523 4534.0 
-0.556 5323.0 
-0.336 3593.0 
-0.543 4905.0 
-0.548 5000.0 
-0.25 3463.0 
-0.228 3440.0 
-0.553 5190.0 
-0.028 3254.0 
-0.202 3416.0 
0.35 3032.0 
-0.418 3832.0 
-0.513 4433.0 
-0.424 3853.0 
-0.563 5724.0 
-0.549 5065.0 
-0.268 3489.0 
-0.557 5386.0 
-0.475 4104.0 
-0.498 4296.0 
-0.479 4126.0 
0.397 3002.0 
-0.496 4267.0 
0.025 3234.0 
-0.437 3903.0 
-0.535 4709.0 
-0.431 3874.0 
0.076 3183.0 
-0.542 4862.0 
-0.29 3508.0 
-0.552 5140.0 
-0.493 4227.0 
-0.555 5258.0 
-0.527 4593.0 
-0.554 5240.0 
-0.54 4799.0 
-0.537 4760.0 
-0.539 4779.0 
-0.486 4173.0 
-0.304 3530.0 
-0.559 5459.0 
-0.315 3548.0 
-0.471 4077.0 
-0.565 5859.0 
-0.547 4981.0 
-0.566 5994.0 
-0.413 3810.0 
-0.467 4052.0 
-0.327 3570.0 
-0.533 4682.0 
-0.171 3369.0 
-0.464 4034.0 
-0.561 5596.0 
0.234 3095.0 
-0.459 4014.0 
-0.481 4151.0 
-0.564 5789.0 
-0.567 6045.0 
-0.562 5645.0 
0.207 3103.0 
-0.399 3780.0 
-0.49 4218.0 
-0.539 4799.0 
-0.389 3742.0 
-0.564 5893.0 
-0.361 3663.0 
-0.373 3685.0 
-0.461 4025.0 
-0.552 5146.0 
-0.55 5083.0 
-0.548 5014.0 
-0.531 4649.0 
-0.567 6115.0 
0.064 3191.0 
-0.155 3358.0 
-0.538 4759.0 
-0.553 5181.0 
-0.544 4919.0 
-0.478 4136.0 
-0.443 3931.0 
-0.498 4279.0 
-0.519 4496.0 
-0.534 4700.0 
0.441 2958.0 
-0.563 5734.0 
-0.505 4342.0 
-0.054 3275.0 
-0.495 4244.0 
-0.418 3842.0 
-0.561 5592.0 
-0.543 4875.0 
-0.511 4397.0 
-0.521 4512.0 
-0.516 4452.0 
-0.467 4066.0 
-0.141 3337.0 
-0.517 4475.0 
0.229 3088.0 
0.277 3068.0 
-0.253 3461.0 
0.469 2933.0 
-0.383 3716.0 
-0.414 3824.0 
-0.533 4679.0 
-0.448 3955.0 
-0.53 4627.0 
-0.451 3978.0 
-0.528 4609.0 
-0.411 3806.0 
-0.549 5047.0 
0.173 3119.0 
-0.562 5709.0 
-0.485 4177.0 
-0.536 4723.0 
-0.558 5471.0 
-0.547 4975.0 
-0.201 3412.0 
-0.566 6076.0 
-0.546 4953.0 
0.334 3018.0 
-0.514 4432.0 
-0.565 5952.0 
-0.19 3385.0 
-0.56 5561.0 
-0.542 4843.0 
-0.275 3487.0 
-0.557 5363.0 
-0.439 3915.0 
0.394 2992.0 
-0.428 3869.0 
-0.508 4374.0 
0.107 3163.0 
-0.095 3301.0 
-0.398 3763.0 
-0.559 5503.0 
-0.349 3621.0 
-0.313 3541.0 
-0.489 4199.0 
-0.237 3439.0 
-0.324 3561.0 
-0.555 5300.0 
-0.121 3318.0 
0.16 3140.0 
-0.358 3643.0 
-0.455 3994.0 
0.294 3044.0 
-0.482 4157.0 
-0.554 5246.0 
-0.502 4313.0 
-0.032 3249.0 
-0.525 4569.0 
0.023 3222.0 
-0.477 4116.0 
-0.527 4588.0 
-0.333 3581.0 
-0.296 3515.0 
-0.523 4543.0 
-0.341 3599.0 
-0.434 3892.0 
-0.564 5774.0 
-0.499 4280.0 
-0.163 3364.0 
-0.461 4022.0 
0.351 3017.0 
-0.543 4913.0 
0.318 3043.0 
-0.529 4620.0 
-0.358 3641.0 
-0.445 3944.0 
0.435 2963.0 
-0.505 4342.0 
-0.335 3592.0 
-0.441 3921.0 
-0.38 3719.0 
-0.344 3608.0 
-0.553 5191.0 
-0.401 3778.0 
-0.561 5602.0 
-0.502 4307.0 
-0.143 3343.0 
-0.56 5521.0 
-0.533 4682.0 
0.024 3219.0 
-0.022 3261.0 
-0.548 5000.0 
-0.531 4659.0 
-0.081 3292.0 
-0.326 3570.0 
-0.48 4151.0 
-0.01 3240.0 
-0.563 5742.0 
-0.474 4097.0 
-0.413 3821.0 
-0.536 4745.0 
0.463 2943.0 
-0.266 3484.0 
-0.521 4515.0 
-0.475 4133.0 
0.503 2920.0 
-0.437 3904.0 
-0.54 4804.0 
-0.428 3881.0 
-0.421 3841.0 
-0.518 4481.0 
-0.566 5958.0 
0.291 3074.0 
-0.293 3514.0 
-0.425 3862.0 
-0.539 4786.0 
0.106 3168.0 
-0.508 4364.0 
-0.206 3413.0 
-0.535 4723.0 
-0.546 4945.0 
-0.496 4258.0 
-0.542 4869.0 
-0.562 5692.0 
-0.489 4196.0 
-0.527 4586.0 
-0.194 3387.0 
-0.516 4448.0 
-0.551 5111.0 
-0.407 3795.0 
-0.541 4836.0 
-0.249 3448.0 
-0.55 5076.0 
0.406 2988.0 
-0.121 3325.0 
-0.234 3432.0 
-0.538 4763.0 
-0.255 3466.0 
-0.397 3757.0 
-0.557 5366.0 
-0.491 4215.0 
0.218 3115.0 
-0.558 5423.0 
-0.559 5466.0 
0.17 3138.0 
-0.524 4546.0 
-0.377 3692.0 
-0.513 4416.0 
-0.511 4395.0 
-0.494 4236.0 
0.547 2890.0 
-0.466 4046.0 
-0.555 5310.0 
-0.469 4073.0 
-0.365 3663.0 
0.064 3201.0 
-0.486 4177.0 
-0.556 5339.0 
-0.549 5055.0 
-0.552 5170.0 
-0.453 3981.0 
0.237 3094.0 
-0.459 4004.0 
-0.554 5247.0 
-0.311 3544.0 
-0.565 5929.0 
