0.10166527114258628 54.73795928162703 13.752198120527112 333.99489897321 14.108196158672078 
17.221926433480036 0.41383813752846876 1301.7891871618901 479.5173664277328 248.93889692866293 
35.23993890417701 0.0427053229454292 780.6631853556195 394.977670086823 129.62049828385648 
0.23544814649271367 50.75788837848322 192.7354784171581 178.34318485574363 15.005236384039973 
2.9805795780587774 38.211317414427974 601.2055563429776 334.6113143007195 151.74421102567015 
71.71712179780022 0.0179965512000538 1477.293221956023 1192.4265148254374 463.24119664085936 
0.9931299644478049 58.931304383594025 74.18143800674261 55.14804914721336 0.3209179520440699 
34.9294731122043 0.06764257206407556 1498.7610578456515 748.5514968199745 451.43593863523233 
0.45161349525515293 54.73795928162703 28.276347793663348 306.8487018550142 13.721781559138556 
18.13809884291329 0.30471981191096026 1213.9321386600368 467.71150830986744 251.48801444414104 
0.8156721068993157 54.73795928162703 35.94331309959626 344.7121432845085 14.099676058735769 
0.12506533518821528 60.84044920390466 124.92875583963134 46.9532238504834 13.837803353963553 
19.104244020244067 36.521864891419455 604.3545250616177 379.84504772458877 253.9163304716453 
36.672680418606454 0.2059044009705676 825.8766256503874 442.61962457195597 225.60484886445164 
71.71712179780022 0.009809425911040212 1499.5725969068744 1088.5195921088102 463.24119664085936 
31.900104642583543 0.30287098817189423 1477.247147853678 993.0452220627158 622.1732348078625 
0.7615548305067534 59.03552051353449 107.74151759606087 372.4241544922245 13.660380331994856 
18.990096828256377 36.521864891419455 657.6405945331138 377.07269547806993 122.33624532660332 
41.479036034538325 0.05455309911073003 1499.3930521794725 1349.6669455085691 382.5581208778385 
8.31434047178178 0.38729112605382654 662.0901190083259 397.0194026261557 129.62049828385648 
29.237344971904104 0.08513904469367928 874.9088907360084 435.6870184301232 229.62702734851246 
28.312178796210326 0.11854101782220611 993.4951374398922 420.43264246588285 259.37838797369534 
71.2391764177554 0.009809425911040212 1471.5196587722262 750.5483585798398 463.24119664085936 
4.381002299896318 48.99971280622548 538.845354683479 307.7924657004927 14.120450930869627 
7.248864680964241 21.764329144082808 538.536423465045 333.09953749750383 91.8570477428817 
21.39716291653406 0.37434580525693073 920.6386559474397 414.5862212143087 298.46653241451224 
16.033219147127173 0.07274162438441589 879.1124382139369 444.44154797677515 55.400092275193884 
36.3244811891508 0.2056794218264501 1242.3891408989512 487.92864320164773 230.48606174767858 
0.016252106413055856 31.2794852323243 251.68932535595394 297.5359434571393 27.55955457792361 
0.8120881142448173 54.73795928162703 87.30555172938512 330.732572661546 14.099676058735769 
3.60317562820598 36.26738638214194 18.90951370495542 388.50988816908483 15.848697970481993 
0.23544814649271367 50.75788837848322 113.62085230752629 124.17954024504252 2.0615896696526903 
4.841497348815084 47.65169457775693 513.9363293338712 398.1556268713121 81.03670000602337 
0.2514366413829058 58.931304383594025 47.4051968086756 55.14804914721336 10.092409797639974 
0.15022707545715974 60.97740947887608 330.4126196311645 297.5359434571393 40.12218843382867 
40.8386372878497 0.1296649009209651 1489.8207706603637 1344.9486079714188 523.6275819094944 
18.043535395542136 0.20824610615255984 1472.8737582895396 483.9239815713305 259.3828922611513 
75.35168468918673 0.028924114582094873 1499.0758798115746 646.9262827034061 378.21034283747474 
33.66249664174008 0.20920879454803537 1125.9503688694558 483.9239815713305 258.96569128244914 
0.021986289142510884 64.35073361828945 414.24062937293866 371.9402322926429 10.60430552122433 
28.830925613942124 0.437730021623117 888.4298673856144 467.5957147243555 253.02427935479668 
16.709517685048446 0.12015654680284611 870.0549959944088 444.40246621318295 12.846689125639058 
0.09106177385894787 50.72973318866769 114.44899340726434 163.20197164584494 13.837803353963553 
0.7102056643226557 37.396872935652596 367.92534096519 368.78086495280525 35.71253819958621 
0.9015491527049546 44.870889815802684 101.36053026586578 143.71286803134228 25.618270491552273 
33.27433170957421 0.2056794218264501 1399.4581431908985 487.92864320164773 230.48606174767858 
81.99728454534034 0.06679637573094101 1498.4604505844495 898.8574025492755 402.38025217020606 
34.9294731122043 0.0632478106497927 1420.135185651315 651.3303901886893 376.96710568740923 
75.15860755364477 0.07188668267366405 1499.1923516032355 982.2186841262712 618.0347824277701 
22.860085724206265 52.638682354388784 601.2055563429776 382.0215982650856 151.74421102567015 
21.39716291653406 0.3844070824350756 651.4621318379038 414.5862212143087 302.3773923236089 
2.9197467013153187 28.486727417893118 1.1010022293521047 43.15338722622607 4.927765533057922 
29.555411202357526 0.38729112605382654 1485.2879985195689 492.91192955032255 239.67829945501938 
0.7102056643226557 52.30499778875733 367.92534096519 331.5563949480433 14.120450930869627 
75.51108032293365 0.09270448413161524 1499.8851523332953 708.6992313349247 338.5267537698864 
34.9294731122043 0.06759449684266983 1499.2594992979948 651.3303901886893 365.56793958872623 
27.98314775774292 0.3905264900842313 874.2446055386109 314.9432465205011 233.37873884631836 
16.49195000214184 0.14078105334416918 800.760108026149 387.23335456222105 7.417541990772378 
41.29059925386845 0.32300771619410606 1006.1744474957304 475.1553420588375 281.48828373997895 
32.87264186717086 0.2416533064530207 1315.5429094352073 487.92864320164773 226.9798151149847 
2.8761508591142135 37.85254778877346 433.9335110656072 382.69670860748136 147.0976560072225 
19.167318738966202 25.96077918989476 599.473520502287 359.94461470892537 72.94137826263461 
35.23993890417701 0.38729112605382654 662.0901190083259 394.977670086823 129.62049828385648 
72.80273746617067 0.07300129047650665 1499.8263061592959 1440.4148790674803 603.3299976166799 
17.881941192496157 36.521864891419455 657.6405945331138 377.0296080428501 253.9163304716453 
28.267845876563715 0.38729112605382654 1251.5652002838904 464.22230625937567 235.41056123872409 
79.24519734404217 0.17833912063787583 1498.8418087038606 903.8639666915669 484.06601862247135 
0.15022707545715974 60.97740947887608 226.5143680138128 297.5359434571393 40.12218843382867 
4.381002299896318 48.99971280622548 538.845354683479 331.5563949480433 14.120450930869627 
1.3915529804314195 60.97740947887608 275.61244746782296 357.219532576672 40.12218843382867 
28.267845876563715 0.38729112605382654 1453.8861154618335 467.71150830986744 253.02427935479668 
34.9294731122043 0.06759449684266983 1499.2594992979948 667.9060965148494 378.21034283747474 
41.30071105251221 0.4617049523858703 1488.4345055451186 640.2443985483676 338.4881168535188 
0.251651856468078 65.40713371900728 163.8973434468411 389.93330181502245 14.981655963373278 
0.23544814649271367 50.75788837848322 163.7224636972902 178.34318485574363 15.005236384039973 
28.267845876563715 0.08508254184498393 897.0269863374951 519.8919857928639 229.62702734851246 
0.5490778860899006 38.95167212813052 1.1010022293521047 33.836627825010645 1.541320950317643 
73.7523418827675 0.4621586097719784 1499.567576291652 787.8948761159738 514.956632622185 
33.19711192880285 0.3768522755159379 1484.726505243965 554.7434190609192 239.78309680908637 
33.66249664174008 0.20824610615255984 1472.8737582895396 483.9239815713305 361.3080066875635 
27.96494449774468 0.3905264900842313 874.2446055386109 394.5248834563294 232.1012787115649 
71.71712179780022 0.36482861671931255 1499.5741488191911 780.671489788509 463.24119664085936 
2.915114391668901 38.211317414427974 601.2055563429776 382.0215982650856 151.74421102567015 
0.23544814649271367 50.75788837848322 102.219307342424 178.34318485574363 55.70007708043832 
32.87926835742328 0.1062025159773515 1494.835192524525 558.6685761856493 386.97189747805794 
27.987074103150775 0.29873046947244025 1201.829455412253 414.5862212143087 251.44372462501894 
71.71712179780022 0.009809425911040212 1499.5741488191911 750.5483585798398 463.24119664085936 
75.51108032293365 0.09270448413161524 1499.8851523332953 688.353572830928 338.5267537698864 
32.882213455686745 0.06964420201104096 1455.3686224389874 556.7268534231898 383.1509534251566 
0.9015491527049546 44.69524318735042 33.82208791914377 143.71286803134228 15.005236384039973 
42.179664738079424 0.32300771619410606 1003.7963018467735 474.39144788143767 222.23358136182867 
81.99728454534034 0.06679637573094101 1498.4604505844495 898.8574025492755 345.9596178496048 
17.48112669530476 0.08314242132873113 675.9446962081639 393.00153990336156 249.9173747002155 
0.8120881142448173 54.73795928162703 87.30555172938512 368.78086495280525 13.70508034444348 
17.732924336287287 0.11854101782220611 1001.5751058219415 463.65748808034135 260.47267807674194 
71.71712179780022 0.009809425911040212 1499.5741488191911 1389.548346443005 469.95226546136274 
0.25045582605147665 38.932822113601404 344.519046715526 370.8268963064778 24.133968671121465 
72.80273746617067 0.07300129047650665 1499.8263061592959 1440.4148790674803 463.2508905135922 
42.206753092521936 0.3051633639697928 1298.4093248687195 513.9994987906997 237.48405852201162 
41.29059925386845 0.32300771619410606 1045.0642991961581 474.4799992964957 281.48828373997895 
