50.40269645845892 0.27293338420431135 1483.471113536029 764.6029736825574 405.31702907899864 
50.95890879597086 0.27995516836933737 1492.2996959587028 828.9913269878862 306.2781172391871 
1.563473295173721 52.65456552720028 295.74042836289095 346.54110907783854 10.087015648758745 
64.68783877011077 0.22391966925277562 1476.5242393957947 639.6307848145326 224.92417397971624 
28.962371121658727 0.11622319768994824 1480.1851478272386 536.5272463045706 266.4443282211238 
47.38763701115241 0.4399668691508666 1029.752340928403 467.602987779703 227.50355911376764 
51.466110298263075 0.3496612072447444 875.0463233021663 400.47849378310417 93.98566237605327 
3.790708382261675 52.98461336159559 473.29201835971867 360.6851915998244 68.74595254371626 
70.1357390053365 0.09768698245846341 1477.732610711157 565.518589703058 269.4012847922735 
64.99121836088071 0.2886162505375987 1487.532308335494 1234.1606911530707 473.65202071923113 
64.03839478196095 0.10804952405650148 1496.16756261529 579.0779349655983 535.9456739478203 
21.59198188581197 39.412542143049656 394.99863163148683 367.84858487604595 10.274733327591 
47.38763701115241 0.4399668691508666 977.2578271812597 467.602987779703 207.59483329790766 
21.75993394149893 56.74642985669883 630.0545941499552 392.1207915984579 129.79944469498673 
3.877060021363126 54.20982255327171 681.8533930762624 362.82129517415706 129.0251144521497 
3.015425155916681 2.400392849213997 734.6871870576891 400.52700649072943 280.4871478200712 
22.781759674671697 0.25584770993578093 976.587553721921 502.1239399911732 360.1220167111101 
4.108033129185845 49.19567968188599 35.54289379826753 161.32055826909487 9.014911473363696 
64.18976746475893 0.04758593185702242 1498.037381485177 1182.57278211435 452.728486295692 
66.54151555027288 0.2593511395540544 1492.717738450725 1454.1397166766387 1173.7413968211645 
23.699684781271532 0.2566915029361887 955.1395467526731 494.69835165104416 306.447771352975 
0.6431934983035554 40.08991072900438 35.615099626332935 147.36673465516736 0.7153161102829128 
23.88404701328089 52.08847920358576 805.9467875994097 397.7793989077564 9.014911473363696 
1.170719279093234 2.400392849213997 734.6871870576891 400.52700649072943 12.094231326709647 
0.2733795434248494 34.63126421472758 83.64728245314956 368.7711770508332 9.386178342140699 
0.20658771218599714 50.73845721312678 388.15671702302143 362.63789669390246 20.668902119717266 
3.558613643308396 50.806855561792744 1.1733493565758693 368.6032384457913 14.847050933997702 
50.16415809642211 1.3177631557743688 765.3878006101461 440.52741152457503 129.2679143628459 
23.607006343624928 2.091253673573007 1340.5536387282773 496.6098087798856 258.3302896222258 
28.39134012546245 40.724037730548766 856.9116732533505 360.33279807383116 129.79944469498673 
1.294744452670606 36.56174962729651 622.3598570238764 362.7168569015563 116.45536353554647 
21.59198188581197 39.412542143049656 581.0248464736524 367.84858487604595 10.647737103672739 
47.529265384389774 0.0020851597784128095 1444.187366914489 497.2397018782325 251.66039411084859 
1.4046878901731343 36.981323930385415 41.2151746223537 61.20762321560906 33.79431525661276 
0.44100849802722353 55.142866297050944 14.91290132499089 2.245375901761303 10.091749112644543 
4.515598448957913 50.90362570100548 398.31481894526416 246.26784671566745 5.86900665395553 
1.3958227157748861 40.49193057427104 21.23975506131272 334.5549502977258 13.51142346358808 
45.26830068631426 0.2614168459449789 1493.7851369210216 1239.6097512820731 1033.2967595207729 
47.36417510013737 0.09758615078661914 1477.779382068413 671.1501809923468 446.16651056173123 
28.962371121658727 0.2614168459449789 1247.2942083448488 490.8493283294432 266.4443282211238 
3.826515165503089 52.08847920358576 0.8320904583578299 293.98018171950577 24.230055746618795 
1.563473295173721 52.65456552720028 374.66843334567 346.54110907783854 10.087015648758745 
1.3958227157748861 40.49193057427104 272.8354171411725 57.554284185103896 13.51142346358808 
67.23366832929958 0.26569474599776466 1492.688885913702 1357.0817416051814 445.06952147705937 
23.699684781271532 0.2566915029361887 1256.5370930533493 497.91088682570603 326.7685782859218 
2.0485464950499193 0.4515552305574353 551.5241774500673 352.67802752122066 120.18984247859842 
3.6594594058323637 53.295499873896816 64.26881489685394 356.9222304624504 5.661504350886329 
1.563473295173721 52.65456552720028 374.66843334567 314.7989651407192 10.087015648758745 
37.58990632596372 2.400392849213997 734.6871870576891 400.52700649072943 12.094231326709647 
46.450668990119325 0.25677680872908604 1493.7851369210216 1284.9825463364523 1157.672171853073 
1.2236710030447626 40.77753325702753 543.9852459202493 362.63789669390246 67.45313732616354 
19.779183994386763 39.62820159543787 411.8952550524769 317.81041689692614 71.37133662963937 
65.4174535601026 0.09274227038042009 1477.9208361476688 875.4912279710613 561.543905925978 
16.96002104525129 59.0752858671725 553.7687461591496 379.5391698781247 3.019607548235289 
64.99121836088071 0.28622363827426944 1496.5233444293556 1272.3740086498976 472.71605179105757 
23.586819242561905 4.276451494850106 800.2123530800823 396.34091205915706 196.1752267706364 
0.4250673181508464 43.73035586839636 24.910560673799196 263.20996123043705 12.31276566185775 
1.4046878901731343 36.981323930385415 65.94821340741825 61.20762321560906 33.79431525661276 
55.67720243239016 0.11884275631328522 1106.5774472618316 508.82815321345475 259.60971077778424 
56.006358613517065 0.10804952405650148 1496.16756261529 579.0779349655983 468.1086390194462 
66.48771011709852 0.01796013260383239 1468.3466824437733 857.7548921565556 460.40063756597664 
3.558613643308396 50.806855561792744 13.886320877904495 313.8244915565428 16.334290271315155 
60.453056989450594 0.11332896342751991 1478.0051484691264 740.1979451496031 401.59194309666316 
1.9023807338404737 1.6269058610869536 558.5474005966789 366.4381446104001 3.3841433667418954 
29.514737930502232 0.0024258164004483107 1438.6992538276656 487.6368151952402 258.186359532328 
54.44482470817125 0.2595037543973908 1484.3457281122567 1002.9086471096463 438.75428236246387 
48.561142448504164 0.2636079124736175 1465.6864137024274 474.06270153532137 314.8261579644062 
0.2733795434248494 34.44247485605376 83.64728245314956 388.5807167474887 9.386178342140699 
0.6412779652210109 39.1767724255983 551.5241774500673 349.9641968439346 10.647737103672739 
1.2585275747860782 40.77753325702753 452.2253244693556 362.63789669390246 67.45313732616354 
3.8142671127563013 0.09243047392192949 682.6041546272604 356.9222304624504 130.43589468991084 
21.57068203691458 58.8848165235511 630.1396075630928 417.210200032166 129.79944469498673 
64.99121836088071 0.03257453946725378 1493.8591313675167 1042.6908177030978 484.57929581614826 
64.38566754967002 0.20103283028673857 1490.6151837213192 1063.7122935784348 374.4681014833013 
0.5037934043147203 44.555017487948724 139.32008885565483 380.0790680957929 9.489669859263302 
25.06886784567907 0.2566915029361887 977.0962354302363 444.08190869576896 272.7991825461182 
49.139464570935786 0.09758615078661914 901.8209973010195 422.5778541624461 314.5288120796246 
22.70231500230166 0.2626595778765099 941.8400765295602 369.72119503762764 235.2081183777269 
48.20627926937644 0.11420292662492493 1490.0371444853733 835.055627936232 406.08989500281194 
0.44100849802722353 55.2810886111977 64.36291506065302 2.245375901761303 10.091749112644543 
48.093181085702476 0.22391966925277562 1036.528645696831 516.640470885959 227.3160466009452 
51.466110298263075 0.3496612072447444 972.3411214319678 400.47849378310417 93.98566237605327 
34.17089735538009 0.11172062197338989 1236.897762159635 471.88615740185423 238.9646468300371 
67.23568781298911 0.08661250904702295 1478.1112757446097 1319.3027289299584 1145.8010183317815 
1.6208621763534454 51.45876504828214 35.54289379826753 118.06113719363425 9.014911473363696 
20.454281153731273 0.24872967436746915 944.4533853495066 495.4960268867984 72.40254927131465 
34.17089735538009 0.23691771935006073 1234.658240502648 471.88615740185423 114.29849264844911 
46.24935447004751 0.10788868360310577 1494.59213291068 624.3664840429582 235.61963940180647 
0.6431934983035554 50.40612843923148 113.43968214744024 147.36673465516736 0.8544647727428529 
64.18976746475893 0.04758593185702242 1451.7762662492107 1174.8531828010725 460.40063756597664 
0.4250673181508464 43.7789513924148 24.910560673799196 70.5315539993301 12.31276566185775 
64.29172792526516 0.2595037543973908 1476.827037749604 968.4567828132862 420.56323783202856 
1.6641781833528464 51.099308016270996 370.0658916352382 242.56653201980959 8.225787645486722 
23.699684781271532 0.2566915029361887 1340.5536387282773 497.91088682570603 308.9453270653671 
46.459814820524635 0.10804952405650148 1489.7080152371473 511.780255347849 375.0101322235888 
4.088030821840102 54.03808853337222 35.54289379826753 30.802371750616445 9.014911473363696 
67.3169562739073 0.2593511395540544 1492.717738450725 1347.624701327209 1173.7413968211645 
70.50611327516137 0.09758615078661914 1477.7517156165318 671.1501809923468 446.16651056173123 
51.50866401261465 0.06312624114989696 1384.7552181607807 487.50292598409936 247.66223250031305 
63.65533325541418 0.006930393358722475 1480.0626562973869 873.8866377848208 460.40063756597664 
