7.751700950699557 51.50873345364027 558.2299730860036 399.02137708638196 97.7110910231633 
46.07727653996568 0.1972406955021867 1484.5142235270005 650.1362700786012 213.92585507155968 
0.6144002310975808 79.16952734365074 36.23827710383769 77.31631547427051 0.1872479110792722 
54.947790477208244 0.14478575867985924 1468.3651829042092 1378.380017585917 481.05274630949 
14.393808976360226 0.46413926613216816 619.5446895100818 398.72303872590606 103.86134085427975 
50.691728583768175 0.425890394332642 1109.6678911729714 451.82325623242207 327.45974157357983 
21.88608343396941 0.426590257101543 901.9799684654969 492.0489456644867 143.16328232932256 
1.9355026768288184 0.43077445428347727 747.8192368159782 405.47747062048467 99.54415977775271 
31.43261715134749 0.41629458218736404 1484.2620754838988 670.6816613050428 370.00768543536935 
2.1908581531145592 64.18848417573501 504.07539595907565 342.0551058772865 1.6473755928639662 
43.762976024967315 31.9754912374 592.6640490634297 413.2465549837261 12.907438219824144 
28.371118387046327 0.3947445435821748 755.6331309078564 431.286052344166 270.507915678031 
50.687017925570466 0.13532526320437874 1465.05509488518 1394.4020882807692 411.21088785340885 
2.1908581531145592 12.242598124602118 274.0294017311179 352.6493175327348 0.5295185787948498 
43.07638045677419 0.42469710010049716 989.1077060021362 427.417114955037 286.71064651574636 
42.06761865896669 0.425890394332642 1494.966040870369 961.1663291735124 360.57987828063244 
1.2726061812655005 36.1279789336153 245.18689662353327 194.68713066447484 0.9313975390211233 
2.0985250716016908 54.13624381771167 623.7954300619932 363.9448560909476 151.23207070978606 
2.1908581531145592 64.299350471873 2.9767589414967404 341.0280063302021 0.5295185787948498 
54.113173379882014 0.42568415736356785 1487.7440894025433 1075.1321934317505 786.6761915304469 
0.6144002310975808 54.59211639894032 36.23827710383769 226.33049837963875 0.1872479110792722 
29.309570955746985 0.8783166152907818 1017.7428897024686 477.3294441764805 237.56496045982186 
2.1908581531145592 64.18848417573501 393.7924155000633 342.0551058772865 0.5295185787948498 
34.11295955953882 0.10944121359750815 989.1077060021362 415.8548561685376 292.5014836759967 
2.5976419963388824 55.30333710590948 15.820233905810545 373.0192089529919 17.424983603725863 
28.603414406080965 8.31558399467341 733.3931225123243 372.9739161010805 271.6568740027583 
1.1156438103820323 45.069319036334115 8.337213586683674 57.73551722468619 7.8222373755022705 
0.03626505219144871 36.15825241022601 294.9489393996798 115.94267831644298 8.129894409972843 
14.393808976360226 0.07502312488965526 618.7154479672104 398.72303872590606 239.35425274132322 
27.674648110395456 26.485425896466104 656.967398710869 368.2999804800847 139.26632228478343 
1.113981190848673 50.631029290564484 406.77577596436777 372.2183542855802 54.35653314108163 
1.3466948911392191 54.1502205214752 10.84185586980928 407.63977666885336 1.728993311157331 
35.13177446956038 0.6332784960145226 656.967398710869 366.86932953393097 139.26632228478343 
32.827726560450344 0.09619194012705833 764.0996016797574 416.5868515442627 232.5665295364511 
3.3519551259341043 45.998100974464926 454.5363815363289 433.8694696401018 10.225527545326742 
28.363479724027734 0.11344322482473533 1233.4875452352933 477.3294441764805 237.56496045982186 
33.60612855723873 0.09619194012705833 818.8358275351959 416.5868515442627 241.62711184145803 
32.813755858816855 0.09597302717171993 761.4127402212266 416.5868515442627 105.59860212548492 
54.31310509334703 0.054043860824183776 1488.2662215654639 541.0271324977292 340.0944578399808 
16.08330433095502 0.43077445428347727 747.8192368159782 405.47747062048467 96.87262872196945 
35.41924452642293 0.40269473478867346 1475.2800918844082 527.6770400801347 297.486222411669 
29.560481936082518 0.425890394332642 1144.4745887637148 460.19608478751917 364.8121893191954 
18.354275928973948 0.49138821763589 895.694408872773 433.61131682987286 243.830230510969 
76.93781111771443 0.1972406955021867 1475.7507378614937 804.9320373289031 558.2177289970409 
8.037217600154246 0.14600943076239237 778.4936693156142 414.2292033887579 237.86985872839358 
20.56018464792192 0.23263891256228142 1481.6991220623468 436.2506956247338 240.45153065377497 
83.0 0.2528407473624561 1492.7189476505923 983.7418948301777 488.58159449709854 
31.10057532213545 0.42286072609848824 1083.1460212020631 437.1260773208977 294.2853098457026 
2.4720076654754988 54.70005462941891 196.5687765543409 357.1520455084533 3.496735017398362 
36.99458314411858 0.13746128250328984 1497.0074299443309 984.6003518233151 425.2740782352137 
53.86536939375621 0.44948441257620875 1492.047812752345 1068.0043029845053 470.44202956016323 
0.4718299587195782 55.27060488762329 28.8506633778084 77.32928319011373 1.6036670759929237 
15.46245671119809 108.36654560703955 559.0579472437449 373.49614089820903 23.194984743441935 
2.613660350999259 53.88387155253387 513.9117112041154 365.47452034864517 10.225527545326742 
76.93781111771443 0.1972406955021867 1475.7507378614937 804.9320373289031 467.1817447848625 
50.77629478363086 0.2532371858519251 1499.185054889897 700.3457276234112 525.3622170631212 
37.15473073586949 0.2856111233326704 1464.4887763785812 664.3617572044787 193.8789038103962 
6.466646119728039 58.67850427486903 571.6673974723813 373.49614089820903 1.24326694453958 
42.06761865896669 0.425890394332642 1143.4949405749194 627.9783277055502 360.8681677577496 
1.2726061812655005 36.15825241022601 139.28621404401042 115.77038869178162 1.0750535267574945 
2.4720076654754988 54.70005462941891 196.5687765543409 302.2644993046921 8.903322981479029 
28.363479724027734 0.11168941563955026 1495.3509447130432 970.9090382125772 441.29363822271955 
20.56018464792192 0.42019163989137875 1484.680312993423 589.8999795383183 240.45153065377497 
15.569430460677463 0.2817362474666976 1471.1670563521236 489.5311753686955 235.56486679904842 
0.5483219958495251 71.22781553774605 11.201639048955258 2.659248775976584 4.085161649712248 
1.113981190848673 50.631029290564484 395.9707840987825 372.2183542855802 10.77365865797701 
2.0985250716016908 52.141159219397125 513.9820590469168 114.2116552604249 7.633294798543176 
21.88608343396941 0.425890394332642 945.0929864038242 492.0489456644867 143.16328232932256 
1.1102904343866165 44.87620163879353 134.68736353453482 52.421346407621684 8.182705479082173 
49.4563035199608 0.13746128250328984 1482.7059065282624 1028.9215370388554 796.8358289736822 
49.44299866760412 0.137514924500451 1494.8004792297097 676.0894622901003 539.3977985577819 
4.830921487273173 54.67993980718286 98.72470613486246 114.51453951332002 18.080129936692362 
0.5483219958495251 54.59211639894032 8.605299046248042 226.33049837963875 0.5077050682429949 
2.1908581531145592 53.70419507427288 283.6636322608337 368.4931895195093 8.182705479082173 
2.0985250716016908 52.141159219397125 84.04661908823945 110.31288576019735 7.633294798543176 
27.032220402926114 0.25519964187243344 1338.2125183779208 499.91456233251336 194.66170230378185 
30.925177171862195 0.1570580963151589 1152.0025365353597 438.2545497029237 241.53771933439208 
27.032220402926114 0.25519964187243344 1341.4284015395758 522.2579275640913 194.66170230378185 
48.82176310493042 0.42019163989137875 1484.680312993423 733.1322654417485 325.5084572952168 
48.71210792465691 0.42019163989137875 1482.1705539250877 734.184688705312 240.33411443809774 
49.4563035199608 0.13746128250328984 1496.9201954447803 984.6003518233151 470.2190245680265 
2.1908581531145592 64.18848417573501 274.0294017311179 352.6493175327348 0.5295185787948498 
30.85729965182228 0.15502296415247763 1152.0025365353597 460.19608478751917 241.53771933439208 
2.447659966431252 73.32061252464392 35.227108633260244 7.030960913685313 17.00313040078595 
11.0774812894498 31.9754912374 592.6640490634297 413.2465549837261 80.69096582658358 
19.70319000804028 0.25519964187243344 1310.5932444682321 500.7250949865754 194.3795120376475 
54.30794361205451 0.42939960135269806 1488.3923888482136 1401.1986768136742 479.90810582188544 
2.1308806848644823 44.652512277177166 93.05434407444194 52.421346407621684 8.182705479082173 
2.1908581531145592 53.49778386549261 319.9437522374188 46.490135529776424 8.182705479082173 
29.292801155429775 0.2762435633611708 1455.5960260306372 464.1740821965285 356.4906190546535 
50.77629478363086 0.2532371858519251 1499.185054889897 700.3457276234112 619.4413639062161 
13.68618085030677 56.060416834720975 196.5687765543409 357.1520455084533 8.903322981479029 
51.98998164449222 0.27368798289783536 1487.2327880966436 593.0511767461153 441.72232500877465 
35.11189982258953 0.09765841273477333 960.0716008797813 405.11626025951773 88.57487004310369 
83.0 0.2528407473624561 1492.7189476505923 1078.1434367584263 764.563755251714 
48.66574431689506 0.41629458218736404 1484.2620754838988 655.5433095032741 248.66624405312757 
54.30794361205451 0.42939960135269806 1494.7775629608525 1454.5156363712817 479.90810582188544 
48.93434489568915 0.425890394332642 1143.4949405749194 492.2503890691023 360.8681677577496 
19.70319000804028 0.42019163989137875 1484.680312993423 523.2347202089852 240.33411443809774 
0.7600135243461503 49.15649130537833 138.12108240299372 198.3676313462248 22.5958159782137 
