17.068436560884336 0.1410928694168878 1089.698942495396 409.2249689312051 308.74819205315777 
12.115484812057492 50.6042123283663 440.6923672281196 383.34830064143875 32.34706034562058 
11.690172721025121 2.322918576252391 637.1554836899505 384.54366306934253 88.75251776143853 
46.67826332609452 0.1642671551223145 1486.4218413636238 1044.7099944839188 523.1148138234948 
32.64470288427661 0.1362915966591689 837.4323564683461 423.1798420237692 204.66210871385425 
39.393674767872206 0.1337074319751202 1449.4119940684714 504.37629611075516 242.66267500059905 
1.3787277967853777 45.14831412316635 38.347465839137996 35.60930884626103 6.525886621334432 
35.32174385632683 0.19712861383655678 1179.7360652265063 526.6927127193344 241.9231057049722 
51.24520970094968 0.18450349378518138 1477.7481220904804 1293.6640403190436 694.0693629735177 
79.72760493763401 0.37433751463019743 1478.615980093216 1201.574288240971 553.5079499510056 
0.5046210653049115 48.12737008137532 259.1421784880072 352.288734747689 0.5492798326957542 
62.52675258286746 0.18153230581239177 1499.348460278291 633.4349519247147 329.46581000550503 
34.55445510455973 0.27335311857050515 1444.760192024913 563.986147739591 237.45863116687684 
11.690172721025121 50.298750670799926 637.1554836899505 384.54366306934253 77.13424131157302 
0.5121726077650262 48.12737008137532 712.5987257599502 402.6756368916286 3.3982552364105403 
30.888923435851737 0.274618973150137 980.7319839589019 406.2864562356056 183.9408368561231 
62.43663485988503 0.2755655454252484 1491.9718704671336 1452.5518788954669 634.2968466228906 
31.070663763199867 0.0018754559406509164 1195.3403007711381 445.3581622028855 200.9915413280349 
46.24845309714813 0.16503169888248698 1497.1880111952903 1050.76288545581 922.3344869829434 
35.51767002885611 0.0037845359474043758 1248.4394479215969 510.396258790814 247.04079399084588 
12.850992007990628 0.04867047229212007 734.7810715335079 413.69361619726345 242.1068234873245 
59.83214159922201 0.35186812187619376 1493.720479841456 797.8557653817257 328.5299685756897 
1.8081981050826137 0.1337074319751202 1450.0050343943196 510.4531341964023 242.66267500059905 
77.3041589616416 0.1879582139021344 1478.4887996181162 724.2340599528284 301.972770741447 
1.1081097541153149 41.42439554845948 20.68692312038735 0.40859485316149247 1.6756782647105695 
0.8950518886659493 42.759029416405085 452.735581812161 107.17230112864063 15.309649574369448 
7.567658875820145 43.32496779178699 493.6880021743278 377.8176858688789 15.019343181563869 
4.626762984105399 40.797253548639645 130.59690042126496 91.08245920331304 3.3772477340540243 
59.853835531283494 0.2911531327951261 1497.4430377622296 800.1749082099719 362.2308577862604 
61.96788833135256 0.27079588249816755 1497.5888792954106 542.8683182932082 304.60595160085126 
40.50037875878747 0.9080426952582741 1364.0312919729818 504.45024936206863 242.064171389858 
1.3818786331042856 45.01180921004498 144.11238241396586 261.71129978647474 6.5115439214999 
41.751861438134526 0.18153230581239177 1483.7071423982115 597.0061829720042 305.7886342367291 
19.786613851122702 1.6945147084043276E-4 985.7367115734306 413.11687578299404 249.94401495859998 
0.7671962808782853 62.16964732572668 258.6947922792798 330.2577298089882 2.8277283492575997 
34.893898481689696 0.12721651572956932 1486.5803882251187 510.4531341964023 248.2567193590443 
0.7441343335739273 40.33460242093696 319.0084467271865 0.2889849064132366 2.8134084257123737 
6.092430905857627 40.66877925274811 350.28855952121097 333.5995565413468 3.9939574235036477 
17.558780707983146 39.27247733638889 495.1934857297714 409.2249689312051 50.358652070397085 
33.63827846903297 0.18695408108152428 1486.2055576627877 1154.418464029698 523.009949075462 
31.110220495841784 0.19158024279909103 1039.8345951478416 445.2431679378184 202.18913092618354 
33.99955727079025 0.004641101183843477 1498.5088889480978 861.3504413672224 566.1016584646278 
1.3750299487433373 38.88189629140456 636.9600097967461 376.8290878345871 17.001223892057723 
34.55337701360522 0.20107525012941807 1178.0721434446584 506.0724319019535 204.17994219090596 
34.53892374841499 0.9080426952582741 1344.7898508763947 504.653601221783 205.62522650348876 
59.848392300462734 0.06627964825584223 1497.4963621053969 862.3345869855651 563.1473109572071 
1.3617377493233445 42.61313468628353 286.29362018049744 344.3342152363075 28.17150806893926 
0.011878086252668396 61.05813974911396 18.973525429535357 366.12052138398815 16.11058925745148 
0.03227649841876001 40.565356615479814 283.6293007563857 50.44132512590312 3.3996787854079322 
80.85922436566737 0.053436652223295716 1488.8458791829148 1339.2535999923484 681.7006852072125 
57.580888888597926 0.27446151038410366 1478.5489498626514 563.986147739591 241.55126156515922 
32.15160466027148 0.0037845359474043758 1248.4394479215969 461.77976178764976 247.47421299312026 
2.261950435370828 48.12737008137532 434.1940319109804 310.6634351103871 3.399756347802562 
41.24382498800953 0.1362915966591689 733.504191135439 423.1798420237692 204.66210871385425 
80.1742362781789 0.37433751463019743 1478.615980093216 1207.8136557107032 617.6500888604365 
0.013284650558300193 41.910717709985235 436.4562645809017 333.51661104102294 3.9946038217378828 
0.09726808219313465 1.5251892923773767 705.5280634803283 402.62742836702 205.73752185694389 
6.091508028495065 0.19158024279909103 720.4896288795144 402.1844757626181 205.6590621231363 
41.751861438134526 0.18153230581239177 1483.7071423982115 626.5665637015401 305.7886342367291 
32.15160466027148 0.09486801684950752 810.3885367894688 459.04430538662103 247.47421299312026 
1.3617274105225903 42.704147532984166 13.292897264235535 113.79512844787664 28.17150806893926 
4.626762984105399 40.797253548639645 142.19149943935432 62.12860094156724 3.3769527661575633 
0.5046210653049115 48.12737008137532 40.512253206211994 310.6634351103871 3.399756347802562 
80.85922436566737 0.18450349378518138 1477.7481220904804 1293.6640403190436 681.7006852072125 
59.853835531283494 0.18695408108152428 1497.7810359235468 1050.76288545581 523.0164613870937 
0.8987964161350048 40.735185516273155 272.363379904306 278.89321423379295 2.3744832446095723 
11.690172721025121 46.569827274853296 637.1554836899505 384.54366306934253 29.399752520527386 
56.50672595753059 0.2616324252708715 1483.2131767550197 906.0239765673157 328.5299685756897 
5.749675897859465 40.66877925274811 352.9730298764622 310.6634351103871 11.457200596791068 
0.19347124401406957 40.97457570304011 111.01108000613755 366.1493901627913 16.106673251557655 
1.755067614333349 44.911727500191496 41.33995750105021 53.04739798220946 28.17150806893926 
1.4078544491724911 50.6042123283663 624.728932116709 337.79984076354856 16.21675889521381 
8.941357294941257 39.45327445186662 493.6880021743278 376.88882340292315 51.24302850344168 
5.749675897859465 48.12737008137532 458.1418736872728 373.7854636731756 3.399756347802562 
58.53167234180751 0.3278708930686929 1478.6576834173663 867.5136485480015 329.189202932222 
0.4985085568120393 41.95262677987581 5.32932550091488 398.57520001527973 10.968703868953913 
0.013284650558300193 41.910717709985235 464.98356224535587 333.51661104102294 15.842933076672132 
1.3161108189947357 38.45717385323883 85.00877492517577 201.45978660332844 12.950858728212154 
4.54077692826952 40.8126793404537 5.686332959302774 91.28709414420727 13.225137963761298 
59.83214159922201 0.35186812187619376 1440.2305719838573 797.8557653817257 328.5299685756897 
0.3866952678750799 29.464354320013236 640.5732198798967 442.62661001077106 201.62609366615033 
1.755067614333349 44.911727500191496 41.33995750105021 113.79512844787664 28.17150806893926 
12.850992007990628 0.04867047229212007 810.3885367894688 413.69361619726345 247.47421299312026 
62.43282921811819 0.13235946062887383 1478.1284455230111 692.1967631523634 586.2641671125738 
35.153801400953114 0.2733531207647056 864.0005489511441 443.59282618999794 237.3940363843924 
5.749675897859465 48.12737008137532 458.1418736872728 355.18688693482136 3.399756347802562 
28.895104785616503 0.049746874666848406 1195.3403007711381 479.42848892193894 200.9915413280349 
62.483403424700654 0.274618973150137 1491.947676297487 683.3615508323159 329.56326743584685 
0.5046210653049115 48.12737008137532 4.1928896463418255 310.6634351103871 3.399756347802562 
0.32318378317485585 45.14831412316635 26.59566269600495 25.75342026774647 7.318102863789441 
0.39004442729437794 26.760922625444984 720.1398759474546 377.5691638586931 173.02461445693035 
40.928824984018604 0.02607225047170264 1041.8618497356076 470.4551381551789 247.08319421784185 
31.867835593684017 0.015168207453569643 924.2718057200852 494.84776143383107 177.26924284439485 
0.19752797771250563 1.0997155592990282 730.5804102942636 426.0811288009395 24.27634120486043 
61.710364688073085 0.18695408108152428 1497.7810359235468 1050.76288545581 305.83862875562886 
1.4078544491724911 45.00970509042901 85.00877492517577 235.86162979932493 6.5115439214999 
31.306665461231635 0.1362915966591689 686.1475546748751 423.1798420237692 204.66210871385425 
0.6914431786723991 40.18870194777388 249.56064699754086 315.6052648007979 3.425064917764908 
34.55445510455973 0.27332524964958993 1481.2368509102369 563.986147739591 242.1510237465996 
6.091508028495065 0.19158024279909103 1201.2344108436046 442.1039980490278 202.18913092618354 
