24.372829480038398 0.08070679580530032 992.8004562810794 406.6610777852537 43.76247244420597 
53.05001575786963 0.4376248815222352 1028.3647438092241 388.04363172862145 260.74218729515144 
24.440439769407412 0.0803144292935591 694.878482030208 363.4692585109595 354.62539878880773 
0.6966022693767805 48.78560319647943 235.14916958783382 297.8017751083627 18.807779754361356 
0.3704767881176867 35.47523635853802 129.8523957963499 276.67300358525324 26.553114576113252 
29.4647673375552 0.12132404626070183 1257.4768463835264 475.57875912987225 205.67478799689508 
24.393608241001193 42.3194709417157 435.31810537068304 317.8499033164231 130.40211510693936 
24.78691105665521 0.3267683773905641 906.8355720328568 378.9856630195964 185.17871704855634 
82.0 0.2899245316639615 1478.3469765051882 1406.2701654116581 967.3030555696653 
24.372829480038398 0.20564839477470587 864.7578378496648 406.6243555834642 47.02745827664846 
52.6598079177015 0.21393743880218194 1493.6188459089992 1448.3600354089199 512.8323722790352 
77.76643252912335 0.2079666666641382 1495.0486860074575 918.8745618246035 404.7845039339904 
51.56296720318327 0.08988053820675787 1427.7537980318943 512.8319257582812 262.60117799325553 
8.209065489744905 7.896691272318804 873.1819134438289 361.71680633491223 196.39524038115547 
17.12849834549129 0.03323317760463845 934.9287521843223 469.35802239835186 279.52545338331606 
29.290108845552915 0.11726958929631427 1224.6401010164577 485.8443944216349 113.99099461231596 
4.270701824334473 55.82144070695871 111.96203414804401 44.13232932467676 26.553114576113252 
52.68510563192704 0.11726958929631427 1047.6977983478725 412.51515650505905 242.61941384070022 
54.91784902711018 0.05058690587241016 1364.3685340517914 479.09830689857455 257.01422921392646 
58.92018018486202 0.25262381689875363 1460.0386482787105 1168.3907542863606 304.18071939418144 
1.0084141190506222 45.422206323825534 224.99833024339785 76.23892340402017 30.932277880826852 
50.89145343504433 0.19816062563011694 1473.4959153924726 657.2332112391492 318.0602366782874 
1.6643349541209291 41.26836023846935 199.4689033630642 38.37065682250841 25.026601406168705 
24.071859546778004 0.322917026558459 1493.4030089577077 577.3910146405298 303.7533054993265 
8.40971160431593 48.7519991272032 638.5333110193124 376.6113570028078 261.7942304876068 
24.78691105665521 0.3267683773905641 848.9760644236135 379.4875140937007 185.17871704855634 
17.12849834549129 0.1063890654829841 1462.8729655317957 469.35802239835186 279.83996101309316 
17.12849834549129 0.13100963214517647 1364.3685340517914 566.2517305354089 279.52545338331606 
4.299931260748068 42.83876897336984 249.0565547536653 382.87261445648517 56.480222174903595 
8.40971160431593 48.7519991272032 639.7751880271501 376.6113570028078 134.29297648260436 
5.824292821777007 5.139985259832979 705.0154759693996 367.5217420470281 191.5370210773281 
6.142135651305632 0.7358554215713831 700.5807794907068 430.20808506838 193.5292609035459 
8.235757421585067 52.51568276911581 630.0325581564953 363.1313206596674 135.22818345817143 
19.654446594940698 42.358679332879106 585.7444250488394 367.9544702764408 46.45147480193157 
1.015614218353639 48.70205861323633 4.0565747422774425 40.9382722365375 51.69722896796722 
45.876537931263954 0.3871081802651502 1493.3623002960705 703.0054415936556 235.82068417754473 
0.3704767881176867 35.18291300374122 22.383626231802243 276.67300358525324 26.553114576113252 
81.47085576010045 0.21441843166152583 1478.2903340978369 1293.135461010881 425.7638928842543 
53.37079290636266 0.12922024768535378 1486.161294668786 1192.679040686694 301.496392618511 
1.4449367800880424 1.5264718092851624 707.9604705192739 386.1911227301385 256.93117841886794 
78.31323115726167 0.04241490568191081 1498.9331944523153 1405.3856393379617 421.99755750704236 
55.55590213901654 0.4698107906999991 1493.3623002960705 660.0202239741387 405.26524371288673 
53.37079290636266 0.252583704608335 1496.3585743162705 1218.6023281177474 300.4689012173175 
0.7067842797978534 42.12287540741059 266.43700870161257 303.8599832026567 27.116408718438535 
0.590796112539343 57.21257179248594 143.254349965068 329.8326989824553 37.92159210325344 
0.3704767881176867 42.95753694104377 21.909146484948344 5.079097466796213 26.553114576113252 
0.24267210645842097 41.3075278701128 384.44255316563397 347.1379710451198 26.812353994686504 
0.9188186928231827 40.94640534289494 494.7567312362733 318.4908032412061 48.55743640939787 
4.270701824334473 42.61366795432815 294.54723328991264 49.31903740290346 27.64430412494704 
35.92033365692659 0.44121179207044275 1477.7195734795448 718.9972837520015 421.99755750704236 
51.9344760388792 0.19816062563011694 1483.673500178772 584.7425056701707 301.5318427285623 
28.328788832152348 37.68084500868234 396.18671143651574 317.8499033164231 45.17120124532234 
80.28972501922478 0.2060952327414966 1485.3412928642979 772.9864139757756 427.2445630734146 
80.83256324423509 0.252583704608335 1496.2644120489106 1218.6023281177474 405.90208231157976 
1.0084141190506222 45.422206323825534 38.24323370731162 76.23892340402017 36.311997248669115 
16.84467125385567 0.02675614230282819 836.802242689677 408.4560825648905 194.82798682756527 
29.290108845552915 0.11726958929631427 1219.6476236584656 411.2541123622717 242.61941384070022 
82.0 0.291398354112031 1478.3469765051882 1340.2798173051917 967.3030555696653 
7.680820478013913 38.263580808631104 484.53797550939834 362.4428674466848 56.9921580258826 
2.7186458241181226 38.8746138464079 26.889322826953844 368.45768445464955 28.007280874929876 
81.4615569425868 0.1954607911669459 1485.6795541991785 585.0211631764706 307.9489960976961 
51.75671173496987 0.19297290835391356 1480.6730942775648 510.84905263175875 221.27349660147485 
51.75671173496987 0.08988053820675787 1481.56159362482 512.8319257582812 269.7930694256994 
51.75671173496987 0.04241490568191081 1477.705700852885 783.0824766002422 421.99755750704236 
83.0 0.4698107906999991 1493.3623002960705 723.3937753889304 405.26524371288673 
51.94916531103001 0.19383990028498066 1487.604656914743 911.341383081215 404.7845039339904 
78.70559637564384 0.21862074639338389 1494.2685330370625 824.136248595659 422.8801573567411 
58.92018018486202 0.07288724358165828 1460.0386482787105 550.6592706616794 258.27644423077504 
20.995338739532077 0.0032689784902793784 1013.9128211108131 451.93367336184735 133.79039640702695 
2.2880126951272137 48.78145195893304 12.291727103368672 67.38665505536912 26.627784676972258 
82.0 0.2934958888584632 1483.894927576109 1343.7100699013447 418.4004985244196 
24.38429146292581 0.0803144292935591 694.878482030208 363.4692585109595 193.09855057860008 
77.59296851770215 0.1976186170012695 1493.5246062671627 1443.6167210148194 1416.4999763315523 
9.997019930352476 55.69349690646992 496.5529673671052 386.88313783659544 88.90388748965086 
7.962796649440067 37.189444635469826 548.3179070498172 377.16414075448625 77.51820084618939 
4.270701824334473 42.63877447786943 294.54723328991264 384.56378207698447 27.64430412494704 
0.24267210645842097 55.99865382333152 96.51085811904363 347.1379710451198 26.812353994686504 
76.75227287805413 0.2104476162066738 1485.423558503896 1435.5524500735344 1146.0523123367143 
28.8933994639076 0.1215174369551589 1232.24394742444 475.57875912987225 205.67478799689508 
20.556618220661427 0.48247461606142705 927.0949178717262 463.22713114826456 195.14212777501746 
51.75671173496987 0.4410784897362161 1477.7195734795448 718.9972837520015 421.99755750704236 
52.6598079177015 0.4529190368800562 1497.75618860135 917.5036551314967 529.8900134195565 
1.0084141190506222 55.18004022882113 23.28958301428674 176.03441936216842 47.00582038928627 
51.75671173496987 0.4376248815222352 1014.780066554817 472.34153876124566 260.74218729515144 
0.3640776870406346 44.9621125327592 75.62448487074175 297.8347969778614 28.520078742580132 
24.452655500092025 0.43683313417302455 1368.2751013327384 458.7217746568736 213.03654495066894 
24.78691105665521 0.3267683773905641 1007.5159747447997 378.9856630195964 185.17871704855634 
1.9642495573191425 38.604989825686346 249.0565547536653 337.78962616665217 56.392365992454614 
80.67138691330169 0.20174854239978898 1494.5191355067234 925.635432858068 529.8900134195565 
51.75671173496987 0.4376248815222352 1039.729533768347 478.2389108336845 260.74218729515144 
0.31151826657391535 62.452961092897624 367.871599535969 297.8347969778614 29.503973250801458 
24.426781628525383 48.7519991272032 639.7751880271501 376.6113570028078 134.29297648260436 
51.75671173496987 0.4346843825521063 1368.2751013327384 476.16545791167533 213.03654495066894 
31.25854199393515 0.330371766373891 843.7160225184537 486.8190294029238 130.60881483208726 
4.270701824334473 42.95753694104377 145.58431706897173 42.805508211515885 26.553114576113252 
0.21960488329676453 38.291026730911454 21.05794119138551 297.33778274829547 62.161590259519045 
5.943245128242224 5.630740540433749 672.3923473622439 363.6375316860805 193.62287097617303 
17.12849834549129 0.13100963214517647 1364.3685340517914 469.35802239835186 279.52545338331606 
10.060848860026798 38.687559276548235 608.107643306771 371.57938246484684 97.00144922966955 
19.654446594940698 40.94640534289494 495.9572527781303 367.9544702764408 46.45147480193157 
