0.14112673639255868 38.82588839353862 1.9493160280261748 295.4638905589575 1.6396707393778698 
1.8157297022407288 29.45058927184478 37.89527121845812 24.378042919126727 18.542729098660082 
19.098080402387566 0.11890562298655453 1490.8674081784272 606.3479147041143 311.4829934836347 
27.244367316053086 0.047827139128264806 1131.428530695286 514.0863773344417 172.05468366953178 
0.1816805271587114 38.82588839353862 2.247294100102336 100.81546506788368 1.328769428925988 
19.11901611872149 0.056723250977074785 1147.8696451718447 384.85558486240234 268.8912764785872 
13.263348261443557 3.0893597869638714 513.9125902855866 380.5245821526954 172.07763603065115 
16.43570107964062 7.271171334104413 535.3327124440139 399.4265973071025 179.1080746159954 
0.9464184327806147 48.338627168529094 232.74105679125324 346.2176563616049 16.492213183284086 
46.01045612354322 0.10310822211232912 1415.8613524483724 605.9737952534248 320.349094766381 
2.088363309221417 40.23765950814918 394.20767874572346 1.022558544958553 0.6342542115182983 
72.1707097581508 0.33891025349982495 1498.8976440546573 1115.1426897476513 672.1721676897639 
2.7838546617206124 47.608402559843455 400.43566736954574 259.81803328877436 60.348051937974695 
2.574609528353763 38.82588839353862 1.9493160280261748 27.7339279432897 1.6396707393778698 
0.3512070035060272 28.94940966148697 86.3637235701012 165.9352994880744 22.011932809151844 
0.9467342239709424 0.35845609857319355 924.0312027597653 379.33591833299255 188.60435778230283 
2.1253135880113456 47.784732675736414 269.7509376120209 299.16565077488895 6.416451683770424 
2.088363309221417 40.21714557610518 434.6863507604896 13.187084852022437 0.5554127854520643 
71.23000305557133 0.12191566503237988 1489.4898469066425 1356.5538436990328 694.9189159150094 
71.70693592093106 0.002007381382649387 1489.4898469066425 1284.946957247923 433.9081759520168 
13.334976381238508 39.265183615819474 384.96149587923185 330.20002656178895 62.143121275972035 
13.334976381238508 39.290106405665384 546.9021925660029 380.8693830447775 174.07832209658548 
47.69324723077909 0.33839650683047595 1484.9286830298286 510.24420993071084 306.2596016264855 
54.15093840949864 0.10310822211232912 1492.8996380006386 1026.637641378121 392.37834196253976 
18.123568455283234 0.0354347031744513 774.4934118245014 418.6803291559861 226.92338181774105 
49.553985938825505 0.1506542549868044 1498.5447273386203 1111.3778865598413 538.3490937632246 
21.891887321306765 0.35894169082093885 932.9351381048608 409.5392749222688 161.01454182590976 
19.11901611872149 0.028168175379355037 667.7114284589393 386.4041090715393 249.7042004107223 
3.4007929711138933 38.82588839353862 792.5902518806334 374.1689472544978 103.40067620624205 
0.9467342239709424 0.21580958415368912 667.7114284589393 385.59753631843074 184.5752507962372 
34.411493518985836 0.15624652270296266 1498.5447273386203 1160.0683905580727 376.0110081691858 
47.039663048825005 0.30024120904350216 1498.5447273386203 909.4839737990774 454.49501721637586 
82.62102741612406 0.10310822211232912 1486.9790329538032 629.27700181368 399.34474355371736 
10.903671328088851 38.05376289000528 498.40852493742216 394.8440995503515 2.8411198312487045 
16.43570107964062 0.27229187745518146 535.3327124440139 418.6803291559861 179.1080746159954 
14.151166707039181 0.043149943605749475 786.0135577077259 418.6803291559861 172.2986534844498 
72.46820880668334 0.12010679923944807 1489.2186932709128 718.7552775792183 308.05541497416925 
47.69324723077909 0.34611450688218387 1362.102444815271 510.24420993071084 306.2596016264855 
0.1816805271587114 38.82588839353862 1.9493160280261748 3.070739940191016 1.6396707393778698 
16.531833671492304 38.08959843324819 532.5954822764418 380.8693830447775 232.4795201295051 
3.6199110322725137 35.6227575659955 30.44783854671331 330.20002656178895 16.54681365280994 
78.70956672439398 0.11506425994158223 1487.3461142123533 744.8267161091512 411.23828992367754 
48.59181098785086 0.30024120904350216 1498.5447273386203 909.4839737990774 397.76681417702736 
0.49585757752892734 29.74630077263076 536.0552504790028 284.4991895554379 14.266492615606396 
70.13710148329882 0.13603722686238398 857.8929302474595 427.76104039839834 224.85104914750931 
13.36779911683037 0.10917135388004047 1294.0717749136397 526.3606371700482 296.0347149745857 
27.009963225425796 0.047827139128264806 1131.428530695286 514.0863773344417 252.66932622505618 
21.891887321306765 0.35894169082093885 967.1731923797846 407.2375408007449 161.01454182590976 
6.354539092620698 0.10917135388004047 1277.0257193674236 526.3606371700482 296.0347149745857 
16.43570107964062 0.0354347031744513 528.300347355213 406.24338143508487 172.2986534844498 
14.381760873950782 0.10917135388004047 1112.9752902749808 432.59492789769945 319.574289398363 
13.334976381238508 38.5838248354463 249.73010185491887 330.20002656178895 24.403181233689537 
2.1253135880113456 49.77158992737152 255.30156790624795 35.74114622279987 7.096178896806553 
13.307607412032109 39.08629757583854 0.8940121195687425 380.8693830447775 15.88440038633927 
13.334976381238508 38.5838248354463 532.4795588200841 394.8440995503515 23.67678182916383 
0.8673098750432342 38.019174512248696 553.0895277843462 433.06334359153624 3.7911261460942 
0.231569352543195 38.57763135490579 15.280905199465934 329.8458140738021 15.029901933281298 
19.11901611872149 0.21580958415368912 667.7114284589393 386.4041090715393 184.5752507962372 
3.6199110322725137 35.6227575659955 344.8637925950695 330.20002656178895 16.54681365280994 
2.1253135880113456 47.78535731228145 8.461227837189938 127.2495947119338 8.316404028935288 
3.5941283499075043 2.949954814594511 769.1094209758401 418.6803291559861 172.2986534844498 
45.58867814565248 0.207902974063313 1490.3815300474896 778.6749480895658 491.3166514027205 
76.8734632962808 0.12010040077109115 1490.1545248059306 900.5280419020173 520.063028852782 
2.1253135880113456 47.784732675736414 234.3704170142912 299.16565077488895 5.845039779900176 
47.69324723077909 0.15034906605260012 1423.2557048622236 520.6573932293021 306.2596016264855 
27.009963225425796 0.06026165731737976 1308.6601008836456 546.9700785109796 226.86121555250404 
30.671545512003675 0.047827139128264806 1131.428530695286 368.1745143819723 183.1824412706702 
1.5560534359623253 38.5838248354463 532.5954822764418 330.20002656178895 7.877640956551881 
15.668851970197 0.4272043742891047 1337.6292616645142 451.55408114971357 260.8284276162816 
74.4618932975355 0.12279498776674931 1497.3223160301973 777.1317261571281 490.48195427727217 
21.891887321306765 0.13603722686238398 871.334072820167 407.2375408007449 224.85104914750931 
3.160528020457047 56.97130415762768 10.066776307351605 179.95581575103404 1.0598814882052716 
13.334976381238508 39.290106405665384 532.5954822764418 380.8693830447775 16.354176687339404 
0.10007521847014034 29.16209204987399 95.14921376422046 306.1677379931569 7.629881246613743 
8.171146793068832 29.753682441095258 477.392239866371 328.57380827879047 15.17558592432853 
72.70151744598493 0.12010040077109115 1489.4401020336895 1288.1464283598343 520.063028852782 
27.009963225425796 0.047827139128264806 1218.2955132417062 514.0863773344417 177.43538938465946 
3.6199110322725137 38.5838248354463 393.02882715283386 330.20002656178895 16.54681365280994 
49.222592307891574 0.10310822211232912 1486.9790329538032 610.8610625617195 390.7577078670023 
47.61191991708007 0.10310822211232912 1415.8613524483724 586.090297894843 320.2365562850775 
21.889752196068876 0.041668879618750765 885.0200439569055 506.25776506867373 185.0066525081765 
49.156861712746576 0.11890562298655453 1489.3155213492594 606.3479147041143 308.05541497416925 
46.37055208851764 0.10062043633555182 1497.0927444998656 787.6312672292197 310.4969273259032 
22.160515960404446 0.011378410837691533 1044.2617010619665 454.7517802723843 213.11684977674474 
16.111262558075254 0.12815495971580237 1395.8628818514599 540.8594847622136 185.6200357597775 
3.2023735153180124 47.794148861901505 14.905141447675092 144.06807564996188 8.112999320597982 
82.62102741612406 0.10310822211232912 1486.9790329538032 611.1020546735327 399.34474355371736 
43.362002425708 0.13545938582090677 1329.153179965379 584.6917622717901 262.0100949854715 
55.54056024446706 0.1265607557241162 1113.4668206689298 527.6158781086543 302.91416945755896 
13.334976381238508 38.5838248354463 532.5954822764418 330.20002656178895 24.403181233689537 
21.889752196068876 0.11731852886920069 1036.4268561521076 405.59128725591256 215.23883436372392 
0.4923064659101861 40.185351496590414 15.280905199465934 428.7625510680004 15.029901933281298 
83.0 0.009034051676344967 1493.230572712254 981.2516352335065 520.063028852782 
16.43570107964062 0.4272043742891047 769.5023564789074 382.0366047936256 139.22755310844002 
80.25984852906203 0.24080835338107576 1493.3960494139353 1474.5786886200212 535.4476132827627 
73.67330433031542 0.07188165721044588 1489.2105074812425 835.6663119057082 443.948235761164 
21.889752196068876 0.13603722686238398 1032.0438015296568 508.3140726377035 312.05338134060446 
3.1367374563450547 40.23765950814918 22.896169978521186 237.4710394334948 4.711278088702021 
71.70693592093106 0.12191566503237988 1489.4898469066425 1284.946957247923 672.2399805368487 
83.0 0.33891025349982495 1498.5447273386203 1111.3778865598413 538.3490937632246 
