-11.474 3254.4857044955997 
-1.809 488.20236498625854 
-1.809 488.20236498625854 
-11.474 3254.4857044955997 
-11.219 2837.3929960075666 
-9.751 2151.2023649862585 
-4.93 1107.2450578907574 
-6.442 1423.5992139530276 
-4.1 931.7126084050406 
-2.967 710.2023649862585 
-3.419 798.5907605754674 
-3.926 897.912680733154 
-11.115 2667.2973580529206 
-6.966 1526.2023649862585 
-5.222 1156.2023649862585 
-10.507 2340.037967021464 
-2.503 621.3906882473539 
-2.319 586.6162623318578 
-11.082 2612.614262146214 
-6.067 1332.2023649862585 
-11.398 3128.4399980034896 
-10.99 2462.4143291506675 
-9.542 2104.248353580213 
-9.073 1996.1147566836216 
-7.465 1635.1563763923023 
-11.172 2759.8030921082927 
-11.243 2907.8214359909352 
-1.94 530.1068077159052 
-9.963 2201.248353580213 
-6.271 1375.2023649862585 
-8.896 1956.1147566836216 
-5.327 1187.8590275644679 
-5.809 1278.1563763923023 
-9.865 2178.2023649862585 
-5.703 1254.8002167076793 
-11.156 2734.832819980678 
-6.803 1490.2023649862585 
-6.624 1452.1563763923023 
-10.355 2292.1147566836216 
-10.094 2230.2023649862585 
-9.355 2060.988539968773 
-11.04 2544.0999330895725 
-2.791 676.2023649862585 
-3.256 766.6622509258123 
-4.247 960.6206312171298 
-5.929 1303.2023649862585 
-8.325 1828.1147566836216 
-8.74 1920.2023649862585 
-11.433 3186.6239535248824 
-11.288 2950.352024623575 
-3.737 859.2023649862585 
-7.059 1558.849643760369 
-9.268 2041.2023649862585 
-8.422 1855.438396070676 
-11.36 3066.747802685669 
-2.056 535.6162623318578 
-7.667 1679.6622509258123 
-5.586 1231.8002167076793 
-5.471 1207.3906882473539 
-2.219 566.6162623318578 
-4.544 1019.2023649862585 
-7.489 1641.4782965499908 
-8.102 1777.6622509258123 
-10.805 2400.8915478620365 
-3.56 826.38631936208 
-11.045 2553.163758865188 
-3.102 736.2023649862585 
-10.966 2435.8045855929513 
-10.627 2355.248353580213 
-7.844 1726.438396070676 
-7.981 1755.790186870027 
-7.252 1588.6622509258123 
-3.627 837.248353580213 
-7.786 1706.1147566836216 
-8.477 1868.9647574417513 
-8.573 1883.2023649862585 
-10.711 2375.248353580213 
-11.328 3012.441353301151 
-8.253 1811.2943421741693 
-7.955 1744.9009316661354 
-6.001 1318.38631936208 
-11.428 3177.049884330483 
-7.252 1588.6622509258123 
-6.754 1480.2023649862585 
-11.354 3057.3415699148013 
-9.19 2023.6622509258123 
-5.239 1160.2023649862585 
-4.307 971.9885399687728 
-2.636 652.2339548572909 
-4.424 996.2023649862585 
-7.189 1575.2023649862585 
-4.868 1084.1563763923023 
-9.462 2085.3403307681237 
-4.766 1063.2943421741693 
-4.43 996.896562780862 
-11.328 3012.441353301151 
-8.672 1905.248353580213 
-11.281 2938.058901911737 
-10.24 2265.2943421741693 
-10.88 2417.3813044432545 
