14999.966113319368 6.482820389025888 
5329.9687317665375 0.002427399537096648 
5329.9687317665375 0.002427399537096648 
14999.966113319368 6.482820389025888 
14999.910563712188 4.663111829133346 
14768.62912291399 7.796853030566245E-4 
9550.702339741652 0.010956116525240454 
5650.222515572398 0.0025284386397718605 
14999.718063704298 5.815684597062452 
14388.45634408314 2.450084831663313E-4 
7993.797387474675 1.5884305870948506E-4 
11430.967739735726 0.0014637354881036294 
7462.160827755353 7.200573587429262E-4 
12227.152320371048 2.456713304398188E-4 
13167.19689738173 0.002366814785543179 
14999.964819544839 2.024202053133472 
8345.554010219968 0.002357004081870126 
12799.04508078862 3.796195984785075E-4 
13636.846005199513 0.002285236906619597 
8501.979445707251 5.510061828771805E-4 
14583.639700115185 3.4289233325004304E-4 
11525.634073814228 0.004563496259251133 
10875.488209087089 0.03222481012289713 
6216.59785814341 0.06538189177923823 
7324.132013993647 1.5884305870948506E-4 
9761.207060310908 0.023084649314942154 
7609.389036050529 0.06538189177923823 
11227.984676291262 0.0014583857722194542 
13453.881257148609 6.839913099292283E-4 
14908.91430869681 0.007813981035950768 
10691.601257096863 2.456713304398188E-4 
11931.628553919643 0.0015116029001411065 
10553.159860971895 3.4289233325004304E-4 
12080.390846605364 0.002617905497753567 
14999.963445359183 6.187011606711361 
14998.870679393516 4.297748434383516 
7804.553075967655 1.5884305870948506E-4 
5467.602552657812 0.001373894286468844 
12901.326954681133 4.0285643640259624E-4 
10463.371430231213 1.5781263440231008E-4 
13338.296243406608 6.839913099292283E-4 
14999.875470516994 1.5656952178426986 
5812.432998921872 1.5781263440231008E-4 
8608.06514194751 2.290800301004493E-4 
12363.814461751143 0.001811274613721165 
6407.536373804978 0.0011658365031505268 
10913.08221573399 0.03222481012289713 
11653.353850417778 0.028639892180779704 
14050.136886775046 1.483971467708808E-4 
13503.17432938784 0.14228612785197087 
14229.27010763695 4.417816883168943E-4 
13884.505955555502 0.012380993470302176 
14999.876153562978 0.9252009549192608 
13266.261368666557 2.7071602545374594E-4 
7221.747078887805 0.01125325670817426 
10007.826759096253 1.798175742108183E-4 
6460.8808352929145 0.15370371553749668 
9276.479932459055 1.0597962257402724E-4 
7029.238267694905 9.130916344372179E-4 
14997.953651469485 3.1309446708300968 
9114.320510353746 0.19022334449626033 
6301.56297614457 0.04140735777725644 
9901.661686242383 1.7140753635218366E-4 
14999.718063704298 0.8409163744596555 
9109.948231566916 0.002731651451737851 
11070.92248159076 3.703382522930678E-4 
14530.999477827128 2.663691294823922E-4 
14999.960442404072 5.815684597062452 
11816.042961396128 0.0015116029001411065 
7692.213370770312 9.130916344372179E-4 
12022.828972066229 0.002284674736770074 
14999.875470516994 1.5656952178426986 
12409.729749140386 0.003767683726910387 
7143.375533880217 0.0025207435916325986 
14987.80755268148 3.5558435982955805 
12508.355131416074 4.5222353492154464E-4 
9433.09613963319 7.071105898934747E-4 
11070.92248159076 3.6784761690064876E-4 
12989.17992169857 0.002284674736770074 
13877.141961596819 0.0022405748650173086 
6901.84654307206 3.0925869765853833E-4 
10109.691564661049 2.456713304398188E-4 
14997.953651469485 4.018708773963075 
5850.148510015018 0.0011658365031505268 
14999.963977624671 2.731906072669815 
9780.622792567432 5.038775462730839E-4 
9339.069394894777 0.010956116525240454 
14999.718063704298 2.479449353611572 
12989.17992169857 0.002284674736770074 
5954.6367010348495 1.1918639990214576E-4 
6578.506468772814 9.108234326410645E-4 
6864.782765241486 0.046638194691509496 
10349.517226443593 0.023630246202285626 
14987.80755268148 3.889795420379886 
8801.878874145203 5.510061828771805E-4 
6077.52423444257 1.361681533874341E-4 
10669.014487000048 0.00469041539989808 
8801.878874145203 5.510061828771805E-4 
12647.406956830398 8.38102262190049E-4 
8121.410944664985 5.510061828771805E-4 
