336.73439850318675 955.3085991951265 947.0555772805528 196.06000462463115 1496.0234124274139 
73.06195371722801 736.2060957779731 195.55221133777235 855.5357356804495 1389.5455294679407 
156.51899911726065 470.87766954361166 1481.5600438839322 1433.8388130781384 304.85744974780073 
975.9888670183658 561.0578831849464 87.36032418968686 1464.7955491474927 537.2687549580291 
803.700360945865 77.40360780670652 555.3001602276399 1412.4324139615746 963.0618889633688 
946.9593644897093 900.1411941033156 1390.0592874051595 26.869969947247885 514.2759480953907 
12.417376507134591 285.29402101939496 1478.2247721635595 1456.8444309569825 1009.3044124787428 
5.5793416984525335 161.98976481437256 1077.7820382002367 416.4249039605974 1494.9141993368953 
761.9125311607035 193.3298754589844 1496.8856275920245 1085.9713329631925 271.5342736884701 
980.3315259045945 379.5410922298686 1016.5687155672582 1482.938630292011 1424.9752298913702 
88.48336425691339 9.299108414930979 1323.3818424894328 1481.875525443637 1343.8408930723217 
67.97216481012447 407.0616309800825 129.4776681709832 1326.7557087888974 1466.0489929287774 
33.65730176486403 868.3719972934449 1370.7475024176442 1038.8373963117526 104.10087029549037 
51.71630922429526 949.4710666374859 1465.05417036632 92.51835806798758 963.9855457159563 
52.54123455940641 681.581593367417 1410.0161728174135 1476.0798798944588 1497.1958891460301 
51.242731444356316 983.7785782950526 728.2218569523538 457.8963758629311 1372.9065260744032 
227.34702269794425 892.8063298524911 1181.9957338883282 1404.1240304366831 99.61735670813177 
995.1871283798779 783.6335480210896 104.28524731872074 595.13832123643 1372.2046556922658 
71.2544385633197 990.0277068291655 1338.4100141651302 1458.1341351025567 1241.8777415436143 
133.5179593213852 796.7173618703348 163.20832340453612 1439.6566475035545 1189.4224524580932 
932.4849849037523 947.1232528713597 812.2708934085013 1462.4342293430072 837.5194300858263 
2.7218865081051202 825.2192016753119 729.6677358803831 1430.9622092134452 1318.1548074858852 
102.26148668445234 995.6968808123662 1483.3330355786968 714.809865731453 1379.492525644173 
903.6004177756985 980.5103902114448 614.7880075045107 966.0601764480768 1418.635685965613 
728.5328143423134 897.8376753965574 753.9933627181749 212.7766894543702 15.911562953867476 
804.0680898649244 88.5835135770756 1108.0717450821678 1324.8305607538405 88.52073551829464 
328.9309758003388 28.240158606762876 1473.110365459476 774.2824743612331 1468.2166483452606 
965.7887113030603 383.8075416025574 1472.2314080723218 181.922683947539 765.7970149666479 
388.23177537599906 971.3842001445742 173.8838244137657 1437.072958132078 661.2090192335348 
910.3868669408135 874.3076592213241 1008.5827197431693 8.576969209141305 1120.1264833795105 
906.3585876335535 864.1234826351199 297.9968611918078 18.578371304352636 788.5357729951959 
986.2678255887844 194.94033730774888 1437.2409005915192 520.8306872215044 1349.9782760125092 
936.9507900814002 997.3090737355293 1124.9160720173759 1487.1515423693786 1412.974626372377 
479.3388449419185 893.7650927977754 1487.828715822723 311.89251010135547 62.27599442878679 
999.6051144813861 974.1851185552978 726.3550123438876 1350.3422296667443 97.28767192858056 
865.8289564000054 969.3088378847034 1484.844265011606 1357.5328933686665 1444.9016506834857 
801.0544168633273 47.64603849686745 1476.0458892116221 1352.57447379737 1114.5328381874317 
990.1755448432677 220.03046751506216 1426.2967911948933 1351.1368597381013 1461.242246137819 
706.8307663440376 82.6766854693477 1357.5990696662197 1446.5021008345454 606.3367767992937 
863.7746290683417 110.89148756638325 1234.1704906393277 179.80459281205185 1428.4970033097254 
986.7682245078515 840.3342615690198 1400.5295180200915 1455.831286542854 63.4619338266218 
786.5609617684275 904.4123688844163 7.551979762168203 1365.8455347429815 1097.6858650606157 
969.40802987093 797.8150388182196 1456.0456094347805 131.198257813061 1409.1082796946464 
924.4118525457698 901.1213378797663 1448.6007595890053 591.0107203662343 1499.2077145516369 
993.5009635471736 996.8436987676826 1462.7883049970105 1058.3245498336412 648.2756682537489 
850.7368783358138 220.36917988457665 1133.3104648771416 529.9361286211181 5.005935612824864 
859.2918579407159 780.3915572363919 79.7411047434542 897.5524419646098 339.2994683846837 
959.0836256776964 987.1143803232741 1469.0748205175764 173.02724432406262 153.10505202926805 
973.3384471257114 700.4404097007615 529.282372931478 1473.583605910935 1451.6914128701917 
889.7983291808226 934.9786480009238 1312.7463762254254 1493.4941038562815 885.6054929792383 
996.411289381948 863.0556650203738 1397.806904297009 909.3869989691312 17.422338077346446 
221.65613491876883 928.3718638489272 39.82322088557366 28.991039255824635 27.229046508339238 
911.5229882847758 33.708656434781716 178.6756805944939 1098.4570045580545 758.4115977404148 
56.55977519104771 970.2896907525159 424.2107652714102 144.6916285471731 714.6243540138885 
957.5439432056844 110.67928004185367 1251.651835094469 96.0222397934804 3.2667870855351278 
995.8933907422821 41.52912257161512 200.83790861852913 9.596731449877216 11.054176679504035 
982.6157982583131 41.57681390986156 874.5514941334895 636.2130363008447 1175.1343197546335 
820.4604226935523 332.41908277130597 38.91397465856189 1437.291250905747 1294.9500356095643 
202.5915402283279 54.9834269227093 2.2692993092521263 47.113871645167 1320.851141556983 
991.5041524639855 952.3125671347951 78.40238110673248 108.8916617695887 68.77670308247097 
682.7353362773 129.04878852992962 282.1188026855559 211.6903984022448 1426.503115564247 
5.82998373300514 8.826855644811339 24.63666787742852 121.85048867579724 145.85232652159198 
393.23148656655053 68.31900317647398 709.5390864681889 85.19100065375306 93.9777673706596 
567.416853210668 849.9743568398419 122.67602674758993 524.5641603400254 14.161989192380487 
945.218887857545 243.51516571481247 118.08692390018838 760.3502605243873 53.17710368989093 
15.650296183982393 966.0999005329331 1048.9002326202528 6.1256596353032045 521.6786193274655 
43.238446138432195 336.0529758310606 150.2275040940139 27.959146912802268 25.361392299377393 
948.5852081059088 76.7971928652399 48.10708696626504 59.92311291405406 329.94346373807207 
22.90512504625619 128.11590361006796 760.2054294464849 1321.678919361282 351.06248899583767 
314.62410660162675 56.156735636391005 345.39638444153167 1461.1467355061152 1460.1389308545865 
801.0860960144588 45.020799979598515 144.0491938076554 66.72078827051814 824.3381868826016 
13.351054642607663 106.6989708024284 94.73702980665138 950.520999256387 741.2010043200492 
938.4611866802621 340.51583638315174 535.6812640643155 30.532184390859364 797.6008615810168 
483.96027712096947 978.7563652808403 449.2718171067342 1298.266126179022 10.999056903678916 
0.8255115583289951 939.0661013221792 178.56744260064417 688.6861853231468 938.4016025875104 
701.335853662853 82.83794401866295 557.1992986776091 1271.0580845145248 17.130419986816136 
500.2728543849038 884.6651667008457 21.129798785904153 40.012317635933655 730.319742882891 
120.63748128734552 223.77176861750104 1456.1951159421096 105.90058489957876 1449.7177561464946 
88.21709240930353 166.61011397081427 26.79292389543192 1462.9513390372583 73.27306679436052 
795.292999063926 957.8985722949756 140.34067409630023 112.02067645182117 1395.6104003629243 
303.7705411048268 7.9161495768768075 1368.8187200442285 705.4290943280344 20.882314394111255 
67.17322810491144 823.766982200576 1276.7492036341685 216.12415870312617 40.38576679451133 
189.35418428455975 15.590032106117203 51.50931177472612 1336.3508048381595 970.3506781330879 
48.02514631411758 46.00746290313307 238.5155450447338 780.6376309972795 3.6521070656290733 
25.957602105707966 24.923466487331346 507.30021876527434 137.83927646959864 1029.457988025988 
94.11112013456713 668.6153450733902 67.28926516309686 117.89338961611374 1362.2446441331979 
809.9566719212778 114.5524562301641 75.58771482428128 655.0609896821338 1252.4934981075332 
131.6552231083299 65.88028227585984 1446.9281905506982 676.1546385851213 935.9908587290396 
82.5625179734416 66.49919403749315 1317.3857334577851 64.41123596010124 642.2139936074497 
53.99142215034758 980.8303900124837 912.4677402223074 734.9410584663841 128.28674959370534 
30.638435962662804 7.700635856525695 995.1755969419316 357.406187988998 95.17675719336933 
22.771366613267062 672.7047824458658 607.049177569534 1484.010965347561 445.7347513635958 
71.41142613700546 786.5839023028499 550.7820057408916 9.628259140401163 56.0773048644686 
134.5239254948798 952.9164571844022 20.86311787937528 987.6692005977252 145.13159497402856 
75.9907443153236 87.37448417000371 1229.0561699036148 1150.2079221243864 83.69176234609277 
816.0818605592871 21.845244526732422 134.0573380663178 1333.5901599661695 232.3177175667966 
14.485593526723184 142.9869790117333 0.10404857003920576 70.4882587436354 597.0796229858848 
558.1148054687349 74.2734173437165 1432.6412261057903 9.185321774665134 590.6519546063078 
156.8131158516004 77.27923358789968 1498.1406391611497 223.9097501250803 225.46523689756032 
243.54677573471162 33.13080524485778 55.91853095741223 1087.6073298754332 1470.4401693999941 
