235.14781317781927 321.6588106602184 231.24739499476198 1487.4357781986653 1494.7383844443643 
892.7075048787564 11.986985756981428 1202.7869321401947 1217.125135298589 650.7705286449777 
844.1935088655846 935.1965099080318 1101.7715289796186 124.86245664464518 1468.4762167102879 
12.013805223342944 803.7238626365433 471.40648094796666 270.73702660680095 1460.7629750273163 
950.4138601499592 400.82314498099515 1395.7259106489082 804.436550596869 74.23096074611202 
90.00425117412192 977.5831576425654 1410.2058089665645 730.2549776580571 1094.7019338515865 
164.58631060859696 962.3786287625479 980.8818339242665 1392.2742225689128 1453.913130449196 
915.9802672992051 681.7367232478368 192.84014876206214 1482.4924191951122 1447.2572912076937 
146.0048625375706 989.8414429197046 1493.3071923066514 1455.6809404140072 1269.6103219707088 
984.9502872642655 775.9455840697715 1499.3108145220926 1036.889720716407 1488.7958377319253 
861.0157722013487 977.5307802655815 265.026036652199 1493.5538332455178 944.9790172547002 
943.0610506977313 898.1532260866937 217.47779880194207 1322.6036121776656 355.33590390669315 
64.57896303823085 717.9674778653125 335.4690879003172 1491.3209750270246 1439.4151462811626 
790.5383904776289 919.1791156284046 518.1864969465487 835.0016222442475 46.405334311329874 
120.27609125986794 851.2450709373526 1153.5084495141634 1456.5915299871526 869.6274189210988 
366.5277500748244 8.444002988029053 1025.8417403253877 1498.0337616190222 1471.2721780769507 
568.7812013430405 91.40142429389964 28.061076243487136 1330.4514837723514 1474.9348390322273 
975.1441852569136 326.9021950140817 1318.1914320407527 1.9881824281022253 1112.3143618486993 
146.28729752448487 999.9923308271751 1312.6577063671716 1406.00829074488 240.56520005988983 
362.4581925956277 76.37196827168957 1432.3715303782383 1113.7266360788512 1484.1891687232196 
919.3715892418496 211.24405979694814 1456.1112735597815 1465.6306121439552 1315.3087533685484 
962.3228001864059 94.10319532479238 807.2778050222624 1194.2979996788902 1446.8013067962638 
938.8694639768881 676.5144907239396 22.64760671021665 767.0403911980372 1489.8820900374037 
200.1104648646199 988.3443994900971 250.49493583474492 1208.474209169422 1175.7572445418587 
960.0492862161071 939.3249155137896 806.8989955847525 233.15057454987198 675.1087805779562 
773.0270602522388 945.1009683230297 237.87216195563389 18.145662838389644 1147.010955296217 
316.58303737237475 780.6391880994202 1467.8441966699058 48.16463227528461 1167.9615367849317 
442.39629337581334 762.9035204653726 1130.9274689156493 9.681964088202545 1475.8876438107145 
971.3598749705129 555.4443350186436 1473.6795437673873 1495.582081672634 975.5531431248527 
913.3842664945873 187.60211626855985 680.5702812960853 234.5748331209379 1460.5698546172516 
969.6933221005962 62.464093719865275 1448.4100305727163 499.2009285780454 1366.7434329165126 
872.0845704609687 142.03781800000272 429.2625119924535 1486.129192351861 1480.8814605785828 
893.8402386866569 447.4654554032972 4.13872943723298 1404.4151293477482 576.606084750353 
962.7133212278696 950.9968129212186 565.9490992561036 989.9947431489217 1389.45521807997 
923.6595868679873 984.5501551668063 1018.4329328847883 1346.4009790303828 70.79289251809301 
969.8370807335308 54.759812765993516 590.1862525761917 1446.9710640753206 262.57826985022047 
777.3665768518115 978.225175150086 17.47042987161884 839.093090294234 1177.573894404503 
708.6336153818997 886.1083458584883 1314.6933591997774 1492.3546907816979 1499.1826024980292 
961.743238787163 917.5037139937093 1442.3007046450577 583.6312048119892 1272.4977392860474 
997.8770170308279 837.7240983537899 1469.9298580566049 522.4870729625372 416.41191842455805 
817.2635370117325 354.19692544249284 1436.7406711171714 1338.07437811375 71.04032612678934 
980.7728325428643 939.9713394960662 1495.2407768363757 1114.7047471550025 986.2080962830681 
962.7488338971309 964.309429481402 864.5652593962103 1447.5283470797428 1410.074750476565 
939.2849245742051 972.0920144934671 1472.9682010317028 1348.6927984859435 384.99569543168127 
466.739386262547 10.93124999275419 1491.6072781437815 1458.2841772068082 167.46973257117625 
512.8702187401498 901.5545301150063 1477.07115003589 137.7446039896844 453.74418482958896 
21.094960632881964 939.048078093902 6.825811296525208 965.1265015290452 267.3936393312926 
870.1305474227562 855.3962118599188 1345.2776989937183 118.12474908257114 3.060597960056366 
991.3113046160738 966.3338765991067 642.2738830139541 54.59558144719717 142.23496864076384 
385.26739434805546 67.66540167553481 23.295321678396654 262.67443820199907 1457.5950997648577 
929.7031051694825 998.4777767304778 23.614623186224648 185.53763108914433 107.88532106584125 
620.3847141223057 330.1979880670784 78.60130616325489 41.0467275384902 1494.9926936807228 
853.6547029616534 5.111463773440406 129.65210412452 992.691810918109 3.186899400030474 
125.60687822819216 18.125653572589773 22.41928867318954 764.4793586445782 152.7320644500053 
964.3555985894291 202.34967262502244 73.9437122137958 1071.0076422311774 1259.6549507557716 
45.70131204447414 190.232668488593 539.2700448442573 658.4496815828479 11.841642534036412 
865.6129663790219 58.9818666392048 381.6765883836785 342.9800662772554 20.139557112984985 
992.637660681672 527.9412178980582 52.708416965499104 70.77021237410113 756.4083293939108 
999.8324541890122 46.468809827491356 443.9988276890657 69.94282844501076 456.92741820202446 
870.0519073915808 32.607504106372474 867.9048883157323 622.3501484984403 30.04534808683834 
854.4604182733956 29.64831260660683 59.06339718080788 910.9379891834312 518.3391575382548 
982.724248916749 424.3030489506905 60.38392551478744 34.55179000321584 148.12802252931766 
11.91888959060805 916.7656640766992 1191.9098845313854 602.0045341290785 111.08537195894164 
42.152740889324306 59.116129474663495 58.40708085819818 723.7080655377056 1394.8646718058342 
253.80758957325455 939.4228818598551 902.4209794268295 19.39304803226688 23.151519137017797 
65.27127557497003 992.3652775360085 44.35332492720401 183.26292604061283 1231.7702910504918 
68.41562172206605 523.0282073956052 32.1239030844489 1347.195253657013 721.6103410317884 
43.30444697662972 839.1500975746086 48.01474092199642 627.7838732033708 1472.7387181612162 
116.99728400508391 979.3640003278915 289.87978985080406 11.336385524634506 218.99062366761933 
217.02811722236783 484.85050504477704 1190.2968813741672 1493.0165432050292 68.56613249298526 
867.1158936650088 20.854191898177167 1120.305197391387 16.798664711511037 742.3564198689119 
3.577422991898671 68.72560025401164 1263.7564858573812 30.100646957492593 517.1550275297004 
41.40060363421105 66.86419428582991 1214.5205342339998 909.5899918947483 104.1564446903066 
945.4549058032098 305.1763971718653 1327.228195366711 38.09271783590806 65.14769248001822 
633.7246236800487 21.36228130329765 1495.1523201201794 210.6633492167313 1300.1899392736723 
302.8406885177605 300.233478211118 732.3457794143573 2.2608627112231106 1487.2819557806413 
205.58647322966615 320.7104989391909 27.18173734520607 19.265051135837872 22.153153238148484 
45.14038987263491 173.80478475900964 726.2449519228363 1011.2668248053831 1399.0334550413122 
23.829681236065543 682.6437362391761 1162.071618060157 812.2123526361922 1439.7906714232342 
188.03603641909294 937.1046498041876 395.6015388881506 59.584287007820535 931.7549426371652 
20.35351265730201 874.8519119760346 1210.7349756147316 251.5517943544701 423.8122093759564 
387.8059272637733 818.1750525013459 139.94404032108204 1372.7791874117997 17.61456526472355 
3.0828826143031174 918.1625517757841 245.8864043195323 1417.1854693506277 233.9662928111323 
108.7263296420965 974.3464231216522 574.8211517134977 1294.117889556569 19.488322155869152 
114.8062812037196 206.4329204972143 2.942068565454037 0.5033917859592063 1099.4563043640467 
29.536527815225533 65.82430492404401 1463.019313003178 569.9689399958927 945.0247595613039 
44.83458599784795 195.89663833884123 1399.8030333075253 338.538463191509 14.999912677404692 
670.3941638034418 15.633750839325057 51.18651389377277 33.197871107342515 355.88200780789776 
20.765348313277478 164.7343823601902 6.835019670665243 55.98685848534352 554.1054822909811 
62.35253147645925 881.4212919915386 128.24298058778672 266.9354026857865 146.74508649845387 
743.3778643028304 69.05230937878493 324.876016382787 1454.6550520775806 46.34326888709867 
341.618225938692 54.10642318099723 75.34924359806477 1498.0177357600433 618.9933399793379 
23.289416362911155 58.32332184147815 535.3041751843857 42.502915728724275 100.9637721587593 
32.58439741011854 37.42937542259528 1342.0998095112025 110.81628550790384 1375.4647175300802 
194.2078355907912 23.107509129531856 1418.7023435954752 1164.7237614353724 981.6296856671657 
7.389567409822773 4.721621931420117 1095.1167337033144 109.74315835172365 47.38433642864182 
29.376785749894772 59.856105582027595 19.374861647948716 654.9237839248619 744.4830240930148 
155.04013528899873 255.62773938382256 116.81089771170916 1436.5420821277546 102.61582739457931 
64.8900879152301 30.395863114397905 587.3649729532088 1374.8084032168051 384.45886942286245 
43.69335972386457 43.42034368781811 408.5247768210105 43.15710754685248 950.6393431823833 
