114.80314731872478 654.3044666009023 31.344248566719912 1486.3497703650728 1099.2442408772106 
316.63654958378953 60.85927018697911 1120.2284923895886 1490.2308361514013 288.3325667903542 
998.1796569223818 998.0079572831337 569.314264262435 22.243321071087287 916.8090975361218 
845.5111530368614 42.822094909986006 1006.8739069084639 595.0961470411148 1431.1468901274252 
95.61682668463212 441.67773186742636 1235.4160170140347 1340.9451695190219 56.050292648035125 
195.06500412009308 893.4422620886677 1426.200691389795 354.2567507456426 143.02613472622144 
24.24246718835277 968.9508290367871 477.1669992562627 873.4532006765548 88.18606771274123 
400.6571402973561 872.009102378308 6.364836830811072 1419.3832581767128 698.8325158296649 
214.72984125853145 122.96307560734861 1206.5548710162884 1490.1587022195704 1116.3814016376305 
303.7254258474228 98.28306411738667 1041.3674420304733 1441.6324711458299 1433.9427713119992 
131.495284049568 967.2210604306164 1022.2453531684365 805.9170959242623 1493.1445189911233 
842.1464618038104 63.758153910100745 1479.5976748556398 1461.9132866044877 1310.5092200834142 
276.6728073300275 562.4974338330128 1492.5089916284558 1435.1322311781823 1483.5714855958888 
46.65090076925471 854.595352172122 760.77378702704 1463.6442557935957 1309.650018584764 
965.8613372833042 935.0632185015133 1056.7134850762648 732.8424029661162 41.67028459235006 
17.77562416190581 880.6943289289758 1438.8936386063822 1287.317745723816 994.3834505457368 
69.12278021794316 939.4310617015943 1491.2467975816967 858.2811093077944 1465.7407657029596 
65.0361666973337 955.5534569041025 964.7026858081857 25.65299108360797 1450.910870870417 
104.3318331473262 988.7958707786958 1293.6458065551667 814.5697476328 732.7842317065538 
995.4915520339516 94.53493388906541 764.3896408404629 32.44287841924315 975.8637397970986 
422.46449101531215 79.46136560544403 1337.350304582271 107.86516360877756 1487.4442891076994 
947.0368070423968 12.874832070613685 856.7071829356647 1426.991099108414 1185.1217135621093 
94.56214016358307 996.3192971845743 947.5609485894093 16.877843458458496 864.0730818668702 
723.3223328563766 948.4354997423602 1444.2150114989618 1448.3532901773442 64.10150671889292 
948.2672766229829 658.2288859412783 38.36193740713123 964.5533221999858 1369.3057402898344 
832.6634444426662 936.2886370034839 1462.1065171003718 1404.8126222081087 674.161648073407 
865.5763546759414 917.2499972241599 1220.7933699848222 1496.8651232956274 1430.3579142449616 
816.8465828658091 878.401441156088 1456.760969750749 100.82619188904478 1394.5957022974956 
39.08855727776245 905.7370260503691 1421.4579984106354 1475.1837472875197 524.0750299032669 
855.1444070334728 195.85294278507482 1435.0428165259339 255.18283571398894 1338.27524501497 
841.4744167909121 994.5404183809413 1499.9278244386387 729.487801600624 1121.2736454607957 
496.68878227811086 876.3224573408903 1441.8173183863294 1480.1259669959188 1490.6247084442566 
893.3428267473007 64.75117155343813 693.2887718297925 344.3473842245986 76.22130358596941 
995.703785754163 441.3975875224163 9.78117164794412 919.8089997180955 823.3220279265869 
600.7687209753002 396.4414029865696 2.9979829501638466 1314.6343237161072 54.95151527357406 
651.7184932107232 27.356622247380002 104.28978890173623 1497.4297614453058 1289.3061310812227 
723.8534720453885 925.4859508495305 296.2842005452399 1480.6946521526663 270.7734331104104 
999.9354795625497 634.5164724414894 749.2100625572737 1498.3297277807637 1480.8720947325498 
900.7627543123455 72.95146294465738 1443.870182057702 923.09680980606 1325.695022031642 
994.3052878197321 103.60356536632789 368.0630136687285 411.120870519171 1406.594766766408 
823.4424455163488 546.7053517385414 1317.5607271305826 1469.7238249924621 45.358902468598636 
995.3243802599231 294.25958998154243 1366.5487823707012 1479.3074553652414 1472.7224125217663 
305.31623512553733 954.2123324972914 214.47969049371912 9.995975382914303 1197.1748413670668 
709.9945977682809 863.0506180797087 37.124354071095546 95.6819896860599 690.3143957115115 
980.2252191561912 988.3123302158317 524.2338910365175 471.41381211437755 657.4401290318153 
810.6378307386133 968.8905637308333 302.92626283513647 191.5952169708776 1433.898632033545 
979.3693395459347 317.3032725528089 857.8043691615197 1498.999948909894 128.35099189000644 
889.6492011569806 934.2590795699028 1122.7539838272837 38.20277304926384 802.8248313386483 
954.2924410028077 604.7076597646984 1463.437856138776 705.791322398616 1471.8018420678168 
932.2083548640478 967.2276562182626 170.8752692161817 1425.387375284472 1388.65661518196 
993.6193579120973 986.2251037155155 778.4344354444853 1343.0250425578247 887.8703649679493 
914.6911159437061 876.7681527561166 980.8561407891506 554.2988437047643 1489.1340024344618 
971.6560893781506 865.260225017863 1452.7584794158718 436.7804630954975 198.18196945565109 
659.870052232313 31.17307010441217 1499.009677340579 512.1597547838011 624.81731116065 
645.8110149594607 877.7947732809967 574.9940475098067 10.213750808304722 72.10249957728804 
913.3293851883744 60.55912293334376 1340.3866742872617 630.2663196559939 17.145521803513642 
20.45049136774013 931.9435350620055 214.8580086258175 1121.7782057176016 1373.964143860505 
942.5483790159224 979.6255623347914 96.85890791250945 1179.4497523126115 727.7220833706258 
499.98242528286795 983.5545716406866 55.71404562477411 706.288838464049 1262.007736385795 
8.309882738062214 905.149092799116 30.51475663000508 1081.973451481929 204.16361126066406 
671.483487280994 30.778310170317074 76.58868943263869 169.9954322078306 1494.1955772228112 
294.9396884360025 990.6084043873777 21.833262364136463 16.574470787303174 282.7327996043462 
990.6631432112878 116.85242498339608 86.89733311148906 519.5112557947554 239.59493214270478 
925.7527842996045 274.3027446662534 1450.9315474149084 63.792624125756426 679.5450183819377 
95.15652274848352 81.06322556271684 853.3965428396602 740.1113481787718 1413.3217821606136 
979.0947130756601 223.29477543572983 500.1097655737925 763.421079118335 70.87721027961203 
821.8872330068381 9.251353798604644 157.0084837867583 30.66958569561079 688.5056812896562 
727.8037424769769 830.2854885489688 4.065075511632765 933.2723920955796 41.81021871744878 
767.0510599241949 81.95189802919344 1355.0425319741728 1168.6963350347182 252.23648417857862 
961.7507554475002 263.4840472988989 1340.3660823564005 13.087183408864666 38.0660544634871 
867.3779536580744 145.7244888931699 26.40822905324558 586.8089887926973 1255.6691616094258 
915.8691809760755 39.546406564987535 375.14466555308377 1444.9850434403807 333.2560710388844 
116.604015719295 457.79650212832513 43.31742161954472 773.8618782190521 1372.7847842965434 
235.70532444905388 29.68196634192866 147.53159281812185 17.728815490810177 1335.9729052692048 
59.06493834569903 932.1214316583776 1013.2723579345832 1172.6986744367182 179.88284527669828 
79.20583178983954 947.3531149393089 118.36677048722322 558.3532443841586 60.030666771142386 
61.362101936807356 105.6109855998497 1411.6130573776773 222.41229052733203 1006.8793198553049 
11.507163916738229 762.9828297533439 70.4894115095806 400.6516038241382 811.2446239100447 
933.945211410626 769.373364101323 101.24023770999364 182.15323802376386 126.01573877222627 
24.370172420895898 115.41337383428406 828.661374580705 144.54497436813622 1184.092658993801 
38.81069213419042 114.0043861395954 32.3511841200661 1462.1761287795537 1458.9190746469824 
793.585000678993 209.5532078713025 59.614559275938284 55.59430951323757 24.088585565884614 
4.0349105157729825 16.693773141629897 485.01838564175495 1443.657103369949 319.2474620397635 
150.18330974739945 681.2598509109266 1295.6633480987798 146.11061951464072 34.46574780463018 
89.04903422437759 67.4348712434707 1445.52524178803 660.8254159312121 48.42482634027823 
106.62703946613452 207.36548755369 1499.0353729737099 86.24637386187922 220.14472238413873 
34.93114290364885 6.96078727609184 726.6064307159872 1040.3475884577451 793.6652670940115 
77.27283114382067 33.39548088044386 90.2520240950085 485.70426958569215 1347.8278152188302 
45.489104942635805 574.4773221532087 1370.7498032276892 67.89335191624684 856.008003111315 
1.122316368671883 111.48121641149721 554.7380881026367 1005.3882990586953 0.77843753792739 
31.41852457443195 20.4121679599073 24.31486783334763 7.905177308162981 615.4641146171821 
35.54487385404359 921.9903418865216 313.66611460853 53.065108556330344 27.438685555288334 
77.98635964054368 8.433221873813125 1328.5524948397644 998.227393131079 573.3318989517799 
46.52103436894195 154.8742692536057 37.743720846674876 458.09665912275364 52.60656362769872 
2.210845814948903 72.86832828455947 234.46212665274945 45.288047919897714 1.0533447950408226 
155.26535612472782 44.229395529922336 878.3028948103147 8.836504091566722 98.53304289015169 
19.246150022665496 620.6205767735697 1307.4054821055724 96.26782469390011 1430.6176158803592 
23.578975392499757 93.82837380959532 90.50486179274142 1352.329096383111 683.8829844609272 
340.5243374135398 31.90412616978311 125.77304853861865 1468.6541959728715 35.81721525863968 
2.0622230641994532 97.68561912067975 837.9383823894502 163.59677110286796 627.3967843709775 
