717.7088980301949 114.10796438252524 50.36339966944014 1344.6186859417705 596.1163149996239 
349.89882242385295 74.21758365794307 30.304315031543403 1460.2038995058501 1298.7659643183988 
24.036539118189815 966.4906150804433 1419.1659922738388 1043.9296280294575 1364.577062006909 
329.96103825737435 970.71831112765 1447.7523118676488 1176.388467086987 66.19233330083752 
4.956277426992561 966.9923034567582 400.0815889993046 660.7063717551216 773.9217958568734 
10.557559764802216 967.611872755468 962.7933277322977 316.65067462635756 1429.9621105695123 
268.7953881994185 944.0699871631268 536.0310649273787 1465.9045314199702 1319.3094780181355 
831.4049450847086 966.1053719558361 917.9611345821871 835.8170291507912 1482.4002771388464 
394.81363614940256 661.00277317766 1489.5746610810359 1489.5049575840746 55.074722814584476 
72.05328348603423 179.92524939066075 1420.8569367747566 1446.162256755283 927.5667679561647 
287.86826493805785 866.7268591638837 646.3796674712481 77.51066170216592 1460.4764950788212 
204.77319144747318 881.0217259726044 1471.8284448554562 252.06607135399213 766.5907282380715 
586.6920440086565 977.8092417704931 1482.6043022502563 483.3610018736986 1487.4397922954793 
931.8139420552577 974.8603871479733 33.99114974407963 230.33550073218223 1441.1972142783115 
981.6800871815967 981.7183492931848 558.8995301898984 920.1169642382815 523.9451032098659 
700.9579506010577 983.8575450882797 138.62687876942041 1488.6402433525657 383.74938009630165 
22.357171809361475 778.6961946128832 81.77974497535196 1095.503334869213 1075.800605579186 
950.2275573145434 999.2133080885731 1071.0489223215952 194.33368882843814 960.2902782688061 
110.56375873518388 596.3251694077159 1374.5480115158125 1459.004065954845 1456.421249648931 
907.9610107625883 36.25383401674087 789.7986050029427 1028.880184918954 1445.630843980268 
161.97153405832356 972.5767448011288 1439.3889564780595 1473.2883728656748 1149.7057166354994 
148.44052844192908 470.4183863466495 1461.174963507902 36.77741311069288 1008.2719792584638 
64.16280138618515 968.0150793213509 1351.6726312037574 1466.8205431747278 665.0817964576936 
940.9632608850302 988.7228682813701 1350.577752478824 1474.9556040097216 1363.7991494366051 
337.16669021088853 993.19550406569 755.89544770453 695.6257515204735 61.77165388007522 
912.6098393045662 518.4630553652221 1467.052774824378 1479.66463620975 1416.8405636488487 
952.9344708108144 35.57056621446486 1386.5904046234457 908.7597101893635 1283.892995302638 
755.6435377908391 221.6012860772032 53.80153505853369 792.7359688615392 1473.0533134577793 
856.7887891756632 992.0112590160088 1425.035974023441 69.56692780718232 1247.0186873280968 
964.1697794839095 962.5081232577492 9.171166375936956 725.6530232908806 956.7624333733035 
828.0325638744956 967.0395281805562 59.87512704513098 944.1554837581532 1416.641328412261 
963.7140963966731 863.3716082828017 1432.5496794998562 1492.7083610529671 692.674788258442 
986.7736009620677 842.9748486077505 1378.1394012466099 1290.176833439893 45.58682571609951 
989.5635624051419 56.702822293206324 1162.021688457348 1451.5163502454704 1497.4459112053532 
978.4789994718986 800.8574667100394 315.55668466248665 1475.7570625458645 55.50873422872732 
967.5137115009918 23.507657064514518 1288.2146715621063 1400.5973716932078 476.95047639844705 
995.0772939533595 0.7403059363405573 1462.2252599113156 816.6974074307187 576.9356577981883 
941.9356421603746 107.4597920723478 329.52166727800545 1151.5574610589988 1478.5105647900498 
679.6669251989182 730.8958978040096 8.33576628102578 1359.256822700369 1465.7048145608899 
482.0606100629815 304.26674992917566 1469.9045006245517 1476.7938272132849 1419.4782269326543 
979.6316890570878 494.91786778445373 1447.0291463119054 479.8211545838546 147.42210181100828 
991.1515163538767 939.1084368636857 1415.0806744973916 992.9637748145444 962.2482225052486 
957.2983840703637 22.974177912429973 1445.4810030894205 233.54507981131866 825.2802158488605 
957.9467578315558 977.0027089827893 515.7358664931719 1470.4465436608443 1387.9954839346665 
807.4219258207384 526.7353109055506 145.5119912721885 17.00370005785873 1472.405234020158 
992.7415058084274 675.4565790568953 218.1266550791123 1484.4177888960037 867.6691721559533 
927.5801745121167 424.6931512282169 1293.9092519006485 1495.6056416630483 78.72138780209254 
981.2669814283619 686.6110963340044 1408.6768737289167 12.040150215566092 1310.13952587363 
990.8580830680559 905.8148734521327 885.2962537367325 1472.806901823755 49.551531303539676 
972.9661814726021 799.8373064864669 1483.5446394898736 772.0688922644904 1498.4871483978711 
920.7446573689225 945.4903063367847 211.15781730220195 127.5060643826873 450.58882364922397 
933.3090680153016 978.6681173319555 1317.7750533752956 152.2480058079529 289.4446237063746 
234.7569853707986 919.2942537673823 19.622034006167134 541.7612029541376 53.38604511001604 
962.0399420746968 372.8208856433554 221.64635918220065 0.20345816921379933 109.79759018712032 
107.18936299095716 155.51719584612334 1412.2958141663478 387.8757310792705 25.39521146354201 
46.75118858681204 161.7778481265847 1098.2501618767049 1364.3943148628114 95.38363656245552 
168.3297447382899 632.5703195166566 700.7534358882001 1476.3463944512541 7.338557302110804 
970.2428375801276 920.9635074047236 1043.6650623276917 744.8301746962113 42.378263629475164 
972.7887696168574 64.65575676020818 166.3004089809203 877.5729698420778 824.9001483745168 
994.7694866966657 50.71198934918841 47.23224292293804 293.7853472861593 820.6217779975027 
896.9871193532856 122.98895301972446 1132.6471276017514 129.4982799081431 218.62115094844276 
687.7517546586664 132.61870300448854 1491.9586462610803 41.521601566771096 185.96190602604756 
105.42567504690182 270.8877486965728 680.0427736369894 64.95669997039666 1469.6400115196554 
996.1535101504513 215.327564410873 629.7777873035666 1294.5015955472654 161.0799584582036 
863.4964750577433 14.15681743199071 1371.2235249618982 445.5122791061186 1433.382752033187 
952.1032257985266 170.1984395765328 618.6894078138524 425.2886268933473 56.13771274440249 
984.3214616738558 13.761730568607966 475.78960714747495 153.0720130490056 503.4110035907975 
173.83362158462856 997.2790428481966 703.6241677202441 1426.5304986312558 374.64209533592106 
128.28756288601696 997.7353240285474 137.9166741241887 1261.9962500998167 171.98693148803144 
791.5428896868116 996.7748760872394 513.8685906570885 89.30758846522052 980.0083969903397 
708.9336111734497 877.5306242945506 212.86531343472248 172.61789978756963 4.44881982248746 
34.03747703046434 193.694950666732 1428.8970073632795 953.199450642266 799.83727739429 
845.4992479574715 6.039677853094894 98.47969575109744 689.1412426048533 59.86227826979312 
17.714993286507607 81.67565815308053 728.1324200880792 554.4198573460534 15.382517724016276 
947.4529028746161 116.00581290446688 794.599751507861 29.033486531696685 1228.7617859762984 
89.36467863173492 106.3697240666801 1085.139736137256 901.7441312279884 1412.366211911634 
451.0210399437349 11.102508917692377 25.312542118194724 120.52531510690295 66.48229554881374 
25.03613920851089 227.927056818109 36.85871221030995 1495.6276153358906 118.68639187974095 
36.36420934557694 78.29031119121532 39.669847528278844 97.42785580383617 355.2943505942506 
65.19013332134926 498.20800244645335 81.85700859978351 116.41451019331606 47.68715698553883 
586.2311832938698 12.005429878111817 1480.6055983539325 1114.9988129936178 194.2599732078102 
6.5959824266631495 26.616987293910377 606.7753219641564 1128.0955404827564 1333.181960376907 
82.71015585323372 5.179037308978951 55.44456687426508 1211.9335130880272 27.96677991765112 
6.448946981631343 210.50620907751505 1422.2070070505677 32.722215149979306 58.24132605567378 
9.924176935260043 20.641538183531537 731.3538010731193 1450.912864486678 48.08427726778386 
110.45196355176301 37.89077010489517 470.94359986325316 3.665320582851961 200.63015643345477 
707.0554873770668 57.11764232972128 280.008989845875 1272.3896391324975 53.937577602070576 
452.223541907582 0.36040527998770777 139.78486186899585 29.81457401462001 1399.8783459190374 
58.55263742438088 999.1313423151115 1041.4380196401291 185.35061243354195 66.58761801138124 
87.20738005738127 3.599342706663289 1301.736821403333 117.623870835453 1291.3858119945423 
172.17626057361124 957.4240214318122 59.85815424618468 167.40896465852623 1424.231594397034 
63.347015051244846 965.2811455214145 125.24610841989903 160.53236745033078 233.0612478429262 
98.68436980381612 949.5802984529934 15.032194574599755 88.08355663776013 837.5879596226396 
30.41754282446596 463.2101269067602 1488.369560295608 855.3679547904737 326.4963790057614 
8.272766881905035 176.31259556839984 132.9293386178628 624.9796108879509 1491.7675368795133 
27.560374753316076 15.805683110568957 73.95949637361949 626.0695475334315 871.8152001815598 
21.808308948053966 4.778013689092142 1059.3419461422977 199.55641114686023 620.1280626372827 
44.12178243888465 53.05263082325595 182.30139662796003 153.86246519312908 1049.6187338044906 
14.562645034382316 58.6896173809478 63.15642986145148 1193.720968348011 605.6029068499603 
8.3269076620347 28.23143793421845 517.4781445157296 1321.6872553055223 816.3600897687921 
