992.6418464942176 12.961058695236671 954.4195879209641 1486.4820543015996 945.901931441324 
142.51685790380253 417.91971784442507 951.4019203882004 1446.8001275200254 1492.144110205382 
35.012145406468576 840.663209200948 1389.0524631523929 5.10877233909074 1499.5810267076067 
977.5602978240152 900.9492227577824 1460.0626333143896 1417.9495663716432 1072.02837533583 
314.4551602213577 80.64122165652165 1395.1495232190819 999.7654418226773 1489.0438539603163 
172.3488677559002 951.5430889138102 902.0600734736183 1284.9734712579695 1428.828477606711 
977.3600571304282 73.60324667693556 908.0620924636326 1398.1458750344962 1312.5433599705268 
986.1655335238752 982.8382092869736 1088.735656693244 1484.6502733071052 744.959485885564 
3.485993098704232 906.0376654470103 1176.9774749930343 27.465091568602773 1024.3454057555143 
329.2891952969157 928.4423094282417 666.7043926851775 224.80743928450647 1428.9379502140469 
635.2665444169518 128.11659224525522 95.67874243622987 1491.2463626839442 1320.2610279155147 
112.53036777103729 981.8222107909489 1346.2199415107384 808.1687920659963 908.2987860654989 
698.4358362042863 995.1080592380471 1339.358113698627 1433.5192364811803 1473.9607078873632 
3.102064277120342 904.5548477123915 1499.4794817020158 852.4576637164637 1361.5067245028047 
57.45629911939986 625.4848744582448 1491.0124937471787 1350.686786427363 719.3068107752042 
33.756743612046506 701.2119533087944 1376.7404087084049 1384.5447458213985 1305.8053188297868 
955.594094036568 83.81120162764421 1432.638862497582 912.3566986778033 1201.288164970982 
841.3777741750391 658.0862721439639 1353.6984496907453 1.8342552977042015 866.740749073922 
214.47182393516732 278.30079260469233 1478.2884388959048 36.66498145403896 961.1102819120731 
996.2523524252042 710.3083974287308 46.69702608070453 1216.5528649954817 1447.1991407393969 
976.2746405065642 945.067899918299 1372.1105580065735 641.6940354932344 1428.07158840302 
851.0890006520713 214.46844936259802 1129.3549880570333 1497.0743724234717 91.0421001479919 
954.0889057109279 909.318323089657 286.46498148133423 1291.9017349220007 401.0917574234965 
985.3159668370757 827.180557650068 157.33577658842032 316.18463582597064 1350.1861848978149 
988.544814608747 196.38297158973876 1490.1507906277802 1436.6129262022364 663.8313881844822 
851.0563224022263 817.6568441726778 7.7294417831356155 1173.087968987372 116.70678972676546 
787.7934564546666 932.7249942398673 783.8705706069621 132.36240401643457 868.7657605878079 
511.6405522289246 975.0787439957205 138.53611806394076 1403.4748473882414 1288.2189825433927 
375.41493399169326 900.3464958132699 1442.170519072075 1459.397500240573 93.4486731310683 
676.2986077532263 196.1906607153558 1479.6601283412379 1314.6995740457846 1499.245927709637 
850.243362737327 484.97676038374016 28.56935030920499 1488.0625819344662 144.21090423037174 
964.8461119388046 140.16245640855874 67.74094801697889 891.3371427127141 1297.062467437616 
964.848812250588 936.5498960859371 1008.8187985459231 98.69549630239227 1388.6562115638333 
964.5060716257307 26.041028417143064 1161.4048254350137 929.7141239035191 182.91178228248484 
958.2691950549213 695.3363011592658 774.1681496975201 1038.5912537384322 10.909440066304954 
983.9753748770311 667.8576763512151 1342.9006345932225 786.4006389696256 2.7127503597580427 
973.7072016011205 97.20445753886854 1109.1395895205794 289.91640539550474 736.1040020850944 
911.0120199066561 130.8395432998577 1034.802967511077 238.40485671893757 1356.4664353348792 
999.6447962279997 739.7420967038948 225.57466182643856 1487.506103400067 910.5401784875627 
965.4394511550124 884.2262448482198 187.02444203217604 750.5734029595967 792.4983675509999 
988.3589149998011 953.9264991798054 1173.5437116102025 157.23436800894558 304.26846884431984 
998.515209756295 864.8562633336361 876.4274719894304 1435.513555065975 1429.6561947755877 
943.5786662893281 950.7094605110026 1465.6339181832889 614.3279340949032 283.18064100491205 
913.543462344838 927.7459934514707 1463.845903204671 742.7493016359382 816.6921786165019 
762.9841975570515 899.0410055456804 1441.710741516161 41.74794109672369 1360.1513250540752 
617.0932921666314 915.8048242857534 1411.862370330509 269.25698046592396 50.02926645497546 
973.3512826946945 955.721133519989 1198.6996742728468 1464.7758787286687 53.38342037660559 
990.4522708642417 901.8953098253055 257.22962731521096 324.1684128634504 74.47197846639014 
965.6434651225449 24.388368607169863 256.14847549143605 860.2089938206366 407.7460972277142 
14.228619518884766 977.8942204166068 614.1373258108684 1303.257688080093 268.7960618225787 
937.0241184709954 843.3267784532893 421.24678245828017 38.21989518738167 51.45537412648349 
45.99726124663006 922.9934205920728 752.4859799371333 727.8768835294255 1382.466131239237 
52.38190539799304 26.273828114292353 691.957646632844 313.92731491564405 31.66416149429807 
946.4633005225069 237.93408319593823 374.1790899643664 1303.5268587337803 1465.8359835498375 
74.28488601181994 3.7988260438850396 43.888297213122264 615.2128775117277 369.51672782010303 
59.92568039170154 129.3936771183808 1484.1222088161142 231.9586339397509 289.17896701609874 
966.247067127012 170.39180912636832 1482.0134678017446 148.96605350751025 369.7784508239517 
979.6846615943688 227.09026903350016 73.16557073601032 87.29623896305166 30.508135041862616 
999.6052655928078 83.96990298053575 353.4430103461813 353.16489702185083 32.825953857533676 
939.6351843531618 143.24757232118813 351.9956740955769 1475.1143137564454 10.431735609795933 
426.5903236287044 139.19355531384304 116.6422511591197 75.75976094799952 1476.5763336830344 
916.088469469796 183.15843039448976 477.5211135224749 44.98556235277162 1434.3643593845902 
953.7619846828745 147.86917817760613 81.90826317095961 190.04421324220445 1045.2956402328875 
928.928453718449 335.89876313156776 1336.4111711927949 80.35261070209299 46.77442558745382 
797.4873806342624 150.23356857561555 75.47590018309208 22.645260402941847 699.1571160642823 
875.7884260117588 63.864203487321916 959.9949067623371 30.522413315530518 16.457437236130968 
67.60844073528172 947.7329880398047 1461.0525911817988 24.794086873776433 46.870246824730955 
60.6529061935217 634.0604871264014 677.4203579162607 1400.4005715464843 38.03127527447686 
4.935454121852478 881.4929559939774 37.14098920528186 633.063541453981 1091.9878445125516 
64.68687177131271 610.7195404956445 676.3948778845162 4.05631528018019 24.597290651083405 
51.02431148068065 118.70665925324042 965.1992850433325 1098.8742689154774 75.58676778938428 
63.57472689262633 929.9477905097544 13.692308849727663 39.43785956749951 966.3346295860023 
353.56497182742487 8.854511279591915 1429.3427198401364 1377.2453362169067 686.2253299707834 
6.073362816428229 5.300275249744302 1340.5249060009085 858.1514576339163 166.74071417570298 
385.4854543353325 15.7850871852504 1486.9695289619954 74.34808744623045 509.68111438049226 
607.4984733538963 64.71730673872777 101.47539437127595 1472.1403832291535 387.31645354597435 
322.74594887477406 923.0333757638997 72.47897662525394 51.19306176350752 666.523861264663 
83.46436655564715 470.445621586583 77.87473104697939 849.8185619803538 46.270943483635584 
7.4105380346043415 52.376162080103875 393.9578826963216 1450.9349170546307 522.962813072063 
86.00826087365965 188.62710242000747 14.964023209830868 43.6629140461528 82.24022890312732 
141.49771397028843 6.734701228258477 82.31827859527796 681.3911196182277 833.6725546595478 
61.58104369271222 60.448071162783606 539.6487691767644 19.779832077631344 704.2105198513183 
31.166566255317328 931.6922841686052 1158.9444862700643 1434.3797354849353 89.16111697069168 
92.30220856912896 838.6390577061931 45.942670832497036 404.63550700971103 2.19735176138236 
2.1904653246895833 954.1607817194829 1269.8436331659257 771.2511416265876 75.04946773329335 
279.3426601525749 18.571723495873993 406.7571116069946 10.24572827220821 7.588059846839801 
100.5300284093288 882.0889529746423 125.57924067632742 1441.5028608590496 498.5659008882462 
56.42875348643339 909.0712346253056 222.20206431511602 1443.655371378271 1080.4547753967288 
87.30731812545255 956.5641401454938 546.3775007953137 412.05790882256827 14.931181915498026 
176.87184842053415 199.3454645330359 8.185829398619948 823.1347407711934 1404.6050544540853 
7.206969285611375 108.53132597341342 26.393161430491585 32.91107909967439 613.8713915206305 
42.46202394895515 1.2521726805381217 1244.1819676290547 1253.751777022223 808.3526674531939 
77.8741563173555 420.9732904493535 240.61395539319136 1498.8802789233903 1335.074919453722 
23.084300469564557 456.9560135191322 371.2184638509669 0.9933202739386138 1437.900103734103 
36.589369105569645 183.14212650356453 95.96721899764016 1493.8847082900984 4.375158979362192 
25.079939124723836 129.23964623639407 78.77200777869525 41.6289058252558 1475.724065754451 
26.90376158649832 242.32922722135197 632.4989352160812 813.8326392273784 1415.6509273684132 
159.9969861037508 20.89058943005484 660.8577084652817 199.77321979464318 1481.9634705155206 
70.81416089433412 18.105558800377676 1149.0930295812486 22.667668089161708 794.7821117828785 
436.6504314084563 5.218745392739477 2.694104707536671 1039.1049966220746 206.17549487999926 
