84.75049352190112 786.0378502778318 145.05676310747907 47.983234153288926 1061.7857984855068 
39.47017374888517 935.309137516318 183.1318133573448 1456.5692568805346 441.1027745218545 
34.34548873000598 21.80711649031519 1063.9592655366905 1417.2249619514926 791.5881602904594 
483.9382217311479 7.731199958501134 631.019030092962 1484.0255449273448 987.1564431716245 
553.9062200778362 991.5130399299312 1467.1985747917893 1332.9692603037583 1483.724748665812 
769.7604852377432 21.0238694119258 1489.832266951649 131.40565671717036 841.6424107329391 
332.1699141769855 147.96443645830493 1385.7869499757821 1376.8256627372964 1282.9098430020517 
981.7685488954686 86.93713369978029 1198.0791167546863 1364.2004679370302 1457.0119350969583 
105.80512998639658 964.299134426077 972.3209006437304 770.3092515461309 1433.6373894976953 
943.74813065334 60.273451837302595 1092.1241614584903 1435.804559562576 484.1320257974713 
140.87480632296868 608.3985912306609 1369.9346814305716 4.7306537717880515 1436.2320554552584 
750.5732905539558 988.0153069448819 1479.4675781731428 182.94335076014278 250.23583006060522 
173.8643385048476 932.3639446588522 1476.929299521816 573.913601734301 1245.2648401166068 
955.0534514547232 964.4536485458249 27.077502634879014 1417.982131475158 153.64622697851365 
108.75851294516568 426.76424803330207 904.5655637963827 1469.8016963598998 1342.262307409827 
299.4502034830796 962.292941136182 1343.90833949513 880.4922640279823 38.01941495577188 
17.88001960118024 958.5144416008662 1168.8490812533184 1443.528940822664 1406.0430294335897 
105.89876725672897 85.88192164903627 1331.8623801802967 479.6388803177954 142.93353133839415 
867.5145950138151 967.2607119913921 1467.1215085746485 883.4959913589921 17.53083427834168 
13.150279861455116 976.0410970721217 1326.6779625174263 1429.430795355619 987.4692067251847 
938.2873503826929 991.10740949425 224.40469088607335 770.199645347129 191.16560880209775 
892.0791638953649 205.16727521861625 16.80982627007277 1270.1586797718846 914.8131897838824 
940.4188397262376 63.8052894697777 948.8964943430109 509.07136060279146 1498.7321409012627 
200.21916609562513 122.02204774536553 1445.6947101250576 216.57060824362355 1420.847916577671 
969.125287387503 566.8059859776718 951.2391701169608 1490.928414705529 38.6923209247772 
887.9141337584226 102.7203977135527 1492.5267162003324 1274.499930635238 1376.306846534076 
901.9809935849644 704.1721444658149 1413.9361812246207 1486.2035606199627 1481.007453455966 
981.3521534632027 988.5482445544203 1120.0220409759218 1490.2538083161855 1250.2480560275562 
992.3262737581061 965.3119654697705 891.248156956068 92.52364807954972 218.88532274226452 
988.2578909261912 508.64028232261717 337.6322526782811 45.52822183292077 1307.476281243326 
71.0358956974751 976.7477390010843 88.43056210659839 70.95335962655346 321.3438078473519 
786.5116238149164 960.6148116960428 178.73771099606316 1382.3239428001266 1390.2386994887988 
998.4316266068232 936.6635799360871 1466.0188293490548 882.2689776917293 907.0093322209692 
950.3180994406878 863.8571387302437 1082.5737101988552 859.0242058207033 1475.4733318047197 
992.4434743383027 971.794603952101 518.3782446152276 1438.5088488935166 1133.9552446801538 
628.7428007295207 981.3586058537354 876.3930443279147 1387.644008607565 115.87287650467165 
990.0720186392188 924.386900409337 39.413702393656216 1055.0524194597683 1020.1883502718124 
959.0461470093344 363.96172271231796 1394.3201696982046 1468.5633588317644 716.9314452049736 
910.078070374655 185.86347105744196 946.034820054946 27.743828796419955 1265.9357538702222 
984.368835130023 426.6948060476954 1293.3966720620122 153.5486981666957 1461.5537100318534 
908.7920791868034 961.4280540032021 252.0552281550088 89.38643807273361 749.4354782377707 
845.3403967625194 957.9541122821742 637.3651361613507 212.0879665562615 1465.2208269505775 
945.9192461050209 644.0839555599234 36.65873695624294 1402.1613559947439 1307.4317663691425 
985.8443172580996 256.57894825227663 284.98095895104535 1067.4584883597615 1456.5725403303031 
963.413743779834 337.4702416462726 1446.2818241983111 720.3944846318117 1480.3113244582462 
647.4571982573389 977.5507869512182 1469.9444667568202 35.19349502980662 1449.1018162068046 
768.7893247298955 994.0962260258037 1357.1844384629997 1472.366177982898 657.0118684108494 
645.0241859833321 909.7855783506417 17.761288597615057 501.2912922727111 1316.2378759574083 
958.065169367643 869.9875683715121 1462.2639877067 1457.8589880494098 130.82743116938173 
14.8274208993604 14.528023398767687 70.735889858484 1080.648540417809 1160.6829115348582 
23.07255061659763 937.4920008156722 1458.1344801274158 307.60890385862064 388.11490436284663 
90.86522277717701 975.3297393230202 150.72232893958036 1369.525262086037 1161.4316876553544 
981.4141441442225 938.5359129420109 255.62360003842633 30.1182235818514 242.7454317407765 
936.1980709908116 269.72857344398204 72.11011418510432 837.3171822760194 215.9544625131089 
969.021300194376 974.1039803088901 544.6816894992774 1259.8341426593213 18.94484735972529 
12.300355775523464 378.94961043829306 1227.365070056868 1156.6685376034968 5.246118595126747 
998.0854172317006 950.582802605747 1365.0909664550393 94.57002098730877 794.8020933015691 
932.0424150917728 133.09731685365577 1224.6226350061422 876.6032082293463 113.92482883130606 
866.1927803836302 114.99413201518007 41.62260311801336 158.82148535985806 41.9207265247627 
891.2162026853903 55.708221654240056 536.0064954618415 670.5580981509454 18.346089342035853 
37.304776257027996 22.701909224733253 33.549334553770684 952.5270156464609 315.0249361117601 
711.2925132514224 127.7062810408245 53.20789526338521 69.2944534183489 1402.6561160739418 
850.2877658430232 86.0659099736827 42.696600913338486 501.7873202626225 535.6040128349341 
41.54135078058185 443.9949144459021 40.63423689693385 383.5169260917 1380.9762514989118 
941.4395835511581 21.359399377850806 780.1371808615678 755.1984427454045 674.3345576165846 
127.91037452926591 36.59043746998469 1454.4790182157983 1450.8557765793537 47.64348732925405 
993.8790613555303 99.15964914369101 1172.6862072362028 132.22679376611057 300.10582413724455 
9.224967546283324 62.68484074184788 1178.2689040757875 77.74924866620891 91.9719934610419 
595.6749235332453 73.11763410530436 148.0515456055777 1314.938372579339 44.173844561818996 
888.5833554703781 131.22748438212116 657.1214388397926 10.383835994189184 0.8949884950147369 
554.395470374978 14.607000316145037 1250.7219688238836 50.17256849616686 89.28928298092997 
3.217211860925606 113.11615901375903 1429.503412610077 76.73530672578421 857.3579181801657 
967.3593129760806 228.85865952584328 275.8386601424938 14.865987963707973 851.6146382328801 
46.92563976691755 850.081643903076 787.7483166065119 924.3911199862516 25.286948239266195 
0.37122092421648656 997.0059098633986 179.99392675211655 429.81095377955387 431.28327889798277 
178.55518400706927 900.5545504272401 1343.80205910603 67.19345526998949 59.03804843414867 
169.93026880368933 989.4639809483976 909.2559698814412 18.602543528110417 639.1073632760387 
310.81141968336533 106.96570358639036 47.09975114241027 681.7349309591893 23.58375200291396 
123.7515962089968 29.727580665480318 260.64462596725014 1409.850078768296 186.45076633304097 
252.5876546030471 801.3818466883803 90.82429291759769 5.063106452241284 4.517781619880202 
17.314324007956294 27.48889147028177 1345.7503843529441 652.7108079661226 1048.2485436672248 
25.117925663332706 15.845440091116991 202.6766168493499 62.85428024048112 477.5289926886204 
321.32315723964143 920.1062759403203 111.772571144857 1039.877053298931 34.76343695824391 
323.16131201404085 4.990977520728523 402.40469452564105 731.3099814345544 1399.2189713053194 
343.47320833572917 115.00672251440824 879.6418459621801 10.074282768313514 1445.794614909587 
472.2658399106584 20.042748028058277 916.4118711561937 1451.6910472444167 91.96783260511526 
0.4812890315892826 590.9459261753032 5.543056154222514 1229.4245298115516 379.624067190483 
143.55082179011902 120.95394801970606 24.613892809316916 2.275009469642153 1027.7299411527233 
97.81360652626014 154.97699134245636 63.54943222414033 2.7803108043867875 18.404811273175003 
54.66398736319034 895.0806105328962 1075.6495220108666 532.8611903568004 2.8256127432709777 
15.722923477313078 818.9066853456669 336.9283985063793 932.5721873812374 1336.073213239991 
53.42542995694754 554.5437255013874 347.2310087215334 1463.3935846344468 1377.480018586395 
14.962188865572434 327.0487974425304 657.8507487717591 106.14841218575822 20.69433032735085 
5.914834502760868 813.3933361178622 392.44603639070846 78.21747098931048 1330.8827491991215 
150.22968546992954 900.4849979200809 883.412219733649 212.58259937138408 1435.3660481676116 
19.538686380443092 104.20039073241217 1033.3706962933397 2.1658490812909714 892.4242620909381 
121.58020538678704 684.2246544901443 1457.1508770103026 1491.5632894550827 563.3844039095686 
102.99672466783916 139.86451713140613 43.89053938796073 1061.7315220847813 1398.009762350761 
12.012423064646672 124.22359336844468 931.7864262264042 696.3390060911782 1318.2252384333913 
427.9938005261491 18.188798327644527 50.87695863043656 1494.0317536184764 525.6369365749229 
