894.2325171495323 47.64031833794036 964.3350012116285 1392.5272978078738 328.2233463971821 
976.9584678914403 55.20242299691913 1357.0629010145149 816.3393074124127 1428.241462693962 
999.4580418678445 669.6523892690477 1473.181929826952 438.4323922410303 1434.763869112207 
261.66878916315693 724.1070342067811 1469.4251261750778 1492.5255496735303 257.5100003568064 
88.32674910726202 995.2869567229875 1356.4322915000312 1477.749387609664 1403.9742938667182 
964.5308499032657 581.4423832433871 1473.080239052176 1460.3875034513092 825.8704318459438 
229.18828009864035 150.14368620568575 1289.880369329983 1432.7542661284708 1444.1649202722058 
34.499588740717016 17.58795005773195 1203.712437017041 779.3930422228028 1307.8117590739807 
187.62572560052993 865.9901172604277 637.5002075260231 1476.0810111930994 154.01172236739546 
182.7840467529427 943.3583299216627 1361.546654809935 473.6293536070966 1413.7421574870466 
185.46621424582966 968.1823796048017 1485.5940034394905 1481.3712194146149 1017.5115847011394 
131.29322072493 886.9774898286938 782.2426806533152 1493.5859564345974 1398.728621083842 
41.44169968426259 682.1279795475186 1464.188264419211 146.9410062549516 1410.545829697696 
992.3456247902863 836.5083351339322 344.88617069596455 629.3312161551372 1485.058699462964 
41.01995272322634 999.5011530471942 177.89258072756965 1398.5146124065316 288.39111756446977 
988.885981861315 916.7057024826777 72.10495813895696 1007.3379467012076 790.317923635948 
843.2978419940126 997.452244050883 174.28715916522515 880.9145178007777 261.3017120751245 
992.0236451604521 965.4767382693663 1494.4540723568323 901.0124128059078 1392.1734002903286 
22.734610695527625 890.2318857586012 545.0250114918207 509.5222981426678 1434.4859390974505 
66.22181954984374 829.670557641022 1465.6501005244904 751.9303018740443 1017.2415805945033 
837.9540194143422 210.4778494660795 35.402803010876674 73.64129855059554 1478.3994924710103 
238.97163825949502 653.1847761685805 24.28508306821836 1488.9694361932843 759.1614048006397 
951.1437393478265 954.7614906969319 52.83751383572953 412.7743503878829 1195.9526737585618 
845.9433321073438 75.8613890456209 147.65994437971068 1038.833978210616 1479.3193671670133 
279.2941082296785 982.534252621114 1385.985174961093 10.276067958332469 601.36921405384 
573.1463790296679 610.5522056799699 42.24478582328428 1328.4413876786696 43.34841682667512 
781.1608150732758 995.4508243265619 540.257858122493 1492.010820770335 1423.7261794910185 
774.4599030106799 900.3738651545501 1479.4352200654191 2.2806405212010272 1098.6218957102005 
934.6802184487916 606.4387868802263 1430.2913142800699 1308.400911213679 17.73384197627903 
898.7644355963592 157.440300184585 1038.4748051000158 176.50912534450066 1497.0453290524356 
48.89878705773251 575.8605294544282 1376.880161447412 1249.1664352521864 25.4654931948739 
981.199580950717 997.5919927153204 920.8843370984127 1144.4103447332975 707.0845734392803 
846.6336491709523 907.0669190682231 152.31292385385348 1470.424656900201 802.438397470443 
138.843330262269 888.8849827053517 71.9693914232069 1412.7970626333265 1415.3743518017534 
900.3635186726306 991.8645102590986 1425.9644234153109 405.9921757761013 381.6400177938641 
912.156725760251 111.03892403987537 517.3914133547001 1485.2348611021075 984.0336762052335 
515.9305983918215 853.0958211544469 26.775887479602687 1305.7662962128563 1493.8667359986778 
813.33892251958 975.0408610893006 1482.8627529045223 1440.0586068312707 1498.9580367669773 
994.4506275160901 816.505020237338 906.4575397154538 1438.014375483647 52.17476567957286 
937.1337264619322 194.84540905199486 1402.2813414709312 1242.4537378780192 529.2264321041499 
535.2506131135447 966.8779644896919 1186.8787943312857 625.3010889999182 49.54100945902618 
899.0173664604686 69.85907443182064 1213.5510477897128 1492.6782720697977 1199.415309356676 
999.0157820336411 975.2804974775731 1173.4778055290888 1499.7027572290908 1274.80963132134 
984.7231653652515 384.59291907208024 1461.8267145595323 1470.3767748637758 1396.0495510115427 
811.1356128128518 956.0451524308572 304.0964190331922 78.14969475368792 204.07221286527007 
939.3066461569277 985.2219798075165 828.1581551055526 335.6414481396413 959.7356733404255 
870.4906194125774 890.3694451539781 1442.9728121153378 1476.1659720071173 221.82233038494653 
678.1185866892931 844.0428801871898 721.231638683296 120.43751432473138 1486.1891566404436 
762.8377041929226 939.7966170935968 1386.320470944403 18.15643571597414 1455.7550844065508 
853.5353353206286 934.3288057957187 298.11135801049403 1370.1748543889398 87.9511350214075 
877.960856653453 58.50731616294658 785.2602952867196 1014.3827656455869 1486.9776136364637 
147.5133023496108 931.9631147424615 569.324142185046 134.35905048921092 26.909426154484663 
168.41619558967068 20.548346421209395 128.2694886873183 1081.2022315981985 1282.5966430659996 
11.83672872025221 924.804426060519 845.9787007231722 40.167542977006306 894.5282394913129 
204.8246027758257 544.4317212623275 15.506295119845026 146.0376792300448 1476.4070335067627 
268.1058966358538 921.4340781296594 63.902131176153176 123.7555011424028 166.28545626075442 
295.8209404925835 2.1090643701340284 1477.920108761238 1465.877068140923 988.8851708991051 
927.0867376836444 92.82060797187053 989.4305860850991 12.57527248848589 747.6547486870664 
994.5039093567771 311.80500632879193 1379.7768974373216 489.1987791035393 171.02629589911032 
950.7395026919745 171.91934740014892 18.589209848014377 303.76524959810564 1056.7702761076598 
3.7040993039092474 126.95792684781604 1357.6356857007154 828.0018625720521 356.82493332433836 
933.0745581347898 151.73035585730676 148.52256355795117 1323.3260774236278 582.1358499405039 
977.466020715829 485.7180137171591 379.78927198359077 85.45628654246052 20.244762318360365 
152.3065218629518 35.68657450043988 198.269967420922 566.8967143204623 1450.6391232510205 
16.834735986662185 132.75603073811104 932.7122309841467 96.27162238533028 26.583642902444304 
912.1836746401247 9.363842891050854 1489.607283901232 591.3606729713057 942.7104346480565 
588.0582886468694 127.228298406848 371.86691036683965 1425.0836759810188 1488.8650423751685 
531.6680062546408 33.97671515032607 660.6398076063406 1310.1752140988074 46.68083715655913 
959.8758161621633 276.82128571637134 1426.2665820657046 1.6625501362447226 30.50608787484138 
994.1994767851037 106.01052002120491 810.6498226259077 376.33791949416536 167.9161871230493 
276.5050220628822 7.873072326409436 4.263813664242166 730.8153861324815 53.02724516615531 
615.3491990258727 102.76722192538202 26.28339020641607 1484.0437119522894 197.26688573733765 
36.37483265711927 9.153537895977504 35.7828136672268 14.348610501874193 312.42116384249306 
784.6518367867093 903.0451901448639 135.0128169953275 27.186709172604516 990.5175728525223 
980.9948476307043 136.69086553451749 500.31325733582764 110.29461964012455 292.0827302799143 
521.0246624819026 167.43534006783167 85.13058908815857 4.6108682179296085 78.82655679039007 
77.07849986601467 995.0861368892483 285.9170115406366 9.560216615038087 784.2496288018614 
937.6118700012773 704.2414533446972 1472.380659278914 51.614524073572646 430.45930108199246 
15.691741961960659 254.70425196121258 799.3190577791175 1451.3272100018607 1461.3439168549303 
11.20697028188511 36.72672159327617 135.4806897252923 585.4994755834437 597.9351467646347 
846.107733667842 318.8847817172078 19.968798784204765 561.434728961218 17.66737594658413 
489.18329243735946 29.2925557639 1476.2870750758323 35.278777354371904 816.3802323597243 
6.690975614052186 663.200589230661 1158.388184394195 113.63843178245826 84.45010932221648 
184.35251493581006 181.02545261045623 807.6270137341343 65.14692236098568 1421.7897693015207 
62.90183301366602 849.6215981648965 463.8232841886587 822.315314982401 67.87681565787523 
80.0928363823844 861.2254564385937 1486.7436372746693 465.48674565852417 325.6981263963069 
31.471293200041934 957.9656157689185 322.76112829368697 824.3880107258262 960.4713866077535 
18.51792579544176 994.0356828366102 987.1271263274613 1373.4158254052397 814.4826991277546 
45.20391298705928 968.6093427739056 63.87734476231544 558.6962341911474 1368.4765804170231 
67.96641906335444 154.91159888174087 48.30967206004255 17.064124480949793 1037.5003768373708 
88.87975846566376 7.802966289108704 10.944273692994722 1390.9942057647188 182.756452939414 
215.86926570730103 27.663174436900473 1253.8264236839373 1237.9397281510958 103.9441896911913 
2.3868769243010624 208.46578520228243 1449.4247421859595 11.124172567965884 386.07879078393984 
25.893584142356207 802.5683116703069 11.060988286394235 517.1581185280453 383.2510790399205 
18.868486250176563 10.735804406160177 721.8706358788058 163.18147793103876 338.66379806662997 
107.28797713598948 61.53473808843678 1463.5623529492136 131.19567541163096 1285.194859919464 
63.05340847486707 11.376220011145243 54.53384130921274 1319.7845908814973 819.4298443009752 
300.0702779318764 21.165179039517092 1454.4936606060867 477.0607569183127 0.37753523499889363 
13.112936639037232 63.17462909532689 492.0762443035063 1295.430493111794 145.19477136003218 
39.84736819153856 69.4661066737443 626.2723153302087 13.606471650380591 1005.211908069872 
