45.959991641235874 942.2530260175002 192.73381234340692 1465.5304163722635 1400.8446390057563 
84.8905682803347 144.73695334069504 1355.2505869087795 41.868812907031426 563.6404967913485 
884.3554168246217 725.1184380081983 238.40941340735816 0.4608607285133126 1434.7876638094551 
20.37603625240103 441.8428331279539 1456.5815115262724 1428.8942869678124 1155.3738465415886 
3.989426931371498 896.4412318084853 1335.9487503881112 584.3378345483954 1358.8624814753168 
37.676072249014815 998.4786890168658 1315.9147117220193 1456.0150420657437 1498.801730021919 
66.96116600958624 261.0901683551351 1262.3858832697235 1319.9643791264093 1497.7073703253316 
116.63759133803309 966.4555834961454 1059.0822904205008 812.2068857107754 1468.02483620864 
396.92372608382726 90.30900277949615 1493.630551727386 1356.155482701936 826.4712335115588 
247.76318584473978 969.7343272210499 249.84250663798773 724.1165095330731 1486.1316548838367 
148.92768814549729 756.167565214992 1.306864045012568 1458.11147544221 874.2488357479482 
939.6421349380378 988.1368588473418 36.283539179218224 1373.7349041582677 1432.0656013490868 
314.0909614670172 924.4665484958034 1464.9302521471948 578.0273876990749 324.9655381761206 
72.64361103878292 930.8592285357494 1131.9833834221522 1473.6797972858333 1037.0757185104644 
640.0103869953484 689.5141107031473 54.21655414321275 1465.4638699803409 1485.5490642448137 
192.87764073103563 729.3547011369477 419.9694737420586 1383.5393251710445 14.552209502452563 
978.1304935265894 795.0876548422698 408.08017524243735 1026.4816778194408 20.09906746992979 
91.96399915182174 959.5925668043318 870.9690512513205 1371.8955408881702 517.237800800638 
948.2431952392715 998.2892888677268 897.5659836629017 1402.1850254522858 1144.0336153875053 
950.4799366062573 877.6479232333597 1463.4769418401086 1426.8244431817868 756.8787041599642 
763.5826686218531 4.151337199682192 5.397465462948836 1439.609324882435 77.75777870328993 
903.051188135649 354.3145312877648 474.4221467773606 1495.0126489555214 1418.6143693117917 
962.608168671868 28.169454472749212 274.3386589094159 1184.7669591679792 1415.614935341764 
993.9669675833377 972.4893479062819 926.9244788570354 972.4164312831183 1476.8708347293955 
313.99184398799315 80.35982268211018 1394.3310099884588 1037.0095113866837 1490.0313894403175 
920.5488025105382 976.8189642739724 1143.254118337811 116.2396067263598 1488.895761081488 
940.3910594261066 870.5319836640284 92.89574885742813 551.6026352725246 285.1925285533705 
995.8980934635462 919.2940226662508 500.9748303796337 1419.0427660986495 1459.9690852553244 
977.0357680222587 241.99293055674136 985.4051997910734 25.935470823072738 581.1374253759127 
137.01599935121058 705.5066964514706 1485.7478936217456 1494.4457239038509 505.1687876376496 
839.8500442423438 994.348854815991 1497.5558922640687 178.78871666715546 1462.9315766838208 
884.0291268724674 977.49682221708 874.0609388483559 24.023881521153644 446.79139579486423 
969.1228829646221 597.6172245994708 1431.5249082378198 26.61808475086658 1221.0877529884997 
951.7433283573 269.8389866061006 1456.8197753763525 538.4829786701482 1387.847837531601 
921.6996826919146 140.44666798375104 999.6256165031073 1458.2714038579575 1061.090946864396 
970.9523098467172 160.2982967259644 1195.668002470073 1406.7371940783037 566.4031982786369 
982.1547005437392 941.4515719742785 1492.4965767894298 914.1724815488365 982.0547471989458 
955.6875464404116 720.4799545446022 62.00261601867328 1473.6588974552897 565.9375762196012 
783.1493921859994 934.1427132340184 744.541941579694 340.2667459823553 16.30244994192437 
876.9611835735935 14.214900918207984 683.1619501815121 1480.6368582775358 228.22373379042165 
866.566105626813 135.63555999145171 1458.6659028407757 1058.3699743551258 694.8885899026759 
974.02951232948 77.32910137764837 1433.1283315055366 1029.3856708105711 1440.5619347749052 
989.7441545063393 980.1838932807385 659.1437714046193 1300.4786537021587 508.03729718807534 
916.1229167254113 854.136132352929 1383.245442808736 1303.4623321263866 10.34866556904246 
875.5020092366677 504.7552061854191 995.9586677506841 1423.2966440406547 68.05692282303183 
940.05395391549 958.6602713205323 1257.325602526738 0.8261828910691715 702.1424751500381 
971.2614539193569 856.9215249103049 127.0717965738996 413.7694096538244 830.3693269007198 
905.9751875836964 358.8369489987303 471.6767012994377 6.352367237859369 1459.0898019265387 
612.0982563043899 981.5996712915846 1488.2215346326923 908.353465083319 1317.6562694370905 
991.3305250184872 811.1241554720693 1281.880566061607 584.2289432470067 81.04838860204678 
819.7838604515595 876.9910585474969 1461.1852145698458 1439.717849943971 1459.3664064890504 
969.5469166888787 888.987358848651 266.5614105078031 568.5983412528012 1327.1075193780935 
921.4582001691133 380.63570342679003 12.768696404356794 104.76229610457317 743.3239276146022 
944.2528212850807 52.711658352282754 1339.3753936724975 384.7304047775175 279.9597453854231 
266.87509444228783 970.113082986961 506.406027179498 9.057936628166674 1004.4409137302495 
114.66663405608637 982.3101039368164 119.99152646823703 296.0095289624428 1096.2344702403761 
93.64479025607054 999.3656998872916 1282.9197568439276 119.57271794846808 1083.1555763749245 
259.3574323764051 321.6313810975392 2.702012674648646 15.032004074771677 114.33778163646629 
272.6630618296937 864.6455925174669 1480.1251374119101 1343.9439210324606 215.20878777247665 
805.8962124009423 215.8421235710981 1414.0656135896106 771.4620292233809 1.7265175092392449 
952.3082167883238 24.727928304397295 282.38151107158944 1442.0100564968657 31.98054169652964 
888.5709490054509 104.94116350052376 3.3650954950309453 866.5227820918049 1433.7593854970783 
985.2131942811212 113.36991144864083 556.2463337991285 29.90775493782727 188.38601723988063 
78.93445149733691 117.46414813554762 917.7487191926102 1498.536749824445 951.2194152062848 
895.18920947855 125.84093206825298 73.46725466000437 803.9473217962836 358.89771701910996 
389.20850744503707 29.144697594699736 33.22140823425318 512.8565308583294 1478.8206253645665 
3.7405864287306523 31.461110514256596 719.3396219600409 737.0787391191785 1075.08355317761 
810.5377753896186 33.1215032538954 401.002393227613 15.640098573983352 1052.0955519335137 
28.414997936934583 26.55935957515265 659.0099593824556 632.6668694328757 58.16671285507746 
990.7958674474586 64.29794872980399 437.51760445597074 723.4395195798301 1385.8168936528318 
139.80889638999938 77.90319349571395 964.7427083939023 1454.2399383300956 31.343176414692252 
230.81178765369825 21.19220324308668 226.79025200120435 988.54005015058 1.2677945115471267 
15.505502920898584 994.306977179383 733.2892717387808 221.41264826413766 141.9997080407619 
518.3646200681018 989.823992201287 1284.230762194391 136.75671503867503 12.503804009847242 
177.4363128816172 962.8970059782966 54.45416374455531 83.49390532300221 383.2322861285719 
70.76397692747094 987.6038351222178 15.208355731754997 815.9965705758918 875.1771154904588 
30.449528399133953 40.47929533916539 1419.8407362988564 615.8979671906649 124.00962013357392 
22.976313879192524 214.8520446896589 1290.6201688007905 384.44565651905657 1327.8281313513532 
8.525690718108825 107.48466561475179 3.5216206064829225 337.10297677200373 665.2988041459499 
816.832938592297 55.36721699546598 23.527791719401726 119.43570683138083 81.45941535541851 
939.990679901483 60.395508046392045 1106.8581760218676 248.09819212019113 1015.2569174661194 
40.910941940370705 184.07901717218445 781.8698454001274 229.84323859936345 1498.5787818219062 
75.22756828669075 92.28098951725671 73.23405884447997 1328.21742802942 1218.2800104437013 
196.04361644657294 786.4262269530349 42.50284631304774 1140.3604649597996 49.135044637603265 
91.6723312941129 7.001372497002611 665.8124358702918 64.93691325549777 76.81437147218884 
42.793192203515076 48.34334650053839 1397.0914893238823 1294.8299129167794 276.17659201650685 
8.086666596600956 634.9100210455342 171.52579597210632 213.9620441935426 1364.4556709416383 
359.5554031313617 103.92370808378104 1346.0851826212138 17.18058508640946 34.127905725777396 
16.101369969832135 675.4842418461751 1462.3852540509263 162.29965005652758 748.7491830758574 
5.0923739985435645 860.7099430958967 13.606528240272365 727.7600969386851 72.46772607336466 
99.03143455668793 589.9737246148961 731.9483186452497 25.63095240068103 34.396273728421576 
6.750229301453525 694.9041446031594 1033.248793217759 776.4965623034042 152.43858484543875 
687.8284555003758 40.57011580010095 1473.619877198419 88.33317643702887 155.50463642717403 
39.66776679853068 347.9163055784822 165.7338770094386 909.0091163957647 1445.9181787934122 
391.11183556660023 48.810194408883014 1160.5353043157468 48.84433673834165 1312.2170855339698 
107.51279274375094 37.86656499264862 434.99566327571506 1389.919772065224 317.78139217934734 
271.54965759280833 3.0883257206830717 13.31189825898943 307.2452682723688 71.44929365740687 
58.77775976707689 9.549694448697243 167.89288097296662 20.137219502081805 795.7888408123307 
773.704045924391 563.4631309438231 31.074792392977002 1463.9751227578552 61.033698896866106 
382.477552962082 32.27790688438059 228.4793718405191 61.0059825749239 1391.1641156545072 
