240.50818236161734 116.95087105220703 1414.9719393127953 1385.4434519330719 189.92059805329492 
995.1847696039024 975.2364011451838 1338.7536913827043 1437.4000186789574 1250.0309911907877 
136.87988627789548 572.2523263418001 664.2254023761814 1491.6169233315638 1472.2998223709646 
223.41012670680016 118.94925273691737 778.7822105186866 1336.9363406522045 1482.9469674353784 
840.0267466954737 9.871713627911838 1468.3212449581988 1348.3488329539916 734.9767842332444 
156.361969356011 992.1195276206981 958.0238816944112 789.7222574342773 1318.9043886618601 
938.0859038151563 86.80187637549986 1349.4726566868978 607.9792803191586 1410.5770782787101 
619.8601148850216 14.908020060699133 1491.3971419890943 19.38746504313238 1238.4737595058866 
53.23708085333734 20.413573732121936 167.09435670687176 1404.2694720788272 1255.6496205961128 
604.9964720232449 949.5126167247778 97.65635902950903 586.771651179696 1487.5024184895824 
14.79911129667566 169.27519073384565 1027.2651211225623 674.1311703598348 1494.8671115324626 
321.9706981914544 963.7411081835679 479.5515500053666 1458.1722515641031 35.747160118700606 
99.15504604346181 976.7360378615276 1378.2503572193416 816.6660232904597 1129.108618050325 
27.47622944554962 515.9324206687239 1382.566548194157 1388.6991993120964 908.9595984437105 
126.59369217358186 394.9617051175067 615.1098198390333 209.94422331968593 1499.5904160403018 
985.8226189529967 946.7750532296969 104.49277987736171 882.4642426548031 1300.4591667235973 
974.7431667605236 923.4736169181318 1400.4399704842963 788.3597515146292 1441.4224748938313 
198.94597397235214 962.0853506245032 996.4693617785259 1494.0343172323405 1079.9277765973861 
102.90592275601959 394.01802368498767 1453.8115904469494 1322.9126858891793 1429.9231414406884 
877.43920533841 974.5252492238956 613.1012575981517 436.13572933423325 1430.343220623475 
642.4398207476731 971.4460306153159 189.47812115517826 1425.3162292436086 861.9039528233666 
994.1323994567642 127.62693836730033 1195.2414345333295 1392.4930403522878 272.8676180173649 
940.2335825429312 948.7684788209501 1493.4459685806435 1131.7759595593766 834.444240200401 
983.6516566769635 445.94272257332597 66.03202131758341 827.9149858057233 1447.6832598735436 
508.550024278415 251.3128833632657 1452.05683499427 1466.385533024041 1453.2782221539544 
939.1118812921186 89.60479971211683 1160.7034727083503 98.48649657297109 1426.4975650554256 
857.5935738901004 915.0307376613159 1359.5395892389924 1327.7455145890806 22.11462458743346 
447.5581738176285 950.7025958022001 1458.3668061531594 1467.5573965746366 344.92840898755657 
820.0180826750833 874.8458467358773 974.4666591963995 4.4948471136955215 1494.528392900982 
870.2191958751412 998.5185786238744 924.749692605802 1451.6506071132637 1476.6107636196116 
910.8693222996803 474.614562171076 1450.389633222267 662.0164449569434 3.217062101202539 
686.4853914405177 949.6559070932459 1488.267631117313 104.45941000486947 83.036281179796 
764.5884439595038 813.6118536223483 811.3306221280163 1457.966485020701 76.14577161340783 
959.1890190474858 987.8884030267845 661.5815055213724 528.2835822315513 445.7999769357537 
551.5700194145322 954.9961105728695 1403.1066365386832 1350.6689471156421 1495.4454419788779 
951.8483221586475 970.0238009270115 1416.2448983341355 1094.9284089908992 186.79032387200323 
828.0429307348608 155.7568566864017 498.5308170355261 20.460398871634865 1493.5563193938144 
819.0800544264589 66.58652143903876 2.868302943026202 1318.798488093015 1139.7990759531074 
935.8553122249941 181.5874592808522 1469.5120548073376 897.7581270705219 1058.4365034516961 
979.8054313656014 827.692458469374 1424.8587902681857 151.9926079706646 1320.9171248651785 
920.7937399655478 34.61196926945698 1415.7253407449175 1454.3976662264279 1393.8663915491159 
925.0795767077956 977.2685301771556 34.79692748543373 971.2033428876645 355.4112785995861 
978.6946679198921 172.06402109634607 796.1059609996014 1459.2489760709284 1482.0391694451516 
978.0814405546771 850.1397878331701 753.0236982820971 1436.9870940341737 630.5933695569496 
182.92529059573104 955.8660361685655 1379.8327664548374 557.8906047612975 191.2030196565031 
927.6107244686525 823.8937388684485 245.43856652345025 63.54468363873861 1082.2190403825896 
741.124101323484 834.8136527604355 161.14864952766644 1387.416379140986 51.463205217408046 
760.5123591146197 916.6336033186211 153.5372480040279 1374.0214514577287 1450.0378809823883 
964.7260622345779 985.215933049798 1304.2918035825 65.2189308190212 459.7283855971107 
941.6048104873269 187.11038335590226 413.51666183201155 1475.739408430582 1233.4277158582472 
898.9510438447182 89.45479474799667 175.79012078630035 1314.2161537242864 479.66092654140044 
27.208413862190973 996.5025692263961 317.37509355069704 633.1487766894597 1137.7249743456318 
164.81019294749788 747.7868971298026 1412.0713432189946 114.94458339252695 1487.3966892149815 
844.3189402504299 709.9018071102587 61.913478719539505 1488.4653172321316 441.1760958692409 
977.330433001684 778.1408618527942 992.8323256733929 12.91764883137475 933.5231410569177 
795.6786020753881 235.19939364644557 1402.186681261902 287.20597127696004 2.0387766923700146 
913.8749279559237 28.293562450456662 133.3725771469331 615.394024981404 1486.6330648715514 
901.9062522315745 73.76694820248697 609.9341472441979 313.2604914665981 38.90456779945606 
208.78156461115415 7.253039211569501 1415.507460184168 676.1785451172327 161.19758737705547 
858.4948393163206 28.80885541796186 1159.8552260430447 155.7150857895131 531.6732061624 
18.521874097845448 190.97959889621484 8.888922236185593 77.76373352389705 261.57370920217505 
993.449297065491 405.80748465306493 13.551290693627982 577.6035646710087 64.56299966313867 
778.8799233157671 69.48214369734751 17.68434197178237 5.046403479170792 979.9357015324956 
7.00726005367136 148.71778157015902 1189.9101768363853 37.63516840124137 1343.6864592202521 
703.150010956822 17.870368492380884 296.10001095279006 19.02240717373904 13.291251365730506 
952.1165503242838 6.569740761372067 80.39032609720614 268.85483965106846 566.3722402304429 
686.7932647813736 19.70746691379388 86.49167668608271 917.8985956269448 13.092445023776932 
9.069645322871466 847.8463105505451 17.93599388573647 74.14107639273271 605.3125032917426 
42.875398563322456 996.0705808628742 15.7743929498243 160.3728881622816 902.3830732755841 
7.226377705169318 985.4047500371911 777.8984625213715 318.95637776498467 74.30194754600893 
821.5519115464012 948.0689623667951 75.3985087873042 79.4894510295051 191.05841689256368 
264.116158717287 910.6682935337006 5.3045119705872334 59.630643769496004 71.60723222563465 
87.24210577716063 118.17498484798206 705.3571818648816 1457.4588293521026 613.1677924152267 
403.9258664965888 1.4116372797488008 172.9655162274888 169.28397360052367 1490.1203581218938 
953.5376523095365 2.0614324971781617 593.9180057354813 1049.472357805447 13.792487745898363 
69.73166011126352 51.66118768892281 575.3305780817701 88.3134707337031 2.388920147643636 
151.98014161500706 76.98543051849171 12.608098780139631 552.9689965616587 9.509471423747584 
67.92673043645713 278.576227805358 16.59570006442773 1488.501771850561 54.43613810642134 
15.118115101381612 36.35964124355051 1323.3393394078798 1011.6356496881367 1028.4103109276123 
292.6848846911895 325.299061556235 1231.0773102883736 1486.1084058729014 15.739899893138565 
114.47900566246494 6.310917578009945 608.6812854377755 1116.3207930816088 1.2750060621226633 
135.52370033656535 19.181754014692686 71.47651052436038 1182.5564382376392 615.5611443323824 
18.291366046994106 862.1947002059335 1326.9992355765698 1330.7972826891553 323.4395572484352 
177.07441502671384 680.2737643476778 1495.1548434833808 44.78964996197976 1157.3288357714346 
174.7846399298889 948.5257437129627 648.2636730454309 907.6037935282798 14.963381520205099 
5.9954743925416665 817.6325416589389 228.54628557534096 1278.512458564654 1237.5126037832244 
77.67255998818268 967.5903419766971 96.55542444246923 997.9777874312493 58.88402554002769 
457.9934668569509 649.6361677908163 12.210360618456818 19.42145288909469 1374.489895767229 
276.0178165745397 735.8003655095205 1461.0241873556593 153.98131048611103 574.6549534902917 
59.239085239988995 8.006285803460411 1462.4443535204657 190.95122767867784 782.1643084610799 
184.24453084059877 189.45037569015378 291.27289309483575 852.3717066053281 1492.490146655915 
30.78851162042062 573.4325436654093 698.2650178913581 2.0485385249016663 788.67993369137 
443.8727790010647 804.4488855407736 898.8083830617757 69.61637796726455 40.22942018226195 
123.19075949341807 48.227166464980264 807.4776728322893 2.453419554132419 598.3369151140835 
46.55844310731738 19.20135601696216 1410.3950717924824 76.17620987160734 227.6335496154905 
15.607881495220521 576.3820257495295 16.292311934131444 939.838062142708 736.0755852156285 
56.94101479824166 429.52392424285074 1220.8504545321236 104.98213044236432 12.809171292662736 
2.8378558649848618 5.9271243264151785 13.479135233956107 956.0986438228014 154.88994204613482 
28.835965233174 17.641318011288988 402.488748830636 544.5114939493446 1019.3052860580916 
64.03534113264841 191.90806625114647 5.5751593355534705 78.16251555737952 892.6584636148435 
