53.61262333832772 925.4355317795041 975.9303360567841 693.966702385206 1437.4401237575298 
32.71204452841248 8.540887327127656 574.5526916433396 1298.869594271301 1086.7140253421758 
985.9874534245952 695.1894642158052 685.4012474960342 1464.1932835489888 1443.623341909313 
817.8233149565759 932.332776047463 1373.4685469850924 1493.3316315015093 872.7503549701858 
2.1880195911498923 112.58488742673501 1498.614820093593 506.62940043446923 1494.0135340931083 
579.915781081645 144.5517777727261 1451.3446624241988 1375.7557620454802 93.02874969687124 
104.43795438706904 68.6307870874916 1468.346701837675 69.06326288467524 1309.7246606390984 
193.6487335474191 81.15337524560262 1480.543512000741 1188.601611352408 1320.1926365722509 
154.72181037606336 158.52831197231265 1068.1017929081238 1469.8975595279987 1499.4146623942634 
36.57575598886675 387.05464420915786 746.2293834550245 1488.5091661968224 1462.6221327466699 
966.1576832757478 10.080460905705134 1117.4414002340068 1446.2433633620071 1119.1449999440463 
288.84222688459937 922.5059701855146 289.42476059361337 605.7021472863328 1494.3744581337387 
8.97691083233254 873.6978115506944 621.5849200678691 1404.3823209018033 973.5921539317809 
895.9412883313739 964.3883094745345 1483.7676002346093 889.8000855050215 926.3617530655025 
951.2649393630181 880.617702957572 411.7747987459567 708.1689883347643 90.2378474506847 
999.0311043519022 862.4335762362098 1142.4922302319965 1406.9188881750897 20.588031665409012 
0.4096125810680862 940.8295036369266 1431.4151291601947 1267.8902785371206 1470.8636661172195 
56.14064395356877 914.1801658153344 1287.3885027929568 592.8111687990471 453.14149693183316 
73.6933148327168 677.5732663237044 1434.6392578609903 1304.5703875194101 475.90901667084216 
102.9301811246488 909.3024890428594 1482.4726503306238 661.8428069127015 1314.6256540186146 
322.1970078142752 134.59436568704186 345.0553271291263 73.47625697378778 1465.1972101190308 
995.6656502633169 985.2356388636163 86.72319175785542 1492.558711887626 1434.5558942992384 
968.6387515817702 65.05398720201283 180.83955540535723 810.7225331458434 1156.447156999132 
615.0978691506807 17.35248101421316 935.796743595357 814.5176484517356 1488.9875883162629 
993.9222048630971 974.2107154273323 1463.2712813969974 431.51163397556917 1197.590601428409 
199.9683317688986 42.81733077157901 1408.4149068731435 1328.631922809576 611.1256779689431 
992.2307545672571 454.04238094795227 1448.09805455598 61.37323657818416 1396.5844906896928 
349.99594101279405 935.1225295435265 1416.9916204987462 1247.3278901137253 57.568103910480225 
946.5608550102659 878.9361891602483 227.87002803161505 4.84341978493863 1020.607973023032 
750.5582955463403 949.469824864517 1061.8407288959725 256.0896029567233 1492.7251388006862 
301.0796204459542 965.0403010209614 116.50730539249061 1016.1382184556772 1475.4624374783768 
856.3952023305361 941.5590708135419 115.45976142894709 1303.7495624285905 14.774672732749739 
919.717985607708 936.992383628705 1451.7338081430344 1045.7835918661287 164.4116147051415 
937.3317701197735 877.691306833007 716.9394943259726 33.493689222168996 1455.5334568886049 
960.7044532554288 380.50124047193447 1434.8982211852142 777.8876377859931 23.372216099330934 
932.1299317197069 134.45294934116902 598.5020952534143 1259.2090738654758 176.2152154223075 
550.2410454440957 816.3593486680434 10.506252822032492 1450.8440520251258 1454.2258394990897 
964.0232170730904 61.249053129925784 1479.9717494020808 872.8456353922276 1363.3041715030602 
735.1786679081085 7.535914406933797 268.72158500565075 1203.584711114484 1409.196519975179 
948.4442352577051 234.57125603020324 1457.1339742748041 1487.6926658709306 816.8990816368713 
774.9801782163789 972.614250947628 1332.556529552724 1036.785842546913 1495.0999782278936 
899.3654381719181 23.987896825343967 1330.1517797410272 702.3082171080388 857.6372325787464 
826.4961702221349 38.436020961518544 1463.2364192452326 1381.2460458600315 295.38981375421366 
966.8183449185447 116.35838065464448 6.797912111221716 1407.1148750527632 531.0412588172667 
980.2269453340416 869.1693682215791 57.69475219682979 1030.80200024341 1422.6314748680545 
727.7958568731555 959.6236385442651 15.11600394361584 345.83625099493656 919.017862794204 
118.82024801794333 448.48721177265946 24.74363089569398 1391.4051615626383 1264.9847024424755 
663.7043831265113 825.4061835248922 1417.5965909150875 425.89928808082794 85.71527732086659 
951.9584761838387 668.5715022129298 1428.2685317118337 1460.5671186311374 1450.4341053049634 
989.6351653990152 673.6474177338883 24.368693391640107 1354.5162416412427 969.0430857279613 
948.339321566233 773.1606319675404 1483.686857085329 94.26928412125046 1066.997799951428 
976.5007585121053 998.7521525098107 620.255078481716 634.7607764385833 908.3540470855411 
915.2067643872443 874.0376742765328 621.1645561568895 1422.3799498176497 146.13344281836348 
862.0724247556503 955.6706417906257 598.9460896104155 1449.6001230923894 689.2984664509579 
16.013956770233317 937.4382945146913 1157.4976129638446 1446.2873893944732 1364.2553548184037 
7.950524215941668 114.94281488864121 1385.7756185314881 885.3108304114394 326.4566377190229 
94.50912669889766 939.3174860860992 960.5137148031702 57.704883876761315 1005.9568320690194 
906.4284929479169 35.43247105897373 1080.3225657683145 468.2987113318932 119.81130072150387 
991.2007779356405 839.9107152585491 767.1199462886522 224.5314149901968 8.205705479078118 
866.5432336415876 777.5820432473892 69.863497508111 433.6476423644472 66.13516993921048 
596.5171527371572 19.55253788552225 290.13572570079504 1426.6657874268324 114.21544455856314 
963.3504745319096 156.0143965530867 69.78557944654395 247.3685534112018 1414.0800168324786 
830.7463664964316 57.57892315217351 1233.627093347759 43.21792556101178 275.7199269017944 
896.6929207485947 27.29792251795205 588.8011985946521 121.62109911940988 1415.3198355013 
977.6323926374635 179.67353655628926 88.78875781047523 549.4678318223179 57.155056816987184 
850.9425463927936 42.30515500490839 1339.5162516928647 31.068605589137267 1453.6755298592736 
976.2203954438648 342.3767318055473 844.8639554572642 60.279982338503125 65.79105200107627 
137.52528642123085 54.972152915640606 22.78717674470354 1011.4655228823424 1157.2246997397458 
933.4674128606853 31.58611112678389 6.23249242423568 458.74101919865603 540.4397017636763 
931.6695318928151 79.44291232462575 222.47750720836407 110.75202723381477 70.87296545959454 
760.7938214718024 426.6052740949535 1482.6692667986924 144.53844437976156 27.223451178145062 
77.59174713384786 859.9763986917235 739.738631785323 37.45536388816434 302.57928093259176 
676.5660744748676 911.8694158964818 744.4304322840597 10.99477668053167 63.016194569578076 
13.374483404747671 897.0387847909908 826.7580611420386 1297.0442833682903 67.48691757661429 
0.4846800244292515 180.3934656855066 45.37888456032074 661.9899291874423 133.61431646537648 
272.53843029288515 994.9061250044839 242.86605890516356 17.21345393459517 1268.300858682733 
191.71938223471852 939.818659895998 1451.1315837645814 183.48570799419196 410.9649296952616 
43.335480571334074 982.1184526867065 269.76926292272833 122.76673995452036 147.10808664076563 
73.88845378886599 285.82669801699103 780.8360919550752 1463.5560191019604 33.0109503314836 
82.81734386943718 5.378392045552571 919.457965541701 112.1374831088664 1155.586721983285 
21.503815435636508 13.04544182146028 274.62178199249945 1010.4614469415121 62.08547265358633 
54.81809510450197 200.59045515679088 1374.7373777795724 14.32150903352869 29.931713213294632 
126.34888853640913 29.126829677759815 29.383113786646486 6.902532813908513 812.8461898594304 
63.47770566475708 11.096641421917909 78.51092787844067 1491.4932902343307 235.45497155543706 
850.5834133699811 48.54326150354238 358.0596777568201 3.6400496576501906 626.6030788741227 
58.84993748926159 414.06496253494646 13.576709724978597 16.639989383937237 1268.7313093009852 
40.38645587342127 974.8312882925942 1463.0876499172114 69.49803189033793 1416.0507996582508 
368.9105578192089 904.2009457338615 295.57064814824264 33.575428792277314 15.634127362014139 
10.588695798113168 64.33076211048628 584.2263835103294 312.7316423986768 53.42359013291903 
26.382842567729824 329.8060039826065 855.4851000359674 104.59698355320546 39.44272415565081 
23.70504482021385 751.6532561766667 0.2825232013798362 759.5469728252101 25.994372034620405 
117.39886930502286 994.8818292819351 66.63099698396225 1160.5815051551992 840.677300236237 
28.861868931991385 930.1334111746895 149.1698498795135 184.28055128918186 953.9990661293815 
18.39701427608609 116.90946513322098 1485.478830463082 439.51760046535503 289.6423962516633 
150.50441144392312 46.846812284619176 0.5632045455149504 1353.4552633597425 582.7909836852986 
43.8861980162133 250.34541575721377 1402.0751968453935 182.03225047556703 713.0613946071179 
46.47611592083256 8.256734300523206 1005.6765488461444 1458.721435567762 140.09278838628668 
11.795831752692054 97.85209170457566 100.50916502863844 569.6042562838256 1165.0866327878784 
259.5020397407024 644.0735419348744 53.59900500178577 1266.3459451356498 10.34685836440552 
0.002440610277210098 33.9933726804319 61.468235831777854 75.49659709111717 39.3512044283274 
