39.394447045324576 782.6791450340306 68.66461400427414 1381.6528025536431 1216.221518526641 
989.9160670027256 3.6948281525176485 1414.8821988754123 989.6907695241675 26.162535030078203 
888.4670580769227 81.95858577442094 416.83218163288404 1493.6773141768995 1290.0877042742375 
290.59450745163053 980.7920866899775 1207.4836335433124 160.3661387998775 345.5108406506837 
54.83162108342232 36.663213240110906 1347.4943819414432 894.1543972969357 1474.348066524889 
944.1128974073195 244.53913058962607 754.3469206896367 726.510698970628 1470.0133184265549 
60.56663795782058 854.8781678845303 924.274868160415 1385.2322205012547 1307.544481233843 
60.59355939026535 803.3058004747277 1245.3812033652405 134.8951420059364 1479.1040109140233 
234.99406872085305 923.7259665767573 1479.7721859834116 837.9110562941031 647.0630002786787 
708.6867588627595 991.0186311546032 1449.82544662629 251.67919042177567 770.2410177852219 
29.674410330528755 941.6173642902314 784.0987769755285 488.18605843043173 1473.3886030392507 
858.3005612120877 983.7780495531052 338.0818842158085 101.18502413780416 1250.675070120417 
980.6624263637946 880.5101819724015 1327.538997042561 170.3826740557356 1407.011961444542 
373.90672335486266 978.9745982476657 1193.2734498800562 844.9446007818796 47.3901716840347 
53.90534000432523 929.1392504159753 1326.4021142129504 1481.5497874882417 461.6991721622101 
120.72940260274922 929.3490821300476 1380.5173042708232 1456.2288477524894 1334.9073446318062 
32.88191148833697 742.6111822904367 1280.6422482067017 969.7828179378274 1499.3425517138462 
731.1521260942962 991.3996576255438 1421.2854466216831 1424.4220307809694 1324.0528219900293 
996.0698067361946 336.709788909418 1458.963852346087 1392.089854425659 1336.0696738836498 
996.495777535861 932.1901535183614 815.6655450973554 716.7399880507793 232.03580096633675 
610.9990373287252 8.220851483383695 1052.925242123612 1424.847862833756 1498.45133057523 
303.36102108326696 881.7707255277462 1414.7029898266203 1336.1049063424616 43.7928616638848 
988.5632512720358 136.39254293428738 1472.6520428461117 546.6370166062784 851.1939239870006 
891.3188187621819 742.7331340875663 1494.786671088082 770.8140694691148 176.3277581454221 
975.5292415154495 656.0136176459507 11.27000044249793 593.8175729993878 1328.9144281470874 
883.103711116011 950.1332911175998 18.078729504046763 1078.9941107793784 279.0875657583664 
376.4309449561308 996.6833303213328 16.641278922919334 1186.6494978596622 827.4599332924405 
965.0432036080887 917.9302282214431 1379.7627341507407 209.38375496167006 400.79362919106165 
991.3381762050684 131.95664534132507 1486.6617565132815 1276.6584611867215 950.2176728986708 
886.2132393111604 626.5605619686941 1436.8459345646756 1329.5759735612542 18.95907044038686 
977.4175744961802 36.70561850249165 428.5541010422119 1221.760436101275 1462.2549510168487 
381.5421877881412 2.9027020263293624 1454.5592706786435 1328.0419403372944 1355.8232031049843 
991.4825991936145 820.1860293852706 1447.7141509402443 1425.7295948614064 695.3948817286652 
956.2193346543288 409.22657369069526 1485.215707307972 628.8557253199024 1493.7707928938555 
905.2405998799766 35.82696610032543 996.5273175953399 1440.796635168789 891.4626339052498 
916.1037920288791 977.6201998746856 906.4421054467946 1417.259752829663 232.65389835135264 
705.0830338645504 981.5944043846438 57.6298619869342 1492.622668511937 1388.6130758200406 
992.931838384378 788.3947671701313 309.15077013444346 1494.5553049280231 1403.3250470709456 
982.8364709467155 987.7189276667962 1128.066408291827 1421.1725067109226 1421.177289175233 
972.4083260885179 535.5769096513534 949.4386368409029 51.87812093383815 1402.2879711935805 
981.4792323525048 913.808041685405 292.80778885633015 1380.8522757717762 864.1565121633334 
950.3000232239187 845.8822662297531 762.6269289980421 59.37596628051439 842.1659843701418 
958.7645136092999 985.0394761973456 1495.7831452247653 868.8697464734262 1437.738918978636 
975.956599813241 989.7781674763769 932.9258978424967 1477.4590325526435 918.4906992095782 
805.3321804546646 503.37573904333885 1469.861829705953 51.515808577447416 1377.0618802602608 
212.4034471452653 913.156903509613 1498.650275975598 783.1816473339404 1198.1952576843519 
956.3240990546375 997.8550599508054 618.8400065673003 889.6895610075592 1287.7286437233297 
966.4123560163945 16.183441251886755 879.0500228531718 719.4344135367197 206.16025747140787 
978.2869238880413 735.7440194450322 53.45981181532267 176.52452449857748 236.31159680401436 
750.3249360544071 974.8368245147439 33.40076565918254 200.18604418796394 694.7241675148272 
537.2884656154353 154.76473044652283 1403.6714932831435 146.3648525021442 22.032026579780428 
944.67971076537 571.0966334519816 15.325371451550328 958.0303097016732 102.26063070047947 
881.4349024946875 104.48420976668248 9.671716369517414 1414.6671795328457 151.8926203413391 
36.72596717567467 511.10784055177805 442.46543128872906 81.48293327439343 6.214340114033545 
82.99564656135283 751.2388085308456 3.068536602002514 8.060614340124284 245.73841434176262 
18.339165585703256 577.1928291202788 1145.8792556564401 68.05982187999915 878.2176671532537 
661.0335443337389 28.42646569291962 808.7684186216663 77.19422624581223 1115.0911825828148 
99.90228276477919 78.7500606567778 1239.2570254095021 280.0084214843773 1440.1323658865579 
854.1204818797844 95.22949996716856 1453.0539896645673 182.26435065181013 361.8544006432869 
47.17448520255751 17.59852364707848 128.2975669747216 41.34210962344981 1075.291265900873 
875.379088883018 372.1334201711895 85.91117206543397 100.755542392936 1298.6657410210225 
42.7259604354282 127.0842350065179 1000.5337881070415 1324.500545481588 1446.4354669077602 
749.5415441192536 18.03118719237551 419.8763260635409 1338.2649851321178 46.515897420374486 
977.3052132133627 1.5340060947508505 1078.7383582642299 224.04668106130592 37.2236421719504 
909.5624323393291 211.94715305954094 648.8329726629764 99.25199204415469 97.12264641845647 
39.91646371108071 0.01694282406961012 463.3636570811294 1421.073740949415 669.6487383452768 
929.9395896281693 45.52753214594218 43.54553647726062 875.1892606420108 698.1888626178227 
47.99085491367649 688.2067556109965 214.03806814837733 942.9348730135816 9.302239493817199 
18.595075174287047 625.4653232484445 1376.2211973807534 419.19652181421293 143.62833070015336 
450.5479555780782 397.8653585290405 22.60542429496337 1364.6431069779105 44.435011696439815 
409.0457437357108 974.8978386977885 380.64812597735767 1137.592269153895 38.313953779562596 
21.058637683848303 886.706978082484 678.248895515589 154.73740562168388 281.12113872115935 
80.5707550900826 20.502856623837218 56.498169981075044 1437.3782424586225 484.4233982113852 
69.1323537759082 64.39373688856153 6.8586381254510105 840.2833493213232 49.312220051042964 
959.6139875092853 58.359333045350795 201.738973754627 107.96573102917905 892.7892790572992 
30.107030038324602 47.45223973245349 251.51141629329732 932.9662515511067 1453.4816501559646 
70.31639744396823 239.73385535279857 1298.6066557633155 53.339739426818525 98.08256170811369 
314.3340191970512 69.87169538385906 1460.82454279672 923.7745739661349 59.47412278178621 
44.03566891216326 105.46894285621343 4.491321868686782 520.7728207728853 716.6820850302698 
777.2703049087586 94.27880103281372 124.85950168320231 769.4313093557114 1407.6770376832935 
563.246416224316 463.3027697795263 6.7065229212638915 1249.5906893002154 1497.3286681587224 
722.2637548584994 0.10311764689618919 191.35723735674932 569.0293279255093 20.40555293976476 
676.9607773352533 121.0312143115174 38.92488397954747 91.00730764300968 74.20423489106298 
848.4573039464482 826.0360864582678 298.0644512044969 121.3901479028695 16.624268819315002 
113.11073829108973 882.4444236392932 733.2246018624764 1458.8796273664236 715.3429874688566 
166.49911590998713 41.53774461665493 1292.5625986701402 1471.9943567943021 279.783556949024 
238.58379354084082 946.7787291598695 250.67823206652213 1049.6108141319542 1469.0137519553916 
197.49988972498045 886.9266288655804 154.9950977507164 25.570110544963832 1080.3436163120398 
162.30113816355086 961.1187457212864 43.85257269025716 500.69173916123475 545.1835075824553 
27.660084710472212 273.2849335601542 131.08235171183136 1423.0427045128845 1053.3528237956582 
39.751139722202346 369.04665072960915 393.17362236323214 1447.934686281859 145.00973932703104 
16.7581029629742 4.392356333289271 843.050742298016 802.1770402733966 336.5180777224081 
2.3168510230511252 55.68786871083509 1491.183157588022 352.12892097417983 1227.239237590051 
75.72481397278364 11.216728671285537 32.47714645129213 31.64291354439569 101.43751938236012 
96.68297068159173 940.4556089751665 125.0887646792333 372.2149186825483 1482.3431422682497 
353.431334339932 147.14702834522785 7.186903551041235 305.6851738551446 1476.1764952810586 
65.97225289365039 15.618741046677375 1126.5952231850601 1255.2695967711797 68.0693448128406 
180.610926190789 2.706467116250555 1380.2793393260713 74.19929732476399 510.1790844292123 
105.15675430808247 56.67860968741001 575.6403845652726 97.20742646664876 1351.680875763202 
58.2997831762988 22.796294802185702 625.8742429808317 56.42629899814716 132.05660022657673 
