1 0.693684890727781
2 0.7008505049807974
3 0.7203963568607645
4 0.7363827972977072
5 0.74857058909024
6 0.7617006126270818
7 0.7710546251305715
8 0.7750980527472024
9 0.7801001021567946
10 0.7845969093648609
11 0.7926305426857512
12 0.7963444963419084
13 0.800115017885281
14 0.8024587164213128
15 0.806628140903183
16 0.8095209975605753
17 0.8102926368686696
18 0.8115572585173357
19 0.8123267804507238
20 0.8129116463973783
21 0.8146562585936661
22 0.8163825724900222
23 0.8185099851208681
24 0.8198486626033986
25 0.8205103814097638
26 0.8212151012209672
27 0.8224056408953411
28 0.8230846385249271
29 0.8234588126180894
30 0.8238978149738647
31 0.8244767993241131
32 0.8245900396602581
33 0.8250983925727724
34 0.8260982639618641
35 0.8265037281479088
36 0.8270085259621508
37 0.8271687145078334
38 0.8275769757197246
39 0.8278234276793677
40 0.8281241210280926
41 0.8282894330977559
42 0.8285552028340408
43 0.8294722090648732
44 0.8296956835878889
45 0.8298960499721343
46 0.8306124022740082
47 0.8307809296163736
48 0.8308325308221794
49 0.8310343087895624
50 0.8312267023431238
51 0.8313550779873543
52 0.8319698747246106
53 0.8320748285449296
54 0.8322096347345649
55 0.8323517863846011
56 0.8325724900221984
57 0.8327502972166718
58 0.8329954421548914
59 0.8330518793399646
60 0.8332641396191655
61 0.8335687278917326
62 0.8336593044763916
63 0.8338503125872437
64 0.8339558937778462
65 0.834089026980059
66 0.8342192324542831
67 0.8344529017444031
68 0.8344906223826895
69 0.8345894070618891
70 0.8345894070618891
