1 0.6899089058348573
2 0.7054185448564526
3 0.7126215399221852
4 0.7256938453929588
5 0.7294499635602428
6 0.7533781275715647
7 0.7724167244370137
8 0.7758026941371203
9 0.7796853319782139
10 0.7812793753064968
11 0.7816738343721541
12 0.7845105936700429
13 0.7852438326887103
14 0.787733708500763
15 0.7894563627371332
16 0.7945647252693253
17 0.7952480360696094
18 0.7963511621511695
19 0.7968162003737039
20 0.7971217819825529
21 0.7972548367634807
22 0.7990718579466382
23 0.7999904326031787
24 0.804274848829902
25 0.8047521730538189
26 0.8051534286308795
27 0.805676498604624
28 0.8057844585742174
29 0.8062602143724261
30 0.8064047709418818
31 0.8067296964678007
32 0.8069782919425789
33 0.8073873896481812
34 0.8144722299772156
35 0.8151469144361035
36 0.815414853827952
37 0.8157230494796486
38 0.8187380864997235
39 0.8193832322744368
40 0.8196472506020142
41 0.8198621249240619
42 0.8216365372088086
43 0.8219789768218045
44 0.8222369828508328
45 0.8223836306545664
46 0.8224021903587821
47 0.82277181601739
48 0.82276240546314
49 0.8238733736732423
50 0.8242111080091132
51 0.8243880787098754
52 0.8274465088412151
53 0.8277269956387305
54 0.8276917060602922
55 0.8280103578833782
56 0.8281002809573251
57 0.8281523004099863
58 0.8302665382648822
59 0.8304787985440826
60 0.8311801462400131
61 0.8316833494881183
62 0.8317026934051882
63 0.8320493154867399
64 0.8326136873374719
65 0.8330293201501925
66 0.8336012727251815
67 0.8335782691481253
68 0.8335981358737646
69 0.8338213751329244
70 0.8338213751329244
