1 0.6896491681481539
2 0.6933331767003166
3 0.6970939354306493
4 0.7455102451045656
5 0.7521710641386097
6 0.7559451366753601
7 0.7628644001869156
8 0.7734650617003557
9 0.7813160306060913
10 0.7871124964431252
11 0.7918561273530847
12 0.7936545354395256
13 0.7963154693377822
14 0.7970701794231212
15 0.8062906430046393
16 0.8139609618311446
17 0.8148420225499333
18 0.8195877419001153
19 0.8200323186124406
20 0.8203850039549841
21 0.8206100333889383
22 0.8242172917629312
23 0.8244574623884974
24 0.8248205899321518
25 0.8255729505222406
26 0.8258295676145576
27 0.8259206758192564
28 0.8265268455937831
29 0.826933047217023
30 0.8270124079454712
31 0.8276485990481933
32 0.827753282114337
33 0.8282659941889156
34 0.8285095585298426
35 0.8284800593117025
36 0.8285338366474273
37 0.8285847423778462
38 0.8285860476529852
39 0.8300818929622177
40 0.8302361764836413
41 0.8302330438233076
42 0.8301461124990538
43 0.8326916600750276
44 0.8327146329174728
45 0.8324337377075712
46 0.8326877442496103
47 0.8327420436953905
48 0.8327099339269723
49 0.8326937485152497
50 0.8326984475057497
51 0.83270314649625
52 0.8339139197151368
53 0.8343222097785994
54 0.8342971484959313
55 0.834316466567988
56 0.8341470418549528
57 0.8341303343331742
58 0.8339436799883049
59 0.8341044898854232
60 0.8346352147569188
61 0.8345514160929983
62 0.8346059765938066
63 0.8346075429239732
64 0.8346072818689452
65 0.8346388695273079
66 0.8350066960614632
67 0.8352513046225019
68 0.8356379271186576
69 0.8354985237338182
70 0.8354985237338182
