1 0.6796014734836723
2 0.681961169961929
3 0.7090996399940191
4 0.7370421896059385
5 0.7414458061864985
6 0.7595292317955445
7 0.770417765871684
8 0.7728417678039848
9 0.7748276561550776
10 0.7847761804233283
11 0.8065600450870106
12 0.8080931812169518
13 0.8096401717739833
14 0.8148421170401088
15 0.8181606444347549
16 0.8193800954230203
17 0.8204892338031289
18 0.8213364450899386
19 0.821781616586834
20 0.8227901143173219
21 0.8232690069669472
22 0.8245407388121581
23 0.8248230554396662
24 0.8252010460353857
25 0.8259473552682897
26 0.8267313067181948
27 0.8268183543450099
28 0.82819229526555
29 0.8295084658391654
30 0.8297434682911374
31 0.8308580961612261
32 0.8312047182427779
33 0.8313453537479625
34 0.8315531701543226
35 0.8316326370568806
36 0.8316491055268189
37 0.831901360661583
38 0.8320080136097526
39 0.8322197510803842
40 0.8323504532227489
41 0.8324283516995984
42 0.8324657325123146
43 0.8325488590748585
44 0.832696552495731
45 0.8327564140769345
46 0.8329203145634602
47 0.83322040668233
48 0.8330763729214441
49 0.8329187461377519
50 0.8329331233734123
51 0.8330674851757633
52 0.8332457628979489
53 0.833514747906936
54 0.8338616313927728
55 0.8338898630555235
56 0.8339188789311286
57 0.8338935227155098
58 0.8338838507569746
59 0.8339599194038311
60 0.8338762700327172
61 0.8337824258944992
62 0.8338286944528966
63 0.8338587559456406
64 0.8339719440009283
65 0.834123297081787
66 0.8341293093803359
67 0.8340853934605011
68 0.8341716568744624
69 0.8342448500741868
70 0.8342448500741868
