1 0.6675615633019284
2 0.6685702799293064
3 0.706813275170273
4 0.7137737853762196
5 0.7274616836482963
6 0.7394605558905764
7 0.749068425133334
8 0.7512022889304838
9 0.753926920255521
10 0.7570146791242129
11 0.7833431228968758
12 0.7842354089818597
13 0.7877257147034026
14 0.7883425877340686
15 0.7888667862298698
16 0.7891341065783261
17 0.7896606545693771
18 0.7899389392289999
19 0.7901671013232879
20 0.7911089878635515
21 0.7911883485919993
22 0.7918020889623318
23 0.8062300782381917
24 0.8064595456076185
25 0.808876393054892
26 0.8093700481124417
27 0.8157551930371404
28 0.8163548364359724
29 0.8164864081699781
30 0.8181378422757735
31 0.8187876082399413
32 0.8188956850214459
33 0.818912131488197
34 0.8191034848235662
35 0.8193762873276061
36 0.8209705503823154
37 0.8209828199686215
38 0.8211504172964621
39 0.8212501403170778
40 0.8213835394362782
41 0.8216237100618443
42 0.8219633426529979
43 0.8256063655657976
44 0.8257481184458871
45 0.8273188865480955
46 0.8296435815705588
47 0.830040646267827
48 0.8300529158541334
49 0.8301155690608026
50 0.830170912726694
51 0.830622798979797
52 0.8321961776322832
53 0.8320468541563878
54 0.832058862687666
55 0.8322549150135357
56 0.8332886929235815
57 0.8341890717144267
58 0.8343078517520707
59 0.8345373191214973
60 0.8345856143016387
61 0.8346190293451957
62 0.834668629800476
63 0.8347547779596461
64 0.834962055651711
65 0.8351011979815229
66 0.8351633290781366
67 0.8352685342543356
68 0.8349281184980982
69 0.8350403721600478
70 0.8350403721600478
