1 0.6832744530473822
2 0.7057714033594775
3 0.7199550721235469
4 0.7470034982330676
5 0.7533271466239643
6 0.7770680761604534
7 0.788946924950429
8 0.7984004334539235
9 0.8017163140486863
10 0.8057870185999524
11 0.8095386063240675
12 0.8118067462030858
13 0.8150846366993781
14 0.8177284855522344
15 0.8191385732071815
16 0.8205926769762185
17 0.8213805130182897
18 0.8228778468993792
19 0.8238957195377047
20 0.8248881781101576
21 0.8255271977664967
22 0.8259241287953423
23 0.8265212283430242
24 0.8266496086757861
25 0.828075678372159
26 0.8290534649065818
27 0.8295368561595318
28 0.8301431257309819
29 0.8305356027482826
30 0.8306901831489553
31 0.8314628231516372
32 0.8317138198022207
33 0.8317782719692808
34 0.8319257783516173
35 0.8321956390510962
36 0.8322522311977829
37 0.8324047155930226
38 0.8327327404432632
39 0.8329674930517417
40 0.833173949586877
41 0.8331443435101382
42 0.8333156919542735
43 0.8333997941722665
44 0.8337165529933053
45 0.8339358475617167
46 0.8338913074462685
47 0.8333851221342365
48 0.8334687003508711
49 0.8334537663121621
50 0.8336906149260735
51 0.8337500890802306
52 0.8336549828337153
53 0.8333743801063934
54 0.8334747263664909
55 0.8333686160914532
56 0.8333751661084305
57 0.8335059044473043
58 0.833599700690424
59 0.8332625058164149
60 0.8332059136697282
61 0.8331726395834816
62 0.8332465237749892
63 0.8332640778204892
64 0.8333274819848332
65 0.8335237204934839
66 0.8333827641281252
67 0.8334252082381403
68 0.8335276505036704
69 0.8333641620799082
70 0.8333641620799082
