1 0.6749127013737221
2 0.7019883755538693
3 0.7102259389056336
4 0.715568394753279
5 0.745005481054207
6 0.7608465661142997
7 0.7642633169705177
8 0.7686882464399349
9 0.7816936981500654
10 0.7846854839047742
11 0.7952058591735871
12 0.7974981031150834
13 0.8022673014768454
14 0.808707802170623
15 0.8101453998968763
16 0.8114312992299275
17 0.8159371869091886
18 0.8168667653186554
19 0.8190447769640617
20 0.8194086959073398
21 0.821105936306587
22 0.8219451244817624
23 0.8227547065801993
24 0.8239575516979742
25 0.8245043471152679
26 0.8249971703926658
27 0.8257601163702217
28 0.8273313344428194
29 0.82783804375621
30 0.8283327010383614
31 0.8292958155347536
32 0.8293497876746496
33 0.8295703922464567
34 0.8298247949058684
35 0.830187403845751
36 0.8305646848236634
37 0.830870963617538
38 0.8309707858762775
39 0.831046766073218
40 0.8313119107604731
41 0.8317358278592661
42 0.8319839425023792
43 0.8320850747645141
44 0.8326161501410612
45 0.8327403384629573
46 0.8328757928140548
47 0.832804266628659
48 0.8327461024778974
49 0.8333044259250721
50 0.8334317582551174
51 0.833472630361058
52 0.8335997006904239
53 0.8338614393688505
54 0.8340165437708812
55 0.8339885096982171
56 0.8341837002041511
57 0.8342856184683233
58 0.8343149625443832
59 0.8344302428431899
60 0.8343508566374207
61 0.8344370548608464
62 0.8343870127311369
63 0.8344263128330027
64 0.8344273608357191
65 0.8345439511379212
66 0.8345520731589738
67 0.8346225513416534
68 0.8345874432506534
69 0.8345153930638992
70 0.8345153930638992
