1 0.677683550246609
2 0.6812148607290253
3 0.7111723145676424
4 0.7270680477177837
5 0.7394379598754877
6 0.7557741592453989
7 0.7569329644396069
8 0.7592908310878704
9 0.7616902610174062
10 0.7663118887714312
11 0.767799540555829
12 0.7828849204233076
13 0.790190908777224
14 0.7943566474586797
15 0.7952273851311152
16 0.7957661393619437
17 0.7965176766805416
18 0.7969019409790945
19 0.7971913155222904
20 0.7979049492196034
21 0.8088444571312654
22 0.8147749361389334
23 0.8155285646918097
24 0.8160283696842131
25 0.8163402249958959
26 0.8166996558873996
27 0.8168044790055767
28 0.8170237972004648
29 0.8171589432156703
30 0.8173084664665359
31 0.8185577175432596
32 0.8182594552543829
33 0.82081259090334
34 0.8226050400837327
35 0.822600857615177
36 0.8231626154230614
37 0.8231581715502212
38 0.8236038658556857
39 0.8233314825909975
40 0.8235011339717874
41 0.8240030301984687
42 0.8241313797022711
43 0.8242278378833363
44 0.8244089910526544
45 0.8244534297810584
46 0.8274567036083202
47 0.8275204862537949
48 0.8282098093526273
49 0.8283927923519381
50 0.8290682610236799
51 0.8292912388785547
52 0.8292376510001848
53 0.8291558314590642
54 0.8293814233567864
55 0.8293443039483545
56 0.8294214182123502
57 0.8298728634120788
58 0.8300493113042715
59 0.8300093164487078
60 0.8301742625523725
61 0.8330635641114918
62 0.833728576611845
63 0.8341737481087399
64 0.834185249897268
65 0.8343447065109532
66 0.8343894066436419
67 0.8345585352158622
68 0.8346251933084682
69 0.8346149985413638
70 0.8346149985413638
