1 0.6810425953053882
2 0.6889694188355382
3 0.7081154528620109
4 0.7146024615918684
5 0.7415608240717796
6 0.7694931789165942
7 0.772859543295346
8 0.7764954154916547
9 0.7795363315359177
10 0.7822512764371222
11 0.7945195023280661
12 0.7959172310385173
13 0.7981862202299729
14 0.7997888898996522
15 0.8123992939993077
16 0.8150305895293992
17 0.8156412299385283
18 0.8181731918404221
19 0.8186682915557001
20 0.8190805261127193
21 0.8220103453359723
22 0.8243964436469872
23 0.8257620196304166
24 0.8260134905523269
25 0.8264108250651162
26 0.8266353713456991
27 0.828867241128723
28 0.8292355597659072
29 0.8297675174853325
30 0.8302108591522346
31 0.8306949798875547
32 0.8309388700852072
33 0.8311472093001373
34 0.8314224680119577
35 0.831462201463237
36 0.8322500739774126
37 0.8326677980244112
38 0.8324903045150793
39 0.8325888539304228
40 0.8326722418972511
41 0.832693677048599
42 0.8325857170790059
43 0.8326894945800438
44 0.8327812474839839
45 0.8327702685040251
46 0.8328620214079655
47 0.8332674594535816
48 0.8334486126228995
49 0.8331213344584179
50 0.8331236870969806
51 0.8333011806063118
52 0.8333152964376871
53 0.8335625848910414
54 0.8334977566284284
55 0.8337774592130893
56 0.8340349424335484
57 0.8342615799484092
58 0.8341933534300946
59 0.8343397398295436
60 0.8345279509145491
61 0.8345235070417085
62 0.8343091555282302
63 0.8342971309311324
64 0.8342265517742556
65 0.8342524307984437
66 0.8344584173748109
67 0.8344197295406708
68 0.8344866490375616
69 0.8345005034646525
70 0.8345005034646525
