1 0.6640100671140939
2 0.6821009520056679
3 0.6969275704362625
4 0.7031521825704574
5 0.7053755203333488
6 0.7258990815304193
7 0.7309242545556681
8 0.7325332007260567
9 0.7666826312413801
10 0.7696615789628125
11 0.7789578870588431
12 0.7812834050865859
13 0.7833002863143419
14 0.7875140432363997
15 0.7920780950664227
16 0.7966497449161389
17 0.7978979161513985
18 0.7985880259401631
19 0.7996459846823926
20 0.8127363246125532
21 0.8147107617302942
22 0.8157540484344936
23 0.816463284272833
24 0.8172162742245827
25 0.8181830567304831
26 0.8186274098822464
27 0.819143813220764
28 0.8232679659105681
29 0.8235315385937484
30 0.823894671534989
31 0.8239001735492499
32 0.8242515164599309
33 0.8249324562249268
34 0.8250016244042103
35 0.825181094869398
36 0.8273169244054682
37 0.8271052278567508
38 0.827348888488319
39 0.8296112643523973
40 0.8302709820623858
41 0.8304386624970135
42 0.8306126309479402
43 0.8307006631761196
44 0.8308358555265379
45 0.830997247944867
46 0.8311065022280544
47 0.831643341619542
48 0.8325171138843592
49 0.833066267307765
50 0.8331236454564892
51 0.8333010199162438
52 0.8331404134999519
53 0.8332926358945127
54 0.8333720221002817
55 0.833322241971251
56 0.833403986183132
57 0.8333259099807586
58 0.8332122016860264
59 0.8333515860473104
60 0.8333843361321991
61 0.8334299242503633
62 0.8334558623175952
63 0.8337021429559545
64 0.8334545523141997
65 0.8333746421070722
66 0.8333293159895868
67 0.8333549920561393
68 0.8334364742673411
69 0.8335894826639392
70 0.8335894826639392
