700.0 12300.0 0.0 5750.0 0.8753463450782524 0.0 0.5835642300521682 
700.0 12300.0 0.0 5750.0 0.8753463450782526 0.0 0.5835642300521683 
18950.0 20000.0 19900.0 5750.0 0.0 0.0 0.836413403525936 
100.0 12200.0 100.0 5750.0 0.0 0.0 0.9189263745235848 
1550.0 11750.0 100.0 5750.0 0.6435900944149594 0.0 0.9653851416224392 
600.0 12000.0 0.0 5750.0 0.8049737820804239 0.0 0.8049737820804239 
19900.0 20000.0 16950.0 5700.0 0.0 0.0 0.82569633088673 
19500.0 19900.0 18950.0 5750.0 0.0 0.0 0.8849267057204506 
700.0 12700.0 0.0 5750.0 0.8976411058597217 0.0 0.5984274039064811 
700.0 12000.0 100.0 5800.0 0.6411994195308355 0.0 0.9617991292962533 
19900.0 19950.0 10850.0 5700.0 0.0 0.0 1.0 
19400.0 20000.0 14850.0 5850.0 0.0 0.0 0.7758692580275589 
14050.0 19900.0 9750.0 5700.0 0.0 0.0 0.936405649806484 
1150.0 19750.0 1400.0 5750.0 0.0 0.0 0.8528235886429505 
10450.0 19850.0 8400.0 5700.0 0.0 0.0 0.9604667764137955 
450.0 13650.0 0.0 5750.0 0.0 0.0 0.8200556153517972 
700.0 12500.0 0.0 5750.0 0.9125097558724358 0.0 0.6083398372482904 
11100.0 19950.0 10100.0 5700.0 0.0 0.0 0.8752040580905743 
700.0 12300.0 0.0 5750.0 0.8634782859794954 0.0 0.8634782859794954 
1100.0 19700.0 4100.0 5750.0 0.0 0.0 0.9807240783788251 
500.0 12900.0 100.0 5750.0 0.0 0.0 0.9724086557709866 
19900.0 19950.0 11700.0 5700.0 0.0 0.0 0.9817911832305398 
0.0 19900.0 6300.0 5750.0 0.0 0.0 0.915951038085163 
11050.0 19950.0 8400.0 5700.0 0.0 0.0 0.868979755011022 
13700.0 20000.0 10500.0 5800.0 0.0 0.0 0.9979554921117885 
1450.0 19250.0 5050.0 5750.0 0.0 0.0 0.9441367036242388 
700.0 12950.0 0.0 5750.0 0.8100117836696551 0.0 0.8100117836696551 
4500.0 19950.0 7750.0 5750.0 0.0 0.0 0.9032083791487724 
350.0 18400.0 200.0 5750.0 0.0 0.0 0.8893963165046929 
100.0 19050.0 1000.0 5750.0 0.0 0.0 0.9362192209148966 
19350.0 19950.0 9350.0 5800.0 0.0 0.0 0.9846507196350626 
18400.0 19950.0 10250.0 5750.0 0.0 0.0 0.8714076278995352 
900.0 19800.0 2950.0 5750.0 0.0 0.0 0.870223942640137 
3800.0 19950.0 7550.0 5750.0 0.0 0.0 0.902797249948373 
1000.0 19900.0 2200.0 5750.0 0.0 0.0 0.917368664645007 
300.0 20000.0 100.0 5750.0 0.0 0.0 0.7771153932646748 
19650.0 19700.0 16050.0 5700.0 0.0 0.0 0.8699052372791227 
18750.0 19950.0 14250.0 5750.0 0.0 0.0 0.7868857210714552 
19800.0 19950.0 10200.0 5750.0 0.0 0.0 0.8598315101354567 
0.0 19850.0 7100.0 5750.0 0.0 0.0 0.8908046768831223 
450.0 18900.0 3400.0 5750.0 0.0 0.0 0.8737682902855062 
750.0 17700.0 400.0 5750.0 0.0 0.0 0.7869028791210055 
1150.0 16200.0 50.0 5750.0 0.0 0.0 0.7876935557759327 
100.0 19050.0 100.0 5750.0 0.0 0.0 0.9189263745235848 
16250.0 19950.0 10600.0 5700.0 0.0 0.0 0.9932261311488056 
5100.0 19950.0 8550.0 5750.0 0.0 0.0 0.9108268388863072 
50.0 19800.0 1350.0 5750.0 0.0 0.0 0.8356701550614043 
13700.0 20000.0 8950.0 5800.0 0.0 0.0 0.9867594262471663 
9300.0 19950.0 10150.0 5700.0 0.0 0.0 0.8787341456783065 
100.0 12600.0 100.0 5750.0 0.0 0.0 0.9189263745235848 
19300.0 20000.0 12300.0 5750.0 0.0 0.0 0.9416894301295609 
19900.0 19950.0 12900.0 5700.0 0.0 0.0 0.9817911832305398 
3200.0 19700.0 3850.0 5750.0 0.0 0.0 0.9832009235444297 
7400.0 20000.0 8650.0 5700.0 0.0 0.0 0.8591185180208729 
8250.0 20000.0 8650.0 5750.0 0.0 0.0 0.8591185180208729 
4500.0 20000.0 6600.0 5800.0 0.0 0.0 0.9032083791487724 
100.0 19950.0 7400.0 5750.0 0.0 0.0 0.9242846346179663 
18550.0 20000.0 14850.0 5850.0 0.0 0.0 0.8103446442904656 
300.0 12900.0 100.0 5750.0 0.0 0.0 0.9718004737997095 
700.0 12600.0 0.0 5750.0 0.8359583366114504 0.0 0.8359583366114504 
1100.0 16000.0 1250.0 5750.0 0.0 0.0 0.9592791828233157 
7350.0 19950.0 8000.0 5750.0 0.0 0.0 0.7867311680861009 
1400.0 19950.0 7100.0 5750.0 0.0 0.0 0.8629123964382628 
850.0 14000.0 200.0 5750.0 0.0 0.0 0.8893371480583454 
0.0 19750.0 4100.0 5850.0 0.0 0.0 0.9807240783788251 
1200.0 16350.0 200.0 5750.0 0.0 0.0 0.9564842618513802 
3950.0 19950.0 8550.0 5750.0 0.0 0.0 0.8937840868515172 
19900.0 19950.0 15800.0 5700.0 0.0 0.0 0.7860890602337114 
1050.0 19950.0 200.0 5750.0 0.0 0.0 0.917609864436517 
4400.0 19950.0 8550.0 5750.0 0.0 0.0 0.9032083791487724 
19600.0 19900.0 18950.0 5750.0 0.0 0.0 0.8849267057204506 
19900.0 20000.0 16350.0 5700.0 0.0 0.0 0.80549808718819 
1000.0 18700.0 4650.0 5850.0 0.0 0.0 0.7196210678745091 
700.0 17000.0 900.0 5750.0 0.0 0.0 0.8245083018112744 
19650.0 19700.0 13050.0 5700.0 0.0 0.0 0.8295521342914008 
0.0 19850.0 9350.0 5750.0 0.0 0.0 0.8945461248604513 
450.0 13650.0 400.0 5750.0 0.0 0.0 0.8564246458201469 
19100.0 20000.0 10700.0 5800.0 0.0 0.0 0.8312101583061844 
600.0 12300.0 0.0 5750.0 0.0 0.0 0.8222835785357467 
12300.0 19950.0 10300.0 5700.0 0.0 0.0 0.8259267439256329 
700.0 15650.0 50.0 5750.0 0.0 0.0 0.9157161753856261 
15400.0 19950.0 10600.0 5700.0 0.0 0.0 0.9932261311488056 
18450.0 20000.0 14650.0 5850.0 0.0 0.0 0.8781766922250828 
14400.0 19950.0 10550.0 5750.0 0.0 0.0 0.8453019333343268 
850.0 14000.0 0.0 5750.0 0.0 0.0 0.8295826771851134 
9200.0 20000.0 8250.0 5750.0 0.0 0.0 0.9884652281452295 
7350.0 19950.0 8000.0 5750.0 0.0 0.0 0.8255594786770659 
650.0 14750.0 200.0 5750.0 0.0 0.0 0.822546030639161 
19900.0 20000.0 16250.0 5700.0 0.0 0.0 0.7748404134669304 
850.0 15750.0 150.0 5750.0 0.0 0.0 0.7536846544587434 
9650.0 19950.0 10150.0 5700.0 0.0 0.0 0.8787341456783065 
1200.0 14150.0 250.0 5750.0 0.0 0.0 0.9166998460306807 
750.0 15400.0 100.0 5750.0 0.0 0.0 0.9261404211453618 
2900.0 19750.0 7350.0 5750.0 0.0 0.0 0.8870653629961734 
18500.0 20000.0 9000.0 5700.0 0.0 0.0 0.8592683028078486 
9300.0 20000.0 10700.0 5700.0 0.0 0.0 0.8781766922250828 
700.0 12700.0 0.0 5750.0 0.8976411058597218 0.0 0.5984274039064811 
7500.0 19750.0 8650.0 5750.0 0.0 0.0 0.8991865613428042 
850.0 15750.0 150.0 5750.0 0.0 0.0 0.6018045137991169 
100.0 19650.0 7550.0 5750.0 0.0 0.0 0.9029873488095098 
