7.06 12839.192500711108 0.4621017942145735 
8.743 12798.192500711108 0.5225192237275723 
-1.489 15125.192500711108 0.9366532405712193 
-1.489 15125.192500711108 0.9366532405712193 
-1.446 15840.192500711108 0.9351885756133286 
8.743 12798.192500711108 0.5225192237275723 
-0.616 15541.192500711108 0.8853899670450385 
1.983 14010.192500711108 0.7272061515928232 
7.794 12807.192500711108 0.49578908824606377 
3.317 14213.192500711108 0.6484804101061883 
3.63 13462.192500711108 0.6309044306114977 
-0.192 15374.192500711108 0.8593921640424753 
-0.008 14601.192500711108 0.8458440131819845 
6.289 12846.192500711108 0.48114243866715495 
1.847 14650.192500711108 0.7352618088612229 
4.989 13058.192500711108 0.5525448553643354 
2.149 13915.192500711108 0.7169534968875869 
4.616 13162.192500711108 0.572683998535335 
6.032 12822.192500711108 0.4917612596118638 
1.248 14846.192500711108 0.7711461003295498 
7.51 12830.192500711108 0.4701574514829733 
-0.797 14888.192500711108 0.8952764555108019 
4.13 13295.192500711108 0.6078359575247163 
7.258 12824.192500711108 0.4851702673013548 
6.656 12866.192500711108 0.4774807762724277 
4.523 13206.192500711108 0.5785426583668986 
0.349 15072.192500711108 0.825704870010985 
-0.522 14814.192500711108 0.8784328084950568 
4.247 13242.192500711108 0.5931893079458074 
3.167 13634.192500711108 0.6569022336140607 
3.802 13410.192500711108 0.6202856096667888 
5.771 12928.192500711108 0.5119004027828634 
4.768 13149.192500711108 0.5642621750274625 
1.323 14195.192500711108 0.7663859392164043 
-0.958 14983.192500711108 0.9058952764555108 
-0.847 15482.192500711108 0.8985719516660564 
3.885 13372.192500711108 0.6155254485536433 
4.83 13569.192500711108 0.560966678872208 
5.405 13013.192500711108 0.5258147198828268 
3.078 13615.192500711108 0.6627608934456244 
3.435 13498.192500711108 0.6404247528377884 
2.758 13756.192500711108 0.6807030391797877 
4.869 13505.192500711108 0.5587696814353716 
2.361 14538.192500711108 0.7048700109849872 
-1.307 15643.192500711108 0.9267667521054559 
0.989 14298.192500711108 0.7872574148663494 
-1.103 15321.192500711108 0.9139509337239107 
-0.096 15265.192500711108 0.8531673379714391 
8.383 12803.192500711108 0.5042109117539363 
4.14 13337.192500711108 0.6008787989747346 
-0.359 15171.192500711108 0.8700109849871843 
2.597 13797.192500711108 0.694617356279751 
0.472 15004.192500711108 0.8180153789820579 
3.947 13333.192500711108 0.610765287440498 
-0.369 15448.192500711108 0.8692786525082389 
4.428 13632.192500711108 0.5840351519589894 
0.789 14361.192500711108 0.7986085682900037 
1.11 14310.192500711108 0.7792017575979494 
5.277 12955.192500711108 0.5346027096301721 
2.215 13899.192500711108 0.7132918344928598 
2.857 14386.192500711108 0.6752105455876969 
-0.931 14928.192500711108 0.9022336140607836 
0.176 14580.192500711108 0.8370560234346395 
1.441 14094.192500711108 0.757597949469059 
0.822 14319.192500711108 0.7956792383742219 
-0.15 14699.192500711108 0.8648846576345661 
-1.068 15677.192500711108 0.9117539362870744 
5.102 13111.192500711108 0.5474185280117173 
1.672 14736.192500711108 0.745880629805932 
4.307 13816.192500711108 0.5909923105089712 
0.95 14472.192500711108 0.7905529110216039 
-1.38 15722.192500711108 0.9311607469791285 
1.71 14107.192500711108 0.7433174661296229 
-1.346 15780.192500711108 0.9289637495422923 
2.327 13863.192500711108 0.7059685097034054 
2.587 13879.192500711108 0.688026363969242 
1.014 14400.192500711108 0.7821310875137313 
-1.285 15751.192500711108 0.9249359209080924 
0.575 14490.192500711108 0.8121567191504944 
8.727 12799.192500711108 0.5225192237275723 
8.166 12801.192500711108 0.5144635664591725 
3.428 14049.192500711108 0.6418894177956793 
1.372 14735.192500711108 0.7641889417795679 
5.165 12983.192500711108 0.5415598681801538 
-0.337 15274.192500711108 0.8685463200292933 
0.413 15165.192500711108 0.8216770413767851 
1.74 14088.192500711108 0.7418528011717319 
-0.088 14672.192500711108 0.852068839253021 
3.004 13668.192500711108 0.6667887220798243 
8.372 12805.192500711108 0.5027462467960454 
6.996 12860.192500711108 0.4657634566093007 
8.187 12800.192500711108 0.5151958989381179 
-0.58 14907.192500711108 0.8828268033687294 
0.268 14578.192500711108 0.8315635298425486 
5.128 13096.192500711108 0.5441230318564628 
5.24 13008.192500711108 0.5378982057854266 
0.688 14435.192500711108 0.8062980593189308 
3.726 13965.192500711108 0.6246796045404613 
3.726 13965.192500711108 0.6246796045404613 
0.698 14449.192500711108 0.80483339436104 
8.714 12798.192500711108 0.517759062614427 
-1.495 15728.192500711108 0.9373855730501648 
8.714 12798.192500711108 0.517759062614427 
-1.485 15530.192500711108 0.9373855730501649 
-1.449 15833.192500711108 0.934456243134383 
6.882 12833.192500711108 0.46429879165140975 
7.851 12806.192500711108 0.5027462467960454 
-0.904 15309.192500711108 0.9018674478213109 
-0.582 15419.192500711108 0.882094470889784 
3.251 13523.192500711108 0.6499450750640792 
-1.3 15040.192500711108 0.9223727572317834 
5.057 12982.192500711108 0.5466861955327719 
0.542 15091.192500711108 0.8143537165873306 
0.697 14458.192500711108 0.8004393994873673 
6.265 12920.192500711108 0.48919809593555474 
-1.374 15815.192500711108 0.9296960820212377 
1.025 14243.192500711108 0.781032588795313 
2.421 13789.192500711108 0.7008421823507873 
-0.363 15167.192500711108 0.8692786525082389 
6.409 12839.192500711108 0.477114610032955 
2.845 13663.192500711108 0.6766752105455878 
4.861 13040.192500711108 0.5562065177590626 
2.697 13703.192500711108 0.6825338703771513 
2.161 13928.192500711108 0.7162211644086415 
4.057 13281.192500711108 0.6023434639326254 
7.2 12813.192500711108 0.5115342365433907 
-0.09 14727.192500711108 0.848041010618821 
4.417 13228.192500711108 0.5836689857195166 
1.733 14087.192500711108 0.7440497986085683 
0.861 14356.192500711108 0.7945807396558038 
-0.539 14784.192500711108 0.8780666422555841 
7.58 12807.192500711108 0.4961552544855365 
5.311 12906.192500711108 0.5309410472354449 
1.504 14610.192500711108 0.7557671182716953 
2.548 14502.192500711108 0.6942511900402784 
0.999 14334.192500711108 0.7909190772610766 
3.698 13385.192500711108 0.6239472720615159 
4.196 13869.192500711108 0.5968509703405347 
6.159 12832.192500711108 0.5122665690223361 
4.666 13099.192500711108 0.5671915049432442 
3.895 13352.192500711108 0.6177224459904798 
5.747 12869.192500711108 0.5067740754302453 
-1.438 15673.192500711108 0.934456243134383 
5.218 13500.192500711108 0.538630538264372 
6.731 12852.192500711108 0.46869278652508245 
2.086 13954.192500711108 0.7206151592823142 
5.848 12834.192500711108 0.5012815818381546 
-0.764 15603.192500711108 0.89234712559502 
6.644 12821.192500711108 0.47711461003295497 
4.512 13144.192500711108 0.5759794946905896 
3.406 13476.192500711108 0.6411570853167338 
-1.152 15013.192500711108 0.9157817649212743 
1.655 14651.192500711108 0.7466129622848774 
0.012 15192.192500711108 0.845477846942512 
2.983 13733.192500711108 0.6730135481508605 
-0.49 14764.192500711108 0.8740388136213841 
7.397 12810.192500711108 0.49322592456975467 
3.124 13571.192500711108 0.6594653972903698 
5.511 12858.192500711108 0.5225192237275723 
3.037 14260.192500711108 0.6645917246429879 
-0.282 14691.192500711108 0.8615891614793115 
4.666 13099.192500711108 0.5671915049432442 
0.678 14351.192500711108 0.8026363969242037 
3.518 13444.192500711108 0.6338337605272795 
3.0 13614.192500711108 0.6675210545587698 
1.452 14130.192500711108 0.7649212742585134 
4.02 13674.192500711108 0.6071036250457708 
-1.028 14945.192500711108 0.905529110216038 
-0.188 14659.192500711108 0.855730501647748 
5.42 12876.192500711108 0.5254485536433541 
2.604 13728.192500711108 0.6891248626876603 
-1.046 15607.192500711108 0.9102892713291835 
-0.596 15511.192500711108 0.8835591358476749 
2.246 13836.192500711108 0.7092640058586599 
1.212 14878.192500711108 0.7726107652874404 
0.403 14531.192500711108 0.824240205053094 
1.186 14663.192500711108 0.774441596484804 
4.281 13217.192500711108 0.5898938117905529 
1.431 14655.192500711108 0.7601611131453679 
-0.636 15562.192500711108 0.8853899670450385 
0.464 14510.192500711108 0.8205785426583669 
1.991 13985.192500711108 0.7261076528744049 
2.319 13814.192500711108 0.7045038447455145 
-0.301 15243.192500711108 0.8656169901135116 
3.625 14152.192500711108 0.6312705968509703 
0.174 14878.192500711108 0.8359575247162211 
4.512 13144.192500711108 0.5759794946905896 
4.155 13255.192500711108 0.5972171365800073 
0.325 15092.192500711108 0.8268033687294031 
0.836 14966.192500711108 0.79677773709264 
3.769 13369.192500711108 0.6191871109483706 
6.882 12833.192500711108 0.46429879165140975 
-0.859 14892.192500711108 0.8967411204686928 
3.87 13431.192500711108 0.6125961186378617 
0.126 14572.192500711108 0.8385206883925302 
4.891 13035.192500711108 0.5554741852801173 
1.861 14026.192500711108 0.7341633101428048 
-1.125 14984.192500711108 0.9132186012449651 
0.217 14597.192500711108 0.8355913584767485 
0.079 14910.192500711108 0.8418161845477848 
