1181.400026846326 1557.4426669681188 5328.352993446304 
1992.281910157746 5357.099727682182 14997.914121576687 
1181.400026846326 1557.4426669681188 5328.345732693283 
1989.6924997602034 4382.831875866926 14997.914121576687 
1992.3258203710134 5951.763123020551 14931.769248282857 
1336.1742140013016 968.5290705582177 5330.676365697754 
1336.1742140013016 1441.0142144785011 5330.676365697754 
1989.5243706786976 4301.562227172288 14171.014905595572 
1989.9612119526728 5384.386994226522 13713.165238458652 
1930.657668011284 1774.8139624126957 8429.182634097266 
1911.902885366699 1705.2687760689316 14962.62813545943 
1927.5254815236087 1778.2583671361285 5880.4785770750805 
1988.2415835789118 5641.888131008509 12126.66889722662 
1737.0293345064254 1344.4569317007258 12698.306129722398 
1464.2678022897744 1065.3610545228223 5779.630304107705 
1992.3881320853782 5986.346988100834 14826.140126606495 
1911.8593792080178 1705.4204353433436 11652.463928847423 
1928.7864404248057 1796.6068303624058 9644.334126449383 
1988.0704309850328 4498.186491284411 13415.263265191585 
1502.705272617025 1083.9964027711133 5399.08609524807 
1930.1986977006757 1816.623578775782 9052.667861095075 
1911.8576051881546 1705.4204353433436 6191.291947850126 
1908.8112220826793 1705.4775928815764 9292.312526121976 
1989.738610757065 2514.510304908792 9805.214928402273 
1911.8593792080178 1705.4204353433436 7335.390129877438 
1519.6869240444685 1557.4426669681188 5330.955351520001 
1737.0293345064254 1344.4569317007258 13818.780405404485 
1990.4787808775457 2458.238008651667 6590.800001935221 
1983.2615827683255 2572.3013187947527 10466.915055244288 
1988.281047845118 2496.4525829971017 11669.950217721012 
1907.4776411954997 1712.6653152315312 13921.640231265748 
1369.926705535562 1373.173137702496 5328.535300315714 
1911.8593792080178 1705.4204353433436 5549.595297178153 
1990.4205455202216 4873.916628675754 10742.735992004255 
1988.0704309850328 5968.851942026314 9270.53714591646 
1973.5301572715225 2508.619562718016 11579.461143546878 
1930.2890174977206 1774.7833483490822 7799.2225626508125 
1989.8671149451022 5354.933173697809 6908.628453456262 
1728.0685913095772 1538.1875827431143 5338.880201701374 
1911.8593792080178 1705.4204353433436 6467.951098281962 
1907.4776411954997 1761.640020299091 7661.210848429207 
1729.4696294936407 1329.7333870529296 5530.112490866881 
1989.5243706786976 5175.2818103058935 14932.184137501828 
1989.5243706786976 5054.202917377842 5454.153068543824 
1366.5771796520053 984.4776258693851 5422.427746804731 
1989.738610757065 2514.510304908792 9912.129238083258 
1737.0293345064254 1344.4569317007258 5363.658093708191 
1992.1087024478827 5999.138333357974 13956.859883127392 
1480.6730231273941 1131.1486328128956 5328.018879011671 
1911.854434908476 1705.4204353433436 6687.188417282435 
1930.3987632880098 1777.9589670890662 8216.723464160968 
1989.5052129848548 2328.1656072289875 14513.312840727194 
1990.0745801597718 5314.819125802713 10527.320146889844 
1991.485929652436 5280.468775339065 12859.187698893049 
1737.0293345064254 1405.2236113074573 9562.85153456734 
1909.1340694157873 1711.428516434914 13835.769160852453 
1399.1978476866157 1341.543038843063 5328.535300315714 
1930.0453215223865 1803.7108802608875 8642.999500442764 
1903.113318508047 1708.739166936519 5329.139468431649 
1990.482092458426 5549.391520978809 8560.413939964255 
1909.1340694157873 1711.181901743098 13539.998294381016 
1911.8593792080178 1705.4889146713965 6467.951098281962 
1932.9345244514561 1775.7013485568355 12080.331445909791 
1911.374281201277 1705.4204353433436 8109.213128379952 
1930.1986977006757 1816.623578775782 8831.643505114174 
1930.718767251551 1898.025404135327 11094.900097725316 
1989.7688916971965 4149.028306704986 7160.079987916524 
1911.902885366699 1705.2687760689316 14574.579489724641 
1907.5478937768198 1706.8005702831913 13408.266349892148 
1908.8112220826793 1705.4775928815764 5413.947218052974 
1971.354012696062 2011.7886088103558 9230.330416348681 
1989.8671149451022 5518.740253430093 14373.83190421946 
1988.2415835789118 5792.7466953056555 13748.37649528983 
1932.9345244514561 1784.7101964456251 9854.564597495571 
1992.2272502452133 5727.955090326835 11144.357379595616 
1983.2615827683255 2572.3013187947527 12360.784593223576 
1992.2272502452133 4640.112004721622 11180.952955569837 
1907.4776411954997 1696.898490607589 7040.4535311737045 
1990.4205455202216 4971.926741543795 10847.285690379053 
1989.5030997537249 5990.960022372884 13790.137866073792 
1983.2615827683255 2572.3013187947527 12274.383283491612 
1989.7385490886966 2514.510304908792 10048.266618357353 
1930.657668011284 1774.7833483490822 9755.28255222831 
1987.5343055688875 4987.164186051833 13326.658053438134 
1987.3771692963444 5883.510307556635 7745.478774167389 
1989.768953365565 4007.6465410081455 12636.341987987784 
1911.8593792080178 1705.4204353433436 6687.188417282435 
1911.854434908476 1712.675266450013 7204.666825456226 
1990.1382016486887 5314.819125802713 12421.189639914475 
1988.281047845118 5522.851586212661 11707.809772949015 
1911.854434908476 1705.4204353433436 7745.478774167389 
1336.1742140013016 968.5290705582177 5330.676365697754 
1909.7878387914686 1712.710353564913 14356.682489375806 
1737.0293345064254 1344.4569317007258 8181.019902494664 
1988.2415835789118 2294.0170939562972 12703.621294556242 
1909.7546469856343 1712.3352132452358 6169.489634469669 
1989.738610757065 2514.510304908792 10231.891711804927 
1909.1340694157873 1711.428516434914 14741.081200571834 
1983.1058709979568 2598.7049945482468 12627.395987486114 
1989.7688916971965 4007.6465410081455 12772.481281187636 
