1 0.7344172476095058
2 0.7449494129088784
3 0.7770775081849012
4 0.7821938574464786
5 0.7876995397172072
6 0.795019314690064
7 0.8012937069532886
8 0.8082120968857551
9 0.811744652042138
10 0.8130782354987866
11 0.8145349592746137
12 0.8158150945927248
13 0.8169967176554919
14 0.8197254547283784
15 0.8208224515717946
16 0.8209214878284964
17 0.8210283841055716
18 0.8213556229537752
19 0.8213446189252528
20 0.8239528356857505
21 0.8243704647682449
22 0.8245572712524469
23 0.8247590117753584
24 0.8259626428951705
25 0.8260677051674916
26 0.8260255230581557
27 0.8263587879219781
28 0.8262482236353954
29 0.826693100788517
30 0.8269645334920708
31 0.8273452204788115
32 0.8278844178764114
33 0.8282200407463457
34 0.8282564588407417
35 0.8283473730763911
36 0.8285530436094892
37 0.8290511069004693
38 0.8290387928685515
39 0.8294951980515539
40 0.8295758942607182
41 0.8303755203333489
42 0.8301902858532211
43 0.8300202474124815
44 0.8306375210124548
45 0.8312293805465546
46 0.8313310368100477
47 0.8315105072752351
48 0.8318094500500947
49 0.8318325061098559
50 0.8319718904711402
51 0.8322820992752014
52 0.8321930190443054
53 0.8325223538979409
54 0.8325123978721348
55 0.8324665477532913
56 0.8323318794042311
57 0.8323782535244331
58 0.8327070643767106
59 0.8328708148011515
60 0.8329651350456296
61 0.8332221577118324
62 0.8331425095053846
63 0.833131243476183
64 0.8333463460337289
65 0.8335339385199687
66 0.8333730701029977
67 0.8334252082381398
68 0.8334052961865278
69 0.8333159539549525
70 0.8333159539549525
