1 0.7447062762786681
2 0.750086984225463
3 0.7705400672398544
4 0.7778438601712855
5 0.7876874876859684
6 0.7951974751518561
7 0.801405843243946
8 0.8073718607078633
9 0.8104055665712289
10 0.8115866656326374
11 0.8136441569656551
12 0.8152834952148195
13 0.8164504462395566
14 0.8172359242755162
15 0.8198129629552003
16 0.8202070119765756
17 0.8210061140478484
18 0.8214300311466409
19 0.822098918880398
20 0.8224217037170566
21 0.8241789422718186
22 0.8242103823533112
23 0.8244996311030443
24 0.8246612855220525
25 0.8248703620639787
26 0.8251090446826438
27 0.8250998746588749
28 0.8252955891661671
29 0.8291173930722828
30 0.8292609694444327
31 0.8293964237955304
32 0.8286612498899595
33 0.8291983512821266
34 0.8295132760984115
35 0.8298444449568017
36 0.8300181514070487
37 0.8299413852080707
38 0.8299240931632498
39 0.8299521272359142
40 0.8299675852759812
41 0.8299516032345555
42 0.8300723855476231
43 0.8301853078403176
44 0.8303060901533852
45 0.8303828563523634
46 0.8304740325886922
47 0.8305083546776553
48 0.8309482538178741
49 0.8311780284134497
50 0.8319574804337893
51 0.8319543364256401
52 0.831956694431752
53 0.8319632444487297
54 0.8330120331671897
55 0.8330191071855256
56 0.8331697575760116
57 0.8334613643318564
58 0.8337490410775142
59 0.8337610931087528
60 0.8337652851196184
61 0.8338834474258954
62 0.8341881542156954
63 0.8342919064846213
64 0.8344043047759576
65 0.834357406654398
66 0.8343382806048232
67 0.8342012542496506
68 0.8342261443141658
69 0.8343298965830915
70 0.8343298965830915
