1 0.7131257887874293
2 0.7175189491966001
3 0.7266968536334674
4 0.7517419981534401
5 0.7630853756850101
6 0.7678695969041369
7 0.7809983657004119
8 0.7858034992623172
9 0.7928653360142959
10 0.7964408238208314
11 0.8107660400283154
12 0.8124100115749817
13 0.8133147318044323
14 0.8161347612280986
15 0.8185305314976482
16 0.8191320227568119
17 0.8200769992461105
18 0.8217039795142694
19 0.8225331539054328
20 0.8236537940740698
21 0.8247213691729063
22 0.825001594566137
23 0.825965392163936
24 0.8264570936235134
25 0.8264108250651159
26 0.8270489129241416
27 0.8273228646145389
28 0.829473176260727
29 0.8298919459248641
30 0.8300893061598352
31 0.8303230015903837
32 0.8311255127445046
33 0.8314977524459602
34 0.831608065054116
35 0.8315516017286136
36 0.8316663582096104
37 0.83160388258556
38 0.8318386236332476
39 0.8318072551190802
40 0.831820325333317
41 0.8321164963879157
42 0.8322160914203973
43 0.8327109297313912
44 0.8328946969435561
45 0.8331249941184028
46 0.8334099247887587
47 0.8342032867929142
48 0.8339450193596013
49 0.8338603243713489
50 0.8342317798599501
51 0.8340715390334111
52 0.8339167876968507
53 0.8341188532089465
54 0.8342377921584988
55 0.8342048552186229
56 0.8342273359871094
57 0.834059253032028
58 0.8344636454605051
59 0.8344484840119907
60 0.8345713440258139
61 0.8347321076609227
62 0.8348319640976896
63 0.8342257675614009
64 0.8342417132227695
65 0.8344903086975476
66 0.8347459620880137
67 0.8346664951854559
68 0.8345995756885651
69 0.8346544705883583
70 0.8346544705883583
