1 0.7514758498254028
2 0.7651761273365222
3 0.7716032659956656
4 0.7851819751916798
5 0.7937609254283187
6 0.7964941165127498
7 0.8126684664366651
8 0.8144854411462631
9 0.8162680937668989
10 0.8183376371311555
11 0.8197301707406027
12 0.8234201883051283
13 0.8240982460626541
14 0.826218355557978
15 0.8263752939647622
16 0.8267140608428459
17 0.8268427031762868
18 0.8281157644760616
19 0.8295876842912782
20 0.8300509014919368
21 0.8303163081798707
22 0.8306097489404691
23 0.8308080834545525
24 0.8311101702375615
25 0.8311460643305987
26 0.8312673706450249
27 0.8312406465757561
28 0.8313388968304208
29 0.8315018612528243
30 0.8314541771292269
31 0.831819930077259
32 0.8319394023869311
33 0.8322540652025368
34 0.8324421816901348
35 0.8324770277804556
36 0.8325383359393665
37 0.8325993820975984
38 0.8326413022062554
39 0.8325579859902998
40 0.8328516887515776
41 0.8328540467576894
42 0.83281579465854
43 0.8333117619440871
44 0.8332363057485049
45 0.833271675840184
46 0.8333429400249008
47 0.8333471320357663
48 0.8335022364377969
49 0.8335779546340583
50 0.8337862451739471
51 0.8337231030102827
52 0.8337325350347307
53 0.8339065034856565
54 0.8340875459549191
55 0.8338729673987317
56 0.834094357972576
57 0.8341174140323374
58 0.8339219615257242
59 0.8338465053301419
60 0.8342400303501587
61 0.8341761021844571
62 0.834121868043882
63 0.8341860582102631
64 0.8343741746978611
65 0.8343065785226517
66 0.8342869284717185
67 0.8342850944669649
68 0.8344011607678089
69 0.8343576686550775
70 0.8343576686550775
