1 0.7538238999115486
2 0.7615136198433026
3 0.7745979337578445
4 0.783406134588701
5 0.786510580635425
6 0.7925261162276935
7 0.7950541607803847
8 0.7976830755945318
9 0.8053604814943678
10 0.8102795442445787
11 0.8115046594200773
12 0.8155061957920596
13 0.8165814465791097
14 0.8180001802564676
15 0.8188398924330014
16 0.8204289265517779
17 0.8226572423275721
18 0.8235139845482479
19 0.8244171008891257
20 0.8247184016700971
21 0.825451479570235
22 0.8256532200931463
23 0.8259351328238642
24 0.8269034873338391
25 0.8274007646227821
26 0.8286892839626243
27 0.8289829867239021
28 0.8294278638770238
29 0.8299964053506833
30 0.8302099359041544
31 0.8311638803767782
32 0.8314478891129287
33 0.831465967159787
34 0.8317051737798107
35 0.832407597600493
36 0.8324479457050755
37 0.832803480626622
38 0.8325396459427626
39 0.8325951900867331
40 0.8327704685410547
41 0.8328626927801002
42 0.8328962288670257
43 0.8336494808194547
44 0.8337723591379552
45 0.8337215310062086
46 0.8338692993892243
47 0.8338451953267462
48 0.8338899974428734
49 0.8338396933124852
50 0.8341889402177333
51 0.8345022930299436
52 0.8344181908119508
53 0.8342313843277483
54 0.8340293818041579
55 0.8342012542496514
56 0.8345237770856306
57 0.8345376631216231
58 0.83468805151143
59 0.8346702354652508
60 0.8344318148472646
61 0.834405090777996
62 0.8343170585498166
63 0.8341388980880247
64 0.8341585481389573
65 0.8344981010190782
66 0.834574343216698
67 0.8347818477545496
68 0.8348075238211021
69 0.8348934600438488
70 0.8348934600438488
