1 0.7621489714901342
2 0.774805438295696
3 0.7855120960473532
4 0.79437584102218
5 0.8033829003684778
6 0.8080423204456949
7 0.8158496786823676
8 0.8190099308737404
9 0.82399973380731
10 0.8251098306846811
11 0.8266281246200993
12 0.8277437235117314
13 0.8285134815069444
14 0.8289033385174539
15 0.8293848957656499
16 0.8303081861588187
17 0.8310087759747474
18 0.8312136605058078
19 0.8315610734063018
20 0.8318306721051021
21 0.8322304851414173
22 0.8322810512724849
23 0.8323703935040601
24 0.8324471597030381
25 0.8324586877329189
26 0.8328666227902863
27 0.8328862728412191
28 0.8329528210137125
29 0.83310294740284
30 0.8334000561729455
31 0.8335965566822748
32 0.8336067747087602
33 0.8338182092567986
34 0.833878993414351
35 0.8338713953946569
36 0.83400527774168
37 0.8341098160126432
38 0.834126846056785
39 0.8341918222252033
40 0.8341839622048299
41 0.8342036122557628
42 0.8342955744941285
43 0.8346078793036228
44 0.8347692717219518
45 0.8347818477545492
46 0.8348350338924077
47 0.8348690939806912
48 0.8347580056927503
49 0.8349372141572586
50 0.8349545062020796
51 0.8350425384302591
52 0.8352330129239695
53 0.8351656787494388
54 0.8349959023093785
55 0.8348405359066687
56 0.8348554699453778
57 0.8349306641402813
58 0.834979396266595
59 0.8350475164431626
60 0.8350619264805134
61 0.8350983445749091
62 0.8351017505837373
63 0.8351059425946032
64 0.8347297096194072
65 0.8348379158998783
66 0.8347907557776392
67 0.8345615051834218
68 0.8343697206863162
69 0.8343660526768085
70 0.8343660526768085
