1 0.7489368012441892
2 0.7612178210765922
3 0.7694632444487296
4 0.7762616380701657
5 0.7823974319741438
6 0.7953245454812219
7 0.8012748429043927
8 0.8041458463460336
9 0.8117905021609817
10 0.8154896897492759
11 0.8190578769980174
12 0.8210260260994598
13 0.8228959249462378
14 0.8243508147173118
15 0.8251711388435917
16 0.825895046719961
17 0.8269789435294214
18 0.8275459129990064
19 0.8280431902879488
20 0.8292046392984248
21 0.829380441754105
22 0.8293233256060598
23 0.8294286498790603
24 0.8305044246674687
25 0.8307171692189026
26 0.8308214454891867
27 0.8309107877207618
28 0.8307119292053204
29 0.8307865993988657
30 0.8313695509098759
31 0.831791634003915
32 0.8319420223937217
33 0.8321492649308946
34 0.8324843637994712
35 0.832204285073507
36 0.8322247211264774
37 0.832382707535978
38 0.8327130903923304
39 0.8331000653953698
40 0.8333248619780423
41 0.8333749041077511
42 0.8333479180378033
43 0.8336940209349021
44 0.8338740154014477
45 0.8341771501871731
46 0.8342004682476136
47 0.8344436048778239
48 0.8343167965491367
49 0.8344708529484508
50 0.8343464026258751
51 0.834682549497168
52 0.8348866480261915
53 0.8348489199283998
54 0.8347627217049743
55 0.8349738942523338
56 0.8350936285626852
57 0.8352322269219321
58 0.8349843742794982
59 0.8349429781721993
60 0.8350294383963043
61 0.8351701327609842
62 0.8348816700132887
63 0.834701675546743
64 0.834883242017363
65 0.8349537202000427
66 0.8351051565925662
67 0.8350928425606479
68 0.8350574724689689
69 0.8350737165110733
70 0.8350737165110733
