1 0.7470760531612459
2 0.7733953600079362
3 0.7809904949864381
4 0.7940842320152661
5 0.8032647541775332
6 0.8053192572462347
7 0.8100996969151124
8 0.8132250477078063
9 0.8161854117229372
10 0.8179778155437385
11 0.8200461545289133
12 0.8207590958098059
13 0.8226595764121118
14 0.8233659913173099
15 0.8240248942074497
16 0.8265793176543683
17 0.8281393825004374
18 0.8286591430607659
19 0.8292473000383753
20 0.8292773213665708
21 0.8293600758103801
22 0.8290622120236721
23 0.8290716100046727
24 0.8291011092228128
25 0.829818488439178
26 0.8301463735540818
27 0.8308640138254746
28 0.8309958466145082
29 0.831594184738201
30 0.8316923414286501
31 0.8317236680319849
32 0.8316933856487614
33 0.8317046110149564
34 0.831953657511467
35 0.8320583405776106
36 0.8321144674085849
37 0.8321617183686144
38 0.8322502160230353
39 0.832529022792714
40 0.8336280644597073
41 0.8337337917459625
42 0.833881809946719
43 0.8339757897567232
44 0.8338536160037174
45 0.8338324705464663
46 0.8339348041173599
47 0.8339170523754702
48 0.8339248840263038
49 0.8341089278208954
50 0.8339026943489417
51 0.8342329289590954
52 0.834378336609574
53 0.834093525574256
54 0.8343195992283214
55 0.8342525080861792
56 0.8343318688146273
57 0.8346156356298341
58 0.8346816825518648
59 0.8347111817700051
60 0.8350810967443828
61 0.8349315122134595
62 0.8350281025737415
63 0.8351964830666657
64 0.8351724660041091
65 0.8351460994463025
66 0.8353032545730318
67 0.8353912301173968
68 0.8354066323640363
69 0.8351492321066362
70 0.8351492321066362
