1 0.7405491115032972
2 0.7524594003747657
3 0.7659178512590704
4 0.7746327798481655
5 0.7868255054517101
6 0.7970322659076331
7 0.8058525187697286
8 0.8118748663796542
9 0.8156958842837323
10 0.8188590184825761
11 0.8207556413986228
12 0.8224358517537278
13 0.8245525552402234
14 0.8249065181576956
15 0.82622359557156
16 0.8271178038893481
17 0.8284157552536374
18 0.8284684173901375
19 0.82909774302135
20 0.8289182725561627
21 0.8300456614783548
22 0.8303742103299535
23 0.8302649560467664
24 0.8301716838050046
25 0.8307910534104108
26 0.831346756850794
27 0.8315917274857578
28 0.831546925369631
29 0.8317816779781101
30 0.83218594502597
31 0.8323504814524484
32 0.8319676984602752
33 0.8319994005424464
34 0.8325058478551584
35 0.8327867125831596
36 0.8328042666286597
37 0.8333492280411996
38 0.8334985684282897
39 0.8335155984724316
40 0.8337634511148656
41 0.8342222143039799
42 0.8340713019128149
43 0.8339465895895606
44 0.8342588943990545
45 0.8344629929280786
46 0.8345368771195859
47 0.8345761772214518
48 0.8344920750034589
49 0.8345470951460713
50 0.8345740812160192
51 0.8346317213654223
52 0.8347538136818853
53 0.8348350338924081
54 0.8349738942523341
55 0.834973894252334
56 0.834993544303267
57 0.8350658564907003
58 0.8351051565925663
59 0.8351138026149768
60 0.83515100671141
61 0.8351538887188797
62 0.8351866388037681
63 0.835230654917858
64 0.8352429689497762
65 0.835251876972866
66 0.8352744090312689
67 0.8351250686441788
68 0.8351444566944328
69 0.8353561532431498
70 0.8353561532431498
