1 0.7418777169470423
2 0.7644613894839215
3 0.7832622962158717
4 0.7904649568851683
5 0.799269227705838
6 0.803556868819404
7 0.810328800372251
8 0.8137570792583498
9 0.8169736615957316
10 0.8195910483799981
11 0.8218460882250612
12 0.8234120662840766
13 0.8243893288171409
14 0.8259243907960213
15 0.8264811422391203
16 0.8263721499566127
17 0.8268974613182195
18 0.8275110669086855
19 0.8281238864971139
20 0.8285941777161089
21 0.8291828932420592
22 0.829571178248494
23 0.8302371839747804
24 0.8307965554246711
25 0.8310155879924036
26 0.8313388968304202
27 0.8314594171428089
28 0.8317111997954298
29 0.8317360898599448
30 0.8319443803998338
31 0.8321885650327602
32 0.8323892575529552
33 0.8330759613328913
34 0.8329080188975846
35 0.8329184989247489
36 0.833086703360735
37 0.8331702815773695
38 0.8330943013804291
39 0.833118929444265
40 0.8333088799366166
41 0.8335758586286254
42 0.8336887809213201
43 0.8337524470863431
44 0.8338284272832838
45 0.8339253675345528
46 0.8340016097321725
47 0.8340744459209639
48 0.8340582018788592
49 0.83451801307069
50 0.8347268276119377
51 0.8347658657131244
52 0.8348722379888414
53 0.8349207081144762
54 0.83500454833179
55 0.8350289143949469
56 0.8350721445069993
57 0.8349023680669384
58 0.8349102280873114
59 0.8348861240248336
60 0.8349395721633714
61 0.8349175641063267
62 0.8349416681688042
63 0.83502498438476
64 0.8351339766672677
65 0.834931712142998
66 0.8348245538652436
67 0.8350559004648939
68 0.8351242826421406
69 0.8350210543745729
70 0.8350210543745729
