1 0.7454288741516418
2 0.7476695039593544
3 0.7595900108573082
4 0.774936438635249
5 0.791355497193449
6 0.7960364013263521
7 0.7986684601486487
8 0.8047646919500816
9 0.8110713102968364
10 0.8138293914457827
11 0.8171662320948739
12 0.8187835622869938
13 0.8213307328892597
14 0.8226108682073704
15 0.8239224436069738
16 0.824478147047357
17 0.8266572066954795
18 0.8272912483389155
19 0.8276907993745515
20 0.8280125362084939
21 0.828562999635295
22 0.8288700644312068
23 0.8295376421615683
24 0.8299065391177494
25 0.8304085324189157
26 0.8310098239774635
27 0.8313779349316074
28 0.83153251533228
29 0.8315888454782876
30 0.8318070920439828
31 0.8318456061438115
32 0.8320840267617976
33 0.8321662949750367
34 0.8322807892718059
35 0.8322566852093285
36 0.8323219233784257
37 0.833162683557676
38 0.8332148216928176
39 0.8334307102524008
40 0.8334660803440799
41 0.8333914101505346
42 0.8335376065294756
43 0.8334922804119904
44 0.8338155892500072
45 0.8339657156391349
46 0.8341656221572926
47 0.8342549643888678
48 0.8343044825172186
49 0.8341923462265612
50 0.834162478149143
51 0.8342554883902257
52 0.8341978482408224
53 0.8341970622387851
54 0.8340312158089112
55 0.8342911204825847
56 0.8343285865796967
57 0.834363432670018
58 0.8344268368343616
59 0.8345578371739142
60 0.8346044732947953
61 0.8345890152547281
62 0.8344797609715409
63 0.8346684014604967
64 0.8349526721973266
65 0.8350095263446927
66 0.8351528407161636
67 0.8352180788852608
68 0.8352657630088579
69 0.835116946623126
70 0.835116946623126
