1 0.7471612226418892
2 0.7489234392095545
3 0.765884053171466
4 0.7867791313315086
5 0.792200449383565
6 0.8017532561444402
7 0.8041885524567286
8 0.8083493852416069
9 0.8124001777412607
10 0.8170210837186488
11 0.8192048593789961
12 0.8223894776335263
13 0.8240377239057807
14 0.8248852961026877
15 0.8263207978235082
16 0.8269784195280634
17 0.8274531647586029
18 0.8280688663545018
19 0.8284768014118693
20 0.8287322520739973
21 0.829215905327627
22 0.8295481221887331
23 0.8299204251537422
24 0.8304302784752818
25 0.8304923726362302
26 0.8307913154110897
27 0.8309100017187251
28 0.8311151482504643
29 0.831289902703428
30 0.8313614288888239
31 0.8317098897920342
32 0.8317963500161394
33 0.831678711711221
34 0.8316999337662282
35 0.8317185358144448
36 0.831782987981505
37 0.832199569061283
38 0.8322221011196861
39 0.8322304851414174
40 0.8323282113947239
41 0.8328700287991146
42 0.8328676707930026
43 0.8333049499264303
44 0.83323473374443
45 0.8331967436459594
46 0.8334055581872066
47 0.8331008513974064
48 0.8331197154463023
49 0.8332195377050416
50 0.8333903621478187
51 0.8339974177213071
52 0.8340306918075531
53 0.8339885096982171
54 0.8338931414510229
55 0.8339201275209707
56 0.8342423883562706
57 0.8345161790659363
58 0.834498363019757
59 0.8345098910496376
60 0.8345835132404664
61 0.834688837513467
62 0.8347155615827357
63 0.8347475256655863
64 0.8349542442014009
65 0.8349877802883265
66 0.8350931045613271
67 0.8351811367895067
68 0.8351164226217672
69 0.8351342386679464
70 0.8351342386679464
