-0.566 5944.0 
-0.566 5944.0 
0.622 2835.0 
0.518 2902.0 
-0.18 3378.0 
0.445 2954.0 
0.369 2994.0 
-0.142 3339.0 
-0.556 5324.0 
-0.045 3262.0 
-0.542 4870.0 
-0.019 3239.0 
-0.289 3511.0 
0.026 3210.0 
-0.564 5812.0 
0.562 2872.0 
-0.437 3943.0 
-0.539 4815.0 
0.41 2969.0 
0.235 3079.0 
0.445 2954.0 
-0.565 5867.0 
-0.562 5631.0 
-0.528 4636.0 
-0.558 5456.0 
-0.423 3864.0 
0.053 3193.0 
-0.534 4715.0 
0.274 3055.0 
-0.31 3539.0 
-0.376 3696.0 
-0.2 3400.0 
-0.545 4952.0 
-0.497 4323.0 
-0.12 3316.0 
-0.548 5058.0 
0.135 3143.0 
0.54 2890.0 
-0.553 5204.0 
-0.506 4368.0 
-0.362 3670.0 
0.107 3157.0 
-0.547 4983.0 
-0.273 3487.0 
-0.471 4097.0 
-0.454 3994.0 
-0.216 3410.0 
0.329 3023.0 
-0.552 5176.0 
0.356 3009.0 
-0.465 4065.0 
0.603 2854.0 
-0.263 3466.0 
-0.387 3731.0 
0.162 3127.0 
0.203 3100.0 
-0.563 5730.0 
-0.393 3754.0 
-0.458 4026.0 
-0.249 3447.0 
-0.445 3948.0 
-0.094 3301.0 
-0.415 3840.0 
-0.525 4569.0 
-0.51 4407.0 
0.221 3088.0 
0.187 3118.0 
-0.066 3275.0 
-0.002 3225.0 
0.412 2967.0 
0.008 3221.0 
-0.496 4269.0 
-0.072 3281.0 
0.083 3174.0 
-0.555 5287.0 
0.337 3016.0 
-0.561 5598.0 
-0.56 5516.0 
-0.563 5730.0 
-0.551 5102.0 
-0.517 4492.0 
0.584 2863.0 
-0.404 3802.0 
-0.13 3330.0 
0.303 3035.0 
0.099 3163.0 
-0.232 3428.0 
-0.493 4246.0 
-0.092 3294.0 
-0.355 3634.0 
-0.402 3792.0 
-0.536 4745.0 
-0.526 4599.0 
-0.52 4520.0 
0.283 3047.0 
-0.33 3579.0 
-0.342 3604.0 
0.526 2897.0 
-0.478 4191.0 
-0.489 4208.0 
-0.564 5772.0 
0.62 2837.0 
-0.564 5772.0 
0.62 2837.0 
0.339 3016.0 
-0.486 4179.0 
-0.494 4282.0 
0.451 2945.0 
0.385 2990.0 
0.525 2899.0 
-0.521 4522.0 
-0.526 4604.0 
0.495 2917.0 
-0.561 5574.0 
0.088 3185.0 
0.36 3007.0 
-0.409 3800.0 
-0.345 3608.0 
0.593 2853.0 
0.135 3141.0 
-0.479 4126.0 
-0.562 5658.0 
-0.435 3918.0 
-0.203 3395.0 
0.165 3123.0 
-0.002 3235.0 
-0.449 3955.0 
0.178 3122.0 
-0.548 5023.0 
-0.537 4798.0 
-0.563 5699.0 
0.102 3164.0 
0.411 2971.0 
-0.533 4686.0 
0.296 3042.0 
-0.177 3366.0 
0.03 3210.0 
-0.111 3312.0 
0.547 2885.0 
0.244 3076.0 
0.577 2865.0 
-0.421 3842.0 
0.122 3151.0 
0.017 3220.0 
-0.554 5248.0 
-0.558 5426.0 
-0.32 3575.0 
-0.513 4424.0 
0.056 3190.0 
-0.531 4645.0 
-0.559 5458.0 
0.272 3056.0 
0.205 3100.0 
-0.302 3535.0 
-0.457 4003.0 
-0.397 3762.0 
-0.075 3283.0 
-0.129 3322.0 
0.56 2877.0 
-0.556 5345.0 
-0.022 3246.0 
-0.549 5098.0 
0.425 2961.0 
-0.507 4390.0 
-0.547 4981.0 
0.261 3071.0 
-0.059 3269.0 
-0.141 3332.0 
-0.501 4320.0 
-0.318 3573.0 
0.051 3193.0 
-0.259 3465.0 
-0.285 3498.0 
-0.553 5174.0 
0.227 3093.0 
-0.049 3259.0 
-0.544 4917.0 
-0.539 4860.0 
0.479 2928.0 
-0.033 3251.0 
-0.3 3521.0 
-0.551 5108.0 
-0.093 3301.0 
-0.421 3842.0 
-0.555 5272.0 
-0.464 4034.0 
-0.267 3486.0 
0.292 3050.0 
-0.213 3403.0 
-0.155 3345.0 
-0.441 3920.0 
-0.545 4941.0 
-0.552 5169.0 
-0.391 3749.0 
-0.385 3721.0 
-0.541 4869.0 
-0.557 5360.0 
-0.472 4083.0 
-0.536 4748.0 
-0.56 5520.0 
0.603 2847.0 
-0.564 5785.0 
0.603 2847.0 
-0.304 3528.0 
-0.462 4068.0 
-0.509 4383.0 
-0.196 3392.0 
-0.104 3302.0 
0.382 2989.0 
0.36 3008.0 
-0.227 3428.0 
-0.559 5478.0 
0.578 2871.0 
-0.561 5592.0 
-0.313 3554.0 
0.482 2926.0 
-0.456 3999.0 
-0.503 4317.0 
0.442 2959.0 
0.543 2887.0 
-0.549 5038.0 
0.255 3068.0 
-0.084 3286.0 
0.179 3114.0 
-0.359 3643.0 
-0.546 4983.0 
-0.519 4524.0 
-0.545 4922.0 
-0.562 5698.0 
-0.267 3478.0 
-0.56 5561.0 
0.275 3055.0 
-0.514 4446.0 
-0.558 5421.0 
0.504 2909.0 
-0.555 5274.0 
-0.475 4125.0 
0.003 3225.0 
-0.524 4587.0 
-0.528 4614.0 
-0.537 4779.0 
-0.336 3589.0 
0.11 3165.0 
-0.13 3323.0 
-0.553 5205.0 
0.166 3122.0 
-0.478 4142.0 
-0.541 4836.0 
-0.063 3277.0 
-0.551 5131.0 
0.412 2970.0 
-0.407 3807.0 
-0.492 4239.0 
-0.55 5108.0 
-0.556 5340.0 
-0.346 3614.0 
-0.543 4869.0 
0.406 2972.0 
-0.267 3478.0 
-0.563 5708.0 
-0.392 3765.0 
0.207 3097.0 
-0.25 3451.0 
-0.518 4478.0 
0.557 2878.0 
0.054 3192.0 
0.292 3043.0 
0.602 2848.0 
-0.557 5366.0 
-0.029 3257.0 
0.46 2939.0 
0.322 3031.0 
0.208 3096.0 
-0.531 4680.0 
0.334 3017.0 
0.504 2909.0 
-0.151 3343.0 
0.233 3081.0 
-0.437 3942.0 
0.082 3175.0 
-0.554 5230.0 
0.123 3159.0 
0.145 3152.0 
0.025 3213.0 
0.148 3142.0 
0.075 3180.0 
-0.535 4741.0 
0.233 3081.0 
-0.17 3359.0 
-0.37 3680.0 
-0.488 4198.0 
-0.488 4198.0 
0.456 2945.0 
-0.38 3716.0 
-0.534 4716.0 
-0.16 3351.0 
-0.047 3258.0 
-0.436 3915.0 
-0.186 3376.0 
-0.371 3682.0 
0.624 2833.0 
-0.565 5853.0 
0.624 2833.0 
-0.181 3371.0 
-0.552 5214.0 
-0.498 4288.0 
-0.55 5087.0 
-0.062 3270.0 
-0.49 4221.0 
-0.091 3293.0 
-0.108 3304.0 
-0.564 5768.0 
-0.224 3425.0 
-0.555 5266.0 
0.287 3045.0 
-0.224 3425.0 
0.415 2965.0 
-0.54 4803.0 
-0.502 4356.0 
0.446 2945.0 
-0.258 3458.0 
-0.562 5670.0 
-0.559 5492.0 
-0.514 4463.0 
-0.561 5584.0 
-0.472 4099.0 
-0.157 3351.0 
-0.547 4969.0 
0.556 2879.0 
0.251 3069.0 
-0.002 3226.0 
0.314 3028.0 
0.381 2986.0 
0.602 2847.0 
0.051 3194.0 
-0.433 3911.0 
-0.381 3718.0 
0.541 2892.0 
0.356 3009.0 
0.099 3164.0 
-0.359 3643.0 
-0.136 3327.0 
0.046 3199.0 
-0.556 5345.0 
-0.563 5710.0 
-0.482 4161.0 
-0.453 4020.0 
-0.524 4571.0 
-0.426 3858.0 
0.425 2959.0 
-0.317 3550.0 
-0.328 3570.0 
-0.342 3605.0 
0.25 3070.0 
-0.56 5548.0 
-0.548 5032.0 
-0.528 4612.0 
0.332 3017.0 
-0.396 3762.0 
-0.541 4879.0 
0.49 2920.0 
-0.375 3703.0 
-0.043 3254.0 
0.084 3172.0 
0.223 3095.0 
-0.544 4922.0 
-0.465 4049.0 
0.121 3149.0 
0.468 2933.0 
-0.275 3484.0 
-0.442 3930.0 
-0.534 4701.0 
-0.022 3239.0 
0.379 2989.0 
0.016 3217.0 
-0.557 5365.0 
-0.286 3498.0 
0.58 2861.0 
-0.484 4171.0 
-0.317 3550.0 
-0.519 4534.0 
0.577 2864.0 
-0.508 4403.0 
0.197 3104.0 
0.223 3095.0 
0.175 3119.0 
-0.449 3958.0 
-0.537 4751.0 
0.148 3132.0 
-0.364 3668.0 
-0.451 3983.0 
0.155 3128.0 
-0.558 5423.0 
0.504 2911.0 
0.196 3105.0 
0.617 2841.0 
0.344 3010.0 
0.474 2928.0 
-0.467 4074.0 
-0.398 3769.0 
-0.566 5950.0 
0.62 2837.0 
-0.566 5950.0 
0.079 3183.0 
0.019 3216.0 
0.172 3121.0 
0.246 3073.0 
-0.559 5463.0 
-0.549 5040.0 
0.007 3224.0 
-0.508 4377.0 
-0.13 3331.0 
-0.468 4064.0 
-0.393 3750.0 
-0.546 4952.0 
-0.292 3507.0 
-0.528 4634.0 
-0.455 3991.0 
-0.414 3815.0 
-0.486 4180.0 
0.105 3161.0 
-0.028 3245.0 
-0.562 5663.0 
0.214 3094.0 
-0.107 3306.0 
-0.524 4553.0 
0.385 2988.0 
0.338 3016.0 
-0.318 3549.0 
-0.25 3460.0 
-0.56 5579.0 
0.273 3056.0 
-0.553 5184.0 
0.551 2880.0 
-0.228 3425.0 
-0.149 3341.0 
-0.556 5332.0 
-0.055 3266.0 
0.43 2963.0 
0.519 2901.0 
0.502 2913.0 
0.214 3094.0 
-0.443 3987.0 
-0.496 4304.0 
-0.353 3627.0 
-0.503 4327.0 
-0.371 3680.0 
-0.441 3920.0 
-0.192 3393.0 
-0.555 5260.0 
-0.426 3872.0 
-0.093 3297.0 
-0.558 5409.0 
-0.519 4504.0 
0.474 2930.0 
-0.565 5860.0 
-0.53 4681.0 
-0.034 3249.0 
-0.274 3486.0 
0.407 2980.0 
0.483 2924.0 
0.138 3143.0 
-0.36 3652.0 
0.557 2879.0 
-0.561 5580.0 
-0.26 3466.0 
-0.551 5123.0 
-0.536 4743.0 
-0.415 3834.0 
0.454 2942.0 
-0.513 4448.0 
0.598 2851.0 
-0.493 4241.0 
-0.376 3713.0 
0.308 3037.0 
-0.541 4864.0 
0.449 2952.0 
-0.54 4801.0 
-0.471 4094.0 
-0.544 4909.0 
-0.165 3356.0 
-0.557 5371.0 
-0.564 5786.0 
-0.563 5707.0 
0.346 3010.0 
-0.554 5237.0 
-0.48 4142.0 
-0.172 3363.0 
0.579 2864.0 
-0.535 4708.0 
0.414 2973.0 
-0.565 5860.0 
-0.564 5786.0 
0.297 3043.0 
0.283 3048.0 
-0.476 4126.0 
-0.068 3276.0 
-0.494 4245.0 
0.368 3007.0 
-0.513 4448.0 
-0.565 5850.0 
0.619 2839.0 
-0.565 5850.0 
0.619 2839.0 
0.025 3215.0 
-0.528 4615.0 
-0.299 3520.0 
0.151 3132.0 
-0.149 3341.0 
-0.331 3580.0 
0.495 2917.0 
-0.533 4676.0 
-0.557 5375.0 
-0.121 3315.0 
-0.555 5290.0 
0.328 3021.0 
-0.563 5716.0 
-0.364 3662.0 
-0.376 3694.0 
0.215 3101.0 
0.465 2941.0 
0.126 3153.0 
0.364 2998.0 
0.555 2881.0 
-0.015 3237.0 
-0.544 4928.0 
0.232 3084.0 
-0.521 4520.0 
0.531 2897.0 
-0.454 3983.0 
-0.542 4876.0 
-0.562 5662.0 
-0.558 5441.0 
-0.539 4819.0 
-0.493 4236.0 
0.257 3075.0 
-0.488 4197.0 
0.085 3174.0 
-0.56 5516.0 
0.358 3008.0 
0.419 2964.0 
-0.387 3748.0 
0.183 3112.0 
-0.193 3382.0 
-0.549 5061.0 
-0.497 4292.0 
0.399 2978.0 
0.577 2867.0 
-0.42 3847.0 
-0.349 3618.0 
0.48 2928.0 
-0.076 3288.0 
-0.439 3916.0 
-0.502 4319.0 
0.283 3053.0 
-0.46 4041.0 
-0.551 5107.0 
-0.553 5181.0 
-0.546 4999.0 
-0.564 5802.0 
-0.465 4047.0 
0.27 3063.0 
0.309 3032.0 
-0.561 5600.0 
-0.504 4368.0 
-0.408 3802.0 
0.588 2863.0 
-0.478 4157.0 
-0.288 3503.0 
-0.269 3476.0 
-0.037 3257.0 
-0.103 3301.0 
-0.536 4755.0 
-0.073 3282.0 
-0.559 5490.0 
-0.252 3450.0 
-0.17 3356.0 
-0.552 5145.0 
-0.519 4511.0 
-0.397 3765.0 
-0.232 3430.0 
0.047 3205.0 
-0.51 4415.0 
0.186 3110.0 
-0.411 3815.0 
0.104 3167.0 
-0.054 3263.0 
-0.17 3356.0 
-0.474 4148.0 
-0.423 3886.0 
-0.516 4454.0 
-0.537 4769.0 
0.399 2978.0 
-0.431 3891.0 
0.438 2963.0 
0.109 3160.0 
-0.211 3405.0 
0.438 2963.0 
-0.547 5010.0 
-0.198 3392.0 
-0.565 5846.0 
0.623 2835.0 
-0.565 5846.0 
0.623 2835.0 
-0.538 4766.0 
-0.399 3783.0 
-0.069 3294.0 
-0.543 4894.0 
-0.547 4993.0 
0.445 2959.0 
-0.557 5381.0 
0.316 3027.0 
-0.328 3571.0 
0.163 3123.0 
-0.497 4313.0 
0.052 3194.0 
-0.552 5161.0 
-0.554 5236.0 
0.512 2907.0 
-0.559 5458.0 
-0.365 3662.0 
-0.346 3613.0 
0.183 3112.0 
-0.101 3302.0 
-0.203 3401.0 
-0.563 5703.0 
-0.56 5509.0 
0.338 3015.0 
0.029 3207.0 
0.289 3045.0 
-0.383 3711.0 
0.117 3157.0 
0.074 3179.0 
-0.158 3346.0 
-0.548 5092.0 
-0.503 4340.0 
0.218 3090.0 
-0.018 3244.0 
-0.412 3818.0 
-0.172 3368.0 
-0.047 3260.0 
0.205 3097.0 
-0.256 3459.0 
-0.545 4927.0 
-0.467 4078.0 
-0.448 3978.0 
0.54 2901.0 
0.01 3222.0 
-0.491 4227.0 
-0.482 4155.0 
-0.42 3846.0 
-0.224 3424.0 
-0.51 4399.0 
0.244 3079.0 
-0.52 4555.0 
-0.354 3639.0 
-0.114 3311.0 
-0.518 4489.0 
0.386 2998.0 
-0.485 4213.0 
-0.38 3707.0 
-0.556 5307.0 
-0.234 3429.0 
0.601 2849.0 
-0.524 4571.0 
0.137 3140.0 
-0.516 4470.0 
0.416 2965.0 
-0.458 4030.0 
-0.528 4627.0 
0.559 2877.0 
-0.512 4416.0 
-0.428 3877.0 
-0.139 3332.0 
0.573 2872.0 
-0.31 3541.0 
0.359 3003.0 
-0.532 4666.0 
-0.55 5105.0 
0.396 2978.0 
-0.434 3896.0 
0.074 3179.0 
0.472 2935.0 
-0.452 4028.0 
-0.283 3494.0 
-0.561 5579.0 
-0.562 5653.0 
-0.555 5292.0 
-0.314 3548.0 
-0.564 5776.0 
-0.535 4710.0 
-0.443 3946.0 
0.249 3070.0 
-0.441 3922.0 
-0.561 5579.0 
-0.564 5776.0 
0.472 2935.0 
0.544 2885.0 
-0.477 4133.0 
0.618 2839.0 
0.623 2834.0 
-0.564 5787.0 
0.623 2834.0 
-0.564 5787.0 
-0.557 5354.0 
-0.482 4161.0 
0.48 2927.0 
-0.24 3435.0 
-0.46 4017.0 
-0.407 3795.0 
-0.176 3369.0 
0.376 2993.0 
-0.392 3744.0 
-0.273 3483.0 
-0.559 5496.0 
0.224 3089.0 
-0.51 4402.0 
0.032 3207.0 
0.31 3032.0 
0.602 2853.0 
0.577 2871.0 
-0.47 4082.0 
-0.296 3512.0 
-0.206 3401.0 
-0.122 3316.0 
-0.54 4813.0 
-0.258 3462.0 
-0.563 5716.0 
-0.32 3554.0 
-0.434 3908.0 
-0.537 4755.0 
0.403 2980.0 
0.443 2950.0 
-0.552 5161.0 
-0.034 3251.0 
0.354 3004.0 
0.416 2967.0 
-0.213 3413.0 
-0.561 5650.0 
-0.56 5535.0 
0.516 2901.0 
-0.165 3354.0 
0.495 2915.0 
-0.556 5331.0 
0.075 3178.0 
-0.542 4874.0 
0.178 3121.0 
-0.453 3973.0 
-0.554 5246.0 
0.534 2895.0 
-0.472 4124.0 
-0.502 4327.0 
-0.383 3710.0 
0.28 3054.0 
-0.55 5081.0 
0.154 3130.0 
0.143 3138.0 
-0.305 3540.0 
-0.526 4607.0 
-0.341 3602.0 
-0.424 3856.0 
-0.548 5011.0 
-0.543 4920.0 
0.277 3057.0 
-0.534 4700.0 
0.202 3099.0 
-0.494 4262.0 
0.336 3016.0 
-0.522 4539.0 
-0.492 4246.0 
-0.553 5229.0 
-0.064 3270.0 
-0.373 3684.0 
-0.02 3240.0 
-0.511 4448.0 
0.006 3228.0 
-0.551 5110.0 
-0.499 4322.0 
0.441 2954.0 
0.102 3166.0 
-0.073 3285.0 
-0.414 3840.0 
0.25 3074.0 
-0.545 4963.0 
0.25 3074.0 
0.325 3025.0 
0.093 3170.0 
-0.143 3335.0 
-0.532 4673.0 
0.005 3232.0 
0.075 3178.0 
0.121 3150.0 
0.556 2878.0 
0.553 2884.0 
0.62 2838.0 
-0.142 3334.0 
-0.562 5662.0 
-0.101 3301.0 
-0.521 4527.0 
-0.516 4484.0 
0.619 2836.0 
-0.565 5921.0 
-0.565 5921.0 
-0.563 5722.0 
-0.275 3516.0 
0.334 3017.0 
-0.564 5895.0 
0.305 3034.0 
-0.478 4165.0 
0.249 3069.0 
-0.31 3534.0 
-0.468 4060.0 
-0.036 3249.0 
0.37 2992.0 
-0.013 3234.0 
0.41 2973.0 
-0.557 5371.0 
-0.256 3458.0 
-0.401 3786.0 
-0.206 3402.0 
-0.562 5657.0 
-0.231 3426.0 
-0.558 5420.0 
-0.549 5068.0 
-0.553 5177.0 
-0.559 5506.0 
0.537 2889.0 
0.504 2909.0 
0.069 3182.0 
-0.504 4353.0 
-0.187 3395.0 
-0.171 3362.0 
-0.064 3274.0 
0.151 3136.0 
0.386 2982.0 
-0.555 5274.0 
0.436 2958.0 
-0.538 4768.0 
-0.527 4598.0 
-0.544 4930.0 
0.091 3167.0 
-0.484 4203.0 
-0.116 3316.0 
0.546 2883.0 
-0.072 3279.0 
-0.522 4555.0 
-0.561 5584.0 
0.039 3212.0 
-0.153 3354.0 
-0.543 4882.0 
0.05 3194.0 
0.486 2924.0 
-0.506 4444.0 
-0.497 4307.0 
-0.554 5256.0 
-0.359 3644.0 
0.229 3082.0 
-0.457 3997.0 
-0.243 3447.0 
-0.494 4239.0 
-0.393 3747.0 
0.307 3033.0 
-0.326 3611.0 
-0.387 3729.0 
-0.461 4036.0 
0.207 3102.0 
-0.097 3300.0 
-0.515 4502.0 
-0.548 4998.0 
0.017 3219.0 
-0.56 5551.0 
-0.325 3567.0 
-0.507 4450.0 
-0.364 3658.0 
-0.14 3332.0 
-0.132 3328.0 
-0.545 4993.0 
0.216 3090.0 
-0.377 3697.0 
-0.343 3612.0 
0.572 2868.0 
0.616 2839.0 
0.017 3219.0 
-0.434 3928.0 
-0.535 4712.0 
-0.519 4507.0 
0.128 3144.0 
-0.541 4828.0 
-0.429 3878.0 
0.17 3119.0 
0.466 2945.0 
-0.54 4819.0 
0.167 3122.0 
-0.098 3301.0 
-0.445 3979.0 
-0.531 4668.0 
-0.5 4326.0 
-0.551 5127.0 
-0.438 3940.0 
-0.431 3886.0 
0.613 2840.0 
-0.566 5959.0 
-0.566 5959.0 
0.613 2840.0 
-0.433 3885.0 
-0.301 3519.0 
0.174 3127.0 
-0.402 3794.0 
0.21 3093.0 
0.143 3135.0 
-0.279 3490.0 
0.42 2963.0 
-0.015 3242.0 
-0.335 3587.0 
-0.446 3965.0 
0.078 3180.0 
0.005 3222.0 
-0.541 4882.0 
0.033 3205.0 
-0.52 4512.0 
-0.156 3347.0 
-0.56 5533.0 
-0.119 3324.0 
0.385 2984.0 
-0.046 3256.0 
0.055 3195.0 
-0.546 4956.0 
-0.556 5349.0 
-0.505 4360.0 
-0.509 4410.0 
-0.547 5006.0 
-0.51 4480.0 
-0.559 5496.0 
0.282 3056.0 
0.117 3160.0 
-0.563 5734.0 
-0.249 3478.0 
-0.086 3289.0 
-0.564 5779.0 
-0.539 4815.0 
-0.497 4305.0 
0.105 3163.0 
-0.337 3591.0 
-0.525 4596.0 
0.438 2951.0 
-0.229 3431.0 
-0.561 5644.0 
0.235 3082.0 
0.541 2895.0 
-0.565 5855.0 
-0.208 3397.0 
-0.166 3355.0 
-0.551 5147.0 
0.352 3015.0 
-0.244 3455.0 
-0.384 3720.0 
-0.476 4156.0 
-0.562 5656.0 
0.601 2854.0 
-0.549 5080.0 
-0.36 3644.0 
-0.104 3302.0 
0.502 2913.0 
-0.558 5408.0 
0.32 3034.0 
-0.486 4219.0 
-0.213 3421.0 
-0.481 4176.0 
0.457 2942.0 
0.559 2877.0 
-0.552 5190.0 
-0.454 4010.0 
-0.533 4707.0 
-0.393 3749.0 
-0.185 3374.0 
0.367 2997.0 
-0.189 3379.0 
0.259 3064.0 
-0.495 4263.0 
0.465 2934.0 
0.586 2863.0 
-0.565 5855.0 
0.522 2904.0 
0.32 3034.0 
-0.36 3644.0 
-0.555 5278.0 
-0.537 4767.0 
-0.066 3276.0 
-0.55 5092.0 
-0.375 3697.0 
0.299 3040.0 
-0.467 4085.0 
0.244 3072.0 
-0.397 3771.0 
-0.491 4240.0 
-0.368 3677.0 
0.492 2918.0 
-0.453 3997.0 
0.575 2865.0 
-0.112 3314.0 
