39402.88164514676 1.5118962207264717E-5 4.243985393242243E-5 0.030166640592411947 0.30800327262376875 0.9999939621914208 0.6956971673153133 0.9934956317677373 0.01686543897736706 0.3072806959041812 0.3340513758222168 
39402.88164514676 1.5118962207264717E-5 4.243985393242243E-5 0.030166640592411947 0.30800327262376875 0.9999939621914208 0.6956971673153133 0.9934956317677373 0.01686543897736706 0.3072806959041812 0.3340513758222168 
1259.5486416624935 5.422288058552514E-6 8.432407628397724E-5 0.17406435482351437 0.174100438140875 0.017509540977687366 0.9173788618068415 0.47247440416592856 2.5521329384680692E-5 0.3115245657750444 1.5649889879876884E-5 
39406.78520356452 4.797805237394558E-6 2.7248510246378902E-5 7.49229670468303E-4 0.297970366282364 0.9999650921746855 0.9651356112741947 0.730082329968793 0.0069875119192542995 0.3013609630078482 0.0011839298784831174 
1196.8708259386244 2.296072069689581E-5 2.9971234410460404E-5 0.17403181386805824 0.17409873066848006 0.2155580776192207 0.8422507441736784 0.6598759958394124 0.0011922821567630904 0.17403034538527612 5.964438773756025E-4 
1043.4763996885852 1.2619896720696352E-5 7.970547388322732E-5 0.17233446346250136 0.17234758714125792 0.7033526999570042 0.8478134506031056 0.5035988608074212 0.007632908783004849 0.4592946455136503 3.542669072227043E-4 
985.2712940633885 7.509107666588613E-6 1.206747162868892E-4 0.17223396364242424 0.17236006536414833 0.08468370035859893 0.9026825685019775 0.5074910322144308 0.0018904856638675208 0.034113346050953466 6.478363786393079E-4 
1670.0995624368472 5.427929617943265E-6 1.761828863504591E-4 0.1722681139637123 0.17258672461076482 0.23262843080666412 0.7080844921045591 0.522909688314756 0.0028526808544747173 0.37198227358046926 1.6367695525039666E-4 
1068.4408525967588 7.90867929405735E-6 5.906238135256701E-5 0.17404517489405455 0.17424783711782924 0.3307916446310524 0.8463128692333726 0.783093900331267 7.716026724272863E-4 0.07396671025236941 1.845920862663926E-5 
1177.3379770947952 1.6745848037151024E-5 3.254515148154479E-5 0.17452539366561082 0.1764213309991048 0.17012479584871348 0.9903012898256194 0.961067305352054 0.0056255792478838405 0.06649961072053556 0.0016671939669815122 
1105.8046320898407 1.3194004571367911E-5 7.529197359544935E-5 0.17401687734429996 0.17409873066848006 0.03827248703713626 0.8422507441736784 0.7313180253709676 0.0011994584874416418 0.17403034538527612 4.2256656309576216E-4 
958.7225059679052 2.5788774376841463E-5 1.3380524712754095E-4 0.17403030720762766 0.1740782198250185 0.839012617437655 0.8407413399151604 0.7446472011001058 9.176972116681531E-4 0.08423584876549668 3.5790822695789843E-4 
1080.9022038842213 5.121969986658481E-6 1.0300633667190823E-4 0.16848440383927832 0.16920964469815433 0.6196025188279367 0.6907550294026186 0.596825575164274 0.0018396112573389831 0.1310272237016412 6.544368452578404E-4 
962.8249760104962 1.543330669000797E-4 2.4935819343312415E-4 0.17403181386805824 0.17409873066848006 0.15944894262016607 0.8422507441736784 0.7923410653507842 0.0011467781577928495 0.17403034538527612 5.909349262265911E-5 
1322.9201979450906 5.269432964259589E-6 7.618615745820147E-5 0.1721651622029064 0.17326999979796315 0.5277520214343914 0.6475196691254408 0.3401850768763365 6.88064713723161E-4 0.05390738443697288 1.1273604109373356E-4 
951.1389592369151 1.3117563826826915E-5 1.5818896525071527E-5 0.1700388671396463 0.17015692668420077 0.369338145320724 0.8819295799785951 0.45641777616594764 1.255632281121254E-4 0.3266080025286203 5.108739183331068E-4 
944.097412516143 1.558699940807393E-4 1.910483875969255E-4 0.17406910400517728 0.17409836820373475 0.12040748593322875 0.9177465145862735 0.88221480892032 0.0011419744709302315 0.5255469827258684 5.584513652200714E-4 
967.0920890967561 1.0178199503316744E-6 8.156444050338006E-5 0.1741944567569239 0.1744397779530683 0.7421559565571433 0.9713632538484669 0.7312978572487292 2.2112714605980813E-4 0.14925144640067856 1.5565633802484718E-4 
973.1208335021091 5.368937693956571E-6 1.590408886108674E-4 0.17257080979678918 0.17294487427797237 0.505257172158574 0.9389723428052564 0.9175792584659049 0.0010042677996741037 0.13550747903770255 6.61598867849058E-4 
1262.8770069539958 5.812399433870207E-6 8.447678568286409E-5 0.17213730574133987 0.17247272923462503 0.864052573123672 0.9748440930591267 0.9720806163434995 0.014615763501377096 0.10791740563920534 1.5215416945184648E-4 
943.7855266119461 5.369976079175624E-6 1.0724435280002104E-4 0.17392713037665322 0.1740984789285233 0.903293334063274 0.7992513968878687 0.9952325532215719 0.0016187766189378673 0.05143540487616044 5.385664951062882E-4 
1189.0558085994085 7.248642101083386E-6 7.313438526647913E-5 0.17402516145381858 0.17403572072149176 0.638526860351338 0.8407686703733934 0.5776480386840219 0.0011922821567630904 0.18581563821917602 6.083678146574642E-4 
39304.53497241072 2.443241120676118E-5 3.040905489117311E-5 0.2857808060928035 0.33994772673641205 0.9999795710036022 0.943805347532106 0.9878577332027697 0.08422841505413789 0.09367826596425913 0.0034521143524030872 
958.7120971286262 5.369976079175624E-6 2.5038862311533406E-4 0.17409873066848006 0.17416046330080753 0.8965184613922756 0.8423014068962955 0.7923410653507842 0.0014430512579303068 0.0814095174062422 9.145461232028056E-5 
1408.9445865955822 1.3352358032747537E-5 2.196304406432213E-5 0.17247359536278106 0.17334907923639017 0.3895697470177353 0.8723318282587715 0.653270108465268 0.00295916399329016 0.3867279648068886 0.0019314349965042822 
1196.8708259386244 5.6452080871029645E-6 7.5389974458622E-5 0.17403181386805824 0.17409873066848006 0.26860135129472457 0.8422612361055242 0.6229019636133665 0.0011922821567630904 0.09256891158505548 5.039127763051659E-4 
944.5730381746231 8.94298379675779E-5 1.9111936216008576E-4 0.16924012482785475 0.17008725434091507 0.4275984967096674 0.9558479648781065 0.8823069148020215 0.001136145483926584 0.11450896434917107 6.275898170426667E-4 
1364.8471634552898 3.431877210715882E-6 3.960552112019805E-5 0.16903751583269613 0.16935980787264332 0.5936671344734483 0.95053768878042 0.9856409306253695 3.314961297519719E-4 0.025868881818649773 2.873699415330517E-4 
38929.13853236136 5.318252163638623E-6 9.955375179438331E-5 0.3114435718048886 0.34493974305115166 0.9999631013813258 0.526032581522218 0.7698968717993215 0.08422585142342039 0.15246218294287775 2.8827611862230996E-4 
962.8249760104962 1.188095500294882E-5 2.043202715705945E-5 0.17403181386805824 0.17409873066848006 0.9361177382407773 0.8422507441736784 0.7758558310534099 0.0010944905315125844 0.17403034538527612 6.862893329151839E-5 
1278.58668247638 1.3607363854034616E-5 7.372075188705779E-5 0.17222514693915594 0.17231287622978927 0.6572546025326657 0.9254425453428475 0.978821357688823 0.0031246173365254222 0.38408643523928065 7.368315779112755E-4 
1172.5777935205047 1.1486861435508114E-5 1.2633426645821153E-4 0.16903751583269613 0.16917442728050486 0.585672629138576 0.8088766273993037 0.919075819468218 3.314961297519719E-4 0.02634425993478636 6.544368452578404E-4 
1098.396952600484 1.1962200023636292E-5 8.29868436928379E-5 0.17256805749556306 0.17300391471368623 0.8073071627806124 0.9789810688994964 0.5035988608074212 6.432056631883295E-4 0.4636857973628975 5.197420614055992E-4 
12413.31273252539 2.286628571381989E-5 8.968343747771859E-5 0.2922344370125352 0.29280501332409903 0.9999796360554551 0.5130987808854568 0.9712404595342916 0.0024194554420543476 0.24840521521654313 6.929534614384205E-4 
967.0920890967561 4.942602677151858E-6 8.156444050338006E-5 0.17419475846432939 0.1744397779530683 0.4522967178141455 0.9390032027714285 0.7153142477113643 3.771780036965634E-5 0.15943971128578466 4.231386784135943E-4 
39729.87368898975 9.775662710475949E-6 2.0911871666149637E-5 0.282713723567036 0.3439261825502186 0.9999790872171591 0.7918506198020144 0.9095473901630026 0.08605529435535827 0.1516691672039206 0.003438575991054616 
960.5643654618184 1.6158437152348747E-5 7.364978487492559E-5 0.17008725434091507 0.17009580488414486 0.9819408926366957 0.9643710844510389 0.45523170544720604 3.5159109649114575E-4 0.12647680153836827 5.342558974408967E-4 
2324.7647907096325 7.363589345717224E-6 8.644752285162259E-6 0.3171316977830283 0.3200201440946144 0.9999696088802551 0.9290764462714995 0.617717160768073 0.0025951234636324696 0.038200024219771964 2.011170031502047E-4 
968.7035820261891 1.2893597538989788E-5 7.970547388322732E-5 0.17233446346250136 0.17240601259462005 0.5495016383354108 0.8478134506031056 0.5457960584963203 0.007632908783004849 0.4592946455136503 3.541016867519304E-4 
1263.9903067786818 1.3607363854034616E-5 7.353905873881727E-5 0.17222514693915594 0.17234219403042053 0.4698211077553458 0.9384464203674745 0.9812013682849613 0.0031246173365254222 0.38408643523928065 7.368315779112755E-4 
39916.89006832428 3.795738012491629E-6 9.367100659233207E-5 0.0273587806070598 0.2923827283953369 0.9999723337078299 0.8903304068816744 0.9532568206106713 0.012657767649680282 0.18400472599432052 0.0020234329350477566 
1262.8770069539958 5.812399433870207E-6 7.022096917544808E-4 0.17213730574133987 0.1724743647726953 0.8550347381129246 0.9742105056272191 0.32788576735521513 0.0032440880373147685 0.3673057781093336 3.63523709331373E-4 
2267.6993473477523 1.2243030201286663E-5 7.26171313911489E-5 0.17231824363533868 0.17234219403042053 0.6679750863993835 0.6482612349303318 0.6295816024634426 6.510950205664014E-4 0.11114034513214491 7.597781944989584E-4 
971.9900038748674 5.244810049110062E-6 2.8246178176814167E-4 0.1691756499689334 0.17004154202829885 0.559901320253614 0.6007154821277969 0.9874679065596841 0.008114390289469794 0.06974666548656265 7.653961142747416E-4 
1245.019686932236 1.3651392014043257E-5 7.372075188705779E-5 0.17222514693915594 0.17254647026285097 0.7880892945129996 0.9254425453428475 0.978821357688823 0.0030826168220452117 0.3765507823845031 7.368315779112755E-4 
39584.99168949282 7.363589345717224E-6 2.9854259850687126E-5 0.18372673156447514 0.32198339031342854 0.9999696088802551 0.9506011815883098 0.5682420506282108 0.08659106876246728 0.1709569705838644 1.716281776936173E-4 
1251.708587091296 1.3445158248383328E-5 1.272071538089232E-4 0.17229626965222591 0.17244451223639112 0.316849524649194 0.8422053252054865 0.9958015460146069 0.0013275073082574269 0.07226163527547992 3.470730425928943E-4 
38983.72218831103 2.2482179846541006E-5 9.52868237955798E-5 0.22748535515822044 0.3168804515555269 0.9999796360554551 0.5130987808854568 0.9787856230139855 0.020062140892446702 0.19057952240906328 0.0016040059040677204 
39931.478103948255 1.1004342779472031E-5 9.197191613729805E-5 0.08907878930111163 0.2915752862070338 0.9999925886738745 0.7779816907920961 0.9820724161400474 0.010880655742321348 0.13091155151402997 1.6671248857430803E-4 
1274.61462878669 1.1933698210854065E-5 9.283296569843912E-5 0.16848440383927832 0.1690344930959528 0.9603698655586499 0.8211951532635975 0.9150048406674294 0.0010324603202458969 0.13550747903770255 6.544368452578404E-4 
39883.61361857554 1.4672351018808324E-6 1.0552808732967283E-5 0.013240076716003326 0.2907546671885363 0.9999897915435243 0.9238712605870483 0.5627999053374917 0.007794628479369496 0.19239102273589184 0.025732684267909547 
39933.72124656329 8.355412326421904E-6 2.7787737228792753E-5 0.014359502047212674 0.29141413744927397 0.9999786200676879 0.9218733214053852 0.978306993679276 0.005831111343915351 0.2164401978071275 9.27420521858781E-4 
1308.3422878165536 1.480489670446021E-4 1.8848955205382251E-4 0.16967185612495095 0.17016729087036978 0.0995978391936306 0.9584829063505157 0.9433347188419703 0.001150178302550872 0.1891718113781774 3.7330491586646424E-4 
1170.1264454111904 8.94298379675779E-5 1.8666311642991494E-4 0.16940959733191427 0.17008725434091507 0.4275984967096674 0.9558479648781065 0.8475220005343779 3.506773116299872E-4 0.1266067067488587 5.058104035110528E-4 
1249.038193649504 5.266945342453189E-6 7.708798668481495E-5 0.17229626965222591 0.17261568604917615 0.3731586120013454 0.8422053252054865 0.9804619369373259 0.0014866922742968122 0.07226163527547992 3.1793473348148255E-4 
39892.36039213825 7.363589345717224E-6 1.8739524526890646E-5 0.29792026440303465 0.32198339031342854 0.9999697817176423 0.9490903141066818 0.5682420506282108 0.012235110941490823 0.04276888274303464 5.258802955823878E-5 
39935.54705038681 1.8211733418176772E-5 9.232639874241801E-5 0.1287060147135347 0.30066496876285886 0.9999748984560566 0.8867715232647466 0.8958490441561839 0.08364938651938586 0.09559542132938927 0.0017929425388883403 
39970.35568343082 2.050389734523832E-5 2.2036607984975286E-5 0.03950626891869233 0.2915546551319833 0.9999739493846167 0.8973014862335286 0.9792584182899884 3.8963753781561796E-4 0.18580872053548367 9.173785359812793E-4 
1196.8708259386244 5.6452080871029645E-6 8.197142968554E-5 0.17403181386805824 0.17409873066848006 0.27065362706880874 0.8422612361055242 0.6211180397792416 0.0011922821567630904 0.17403034538527612 5.964438773756025E-4 
39982.00787327161 6.512400314792282E-6 1.1004342779472031E-5 0.12745592100060346 0.2923457095860926 0.9999925886738745 0.7765332599043024 0.9791634587737648 0.010880655742321348 0.13345510415332415 1.6671248857430803E-4 
39491.570737764654 1.2157581814965047E-5 5.6298507343374216E-5 0.17266569426516884 0.3038706608371721 0.9999669782855014 0.8449831901782655 0.8780262651810277 0.005814105810249183 0.13287464408088726 0.001932559367130228 
39883.43652248921 1.4496130046951708E-5 2.4180000354130888E-5 0.17523121705064715 0.2923101659906894 0.999974629777594 0.8720155357896506 0.951697041562148 0.07902076800794568 0.020127433676745313 9.509471775976746E-4 
21786.795354827227 1.1254359479361505E-5 9.690301827240697E-5 0.2968046787965039 0.31071898220929073 0.999958487283217 0.8834767843286794 0.7943220992598254 0.0011537833286116078 0.18650345403558125 5.78699733704034E-4 
39903.373988431835 1.2141734386535089E-5 9.256736287750823E-5 0.1593262356237365 0.2962625591311982 0.9999934193776828 0.8874731336941207 0.9852423726773651 0.010821461377566769 0.12776174919651181 0.0017692508914730091 
1259.5486416624935 5.422288058552514E-6 7.353905873881727E-5 0.17406352082077883 0.17408192560759153 0.03460207958279363 0.7136456445176085 0.47247440416592856 2.5521329384680692E-5 0.3115245657750444 1.5649889879876884E-5 
39914.850819106476 1.8152923583643048E-5 9.854047922819212E-5 0.14160787962436508 0.3006075663750959 0.999974900463861 0.891733008321493 0.5464325393045649 0.001861938857980615 0.14692580966759744 6.701694306404612E-4 
38930.65334019093 5.79229746714317E-6 9.955375179438331E-5 0.31750567411620945 0.3439261825502186 0.9999631802221166 0.526032581522218 0.6271699681379588 0.08422585142342039 0.15246218294287775 2.8827611862230996E-4 
39883.43652248921 8.354422536999886E-6 2.7787737228792753E-5 0.02138637001222418 0.29141413744927397 0.9999225813548285 0.9214020058945736 0.978306993679276 0.005667118765952176 0.2164401978071275 9.307063115777626E-4 
1355.1796558901838 1.3117563826826915E-5 2.196304406432213E-5 0.17247359536278106 0.17334907923639017 0.3895697470177353 0.8723318282587715 0.5017456168976543 0.0017467126795934357 0.390036955373233 7.101966895721556E-4 
39974.83115174866 1.8595295815435956E-5 9.266922876713089E-5 0.11186466903422605 0.29332345111842945 0.9999827659573346 0.8917666274719651 0.9792764919497318 9.493904934568108E-4 0.14705733212483268 0.0017692508914730091 
39883.43652248921 3.841029415432363E-6 6.910443444935615E-6 0.18219453000799798 0.29141413744927397 0.9999225813548285 0.9214020058945736 0.9752156559016227 0.005667118765952176 0.018227497048231248 9.509471775976746E-4 
944.097412516143 1.558699940807393E-4 1.910483875969255E-4 0.17406880229777183 0.17409836820373475 0.11704311948135307 0.9177465145862735 0.88221480892032 0.0011419744709302315 0.5153384968275317 6.165694115965131E-4 
1225.7226637914969 4.923764478961226E-6 8.156444050338006E-5 0.17429078572188478 0.1744397779530683 0.4594883674977296 0.9390032027714285 0.729289400274958 0.0030115364690171025 0.11076092800588004 7.440503815943057E-4 
39914.775346970084 1.0488387066982878E-5 9.952807128895893E-5 0.17423964829468438 0.2924916730576452 0.9999487840106596 0.9946849055985354 0.9954145076547369 0.001462545787556958 0.023548289760049773 7.931334388650083E-4 
1196.8708259386244 2.296072069689581E-5 7.558406182123882E-5 0.17403181386805824 0.17409873066848006 0.2903659508991916 0.8422507441736784 0.6616599196735371 0.0011922821567630904 0.17403034538527612 5.964438773756025E-4 
970.1925833295198 1.1152841222842783E-5 8.48190770978709E-5 0.1691756499689334 0.17018484601235223 0.6841973518612434 0.6007080637129996 0.9706855618269183 0.008114390289469794 0.1128136307063852 7.598488708419181E-4 
21786.795354827227 8.278975924265665E-6 1.072464967750918E-4 0.29219391833001956 0.29304147507629597 0.9999166322492621 0.7459062506110378 0.9542637849886498 0.0020790023457660377 0.1862059293359534 0.0010310655872053157 
1009.8723619222393 1.2663924880704992E-5 7.970547388322732E-5 0.17234758714125792 0.17256805749556306 0.8063901226661115 0.8478134506031056 0.5035988608074212 0.0018406502606788363 0.4636857973628975 3.542669072227043E-4 
1274.61462878669 1.1933698210854065E-5 9.283296569843912E-5 0.16848440383927832 0.1690344930959528 0.48751218342262614 0.9401693851293389 0.9175792584659049 0.0010324603202458969 0.13550747903770255 6.544368452578404E-4 
39584.381779283445 4.797805237394558E-6 2.758647301001662E-5 0.001199336460643994 0.2919680777118042 0.9999650921746855 0.9651356112741947 0.7374961741575313 0.0069875119192542995 0.3013609630078482 0.0011933333000221703 
39585.507819843304 8.354422536999886E-6 2.050389734523832E-5 0.07926864493309961 0.2915546551319833 0.9999739493846167 0.703506505570491 0.9803393786561084 0.00558776298139713 0.18885913880043959 6.499943686220846E-4 
39500.421656430466 7.363589345717224E-6 1.0931958711416088E-5 0.3200201440946144 0.32198339031342854 0.9999696088802551 0.9290764462714995 0.617717160768073 0.012550584859510182 0.038200024219771964 2.011170031502047E-4 
1274.61462878669 4.416001882069214E-6 9.283296569843912E-5 0.16848440383927832 0.1690344930959528 0.48751218342262614 0.9401693851293389 0.9175792584659049 0.0010324603202458969 0.13550747903770255 6.544368452578404E-4 
1004.7742940243782 1.3007042456677013E-5 4.297241490881478E-5 0.17227413985021262 0.17258672461076482 0.7735052538533284 0.799522355311991 0.4031860862184592 0.0017796928275450017 0.05880390578283248 5.3000909635306085E-5 
19216.852544412635 8.811483915867167E-6 1.4290631714742325E-5 0.3160927269191492 0.3259570704268974 0.9999029603302514 0.9292970615773394 0.6811073185716044 0.010767103071523614 0.07329450479348502 4.3441811757592827E-4 
39402.88164514676 1.5118962207264717E-5 4.243985393242243E-5 0.030166640592411947 0.30800327262376875 0.9999660112634858 0.6956971673153133 0.9934956317677373 0.01686543897736706 0.3072806959041812 9.444489675244638E-4 
944.097412516143 1.558699940807393E-4 1.910483875969255E-4 0.17406880229777183 0.17409836820373475 0.0933059841976358 0.9113983146895827 0.88221480892032 0.0011419744709302315 0.5153384968275317 1.9032245332981535E-4 
39402.88164514676 1.3403595444128654E-5 8.7197798642291E-5 0.06291205220966861 0.28657412393565335 0.9999751563081799 0.9749400773699008 0.9964137576804781 0.0015648732012778672 0.15859872053965726 8.936589439524347E-4 
18008.364794116373 1.561721844111989E-5 9.771034101591096E-5 0.291583191402835 0.29225054610874096 0.9999015524131555 0.8740250766456616 0.5516905470742454 2.4177549778760395E-5 0.07290129083827178 4.2639639504986256E-4 
39734.48676321684 1.5043989333917E-6 8.92542540115191E-5 0.22748535515822044 0.3173070890428484 0.9999796360554551 0.6104167727975829 0.9907349521844819 0.020419312468299384 0.2436425917874672 0.00290095766367552 
39402.88164514676 1.1167267863443521E-5 4.243985393242243E-5 0.030166640592411947 0.30800327262376875 0.999992660306518 0.775336256908077 0.9934439096022873 0.01076135380561034 0.3072806959041812 0.009563184581662415 
1172.5640277096722 1.1570588197239138E-5 1.1418962485365989E-4 0.1690465319423142 0.16912323421463757 0.7574070655420394 0.8027222546151587 0.3350693177854424 0.002839291654239024 0.3971930935693817 6.949838179648025E-4 
1023.9501609847646 5.232767258258736E-6 4.003989082032575E-5 0.17395006745530261 0.17404517489405455 0.1646646453335617 0.8463128692333726 0.783093900331267 9.718164871610714E-4 0.07396671025236941 1.845920862663926E-5 
39991.86279921218 5.1715326028406335E-6 9.12865793210697E-5 0.09819291915020784 0.2915752862070338 0.9999735980183669 0.7779816907920961 0.8841225560150208 4.841871767904205E-4 0.13091155151402997 1.6671248857430803E-4 
967.0920890967561 1.0178199503316744E-6 8.156444050338006E-5 0.17419475846432939 0.1744397779530683 0.7451041524155567 0.9713632538484669 0.7312978572487292 2.2112714605980813E-4 0.15943971128578466 9.725962337510993E-5 
38899.02286030781 5.419385216327825E-6 4.031941049499972E-5 0.050051458537455434 0.2915036163247662 0.9999733312594004 0.6847562084861608 0.9747408247167507 0.001936623453968174 0.16475834307991852 6.51400069333289E-4 
1252.4811734680127 1.3973315109350036E-5 7.353905873881727E-5 0.17251025280366042 0.17326927971625034 0.7771123167064239 0.9642444398632417 0.5786810957383363 0.0013145594883929605 0.4046251907030922 7.286621310964257E-4 
1400.4767762459996 2.1964435619178084E-5 3.3800314802231654E-5 0.2924903346926142 0.2929879575639157 0.9999521591645625 0.735893545347673 0.995353366732881 0.002071934962932648 0.18802636648646684 3.0333068986219556E-4 
39907.73498167096 1.4395875685014918E-5 3.092338804330009E-5 0.06107689434423817 0.2923827283953369 0.9999730224651506 0.8720318374185638 0.9533259969322749 0.013119279029584667 0.15772874538755088 0.0018787862058811697 
970.1925833295198 1.1152841222842783E-5 8.48190770978709E-5 0.1691756499689334 0.17018484601235223 0.6841973518612434 0.6007080637129996 0.9706855618269183 0.008114390289469794 0.1128136307063852 7.598488708419181E-4 
38056.486134124076 8.030296436116123E-6 7.357316089500145E-5 0.2941143606861047 0.2944595734550162 0.9999225164859413 0.9216938137003661 0.9678452025715982 0.0046038803342515425 0.044934144370905815 0.0010722024067358125 
959.3732731641165 7.982273205495279E-5 8.163852940949126E-5 0.1740734716694823 0.17409836820373475 0.9372415418918802 0.6600724689301365 0.8638281621896124 9.180757534544905E-4 0.4419964300818746 3.680261391616884E-4 
1242.8228281735944 5.044846760522249E-6 1.896571936483547E-4 0.1741327442574413 0.1743051547502094 0.3033394360751904 0.9245944125677726 0.7447052640509922 0.0017762815870326892 0.3754870146214502 6.584401736812332E-4 
39981.2971908666 5.419385216327825E-6 4.031941049499972E-5 0.050051458537455434 0.2915101619952826 0.9999739175476876 0.6978612927209255 0.9792744700583189 0.001936623453968174 0.18897911612272827 6.51400069333289E-4 
1106.2547455241802 5.326166882667906E-6 8.156444050338006E-5 0.17419475846432939 0.1744397779530683 0.9913369967782131 0.8690153966027047 0.7312978572487292 3.771780036965634E-5 0.08983295503608814 4.231386784135943E-4 
1196.8708259386244 2.296072069689581E-5 7.558871173363577E-5 0.1740246310612686 0.17409873066848006 0.29254452248054186 0.8404179635792932 0.6607758541816119 7.650810394744234E-4 0.17403034538527612 5.964438773756025E-4 
15972.109980809231 2.286628571381989E-5 8.979853012146356E-5 0.2922344370125352 0.2923595533545431 0.9999796360554551 0.5130987808854568 0.9712404595342916 0.0024194554420543476 0.24840521521654313 6.929534614384205E-4 
38012.95478973615 1.9918089007141428E-5 2.2036607984975286E-5 0.03950626891869233 0.2915068692340263 0.9999739493846167 0.8932784088426964 0.9572254220109342 0.0018995179698524552 0.18560902017047967 9.264543705474138E-4 
1172.8238475397634 5.42831869543501E-6 1.7607866791723186E-4 0.16904660450743278 0.1691256417869954 0.7574070655420394 0.6846006556968411 0.3350693177854424 0.0028529995097269054 0.4052059239651664 5.564968790801241E-5 
21786.795354827227 8.278975924265665E-6 9.690301827240697E-5 0.29304147507629597 0.31491515805965614 0.9999201647312965 0.8828226170205439 0.957500541194844 0.0015378861987764608 0.21454369122320077 0.0011111833237027594 
39892.36039213825 5.837285981448167E-6 7.363589345717224E-6 0.29792026440303465 0.3175414449125716 0.9999697817176423 0.9490903141066818 0.5682420506282108 0.012235110941490823 0.04276888274303464 5.258802955823878E-5 
1210.5953151605677 4.923764478961226E-6 8.156444050338006E-5 0.17429078572188478 0.1744397779530683 0.5575872819452692 0.9390032027714285 0.729289400274958 0.0030115364690171025 0.13523129000835463 7.440503815943057E-4 
39889.78830372398 5.1715326028406335E-6 2.3675981824845458E-5 0.09522862527126688 0.2915752862070338 0.9999735980183669 0.9560741611009004 0.8841225560150208 4.841871767904205E-4 0.128142640288997 1.6671248857430803E-4 
1260.6352758451321 5.343508825986371E-6 1.1011431458012433E-4 0.17403181386805824 0.17409873066848006 0.9556793088910086 0.917125749610236 0.9792483858007329 6.840561974536695E-4 0.02231760647551459 5.200621408079776E-4 
39402.88164514676 1.3403595444128654E-5 8.728245577929017E-5 0.06291205220966861 0.29193098430851216 0.9999751563081799 0.8594015735961443 0.9964137576804781 0.0015307061232324496 0.15743933889709702 8.908341705676193E-4 
1260.6352758451321 4.0640648678535326E-6 4.451405682275267E-5 0.17403181386805824 0.17420563970752928 0.9489309046835511 0.917125749610236 0.8472776835354985 6.444230667273102E-4 0.026800372650717233 7.682993592719961E-4 
39929.72456678485 8.811483915867167E-6 1.4290631714742325E-5 0.3160927269191492 0.3259570704268974 0.9999817618214669 0.9292970615773394 0.614973140291178 0.010767103071523614 0.049153932369200376 0.0016865994152116138 
21786.795354827227 8.278975924265665E-6 9.690301827240697E-5 0.29304147507629597 0.31491515805965614 0.9999201647312965 0.8828226170205439 0.957500541194844 0.0015378861987764608 0.21454369122320077 0.0011111833237027594 
39585.507819843304 8.354422536999886E-6 2.050389734523832E-5 0.07926864493309961 0.2915546551319833 0.9999920039103092 0.7185757018947491 0.9803393786561084 0.00558776298139713 0.18885913880043959 0.0017273368821326238 
39929.72456678485 8.811483915867167E-6 1.4290631714742325E-5 0.3160927269191492 0.3259570704268974 0.9999817618214669 0.9292970615773394 0.614973140291178 0.010767103071523614 0.049153932369200376 0.0016865994152116138 
1633.1514685868424 1.235027128665233E-4 3.535173821392787E-4 0.23263239559480292 0.2326815410537482 0.9999864965891375 0.9598788119449589 0.46079333876763395 4.775869368871576E-4 0.07478381626974304 2.786783890097803E-4 
38996.50733735667 2.3616171944506443E-6 1.3240456319999234E-4 0.01749548051838988 0.30110933791501765 0.9999086481948622 0.9468184221601369 0.9647444083631828 0.010635025676966482 0.2937075503691656 0.0015989080642483794 
27626.932608817195 1.1348911449212513E-4 1.7941720593987628E-4 0.27259018908090726 0.27414263837810643 0.9998150249180211 0.18533066348538174 0.6056275407369351 0.007368130536195224 0.2603275051550613 2.548905608962013E-4 
39744.852379153795 6.18186466152706E-5 1.3403635489144745E-4 0.027472311614693094 0.28727383979626697 0.9998498276737631 0.890511582155283 0.5736961451458203 0.31424134823224975 0.12988780639586756 0.0013292244673224585 
21667.21426052696 1.2111200836596711E-4 1.4854880226658574E-4 0.2713925377137062 0.27439924307831565 0.9999416478350391 0.9479071122897194 0.8201802409770349 0.010652816350108065 0.024460021817147043 0.001570438883770204 
39014.712638093435 7.838119073829508E-5 4.61987420583823E-4 0.026928029626542893 0.2663682989141091 0.9999123315611351 0.16723439135292456 0.7781642410604928 0.006286790776851157 0.039043318447553016 8.94108324596669E-4 
5432.976378903524 5.734743821797636E-6 3.5799836106738004E-4 0.3096839978192844 0.3144996321181081 0.9998641100942862 0.954693875699778 0.9357367244134244 0.00889704123965937 0.07487085760127715 1.3007208613048703E-4 
39875.89830241449 1.0703427868384645E-4 1.3839808238985088E-4 0.021860361858035755 0.28852122802569424 0.9998498276737631 0.6934527244407025 0.6891211620292024 0.009660700863891925 0.2646965745776545 0.010242395881018353 
2049.613249206257 4.271540648879304E-6 3.5799836106738004E-4 0.3144996321181081 0.3216956809847305 0.9998646598952422 0.954693875699778 0.6030050275329576 0.00889704123965937 0.07487085760127715 0.0013848095291221917 
39481.76801007668 8.359742781623551E-5 1.0823844232401035E-4 0.002101213351490272 0.2651955348827963 0.999971941995262 0.7863631920032557 0.8220618630209949 0.004630309772516588 0.06488067779464252 0.009884011940421794 
13829.229040305612 1.400356640445362E-5 5.800485265433473E-5 0.26798118843389157 0.27603939767210167 0.9999329372547013 0.9856320516799971 0.5966800186761556 0.005735253619598817 0.04850970788807929 2.8787277335329796E-4 
1587.0255428241617 1.2619502100238105E-4 1.3082719614939206E-4 0.26493104895520336 0.2672357317597854 0.99998143190861 0.9653124388323899 0.8645634069553927 4.699921515991114E-4 0.07389926156954801 0.0010238611237894527 
39860.82644498102 1.3783799284312849E-6 7.767924921436208E-5 0.1714896688823278 0.304878719350608 0.9999371065729568 0.6718814947701214 0.8484809660680789 0.07519569670648786 0.0537650802257999 8.845489709877752E-4 
39467.30691942867 4.112890043951901E-5 1.597549122529073E-4 0.12794496356067964 0.28488456872904977 0.999972861608401 0.9197686450969769 0.565391492687334 0.07805580759594896 0.07469710902053038 8.222632897538363E-4 
39797.13428179541 1.0780460438913565E-4 2.0639624322292975E-4 0.07454832491344851 0.2858911933755078 0.999850454542262 0.5935585171556136 0.4651587095113545 0.030644786026029297 0.14888924178225094 1.7534179880655592E-4 
1587.0255428241617 1.3082719614939206E-4 1.356912143894536E-4 0.26318846745155366 0.2672357317597854 0.99998143190861 0.843349433017983 0.8645634069553927 7.638827631855655E-4 0.07389926156954801 0.0010238611237894527 
4817.0618264406985 6.297697949166184E-5 1.559882296513358E-4 0.26783875624692405 0.2699969153003839 0.9997446622559939 0.9588570452034925 0.46127692848781987 3.8840985513592663E-4 0.016279353490306826 1.6001685001011093E-4 
19391.69568984622 1.135405616399328E-4 4.636152235858338E-4 0.26717502132160365 0.2701207696114539 0.9999383411609273 0.9516910991938521 0.5680794163057404 5.501140393421064E-4 0.06750266767697437 5.206964346134719E-4 
39333.288293990016 3.205242119757806E-5 1.008024402930121E-4 0.19953885897564452 0.30831574688491453 0.9998756578528272 0.8890842932021722 0.473031042496533 0.01540768900051994 0.1468817504986369 8.636200109118152E-4 
13829.229040305612 4.617570095287235E-5 5.1662437163632965E-5 0.2758392754337021 0.276071021049345 0.9999328683984934 0.9834029588074902 0.6038630642834423 0.009143198084347047 0.04850970788807929 8.331383435099361E-4 
39939.94548134659 1.0681693802499324E-4 1.370466547524111E-4 0.09419698269002597 0.28815547563282623 0.9998203557683941 0.8048591013097323 0.9203003005436793 0.01334101492735255 0.13075882222657687 0.00518238124296298 
31180.45235570994 6.556018587256308E-5 1.9512801814405145E-4 0.27397066132863596 0.27882597778908536 0.9999377303765109 0.8890842932021722 0.59158607654313 8.77893608580948E-4 0.15025703181395977 1.7534179880655592E-4 
31180.45235570994 6.575663469663981E-5 2.1626604878488803E-4 0.3035580961065541 0.3085377350991813 0.9998756578528272 0.8890842932021722 0.473031042496533 0.01540768900051994 0.1487802506261605 1.7534179880655592E-4 
36574.69248278385 6.575663469663981E-5 1.9399788593949828E-4 0.2792075170026882 0.2811778686718588 0.999856889707672 0.8890842932021722 0.473031042496533 7.915417598408853E-4 0.15005391424415984 1.7534179880655592E-4 
39797.13428179541 1.2064619652517998E-4 2.168408661213386E-4 0.07767512526269499 0.28566763934558415 0.9999275622080007 0.885793787529122 0.4628654728632494 0.029189082521192913 0.14926650164678684 1.651831587660593E-4 
1633.1514685868424 1.4279120587674254E-4 2.4143940001907735E-4 0.23263239559480292 0.2326815410537482 0.9999413513812261 0.7136648462524147 0.4866050735827928 0.0010212533581093978 0.4910801289140801 8.88230284825512E-4 
37001.748107176594 1.0272125156796639E-4 1.9963747272497121E-4 0.30807720422610896 0.30920894586502373 0.999922024179081 0.8871238745117133 0.5573538670973628 0.001235052483378323 0.14300057845744726 2.4063829932291953E-4 
19391.69568984622 1.135405616399328E-4 4.636152235858338E-4 0.26717502132160365 0.2701207696114539 0.9999383411609273 0.9516910991938521 0.5680794163057404 5.501140393421064E-4 0.06750266767697437 5.206964346134719E-4 
21667.21426052696 1.3544023684909632E-4 1.6691020491328338E-4 0.2713925377137062 0.2737626272587075 0.9999416478350391 0.9479071122897194 0.6996586260027933 7.463762605677631E-4 0.024460021817147043 0.001570438883770204 
39860.03434820122 2.8910909610593118E-5 1.352322429417078E-4 0.026928029626542893 0.2659916886366213 0.9999165851195313 0.9522980185127562 0.5204356104295743 0.07851517606166723 0.024941513362824012 8.979217802572159E-4 
39442.88727535881 4.271540648879304E-6 3.5799836106738004E-4 0.3144996321181081 0.32394377720214407 0.9998658700728547 0.954693875699778 0.6030050275329576 0.00889704123965937 0.07216415313596605 0.0013848095291221917 
39475.32278016038 3.068360287237213E-5 1.4246876161430844E-4 0.2041364495134806 0.303008658471983 0.9999424963727342 0.7539062868128722 0.9309800361469792 0.012235587661440284 0.1303524247905126 0.0051452664177287135 
37998.17480835285 1.3870862697111018E-4 2.312575761258198E-4 0.18293407379961035 0.30571109177446065 0.9999456048985196 0.8873874979900297 0.6050905798889795 0.007419643386154256 0.14755374440520044 0.002961154119976663 
39222.2244314765 6.767676469392328E-5 1.279893904802434E-4 0.10664030458484489 0.28180908671512017 0.9999390378945467 0.9071639574162584 0.6940975066746354 0.019604532505866364 0.041428061272047026 5.132429189273385E-4 
39475.32278016038 3.068360287237213E-5 1.3752530962150942E-4 0.18237287780250364 0.3030158858393105 0.9999160899146464 0.9252106562508056 0.868395774098688 0.07670346915419217 0.1450994682264968 0.0029655157988307023 
39873.81188993886 7.768971266236649E-5 1.1455784082528922E-4 0.027472311614693094 0.29923595673231684 0.9999157990679383 0.8889273034479293 0.4555952792338688 0.2261228693667967 0.2648259871182762 0.0013292244673224585 
39489.99106866063 1.859507752090992E-5 8.123699053573942E-5 0.2132220203724664 0.30465668617856295 0.9999210510839498 0.06035211979193372 0.5682468792532938 0.0015363095218718205 0.06603612290495747 8.591285014734938E-4 
11025.547189119265 7.223937948577582E-5 1.3299740759571867E-4 0.26743244031894325 0.27419579814197087 0.9999387973015169 0.12901569168236382 0.5909656274619554 1.4687392718519716E-4 0.02732285098829827 3.1988647678468765E-4 
30227.997738901762 6.733649324792678E-5 1.3946360923228858E-4 0.2698090980250071 0.27218731125785006 0.9998227608872943 0.893401349015616 0.3247821383566496 7.869462233190665E-4 0.15014661054589076 1.7594198044880305E-4 
39850.146230816994 9.159481973130403E-5 1.4846927065436668E-4 0.0997116476070682 0.28208635454805914 0.9998429854580428 0.7867345618248033 0.5049536028290831 0.010042523963093505 0.06468969850635581 2.7755408061912114E-4 
39977.751565261584 1.0796766519343967E-4 1.4859145607833154E-4 0.09758804517860216 0.28180908671512017 0.9999802081789773 0.7860568798980925 0.4674634460227074 0.0202682300368457 0.06468969850635581 6.774832533221926E-4 
39476.08749724291 1.0816205223573966E-4 1.3357880628672882E-4 0.01969330556382315 0.2697582658501404 0.999971941995262 0.7863631920032557 0.8875178149344679 0.053517478873094014 0.06488067779464252 0.009671379012926657 
39635.36498482364 2.8152763264528787E-5 1.4777962354852657E-4 0.2838998416567304 0.30544363905001337 0.9999398722004558 0.8139422000947253 0.5704672424110233 1.4687392718519716E-4 0.026296434170845866 0.0010550246131458478 
39885.19531175968 4.0555479558130627E-5 1.3009786092675146E-4 0.017675898451293665 0.2872583462748896 0.9998514602677477 0.8926704491099914 0.4555952792338688 0.31424134823224975 0.2648259871182762 0.0013292244673224585 
31321.066784134404 6.010041790762483E-5 1.5772873394853472E-4 0.2727038503338622 0.2739115517183361 0.9997484037996485 0.9630056525953928 0.4329085237017348 0.0010318598130335584 0.12293796124791663 0.0017942888421032671 
38791.78422722687 7.223937948577582E-5 1.3299740759571867E-4 0.26743244031894325 0.2994983459645381 0.9999387973015169 0.838249830714259 0.5909656274619554 1.4687392718519716E-4 0.02732285098829827 0.0010550246131458478 
28275.620090549535 1.1323295954454894E-4 1.3946360923228858E-4 0.26981250667791906 0.27270907769308667 0.9998227608872943 0.8173189521666712 0.3247821383566496 4.842900614415276E-4 0.19392434829036598 1.6064702878689722E-4 
8637.9343181715 6.0653983945505704E-5 1.5792424577735142E-4 0.2656885371340404 0.27088587160830124 0.9997442278208392 0.9608020493165217 0.46127692848781987 3.8840985513592663E-4 0.01697861527769707 0.0014497498157028659 
37838.589769048296 7.222311371770404E-5 8.338234306480311E-5 0.3144996321181081 0.3216956809847305 0.999918097615668 0.9981938929226273 0.601370192390674 0.014167986356404342 0.2736538144565545 0.0013848095291221917 
37302.96006648821 9.310800798690675E-6 1.6798474344531349E-4 0.2971656776506689 0.3028511154184838 0.9999640845101354 0.8833847084718168 0.4356314902557125 0.0021020069929947593 0.06479967831350952 3.2447991701223993E-4 
39748.296176649106 5.939081865687933E-5 1.400552516937118E-4 0.09696529100396262 0.2866251085783644 0.9998219488940534 0.7419008447202909 0.688447216074515 3.2993291652282444E-4 0.13423768613208115 0.005226134333150068 
38791.78422722687 7.223937948577582E-5 1.3299740759571867E-4 0.2397477996581199 0.30612186041970263 0.9999387973015169 0.8488133425234486 0.589087793342735 1.4687392718519716E-4 0.026678093014485735 0.0010566883457904864 
13829.229040305612 4.617570095287235E-5 5.1662437163632965E-5 0.27143043523457616 0.276071021049345 0.9999328683984934 0.9834029588074902 0.6123213219512189 0.005785436657989227 0.04850970788807929 8.331383435099361E-4 
39481.76801007668 1.0816205223573966E-4 1.3357880628672882E-4 0.02359972039095072 0.2651955348827963 0.999971941995262 0.7863631920032557 0.833003931877219 0.010635025676966482 0.06488067779464252 0.009671379012926657 
39293.73309124667 1.3218426998843605E-4 2.312575761258198E-4 0.18293407379961035 0.30571109177446065 0.9999469772362441 0.8873874979900297 0.6050905798889795 0.007419643386154256 0.1522265723009667 0.002961154119976663 
39635.36498482364 2.8152763264528787E-5 1.4777962354852657E-4 0.2838998416567304 0.30544363905001337 0.9999398722004558 0.838249830714259 0.5704672424110233 1.4687392718519716E-4 0.026339328793759047 0.0010550246131458478 
39848.444772159586 2.8152763264528787E-5 1.4777962354852657E-4 0.30544363905001337 0.3066545231550796 0.9999398722004558 0.8918904680731713 0.5704672424110233 0.013899694286391729 0.021111482663569006 1.9645260328028836E-4 
39461.12946061877 1.1360826621005902E-4 1.4846927065436668E-4 0.11726666346234635 0.28180908671512017 0.999944982525167 0.7836609968811067 0.4674634460227074 0.002752626476699582 0.0735710917256355 0.0010674776382262757 
39477.99135411526 4.35707000539689E-5 8.026013344636525E-5 0.2521950349661794 0.29930205737153764 0.9999240931622699 0.7990211517192035 0.9548422567659197 0.001510920224222248 0.003711603997366225 8.684282288906951E-4 
37470.017363458726 6.767676469392328E-5 1.370049070892466E-4 0.10664030458484489 0.28213974780679 0.9999390378945467 0.893225333390099 0.6940975066746354 0.019604532505866364 0.04391726196319806 5.132429189273385E-4 
11946.346227443772 9.652486510767344E-5 4.6052024565266934E-4 0.26851857014275776 0.27057264186433705 0.999749646615686 0.98168752023902 0.45785543251793764 0.010877211868693318 0.016892916390571267 8.278448187443128E-4 
39464.002017681356 1.1619590892237205E-4 1.5398308312034362E-4 0.2653714720766434 0.31454596572758997 0.9997516749916198 0.8384564852082256 0.6045371644841061 0.0030479490089588383 0.06515547940744183 0.0013828458943308235 
39481.359726433024 2.3616171944506443E-6 1.2335435226301582E-4 0.02359972039095072 0.3011374711969192 0.9999086481948622 0.9450554923769741 0.8129350247591998 0.010635025676966482 0.2937075503691656 0.001595379973708318 
11025.547189119265 7.243582830985256E-5 1.3299740759571867E-4 0.26743244031894325 0.27419579814197087 0.9998570429821909 0.12901569168236382 0.47241059341503483 1.4687392718519716E-4 0.02732285098829827 3.1988647678468765E-4 
4839.815441691553 9.884663974812062E-5 1.383265515431637E-4 0.27146937670327553 0.2737611304257518 0.9998153605808933 0.04703644551782521 0.4625130623019956 0.004647932029181248 0.10957557240283634 1.3946429070730697E-4 
39968.879013877304 3.193370219941882E-5 1.0440061258981746E-4 0.22882589574939882 0.30284072062643513 0.9999516787004042 0.9084156667219749 0.8781848864345354 9.009338920037244E-4 0.04208070244734792 0.0010694684416728529 
39481.76801007668 1.0816205223573966E-4 1.3357880628672882E-4 0.01970915977829918 0.26978869899207303 0.999971941995262 0.7863631920032557 0.8875178149344679 0.053517478873094014 0.06488067779464252 0.009671379012926657 
8637.9343181715 6.0653983945505704E-5 1.5792424577735142E-4 0.2656885371340404 0.27088587160830124 0.9999783171862852 0.9608417196459494 0.4796928756069881 3.597563812416608E-5 0.021506978155917327 0.0014497498157028659 
39733.626763749824 1.38268056156915E-4 1.4166102940251033E-4 0.09696529100396262 0.28815547563282623 0.9998522901853641 0.5626614006808969 0.6544833111087961 0.010559738936534446 0.13423768613208115 0.005226134333150068 
39475.32278016038 1.511390195922606E-5 3.068360287237213E-5 0.2041364495134806 0.3200762239883913 0.9999424963727342 0.9224465489485382 0.9887557699890799 0.12443004108810272 0.020471821133870145 0.007900747769762127 
39316.61455333431 4.129001744359493E-5 4.8988377131896674E-5 0.21846576967518416 0.30008538022403686 0.9999210510839498 0.9744768353746587 0.5843469803555941 0.0018933986562925153 0.07971034930438267 8.591285014734938E-4 
39066.17322064259 8.355057179614115E-5 1.5402955783380703E-4 0.24489668834528086 0.304898148430722 0.9999159059903211 0.9537172232438345 0.9698907082459672 7.771385148274356E-5 0.005140821622289935 0.0010498346130240444 
39018.326742295765 6.010819766549813E-6 3.1396695526821815E-5 0.24505830734147208 0.3056826761883288 0.9999167503662078 0.9537172232438345 0.9344321875840844 0.002713693291426074 0.02843436499642084 0.0014143578166795957 
39931.5211749157 1.3329797224783117E-4 1.4052117550750556E-4 0.018638817563608717 0.26522464601067697 0.9999856979354963 0.8410855553582047 0.833003931877219 0.00397067195444571 0.06488067779464252 0.009372937885016752 
39475.32278016038 3.068360287237213E-5 1.0919801324944835E-4 0.2041364495134806 0.3033282567316447 0.9999424963727342 0.7591590690494631 0.9309800361469792 0.07760253952824364 0.010237967372229533 8.940389231278001E-4 
39930.829173508966 1.0440061258981746E-4 1.0919093003435295E-4 0.250792548558693 0.3034212013052035 0.9999452570072004 0.9311562869376134 0.5838054691398089 1.6688640695320094E-4 0.0029970632383067835 0.0014018963923575626 
39463.9622039187 1.133326802224637E-5 1.6798474344531349E-4 0.2715672680516841 0.3028511154184838 0.9999640845101354 0.9635545723747984 0.43584638616665267 0.0013792221704615952 0.08143645956023249 3.1661358330667844E-4 
39848.53026323151 2.3616171944506443E-6 1.2335435226301582E-4 0.02359972039095072 0.3011848553686397 0.9999086481948622 0.9450554923769741 0.5266481850554209 0.010635025676966482 0.2937075503691656 0.001595379973708318 
39635.36498482364 2.8152763264528787E-5 1.4777962354852657E-4 0.2726338039423602 0.30544363905001337 0.9999398722004558 0.838249830714259 0.5704672424110233 1.4687392718519716E-4 0.026339328793759047 0.0010550246131458478 
39454.77714726262 2.1787291118176142E-5 5.036129512792173E-5 0.09758804517860216 0.28180908671512017 0.9998429854580428 0.7860568798980925 0.9181628597209226 0.0048832826425432435 0.06625549633683162 5.207877297195796E-4 
39554.894572620935 2.4763664555152735E-6 1.686991664000099E-4 0.2803622172891428 0.31577533875809866 0.9999636789783226 0.9204463813459434 0.8803750153165508 4.0083620972236524E-4 0.13347017690913038 0.0052096633812227814 
39489.99106866063 1.0440061258981746E-4 1.6393554060526691E-4 0.2132220203724664 0.3030443035757485 0.9999182108619559 0.991050919253884 0.5682468792532938 9.320379138190652E-4 0.06557732576298747 0.0010635958848520472 
9718.567607224013 1.3854471961810924E-4 1.5792424577735142E-4 0.2656885371340404 0.27088587160830124 0.9997442278208392 0.9608020493165217 0.46127692848781987 3.8840985513592663E-4 0.01697861527769707 0.0014497498157028659 
39475.32278016038 3.068360287237213E-5 1.0919801324944835E-4 0.2041364495134806 0.3033282567316447 0.9999424963727342 0.7591590690494631 0.9309260302572367 0.07760253952824364 0.010237967372229533 8.940389231278001E-4 
39316.61455333431 4.129001744359493E-5 4.772342848396709E-5 0.21846576967518416 0.30008538022403686 0.9999210510839498 0.9744768353746587 0.9732425044019772 0.0018933986562925153 0.07971034930438267 8.591285014734938E-4 
38791.78422722687 7.223937948577582E-5 1.3778141279676315E-4 0.2699690090056363 0.30937656750310705 0.9999387973015169 0.8372876856290703 0.590177887241136 0.0011757892614269957 0.02732285098829827 0.0010550246131458478 
9718.567607224013 1.0498372161791306E-4 1.5430556486683802E-4 0.2656885371340404 0.2719746129208395 0.9997442278208392 0.9089736601471804 0.4547003550811164 3.8840985513592663E-4 0.007670129108632857 0.0014497498157028659 
39463.9622039187 9.310800798690675E-6 1.6798474344531349E-4 0.300942849372835 0.3028511154184838 0.9999640845101354 0.9635545723747984 0.4356314902557125 0.0029390976035604723 0.14509903176811265 3.2447991701223993E-4 
28275.620090549535 1.1348911449212513E-4 1.8140292468541878E-4 0.26981250667791906 0.27270907769308667 0.9998183396778196 0.1873490146088687 0.3474599207669874 4.842900614415276E-4 0.21408829425360854 1.3973103789951673E-4 
39216.45545022776 2.995350396140218E-5 1.0440061258981746E-4 0.23374780845910645 0.3030171132862896 0.9999516787004042 0.9084156667219749 0.5934432536459071 9.009338920037244E-4 0.04208070244734792 0.0010688041922894806 
21667.21426052696 1.3544023684909632E-4 1.6691020491328338E-4 0.2713925377137062 0.2737626272587075 0.9999416478350391 0.9479071122897194 0.8465797018250525 7.463762605677631E-4 0.024460021817147043 0.001570438883770204 
11946.346227443772 1.3534250255562553E-4 4.6052024565266934E-4 0.26851857014275776 0.27057264186433705 0.999749646615686 0.9634133302366231 0.45785543251793764 7.420643497500295E-4 0.015949822367088032 8.937526487237831E-4 
37470.017363458726 6.767676469392328E-5 1.370049070892466E-4 0.10664030458484489 0.28213974780679 0.9999390378945467 0.893225333390099 0.6940975066746354 0.019604532505866364 0.04391726196319806 5.132429189273385E-4 
39554.894572620935 1.0496529203470497E-5 1.400552516937118E-4 0.2803622172891428 0.31577533875809866 0.9999715081037261 0.9459493065898096 0.8803750153165508 0.012194545975105834 0.13347017690913038 0.0051361382945222115 
39489.99106866063 4.236315831527445E-5 7.599906637890976E-5 0.21207917494695472 0.2993944381197532 0.9999185668370861 0.8889155095614003 0.5682468792532938 0.0015363095218718205 0.1443240931874598 8.591285014734938E-4 
39489.99106866063 4.129001744359493E-5 8.123699053573942E-5 0.2132220203724664 0.2993944381197532 0.9999210510839498 0.06035211979193372 0.5682468792532938 0.0015363095218718205 0.06603612290495747 8.591285014734938E-4 
39481.359726433024 2.3616171944506443E-6 1.2371183555624473E-4 0.02359972039095072 0.2651955348827963 0.999971941995262 0.7863631920032557 0.8675610123822154 0.010635025676966482 0.06767497836202069 0.00981223445788849 
39746.317273786444 1.0211208579455771E-5 1.711127670752358E-4 0.23225116525186815 0.302681961073681 0.9999640845101354 0.04100590354752498 0.5682468792532938 0.0013149854728202737 0.08257465662656917 0.0010702027698445784 
39475.68404461159 1.3329797224783117E-4 1.4052117550750556E-4 0.019925432181742864 0.26522464601067697 0.999975736105604 0.880498164901907 0.833003931877219 0.00397067195444571 0.06488067779464252 0.009372937885016752 
39216.45545022776 2.995350396140218E-5 1.0440061258981746E-4 0.23374780845910645 0.3030171132862896 0.9999516787004042 0.9084156667219749 0.5934432536459071 9.009338920037244E-4 0.04208070244734792 0.0010688041922894806 
39848.09533055989 3.904629560581006E-5 2.01515387897505E-4 0.30807720422610896 0.3093828451777176 0.9999158845258849 0.8871238745117133 0.5081390516288135 0.0031695045853047388 0.1390493057987368 2.4063829932291953E-4 
39475.32278016038 1.511390195922606E-5 3.068360287237213E-5 0.2041364495134806 0.3200762239883913 0.9999424963727342 0.9224465489485382 0.9887557699890799 0.12443004108810272 0.020471821133870145 0.007900747769762127 
38791.78422722687 7.223937948577582E-5 1.3299740759571867E-4 0.26743244031894325 0.3047605940233478 0.9999387973015169 0.838249830714259 0.5909656274619554 1.4687392718519716E-4 0.02732285098829827 0.0010550246131458478 
39478.13614264267 4.626618522443005E-5 7.599906637890976E-5 0.2517011826905809 0.30370515096513107 0.9999185668370861 0.8889155095614003 0.5680988106870454 0.0015363095218718205 0.003622112794316318 8.306335478519267E-4 
39489.99106866063 1.8661776286047274E-5 8.123699053573942E-5 0.2132220203724664 0.30465668617856295 0.9999210510839498 0.06035211979193372 0.45693366395007634 0.0015363095218718205 0.06603612290495747 8.591285014734938E-4 
39489.99106866063 4.358880494673971E-5 7.997204214490023E-5 0.2132220203724664 0.2993944381197532 0.9999240931622699 0.7990211517192035 0.9548422567659197 0.0015122242779427246 0.07357366096416364 8.684282288906951E-4 
1633.1514685868424 1.4362368910292926E-4 2.3962387434508717E-4 0.2326815410537482 0.2327929383982771 0.9999421720093047 0.7328595449650048 0.4866050735827928 6.11914676077005E-4 0.4910801289140801 6.512609713993775E-4 
39923.65882935598 1.0902984845533633E-4 1.4913505961367264E-4 0.2397477996581199 0.31129233112235555 0.9999413674730457 0.7671497527717094 0.5874728863547449 0.017320602817731567 0.026678093014485735 7.074695927474452E-4 
21667.21426052696 1.2111200836596711E-4 1.4854880226658574E-4 0.2713925377137062 0.27439924307831565 0.9999416478350391 0.9479071122897194 0.8201802409770349 0.010652816350108065 0.024460021817147043 3.9237733112076965E-4 
39461.12946061877 1.1298283293107231E-4 1.4846927065436668E-4 0.11726666346234635 0.28180908671512017 0.9998429854580428 0.7860568798980925 0.4674634460227074 0.002752626476699582 0.06468969850635581 9.726152801430541E-4 
39748.296176649106 5.939081865687933E-5 1.400552516937118E-4 0.09696529100396262 0.2866251085783644 0.9998219488940534 0.7419008447202909 0.688447216074515 3.2993291652282444E-4 0.13423768613208115 0.005226134333150068 
39475.68404461159 1.3064373577055167E-4 1.4052117550750556E-4 0.019925432181742864 0.26643783722367964 0.999975736105604 0.9229005849307064 0.833003931877219 0.00397067195444571 0.06488067779464252 0.009372937885016752 
39441.326666530964 3.968176871127795E-6 3.068360287237213E-5 0.2041364495134806 0.3239736011431279 0.9999424963727342 0.9627325847798258 0.9252017524952598 0.12443004108810272 0.09638194797071109 0.00131433086145452 
39216.45545022776 2.995350396140218E-5 1.0464671981617242E-4 0.2658108472928791 0.3030171132862896 0.9999516787004042 0.9084156667219749 0.5933621513706078 8.641138592958731E-4 0.04208070244734792 0.0010688041922894806 
39552.4575320853 6.010819766549813E-6 1.3175556784619463E-4 0.24505830734147208 0.30407392444915626 0.9999159059903211 0.9659084102137536 0.9344319068740141 0.002497428710450671 0.02843837325331139 0.0010812656166142751 
39424.93308117396 1.0211208579455771E-5 1.6798474344531349E-4 0.23034084410992717 0.3028511154184838 0.9999640845101354 0.9475835055865923 0.5682468792532938 0.0013149854728202737 0.08143645956023249 1.6888288798213978E-4 
39618.71604198201 7.086713474476427E-5 1.3299740759571867E-4 0.26743244031894325 0.3042535915508589 0.9999341613427695 0.8501996539906647 0.894841637876503 2.1758363640450498E-4 0.02732285098829827 0.0010550246131458478 
39923.84685694155 1.0440061258981746E-4 1.0919093003435295E-4 0.250792548558693 0.3033294841786238 0.9999452570072004 0.7547891877096408 0.5838054691398089 1.6688640695320094E-4 0.010755828741011051 0.0010688041922894806 
38791.78422722687 7.246486587519991E-5 1.3299740759571867E-4 0.22924827106818452 0.3047605940233478 0.9999249717229985 0.838249830714259 0.5807586107398853 1.403867718007609E-4 0.02732285098829827 0.0010492488380821727 
39554.894572620935 1.0496529203470497E-5 1.400552516937118E-4 0.2803622172891428 0.31577533875809866 0.9999639362012335 0.9459493065898096 0.8803750153165508 0.012194545975105834 0.13347017690913038 0.0051361382945222115 
