-0.563 5722.0 
0.619 2837.0 
0.619 2837.0 
-0.563 5722.0 
0.585 2860.0 
-0.321 3554.0 
-0.531 4649.0 
-0.421 3843.0 
-0.561 5599.0 
-0.364 3673.0 
0.076 3178.0 
0.148 3133.0 
-0.4 3778.0 
-0.548 5007.0 
-0.0050 3230.0 
-0.549 5090.0 
-0.506 4356.0 
0.053 3195.0 
0.315 3032.0 
-0.555 5258.0 
-0.56 5513.0 
-0.441 3927.0 
-0.535 4728.0 
0.031 3206.0 
-0.562 5674.0 
-0.303 3525.0 
-0.552 5209.0 
0.368 2998.0 
-0.525 4576.0 
-0.546 4951.0 
0.115 3157.0 
-0.035 3254.0 
-0.558 5433.0 
0.014 3228.0 
-0.556 5334.0 
-0.469 4075.0 
-0.169 3357.0 
0.545 2884.0 
0.197 3103.0 
-0.19 3383.0 
0.609 2843.0 
-0.463 4034.0 
-0.242 3447.0 
-0.119 3313.0 
-0.557 5363.0 
-0.158 3353.0 
0.397 2979.0 
0.219 3089.0 
-0.098 3298.0 
-0.5 4297.0 
-0.135 3337.0 
-0.489 4210.0 
-0.29 3503.0 
-0.226 3431.0 
-0.543 4901.0 
0.255 3073.0 
0.34 3013.0 
0.53 2897.0 
-0.452 3978.0 
-0.51 4413.0 
-0.559 5470.0 
-0.476 4111.0 
0.499 2920.0 
-0.434 3890.0 
0.271 3062.0 
0.476 2928.0 
-0.542 4871.0 
-0.536 4766.0 
-0.43 3873.0 
-0.485 4178.0 
0.34 3013.0 
-0.456 4001.0 
-0.217 3418.0 
-0.36 3646.0 
-0.279 3490.0 
-0.342 3607.0 
-0.256 3463.0 
0.296 3042.0 
0.24 3076.0 
-0.514 4452.0 
-0.207 3402.0 
0.105 3164.0 
-0.519 4493.0 
-0.389 3736.0 
-0.551 5144.0 
-0.541 4826.0 
-0.389 3736.0 
-0.342 3607.0 
0.167 3127.0 
-0.523 4542.0 
0.431 2957.0 
0.505 2916.0 
0.279 3051.0 
0.38 2991.0 
0.229 3082.0 
0.421 2962.0 
0.452 2947.0 
-0.131 3322.0 
-0.055 3267.0 
-0.04 3258.0 
