0.623 2834.0 
0.623 2834.0 
-0.564 5783.0 
0.113 3160.0 
0.556 2879.0 
0.067 3185.0 
-0.362 3659.0 
0.511 2905.0 
-0.425 3883.0 
0.143 3135.0 
-0.549 5040.0 
-0.45 3979.0 
-0.016 3235.0 
-0.533 4694.0 
0.595 2862.0 
-0.513 4438.0 
-0.16 3352.0 
-0.239 3436.0 
-0.506 4363.0 
-0.559 5500.0 
-0.102 3299.0 
0.331 3018.0 
-0.562 5648.0 
-0.343 3611.0 
-0.539 4812.0 
-0.502 4338.0 
-0.409 3810.0 
0.21 3098.0 
-0.376 3707.0 
0.574 2865.0 
-0.497 4268.0 
0.255 3068.0 
-0.561 5599.0 
-0.523 4557.0 
-0.466 4067.0 
0.434 2954.0 
-0.555 5268.0 
-0.484 4169.0 
-0.56 5542.0 
0.503 2913.0 
0.014 3218.0 
0.174 3117.0 
-0.543 4893.0 
0.296 3042.0 
-0.286 3523.0 
-0.558 5421.0 
0.162 3126.0 
0.413 2971.0 
-0.552 5167.0 
-0.438 3927.0 
-0.541 4875.0 
-0.474 4098.0 
-0.28 3489.0 
-0.308 3555.0 
0.618 2838.0 
-0.546 4960.0 
-0.182 3374.0 
-0.145 3336.0 
-0.557 5409.0 
-0.397 3755.0 
0.356 3008.0 
0.4 2976.0 
0.038 3204.0 
-0.52 4536.0 
-0.382 3724.0 
-0.085 3292.0 
-0.536 4745.0 
-0.528 4624.0 
-0.447 3969.0 
-0.494 4244.0 
-0.406 3800.0 
0.277 3052.0 
-0.528 4624.0 
-0.264 3487.0 
0.479 2925.0 
-0.553 5190.0 
-0.435 3906.0 
-0.258 3461.0 
0.236 3085.0 
0.453 2941.0 
0.377 2990.0 
-0.556 5340.0 
-0.546 4960.0 
-0.537 4767.0 
0.05 3197.0 
-0.339 3598.0 
-0.328 3575.0 
-0.556 5340.0 
-0.563 5714.0 
-0.488 4209.0 
0.296 3042.0 
-0.466 4067.0 
0.27 3058.0 
-0.044 3260.0 
-0.133 3333.0 
-0.551 5102.0 
-0.124 3318.0 
-0.563 5714.0 
-0.208 3416.0 
-0.057 3269.0 
-0.565 5867.0 
0.621 2836.0 
0.621 2836.0 
-0.565 5867.0 
-0.562 5635.0 
0.502 2912.0 
-0.56 5539.0 
-0.552 5203.0 
0.356 3002.0 
-0.002 3228.0 
0.562 2874.0 
-0.147 3337.0 
-0.555 5274.0 
0.455 2946.0 
0.184 3123.0 
0.529 2894.0 
-0.563 5733.0 
-0.533 4688.0 
-0.536 4784.0 
-0.564 5777.0 
-0.121 3315.0 
-0.23 3447.0 
-0.522 4523.0 
0.392 2982.0 
0.031 3209.0 
-0.084 3287.0 
-0.548 5045.0 
-0.559 5456.0 
-0.462 4028.0 
0.151 3131.0 
-0.063 3268.0 
-0.493 4250.0 
-0.192 3387.0 
0.398 2980.0 
-0.044 3261.0 
0.309 3031.0 
-0.545 4922.0 
-0.354 3651.0 
-0.558 5418.0 
0.428 2958.0 
-0.21 3401.0 
-0.281 3506.0 
-0.428 3887.0 
-0.531 4655.0 
-0.335 3608.0 
-0.171 3360.0 
0.329 3029.0 
-0.269 3479.0 
-0.47 4076.0 
0.341 3015.0 
0.141 3137.0 
0.121 3150.0 
0.588 2857.0 
-0.308 3537.0 
-0.537 4817.0 
0.217 3092.0 
-0.516 4477.0 
-0.551 5119.0 
0.258 3069.0 
-0.125 3319.0 
-0.503 4328.0 
-0.547 5001.0 
-0.487 4212.0 
0.515 2903.0 
-0.474 4094.0 
-0.556 5351.0 
0.292 3046.0 
-0.479 4140.0 
-0.546 4962.0 
0.579 2863.0 
-0.416 3840.0 
-0.505 4384.0 
0.111 3156.0 
-0.515 4449.0 
-0.176 3363.0 
0.095 3166.0 
-0.525 4584.0 
-0.409 3811.0 
-0.455 3990.0 
0.038 3201.0 
-0.421 3863.0 
-0.369 3692.0 
0.43 2957.0 
0.055 3192.0 
0.609 2845.0 
-0.551 5119.0 
-0.5 4297.0 
-0.527 4601.0 
-0.316 3559.0 
-0.435 3930.0 
0.454 2947.0 
-0.444 3967.0 
0.231 3082.0 
-0.542 4862.0 
-0.082 3286.0 
-0.557 5355.0 
-0.021 3237.0 
0.076 3187.0 
-0.507 4419.0 
-0.028 3243.0 
0.619 2837.0 
-0.563 5712.0 
-0.504 4339.0 
0.152 3131.0 
-0.431 3875.0 
-0.446 3942.0 
0.107 3171.0 
0.597 2851.0 
-0.561 5603.0 
-0.552 5144.0 
-0.456 4011.0 
0.058 3190.0 
-0.535 4741.0 
0.566 2876.0 
-0.474 4108.0 
-0.544 4917.0 
0.004 3222.0 
-0.554 5220.0 
0.388 2983.0 
0.276 3059.0 
-0.56 5521.0 
0.364 2998.0 
0.409 2969.0 
-0.122 3316.0 
0.248 3077.0 
-0.482 4192.0 
-0.519 4486.0 
-0.079 3282.0 
-0.414 3836.0 
-0.558 5415.0 
-0.562 5681.0 
-0.2 3389.0 
-0.559 5479.0 
-0.152 3342.0 
-0.265 3466.0 
0.194 3105.0 
0.537 2890.0 
-0.541 4830.0 
-0.488 4235.0 
-0.241 3438.0 
-0.402 3778.0 
-0.475 4114.0 
-0.185 3372.0 
-0.557 5369.0 
-0.555 5276.0 
-0.019 3238.0 
0.325 3030.0 
0.314 3036.0 
-0.556 5317.0 
-0.549 5038.0 
-0.515 4447.0 
-0.303 3522.0 
-0.453 4003.0 
-0.389 3741.0 
-0.539 4808.0 
-0.224 3418.0 
-0.054 3263.0 
-0.533 4672.0 
-0.52 4553.0 
-0.507 4409.0 
-0.216 3409.0 
-0.254 3451.0 
0.271 3063.0 
-0.353 3633.0 
0.55 2886.0 
-0.091 3290.0 
0.028 3211.0 
0.229 3083.0 
-0.547 4979.0 
-0.346 3610.0 
0.194 3105.0 
-0.32 3558.0 
-0.282 3493.0 
-0.104 3304.0 
-0.55 5069.0 
-0.529 4623.0 
0.216 3099.0 
-0.332 3579.0 
0.481 2932.0 
-0.526 4599.0 
0.346 3015.0 
0.513 2904.0 
-0.282 3493.0 
0.13 3144.0 
-0.546 4964.0 
-0.383 3731.0 
-0.035 3249.0 
-0.488 4235.0 
-0.374 3689.0 
-0.337 3591.0 
-0.169 3361.0 
0.429 2959.0 
-0.378 3699.0 
-0.366 3662.0 
0.468 2937.0 
0.348 3014.0 
-0.363 3654.0 
-0.523 4564.0 
0.449 2952.0 
-0.532 4660.0 
-0.566 5945.0 
0.625 2832.0 
0.548 2883.0 
0.484 2924.0 
-0.522 4534.0 
-0.543 4896.0 
-0.314 3542.0 
-0.548 5015.0 
-0.285 3495.0 
-0.213 3409.0 
-0.511 4446.0 
0.32 3026.0 
0.294 3051.0 
0.193 3104.0 
-0.454 4007.0 
-0.552 5136.0 
-0.013 3235.0 
-0.554 5251.0 
0.091 3171.0 
-0.239 3436.0 
-0.556 5332.0 
-0.527 4621.0 
-0.562 5660.0 
-0.549 5063.0 
-0.558 5441.0 
0.365 2997.0 
0.232 3087.0 
0.17 3118.0 
-0.367 3668.0 
-0.043 3258.0 
-0.559 5505.0 
-0.085 3288.0 
-0.463 4066.0 
-0.471 4084.0 
-0.445 3966.0 
0.108 3160.0 
-0.196 3385.0 
-0.067 3273.0 
0.061 3190.0 
-0.385 3724.0 
-0.557 5380.0 
-0.401 3774.0 
0.601 2849.0 
-0.561 5576.0 
-0.506 4388.0 
-0.534 4691.0 
-0.415 3824.0 
0.277 3062.0 
-0.438 3931.0 
-0.103 3302.0 
-0.432 3900.0 
-0.127 3324.0 
-0.171 3365.0 
0.028 3208.0 
0.255 3066.0 
-0.476 4153.0 
0.431 2959.0 
-0.565 5854.0 
-0.479 4159.0 
-0.538 4766.0 
0.385 2985.0 
0.477 2931.0 
-0.503 4322.0 
-0.151 3341.0 
0.345 3009.0 
-0.404 3797.0 
0.065 3186.0 
-0.536 4745.0 
-0.182 3373.0 
0.451 2946.0 
0.128 3150.0 
0.457 2942.0 
0.338 3014.0 
0.576 2865.0 
0.59 2856.0 
0.423 2967.0 
0.219 3099.0 
0.624 2836.0 
-0.564 5782.0 
-0.563 5706.0 
0.022 3219.0 
-0.051 3260.0 
-0.354 3634.0 
0.155 3131.0 
-0.56 5560.0 
-0.54 4826.0 
-0.249 3452.0 
-0.565 5854.0 
-0.564 5782.0 
-0.425 3867.0 
-0.508 4414.0 
-0.502 4310.0 
-0.269 3484.0 
-0.423 3849.0 
-0.343 3631.0 
-0.155 3346.0 
-0.363 3656.0 
-0.54 4826.0 
-0.497 4267.0 
-0.257 3464.0 
