73.13687754537483 0.37234446504115554 82.0 1489.3455620701911 1468.253653618891 1049.4641950139448 196.0 
0.009007554614626212 51.81933898804376 250.0 32.67141103103055 15.58068661087583 0.35842969351597276 25.0 
0.238616826829611 63.696138211532755 247.0 39.46135846722733 92.16201335572805 3.2852471149593896 0.0 
1.1393679617567738 70.51529248174458 247.0 33.363361081946486 30.26352628337736 140.52315913017526 0.0 
0.35759105981020234 69.30149230032526 247.0 46.23082864134942 19.456385154948954 2.031227265741122 0.0 
0.02181253671021366 50.652943911004776 229.0 140.81169580119524 418.0912067598108 11.638829456396529 20.0 
1.1393679617567738 56.8521034159932 247.0 33.363361081946486 30.26352628337736 107.18788278436514 6.0 
0.16409938977078742 46.60683018656368 228.0 265.5955686798648 341.85611395861673 16.93225941620968 31.0 
71.7038373083584 0.23306683405593487 82.0 1499.6765025137868 1459.8901349821338 784.1129019141915 196.0 
0.7668564100329558 51.35581989085608 229.0 380.73255095933763 368.74695812348125 11.901733447144522 14.0 
4.497285081444021 55.239676992068965 239.0 65.70363143002444 216.79369447192823 15.95847587675574 10.0 
0.238616826829611 44.95254774625664 245.0 46.26090748586762 141.2496529906722 15.660990047769966 50.0 
36.25527523161425 0.22261871058820415 98.0 985.7873527225311 539.5785718391476 197.07333466429822 196.0 
0.7768521093333198 51.486201682989105 227.0 369.4525509419897 314.9960833571454 89.360483392156 13.0 
1.0262336244646963 63.10108940959725 239.0 121.04053927167101 107.50985323755 5.068403661250251 0.0 
49.554823277012005 0.2758022071851567 96.0 1044.7565137310676 379.48234106280165 335.6856379358178 196.0 
39.0613765815374 0.37685598614387317 89.0 1302.9009899157231 556.882969725585 372.6298290079615 196.0 
42.471639965071844 0.3075991567507247 90.0 995.8392947006911 526.2273380504681 393.8917903666994 196.0 
0.35759105981020234 63.89050392183826 240.0 118.8385827438608 217.37161178401664 1.904108694702051 0.0 
66.61457279742508 0.23735015925706393 83.0 1494.2010250702288 1411.4819324481102 546.4103370938353 196.0 
4.579107713428934 51.43410504568623 192.0 539.0659864399194 391.47777028330296 5.4856519534463075 17.0 
37.40586496583891 0.27280605475666403 84.0 1474.7200533042264 771.1777944357767 456.9836107697798 196.0 
0.238616826829611 55.345997883325325 243.0 90.70484755149957 73.75435205174958 16.406583464433286 14.0 
0.238616826829611 63.696138211532755 226.0 267.8847507008712 293.1305275672753 3.2852471149593896 0.0 
0.9756024969175092 54.39822649656819 238.0 118.05418558686515 231.27856318620468 5.932413898359844 8.0 
0.238616826829611 63.696138211532755 245.0 56.95464523428882 114.3793962004815 6.751619555877625 0.0 
294.5824460758025 0.33715547249681627 83.0 1468.1218657186926 1202.7556848039392 552.8544874787324 196.0 
0.007493920382737773 50.652943911004776 243.0 29.960544157285565 391.998699714767 11.978883591931057 28.0 
0.9745383652404636 54.39822649656819 247.0 33.363361081946486 224.32237453051746 15.917505612338303 17.0 
47.50259054269086 0.3100606133346025 84.0 1484.8325922354325 881.1060477664789 362.7966428762199 196.0 
40.72531285087259 0.3028391696353919 84.0 1494.1947819016937 556.1611484986466 354.30146984349733 196.0 
75.7907792650442 0.2441677802838016 82.0 1494.089196290821 1294.636079055899 516.7409370172859 196.0 
36.25527523161425 0.22261871058820415 100.0 990.2403487674529 425.1680481016508 197.07333466429822 196.0 
40.89199244465629 0.2492074552216238 102.0 883.1780344212161 444.083504619062 238.15434795243294 196.0 
67.36427530295045 0.28450374552982904 83.0 1490.304112454205 918.212299292351 513.3839808526451 196.0 
1.220867451906655 45.601622902856484 227.0 317.5335561280889 333.5880194343599 16.386505619477603 34.0 
2.992287637566644 63.67826594743494 244.0 34.79059299362781 169.74499454558088 13.93065704892904 0.0 
61.26269695001787 0.3730263012423754 83.0 1496.715527892144 1144.4036609064135 472.7076564971255 196.0 
0.1268005815106248 52.27047201988001 242.0 100.22995774068104 92.16201335572805 15.887458960502602 25.0 
0.010702075685531998 65.89879312357485 239.0 76.62408383410181 329.1167788326736 11.730480329781333 0.0 
39.04075778745405 0.37685598614387317 89.0 1301.2268609305168 550.8282995421857 183.80313471892586 196.0 
1.2026862148016944 52.57248487087664 229.0 135.55047511551751 376.545712271204 12.686928003697261 12.0 
8.070945459327346 3.4026722861467675 139.0 701.0477202278895 355.95990199067876 320.2240245828607 189.0 
0.16729481547112274 50.94769816595111 239.0 114.5975720648122 240.40884414969844 23.202580637630614 13.0 
0.16729481547112274 50.94769816595111 244.0 69.86410325747555 176.5340217776132 23.202580637630614 28.0 
0.035785561723393755 45.00807869717865 239.0 47.174516337685176 401.3337913391898 15.64091220281428 34.0 
0.7768521093333198 55.389564591872094 227.0 352.3176500017924 315.07283740004647 91.59413280928287 2.0 
1.0262336244646963 43.7679792680184 192.0 557.1842222368728 374.84134883424355 124.21502144145151 42.0 
1.7902132462302465 51.34398637671622 242.0 40.1854037272395 299.45026681509586 17.15616056889269 27.0 
6.27728921851932 1.2546453621812295 192.0 695.7867857596689 328.9636028571916 61.36347819536769 197.0 
65.71636773185202 0.30564486437240646 85.0 1358.0981690543595 556.1611484986466 354.30146984349733 196.0 
66.61248116650854 0.32339542396270193 83.0 1499.6678882210258 991.3699265803723 655.4159297323191 196.0 
1.0251694927876507 63.10108940959725 246.0 36.023886428385 100.55384476924426 5.068403661250251 0.0 
40.89199244465629 0.22261871058820415 105.0 886.4903653392752 458.8709095378281 59.37854711239228 196.0 
1.5176958799524165 62.151275487078536 229.0 100.02093935978257 371.34959928667234 43.393956031769655 0.0 
256.60833866774567 0.3100606133346025 83.0 1485.6791590851155 878.6552271047062 461.152941128393 196.0 
30.411856688871218 51.486201682989105 193.0 460.49472685459045 299.45026681509586 14.135792074424408 16.0 
4.531043083152795 63.922322398670715 245.0 20.077109217450143 216.79369447192823 6.167119469635232 0.0 
1.1555551027009776 46.748203205673434 244.0 49.71157625320632 174.1806378622308 20.93082129482079 42.0 
0.3643267655549112 63.87492979683668 192.0 689.6169359137017 393.2285846532744 7.676708915512389 0.0 
0.1335639859792268 46.67309102095107 205.0 575.5916027764247 344.14401717705346 6.226965340605976 31.0 
0.007493920382737773 50.652943911004776 239.0 46.79401149126595 391.998699714767 11.978883591931057 28.0 
61.26269695001787 0.3730263012423754 83.0 1496.715527892144 1144.4036609064135 798.3971778022242 196.0 
2.992287637566644 63.67756950652257 240.0 35.95598065381985 328.91237301785543 11.484449923677332 0.0 
0.27166985581837705 64.53760488497063 243.0 39.33824907653474 344.58991602653975 3.2852471149593896 0.0 
8.271866346349972 44.637263020567794 196.0 512.0269946225766 314.69189689718536 22.7252667067288 38.0 
66.61248116650854 0.32598278593299373 83.0 1499.2862360989066 923.593427384947 655.4159297323191 196.0 
44.149090079695235 0.2758022071851567 84.0 1499.4161711661336 626.2857717190543 345.97918542334065 196.0 
0.7768521093333198 55.389564591872094 227.0 352.3176500017924 314.9818961307353 19.287468124759673 2.0 
8.070945459327346 3.4026722861467675 145.0 701.0477202278895 355.95990199067876 181.33666012331625 189.0 
40.194658767443535 51.35581989085608 193.0 380.73255095933763 368.74695812348125 86.60481738462599 7.0 
1.1393679617567738 52.57248487087664 236.0 173.74871531758322 160.86490837726282 13.93065704892904 9.0 
96.2554133536042 0.2399206835397617 83.0 1499.4161711661336 673.695219756459 345.97918542334065 196.0 
0.9253870719489619 52.007531425532605 192.0 600.9632142837737 391.47777028330296 111.2614445065455 12.0 
1.2026862148016944 52.57248487087664 236.0 173.74871531758322 160.86490837726282 38.42415289188729 9.0 
96.2554133536042 0.2399206835397617 83.0 1499.4161711661336 715.9201183650081 345.97918542334065 196.0 
0.7976655429330205 49.66074260239222 233.0 197.82061567673767 205.4653785821866 11.95266808943095 20.0 
0.5105914856326592 55.3129148693424 237.0 396.135318647358 368.74695812348125 86.60481738462599 2.0 
0.35759105981020234 62.47475190355405 240.0 118.8385827438608 140.0763976976972 1.8256103809146031 0.0 
0.035785561723393755 55.40152883424367 234.0 91.61845157280857 333.5880194343599 16.386505619477603 14.0 
256.60833866774567 0.3100606133346025 83.0 1484.8325922354325 1111.911519934735 463.91754889083956 196.0 
73.13687754537483 0.3328540931173097 82.0 1489.4819053865015 1468.253653618891 590.2837645493712 196.0 
0.035785561723393755 45.048544209506815 235.0 59.91051765558877 401.3337913391898 41.27087329982799 33.0 
0.9253870719489619 52.007531425532605 192.0 600.9632142837737 391.47777028330296 47.317781868167415 12.0 
47.50259054269086 0.3125049208168542 84.0 1484.8325922354325 872.1610874798405 447.5717680548102 196.0 
73.13687754537483 0.3328540931173097 82.0 1489.4819053865015 1468.253653618891 590.2837645493712 196.0 
0.035785561723393755 55.40152883424367 234.0 91.61845157280857 333.5880194343599 16.386505619477603 14.0 
54.84317110805241 47.348308953702514 193.0 409.08259809488345 371.90132076435776 26.898766522473807 31.0 
66.61248116650854 0.32598278593299373 83.0 1483.7455254706972 950.2832654895079 670.864838474477 196.0 
4.813606891362404 6.561031400620176 148.0 912.5154131482357 387.9725782893246 171.77111058764538 171.0 
40.3740595753882 0.3059154911757827 87.0 1350.3425783649143 371.90132076435776 309.8291848722124 196.0 
8.719015527299035 2.856103027159816 140.0 701.0477202278895 473.6826084054985 204.3428432047138 189.0 
0.3643267655549112 4.878459147303246 191.0 678.7728434529394 395.07051395132515 49.40804805550032 182.0 
39.04075778745405 0.37685598614387317 89.0 1305.6783935067701 436.41777580506675 440.638228023538 196.0 
40.39515099561405 0.37685598614387317 87.0 1354.834201008 556.882969725585 372.6298290079615 196.0 
67.36427530295045 0.37308834693058135 83.0 1489.2254187584992 1315.587654190617 659.654018308822 196.0 
0.238616826829611 63.18480007082622 243.0 41.63524516640189 314.88175989926043 19.455594922064876 0.0 
0.27166985581837705 64.53760488497063 242.0 39.33824907653474 344.58991602653975 24.467042804207885 0.0 
0.2549889829815221 49.047627376304604 247.0 39.33824907653474 218.0288610029385 12.211222476871876 35.0 
67.36427530295045 0.37308834693058135 83.0 1489.2254187584992 1315.587654190617 659.654018308822 196.0 
648.393539622607 0.06078190551324587 82.0 1499.1436859047105 1455.0121088486853 758.2205736181804 196.0 
1.3781391917565906 65.76099002746274 250.0 21.879598441615283 164.3271033294983 45.5929244877955 0.0 
0.2564233115591573 50.518482649353444 248.0 22.258851241452113 306.3327237880808 32.497342714207036 28.0 
7.56952004115583 0.4445728798189028 121.0 1033.1964523292343 439.7308096328211 234.19973646849633 196.0 
4.034295681516383 43.96789470330482 226.0 195.84073563613265 308.11899199473 106.55489179828973 30.0 
253.7430846682848 0.4086221751984649 82.0 1499.9711960721472 1168.6466140824705 693.5358256492411 196.0 
0.26169755652832516 45.20694030976993 249.0 22.258851241452113 286.1732198407725 32.497342714207036 46.0 
36.43231970696898 0.1744561235608435 104.0 852.5306669635908 489.5327490860137 154.2136579792276 200.0 
0.3154659432129481 45.35100164838456 229.0 278.18997077514996 318.04745623746345 50.04722593856386 38.0 
68.4975101903204 0.05912537132785789 83.0 1499.059871579049 1041.5137759089764 763.3505551169832 196.0 
0.21799958198395838 42.74191410159568 252.0 3.361856857605659 248.96355955871772 28.69579573263815 55.0 
69.62830463675132 0.3855851542334935 83.0 1485.6712663273668 932.4944765031357 490.6323285164019 196.0 
0.27191684616404 42.40897908107084 229.0 347.11310109097803 301.48268889135926 28.69579573263815 38.0 
0.2546115059389945 45.20694030976993 229.0 278.18997077514996 218.22418347880506 30.94587920918035 38.0 
79.08499109156642 0.25311368305193865 83.0 1490.205110733175 805.4571791245314 628.598138887662 196.0 
0.07371461726608602 47.39864464359792 250.0 23.287934017999756 187.0678427489245 31.21917702601898 43.0 
0.40269581129494303 56.216504690819086 192.0 570.6628946693984 369.512813419012 110.03448271420501 1.0 
64.41177364604718 1.5487645109816839 97.0 1485.6712663273668 1027.3292064559955 478.63035954234374 189.0 
0.2634015575654972 45.20694030976993 250.0 22.258851241452113 204.86196177424944 32.497342714207036 50.0 
1.9120266699637452 43.241449323569356 227.0 201.01286335154458 324.38472406773826 83.56646264223622 34.0 
37.645935428271535 0.16516284662048747 106.0 744.2281905796524 526.5352359151686 153.22441851837914 200.0 
0.6530181790632867 43.902700365602804 238.0 60.72518751038623 308.0643929744256 41.14409545145017 44.0 
25.521186576803572 0.21236591343567815 102.0 1249.8200151792903 524.1837444338487 221.3839025676396 196.0 
0.31463070397213455 45.20694030976993 247.0 22.258851241452113 318.1434320551312 32.497342714207036 41.0 
0.29521150705957666 76.85298508363161 245.0 34.28776848940504 305.584524053898 82.40208642192466 0.0 
59.59682760478293 0.2128519552890829 84.0 1477.3295064338188 566.3916822730308 312.2385089731457 196.0 
72.1459964761685 0.2218823253373967 83.0 1490.5406727961235 1041.5137759089764 500.49786342094285 196.0 
3.1590973938079525 43.1537628502176 192.0 636.7806860612161 369.7707283732652 82.2915148595402 45.0 
436.50380786615915 0.18658454901000626 82.0 1499.6183820311448 1203.5310667968472 713.4679129246954 196.0 
3.851322076889616 43.135882611155175 180.0 636.7806860612161 416.6101418386459 118.5185256857674 45.0 
1.1186986695547585 42.82466035212765 233.0 107.57342863709735 309.7865909138768 40.369672494123 47.0 
70.34743070097625 2.3682949867622973 129.0 810.6959454854203 332.6868859682519 215.53974509656064 193.0 
38.66783888204406 0.176213338567535 84.0 1490.1656506405698 1174.4614968430271 422.4582477289116 196.0 
0.32492922469936936 56.216504690819086 194.0 570.6628946693984 369.512813419012 56.52034304951506 1.0 
0.21799958198395838 42.74191410159568 252.0 3.361856857605659 228.04243756534686 28.69579573263815 57.0 
0.2901315066614825 47.40019843828245 223.0 478.86191362262093 309.9587450143858 62.851031682631444 31.0 
0.2605598549381103 72.90726481614398 244.0 67.23147667048849 218.22418347880506 30.94587920918035 0.0 
38.66783888204406 0.176213338567535 93.0 1073.5215356180086 498.7995556169387 304.017419900799 196.0 
82.61352247297145 0.24560547245449169 83.0 1486.917261553503 793.9311463324326 493.12527939242455 196.0 
3.1517094344160292 3.5668845942856393 192.0 552.3417411158398 289.2818686781678 81.53969649924707 192.0 
0.2585326320919024 43.92831997921606 237.0 132.15941854552557 205.90200478415565 30.52641521022278 49.0 
0.2546115059389945 45.20694030976993 216.0 497.81069753871816 218.22418347880506 83.30063478836868 38.0 
70.25779869361 0.1965590878202386 84.0 1495.9587791387341 561.0695658267882 446.94174838136576 196.0 
65.37564046114743 0.3543317667244048 84.0 1491.526968299687 478.013397412202 313.3040385083728 196.0 
0.2907084288167675 45.20694030976993 226.0 300.89865347740886 286.1732198407725 33.4372378564012 38.0 
39.69188959906094 0.3970983334929549 97.0 1034.8215947308022 438.52869260203363 301.3112562223313 196.0 
37.645935428271535 0.16516284662048747 113.0 744.2281905796524 367.36865414916474 153.22441851837914 200.0 
2.755168108036198 46.07858284082271 180.0 748.8775616652878 350.381150910462 213.7033179681024 35.0 
4.5158292548252525 49.82830426632658 244.0 23.287934017999756 246.47109577908472 62.461894353057374 23.0 
1.682956318806017 62.83159091555993 249.0 21.879598441615283 164.3271033294983 45.5929244877955 0.0 
0.21799958198395838 42.74191410159568 232.0 222.26063560419541 224.9285677066144 28.69579573263815 34.0 
0.26977465425090097 47.40019843828245 230.0 268.2273261756943 306.71854438781884 62.45962725953969 31.0 
3.7484543758132247 0.3970983334929549 123.0 1452.9906683134711 438.52869260203363 301.3112562223313 196.0 
0.5582041743326625 43.96789470330482 229.0 195.84073563613265 308.11899199473 33.59084785825282 30.0 
39.41634514858085 0.17359699190874064 84.0 1492.3278664196985 679.6414418741929 490.52697639887737 196.0 
0.26977465425090097 47.40019843828245 218.0 478.86191362262093 370.4376856023179 62.851031682631444 31.0 
0.25635606497163943 42.85267553152202 226.0 470.402081856464 319.46119422305725 85.05409538025997 40.0 
39.69188959906094 0.3964377360184571 90.0 1034.8215947308022 441.8520683991211 449.92498045164393 196.0 
0.0987779575566774 42.881209853038655 249.0 16.621646817246372 218.23359708811202 68.70654409070397 57.0 
0.05465383134988999 42.891570558208514 228.0 437.268455736878 312.0556224439146 70.85732003605861 34.0 
8.812207885475935 2.4082700112312994 142.0 744.5997123948802 332.6868859682519 233.67824717399384 193.0 
0.05465383134988999 42.891570558208514 228.0 400.0521019124405 312.0556224439146 70.85732003605861 34.0 
29.92699012102478 0.36223004339936216 97.0 1493.7179867966888 587.5728502090058 223.33998218730028 196.0 
182.40977921267023 0.176213338567535 104.0 1072.6158046600442 374.47594213200523 217.19234730573146 196.0 
0.26977465425090097 47.40019843828245 184.0 722.5178938967515 360.9163839910371 154.1275126993021 31.0 
0.5582041743326625 43.96789470330482 229.0 195.84073563613265 308.11899199473 33.59084785825282 30.0 
0.07332644762638818 47.45310145534172 250.0 23.287934017999756 183.2898764607965 83.00730968343251 43.0 
0.25635606497163943 43.03962730168916 233.0 74.51654276175728 370.64443090142186 56.144691690439416 47.0 
679.049306021617 0.17127585727590844 82.0 1493.3669465756823 1404.2604636106714 715.0951980110203 196.0 
72.43637144401931 0.4161521032753515 82.0 1496.0330415743565 1386.7247014763484 579.4525801803907 196.0 
1.296323202172133 47.14051396450021 226.0 358.34251030756394 333.1402754887105 42.40485389233936 30.0 
3.1517094344160292 44.04370347268961 202.0 545.3337278071238 289.2818686781678 81.53969649924707 42.0 
4.256096235344977 0.38942250132871903 143.0 739.1672867236193 467.83676763330243 206.35732123419416 200.0 
38.21318746715018 0.3970983334929549 91.0 1070.8446828482531 568.832953915869 301.3112562223313 196.0 
679.049306021617 0.17127585727590844 82.0 1493.3669465756823 1404.2604636106714 715.0951980110203 196.0 
65.82210747536644 0.36150651794780586 84.0 1493.8679864623357 681.2739927025133 549.6848089087646 196.0 
0.2634015575654972 45.20691320742147 244.0 22.258851241452113 396.8935712772758 32.497342714207036 35.0 
0.22478941212092174 50.95478233058799 250.0 23.287934017999756 246.47109577908472 62.461894353057374 28.0 
0.2546115059389945 45.20694030976993 230.0 497.81069753871816 255.10382264274267 83.30063478836868 38.0 
295.04430654053544 0.33517371977884086 83.0 1492.8910017338844 805.4571791245314 310.24430656602556 196.0 
33.44244273939483 0.17435700170732912 94.0 1447.7835891874915 499.0399530010151 152.29454076316802 196.0 
0.27191684616404 42.74191410159568 234.0 117.58033711371698 301.48268889135926 28.69579573263815 47.0 
74.30360691841653 0.24457317620002006 83.0 1490.7692705655709 1275.059886130976 732.5628304178771 196.0 
0.2235502041255184 45.297397333969556 244.0 23.07512328235395 409.5340395015057 71.36729867772715 34.0 
1.212036376761244 47.4835355618912 243.0 34.64124025812578 332.73603270746406 42.40485389233936 27.0 
25.098556818616984 0.20891934394968936 102.0 1474.9175235134146 524.1837444338487 221.3839025676396 196.0 
0.036317351390958486 43.92831997921606 237.0 136.45138344057804 182.69773999987694 80.96980009193553 51.0 
37.30664068457769 0.35527808613856054 84.0 1485.7742950366655 702.7918380174052 313.3040385083728 196.0 
3.2459664645726143 43.135882611155175 191.0 636.7806860612161 371.13829530477915 118.5185256857674 45.0 
37.30664068457769 0.3543317667244048 90.0 1485.7742950366655 444.818242773507 313.3040385083728 196.0 
3.2945038391851185 2.3683634254514283 147.0 810.6959454854203 332.6868859682519 231.14138767434534 193.0 
72.73571278436151 0.4092723936572429 83.0 1485.2861283119125 756.3657305299386 526.1946505047689 196.0 
4.316765127565329 0.38946553057172933 139.0 739.1672867236193 467.83676763330243 301.1280972841431 200.0 
39.41634514858085 0.17359699190874064 84.0 1490.208319960856 686.4745359759513 560.9195862552012 196.0 
1.3786360692820097 42.09054310050805 243.0 30.763170009858584 250.247441331395 81.60888542489042 58.0 
72.43637144401931 0.4161521032753515 82.0 1496.0330415743565 1386.7247014763484 579.4525801803907 196.0 
74.37996785176762 0.24457317620002006 83.0 1490.7692705655709 1275.059886130976 732.5628304178771 196.0 
4.316765127565329 0.38946553057172933 139.0 739.1672867236193 467.83676763330243 301.1280972841431 200.0 
0.15199478661790522 42.59169362790682 228.0 407.6255939647057 323.53076392233805 83.22950459249697 34.0 
3.2459664645726143 43.135882611155175 191.0 636.7806860612161 371.13829530477915 118.5185256857674 45.0 
149.95077774093258 0.23538438270658582 82.0 1497.6223095100197 1425.9585204918078 833.2817481334969 196.0 
3.381846399603149 56.542858567272006 261.0 14.803306205129388 8.69139496478823 6.739082736360513 5.0 
0.5336676414347394 56.69186465038364 240.0 85.04429505342989 273.3388747584959 3.0334748116302204 1.0 
0.27489621968219513 50.83399481993024 228.0 251.76930047053375 352.21865679361434 5.315894851170873 16.0 
3.387342080991813 59.931800023811604 240.0 71.366736685149 247.11561144407236 3.45213947104327 0.0 
3.3427587743895044 51.039053477132676 225.0 157.70650082886976 382.5211059327344 1.3966434527891352 24.0 
3.387342080991813 60.536638905182095 236.0 71.91520539488018 327.0863878281822 2.7732546877027993 0.0 
2.323941174111561 64.43742421313429 238.0 78.49066864414246 303.54051316201867 5.376300442418908 0.0 
128.88872837260251 0.21762718380714813 82.0 1497.4922756686128 1156.310859166887 711.0459773921257 196.0 
3.3506806374000857 60.29461322754838 225.0 317.92356227500727 325.27843011089374 5.315894851170873 0.0 
0.3983229913876851 56.66852558869031 249.0 29.10138834934707 128.10136058521846 6.803649236837793 7.0 
3.3556347121292687 0.35191999627523174 146.0 568.1209142281391 391.42250503361066 289.32733823678495 204.0 
10.744104272174614 55.47221359764512 229.0 88.57134908212626 81.06271214207315 0.5167359386307653 6.0 
3.445051210366853 60.940812154459415 236.0 123.1444426900746 187.7597631823781 3.602685874037576 0.0 
27.896331677123435 64.43742421313429 203.0 443.7117282287147 307.9887823110415 5.376300442418908 0.0 
3.425729530231285 67.60853712946654 248.0 66.12451384041503 4.219800669555127 4.201169197483379 0.0 
3.420247985744232 56.71970351031707 240.0 71.34141095360974 204.9984054256967 2.9053488544635444 0.0 
40.84351226066938 0.21746937523535875 84.0 1493.3731170234532 1043.6839115193209 476.4119804562688 196.0 
4.775360629803897 0.304650799661736 143.0 733.601583743214 515.7047404213625 4.047171325617114 200.0 
3.37024673548274 3.888008814799413 150.0 732.7775746554051 375.982430469228 232.05496596488305 186.0 
3.422788810025298 51.039053477132676 228.0 94.47782724457397 382.5211059327344 3.786326032318935 26.0 
0.7866723194183116 60.56948105162706 241.0 85.04429505342989 190.48370592558516 3.0334748116302204 0.0 
29.715424535344727 0.2149685879718498 98.0 1183.1873419624494 513.8200863943888 543.6905351438886 196.0 
0.3983229913876851 51.196229820004646 239.0 153.74394218793327 127.55066966087023 7.38277456505493 14.0 
0.10422205784634464 54.32530185967114 243.0 75.91494398715375 125.11828104153989 7.659765151055935 17.0 
90.80190529900636 0.25994844378684756 82.0 1497.6232940428777 1408.1632481745678 525.8801468930674 196.0 
0.2860475551512658 56.74975961940953 241.0 41.5692266107259 364.3768047228759 4.203539888637304 3.0 
332.08734458330014 0.25820482487759666 83.0 1497.881265708772 944.9673430898964 436.3133515979617 196.0 
23.07886844062783 18.420323210803495 140.0 921.1038486361418 455.6843234558811 19.27131137502954 132.0 
0.693237977119695 66.46335609704086 246.0 171.02881587113455 12.710168260430123 24.528919646189706 0.0 
3.3506806374000857 60.29461322754838 228.0 147.29348902278025 325.73415412379177 5.315894851170873 0.0 
62.57619658059076 0.25994844378684756 83.0 1487.191181397761 1408.1632481745678 366.3566751573447 196.0 
29.65688331187596 0.23695550033157933 98.0 1111.9361025115677 524.3893051702823 287.6000898141854 196.0 
29.715424535344727 0.21772116292033655 87.0 1493.5463172090833 631.5845540876451 612.9625060615981 196.0 
3.418643189374392 54.59257086306001 242.0 66.12451384041503 21.63042435140698 4.201169197483379 12.0 
62.143771705363385 0.23542794223084995 84.0 1497.6223095100197 489.838274158593 377.99171379596464 196.0 
3.45960776819141 56.71970351031707 240.0 70.61777555648236 156.85852582325316 2.9053488544635444 0.0 
28.314283140536475 64.43742421313429 193.0 479.09705693975604 303.54051316201867 5.376300442418908 0.0 
392.7090792495683 0.26094218894187127 83.0 1497.8730355181756 894.3483253872541 436.3133515979617 196.0 
267.5174151056875 0.25994844378684756 82.0 1497.6232940428777 1141.0013984626569 552.2403457860173 196.0 
60.06358102403931 0.23695550033157933 83.0 1499.7567378646704 1062.0384276382065 575.6374760073652 196.0 
2.259747670827 51.7287134702032 226.0 461.513702304782 294.6200436989675 9.914475533033437 11.0 
0.3094576301810372 51.29764947576507 245.0 141.74447970326656 17.424743056973213 0.2146474080597529 28.0 
28.45731211305973 0.5592940101076813 127.0 1492.5016851326102 543.5692944654577 458.9022738203908 193.0 
0.37171585356444936 56.714117681060245 234.0 73.87551586920631 364.00168120366277 3.0540336843354448 3.0 
0.20844030833112104 51.037556124705006 206.0 499.83369785163336 352.21865679361434 3.6489564713801323 16.0 
0.5336676414347394 50.81027403250501 229.0 239.68585358037328 308.177998369927 0.7564548958131105 11.0 
31.86014392215099 2.116366607633651 127.0 1401.8678416184514 437.39118860523206 441.5580894318441 189.0 
0.8672213845728953 53.38564233730835 241.0 50.68400192918146 313.4673186678283 7.269869856650309 20.0 
4.114041992208346 56.922247174085165 240.0 76.75748524037128 28.842271770632944 7.114408039625236 4.0 
4.384133113096719 61.54283307831777 250.0 17.380816818865057 24.757444123849666 5.332501996972873 0.0 
29.715424535344727 0.21601022328399727 98.0 1182.4607006401268 513.8200863943888 327.8264794926898 196.0 
4.114041992208346 56.922247174085165 240.0 76.75748524037128 28.842271770632944 43.62314540074499 4.0 
4.189914853446023 66.44380863552448 259.0 11.69097014655972 12.710168260430123 24.528919646189706 0.0 
26.773778739946742 0.2058862237951189 101.0 1110.122127814739 526.2110141389749 160.09987573664193 196.0 
3.423889252738811 56.71970351031707 238.0 71.34141095360974 288.20064528556327 2.7929829890823084 1.0 
129.09290713132089 0.2369183312766076 83.0 1492.6040463690958 501.42635291146735 579.0700779355025 196.0 
3.802469483803776 56.71970351031707 240.0 70.61777555648236 21.62672939695179 2.9053488544635444 4.0 
0.10422205784634464 54.35312113155912 243.0 74.73020539813592 139.1958606130875 4.200372586042036 17.0 
30.738205869478964 0.30451470466651526 97.0 1183.1873419624494 513.7269662587788 0.6033474352195753 196.0 
0.5604918335242293 46.045575678606404 228.0 239.68585358037328 278.053174634515 0.7564548958131105 34.0 
31.86014392215099 0.20137357018269428 95.0 1372.8326182494743 516.3475977043958 458.9022738203908 196.0 
28.827739899471375 2.107333916727644 127.0 1487.7286716438628 437.39118860523206 441.0095479033267 189.0 
3.4188245076411685 46.4655613211253 213.0 464.65840771490963 236.82106540358467 57.387021855282065 35.0 
76.96443181219433 51.039053477132676 192.0 578.7161543330701 381.6916733761565 0.5980441333892266 17.0 
26.773778739946742 0.2058862237951189 102.0 1026.5739081707156 369.4913950600872 229.9790016307033 196.0 
60.06358102403931 0.23695550033157933 83.0 1485.1304666611115 1053.1338147961233 575.6374760073652 196.0 
457.29585426924245 0.21564905466155665 83.0 1497.7064327243597 740.7074919036144 542.7420980759534 196.0 
40.8279234016225 0.21765410943307262 84.0 1491.9028078011847 638.0110921171046 382.6035360170755 196.0 
0.27489621968219513 141.26665674109773 227.0 313.88019798837 352.21865679361434 5.315894851170873 0.0 
3.422788810025298 51.039053477132676 192.0 578.7161543330701 382.5211059327344 1.3966434527891352 17.0 
10.504347137377602 51.70556357331181 208.0 455.488504574628 434.58317583302977 35.539105558778004 12.0 
23.07886844062783 18.420323210803495 143.0 782.9349872916367 455.6843234558811 19.27131137502954 135.0 
398.2097982061504 0.4837649104897981 82.0 1499.2323800871895 1135.9503663280514 614.1662922812994 196.0 
392.7090792495683 0.26094218894187127 83.0 1495.8760985958013 836.8710273819572 436.3133515979617 196.0 
4.454697328669398 65.95295673844012 239.0 72.39471586750778 138.8215165894961 7.96709829566844 0.0 
98.19471425637366 0.20681905094113812 82.0 1498.3112079810887 1418.8365582261774 654.8933588761823 196.0 
26.420498150501867 0.5002038331782672 128.0 1119.8537295835063 414.7533975273516 249.92238409887676 193.0 
4.189914853446023 56.6033377792561 252.0 11.69097014655972 105.87666424033225 4.225036939056091 4.0 
3.544477142736787 56.93734011298886 252.0 4.224135677617937 288.0734747396621 0.5228443000899201 2.0 
129.31676983250844 0.2058862237951189 110.0 784.3701552686562 369.4913950600872 229.9790016307033 200.0 
3.427755729836185 56.922247174085165 240.0 66.10512344120828 69.32406756599276 5.735696385333643 5.0 
26.773778739946742 0.2058862237951189 102.0 922.5390166132291 369.4357125353031 229.9790016307033 196.0 
29.712877956940442 0.2047020062117918 100.0 741.4873339420552 513.6913852598701 299.14577658859986 200.0 
26.773778739946742 0.2058862237951189 102.0 1039.0384694028105 392.082717026531 306.70129267701464 196.0 
3.9233435005749815 3.888008814799413 190.0 728.586555560435 375.982430469228 8.01400288614445 186.0 
28.50420360310624 1.1474342780330709 128.0 1175.3682144900235 412.7928261923123 0.5186625049342837 193.0 
10.504347137377602 51.70556357331181 214.0 315.5616099454827 357.72408737154353 36.14048747286324 19.0 
3.4188245076411685 60.940812154459415 192.0 632.637884845996 370.6182751875939 3.5593352166167413 0.0 
332.62812176590455 0.21564905466155665 83.0 1497.714662914956 740.7074919036144 436.3133515979617 196.0 
29.715424535344727 0.21601022328399727 98.0 1182.4607006401268 330.44449390735815 310.41993430859407 196.0 
61.538036245130996 0.2603914522203594 83.0 1498.3890845189644 1359.3198407808443 540.4400949254766 196.0 
29.715424535344727 0.21601022328399727 98.0 1182.4607006401268 513.8200863943888 310.41993430859407 196.0 
4.114041992208346 59.39771562532658 238.0 31.797297852870827 378.8902118222075 0.2308564442780101 0.0 
0.4298741619606685 56.714530368081725 254.0 12.747423097657943 213.65748129938197 2.9053488544635444 7.0 
98.19471425637366 0.20681905094113812 82.0 1498.3112079810887 1418.8365582261774 654.8933588761823 196.0 
3.9087314772215183 0.35191999627523174 178.0 563.9298951341198 391.42250503361066 176.41472461061267 206.0 
5.134601953024077 66.63753008877453 195.0 477.56506049849804 381.2481821148624 8.013850672994696 0.0 
110.863215863167 0.21749124732896277 83.0 1492.141483536431 638.0110921171046 665.9880048934297 196.0 
4.114041992208346 56.93734011298886 252.0 4.224135677617937 276.85069632632286 0.5228443000899201 1.0 
282.35539684154145 0.2403082087547832 82.0 1493.0707296682035 1484.8804583423293 1260.3319704281707 196.0 
0.4859578736548561 53.61091447801138 250.0 265.903678837074 6.5761489657420675 1.9160518674843798 3.0 
0.4859578736548561 53.61091447801138 250.0 265.903678837074 6.5761489657420675 1.7249521992252261 3.0 
52.2509389037229 0.03686955270022807 83.0 1494.8720654567505 1493.5472271558706 978.5646067649617 196.0 
17.258184379301753 0.1812913455262969 113.0 710.4195013832671 464.9369394855931 291.80756783227804 200.0 
567.9249853963777 0.23265907247412532 83.0 1492.3047433360464 1093.2652327652404 751.0137393451624 196.0 
0.4859578736548561 52.11828610569503 240.0 253.84021899851575 61.794327274295945 1.9160518674843798 13.0 
1.6663819517873948 53.574838013582465 228.0 265.8986270294002 225.71125121192495 2.664048958129058 3.0 
191.54839167968407 0.15121253242078225 82.0 1491.3941921717476 1261.511825936348 787.6265440433938 196.0 
29.847143710839518 0.13155324351458236 100.0 958.5747759563421 450.60515402792856 198.23885318323426 196.0 
1.4984978602659527 53.17127976756881 233.0 389.6963043774866 91.3085560724306 4.560865343923709 15.0 
15.0223471305355 40.761200485561275 219.0 426.6454296705784 418.3580160409228 13.930067786989326 41.0 
60.82856052413867 0.3267397484305619 83.0 1497.5212174323765 1012.2127312321372 451.30956805045264 196.0 
48.41317266250371 0.09481767839743771 107.0 724.9048478779605 411.2972246658041 175.21722422429139 200.0 
59.08219664590557 0.32727159407537987 83.0 1499.7919915627701 1026.5288033649415 653.6956007854096 196.0 
67.15420091161924 0.24915169665000214 83.0 1499.769940838907 1220.637048704297 675.2829531682826 196.0 
1.0722197859173581 54.04038219316789 228.0 261.5473056844123 247.2493306392946 5.89852478792768 3.0 
14.705831393288802 0.3980048800554443 114.0 958.5379735057221 453.16839812871945 56.84304164222787 196.0 
25.961262299433844 0.12512328257134356 101.0 1494.4023262216692 486.39570142830485 221.1364244845364 196.0 
28.819300369534748 0.2646104708116865 98.0 1494.1146275046722 401.9630135828572 246.1258142881411 196.0 
1.5596936764579636 52.2802202397847 229.0 266.8453252930857 197.04432013160232 2.857085077622476 9.0 
1.5765421865816478 53.61091447801138 220.0 346.23422143214714 276.97605238838474 1.774465102658544 12.0 
103.84304870393244 0.16378896489735895 82.0 1499.5431059888847 1420.7069553794656 510.8924402135559 196.0 
1.6663819517873948 52.26301279473667 229.0 346.6316858159017 155.11963839236245 2.663518703871441 9.0 
1.661497042824068 55.70256601597818 244.0 342.56219896833284 11.576178000415766 1.9507329805065412 1.0 
1.666295543201235 51.38541354204402 228.0 261.32140390941953 309.57699321706394 0.9162142513737982 11.0 
1.9561147874896578 52.13646763563053 226.0 378.62238830006874 316.89805749354974 0.9147043521191414 13.0 
56.56936620295721 0.029969823169257073 84.0 1497.8338456514489 707.4915233771737 555.8166996839257 196.0 
7.422798355825871 46.22150805605199 175.0 701.9244579395137 434.0308035945908 8.007805169669382 35.0 
2.2908181250691584 51.24438528744488 216.0 466.84077114486814 455.7942220758987 0.44721971952893447 17.0 
26.018574705707145 0.5004625158425782 128.0 1121.5998127382438 401.9630135828572 221.1364244845364 193.0 
1.9561147874896578 52.13646763563053 226.0 342.42104304257134 316.89805749354974 0.9147043521191414 19.0 
0.4819416732440125 53.34489075858478 228.0 424.7077643936622 311.08093710292417 6.355758373719449 7.0 
60.82856052413867 0.3051294988415998 84.0 1476.6783556521243 866.8792242221332 444.5293287443756 196.0 
4.4236461560144065 52.537467915298144 242.0 298.0971768555418 12.640643450995753 1.8647219285848347 7.0 
52.49248162263846 0.09250304916993453 84.0 1491.480563784807 474.9070154936952 296.6390731124777 196.0 
4.4236461560144065 52.537467915298144 250.0 407.95524944333386 13.696894905485323 0.8767908305612191 6.0 
1.645529371491983 53.63024821383277 245.0 255.19887535370876 11.010652229418184 41.937137740340354 3.0 
56.56936620295721 0.029969823169257073 84.0 1497.5784613867963 748.2122333895583 613.8707716377675 196.0 
25.951305151266457 0.027940966054969443 101.0 1496.9971226530106 678.6080855232823 146.0472878168655 196.0 
1.6663185555189362 53.59890447690868 256.0 469.25797754050745 3.619832320826756 0.8862712626749244 4.0 
1.5341482232347734 52.13646763563053 227.0 265.903678837074 317.108003501387 0.9147043521191414 9.0 
1.5649568033430674 51.72052209598009 234.0 265.903678837074 129.8598710548499 0.8760540781881708 9.0 
1.6663185555189362 52.10627610459233 233.0 423.05285324044627 58.112951819197306 0.8862712626749244 11.0 
0.9038133544777874 52.09455814152252 231.0 425.5106106252955 114.42164727243818 6.01655811406163 9.0 
15.359917167781937 0.09481767839743771 133.0 710.4195013832671 411.62550805076484 175.21722422429139 200.0 
28.64450487799344 0.24491561705781523 88.0 1499.7691254334582 617.6327536825139 512.1955280782715 196.0 
29.847143710839518 0.13155324351458236 102.0 921.2533299262057 450.60515402792856 149.21596674490792 196.0 
1.0722197859173581 54.04038219316789 228.0 255.19887535370876 248.76642203599977 41.937137740340354 3.0 
6.465749775118514 0.39647724422063413 122.0 1121.5998127382438 576.076379250032 228.01596275258672 196.0 
7.697583425920379 2.672404297377824 167.0 724.0302160728734 422.65319739605604 65.73851906779879 189.0 
57.966387655467585 0.2578664467626151 83.0 1488.615578627982 936.7630127636419 496.2190700502257 196.0 
0.15508207702127308 90.4149570365322 227.0 346.23422143214714 216.86019996052084 6.860760249491136 0.0 
7.422798355825871 48.2313423345219 229.0 422.89756926804296 358.7289854879272 13.282564807887256 27.0 
26.018574705707145 0.5004625158425782 127.0 1477.9961868873488 698.406770655447 221.1364244845364 193.0 
59.08219664590557 0.30566134448641774 84.0 1475.390495218064 881.1952963587845 589.7129899926407 196.0 
1.528176704620693 51.38541354204402 226.0 437.2061094062107 309.57699321706394 0.9162142513737982 14.0 
29.847143710839518 0.49365051641264956 98.0 1140.829715373047 402.68295375608 219.894239424116 196.0 
1.6727346988702092 51.445583793040285 226.0 296.0527930013249 324.36116261274583 9.046957226617224 11.0 
1.320634494945777 52.68351371503612 182.0 709.5448695781799 422.9814807810167 0.7230830942239237 7.0 
60.553265586948925 0.32575398609407785 90.0 1193.9121789007702 402.37798828714045 228.01596275258672 196.0 
1.6663819517873948 53.574838013582465 236.0 266.7929522226227 88.35436164755126 2.664048958129058 6.0 
1.274908079415878 53.534976015550086 227.0 346.5615958282349 331.3686418421215 0.868056603428756 8.0 
61.03969203599178 0.32750900583385684 83.0 1497.5212174323765 1012.2127312321372 642.4913487962193 196.0 
0.9335646690670476 47.344377547903434 223.0 424.9196289738196 189.592911828673 6.293080886647736 31.0 
59.110227897574475 0.30884046773698176 83.0 1499.7252736316802 1245.1825508099284 511.55942724014403 196.0 
1.3424661704761056 54.03810384050046 231.0 276.783285082598 179.9713473713798 1.6902026733721307 3.0 
25.951305151266457 0.09599782468985102 102.0 1253.8129803239262 410.54460682298236 146.0472878168655 196.0 
1.6743337712827169 54.21228948656311 226.0 296.0527930013249 331.9834546234574 9.02215040274443 12.0 
1.661497042824068 55.70256601597818 224.0 326.6652662510156 239.90095667867348 7.875462369787595 4.0 
1.6457670851691821 51.55439965290478 236.0 301.0102434815853 71.27812125713955 1.825707058366147 11.0 
1.9500628138246365 53.14874944188927 191.0 727.7586728047196 343.2409004656131 15.901067612453858 6.0 
66.16042936802745 0.24718945659433175 84.0 1499.7691254334582 618.0477281982511 510.8924402135559 196.0 
0.4083609934357172 53.32611814719415 227.0 446.987071642504 324.36116261274583 11.949766167296627 7.0 
56.56936620295721 0.09803041681694336 87.0 1243.5680301428088 439.428047190554 427.4895752089727 196.0 
1.6550314311756877 53.61091447801138 244.0 294.57468405697944 13.247937724529493 6.094638991788523 3.0 
4.4236461560144065 52.537467915298144 249.0 475.37336520164405 13.696894905485323 0.8767908305612191 9.0 
1.0817218461449538 54.021048457346495 227.0 265.903678837074 263.47764721267845 1.9160518674843798 3.0 
1.4858794173152683 40.94164779523496 201.0 710.4195013832671 318.6135498349491 7.6052007533923955 53.0 
0.9335646690670476 81.69705904463508 236.0 424.9196289738196 508.89204591226803 6.293080886647736 0.0 
52.2509389037229 0.10366239473478037 83.0 1491.3905144968262 1493.5472271558706 787.6265440433938 196.0 
226.06106044023466 0.16397864823975178 82.0 1499.2588460954255 1492.2876479867978 501.2971488025148 196.0 
52.47914184891604 0.10265977649162945 83.0 1491.3905144968262 1493.5472271558706 787.6265440433938 196.0 
29.24250449892925 2.672404297377824 147.0 724.0302160728734 422.65319739605604 65.73851906779879 189.0 
1.6550314311756877 53.61091447801138 241.0 265.903678837074 20.94820345446489 1.9160518674843798 3.0 
2.377351384080742 2.672404297377824 177.0 724.0302160728734 422.65319739605604 0.7230830942239237 189.0 
599.008252069231 0.25761472544212816 87.0 1225.6019142719101 478.9172734400914 214.40995990118012 196.0 
1.5341482232347734 53.280352602283294 240.0 269.8132204038911 22.222377480235878 0.460306013738903 6.0 
2.377351384080742 2.672404297377824 177.0 724.0302160728734 422.65319739605604 0.7230830942239237 189.0 
1.3424661704761056 54.03810384050046 231.0 276.783285082598 179.9713473713798 6.832837706862433 3.0 
1.274908079415878 53.534976015550086 196.0 702.3859678244407 324.35762581251345 187.15595975631777 4.0 
25.961262299433844 0.49017998908002547 102.0 1248.2667254775843 485.85284650568394 221.1364244845364 196.0 
103.99325650143221 0.0906493345405766 83.0 1491.1551442313141 503.21341759642905 287.78382337587885 196.0 
1.5596936764579636 52.21491861709765 233.0 273.9051879588636 142.23410421700783 2.8296125907327947 9.0 
226.06106044023466 0.16397864823975178 82.0 1499.2588460954255 1492.2876479867978 501.2971488025148 196.0 
1.6600359029615332 54.09893976021405 203.0 553.6270637784137 316.04666888811784 29.82789154941966 4.0 
1.5341482232347734 53.283876771171684 235.0 420.7651156192056 360.620943491415 86.08961878719033 6.0 
0.4755722301700994 53.60730195662497 237.0 348.2444392828902 69.35417602257809 1.6496924758209746 3.0 
103.99325650143221 0.0906493345405766 83.0 1491.1551442313141 503.21341759642905 287.78382337587885 196.0 
1.5341482232347734 53.53400249554868 234.0 427.8167218723414 360.620943491415 86.08961878719033 4.0 
