69.41865631912414 0.05027777713219539 83.0 1489.7610969173481 1418.3287038549674 710.9582297216791 196.0 
0.017836782941213426 48.33379522765578 284.0 1.0984150520257714 2.4856626438784843 4.261704958006815 39.0 
69.41865631912414 0.05027777713219539 83.0 1489.9587965067685 1418.3287038549674 710.9582297216791 196.0 
11.542436709588653 0.1669429582198443 130.0 761.352175834405 427.1402285809552 211.27183604629113 200.0 
11.542436709588653 0.1669429582198443 116.0 1075.1675275093849 397.744647598081 211.27183604629113 196.0 
29.76894166048871 0.0562120949497958 97.0 1426.2125934070561 498.4127028811444 134.08265964414306 196.0 
72.57631276218518 0.06246684809750261 83.0 1491.1694484415523 1008.9377259389711 380.2699571433249 196.0 
243.23040392547802 0.1669429582198443 119.0 761.352175834405 427.1402285809552 211.27183604629113 200.0 
67.60850625218518 0.017018129732995484 83.0 1491.2132261762026 1296.3879846949685 699.8480622174269 196.0 
0.09406035270152424 42.25988754482456 236.0 53.10435491101421 354.54767232773486 0.029890864605985154 54.0 
50.07367541144626 0.10851717661119864 88.0 1214.4712414519925 453.9014202163851 267.8547406547087 196.0 
0.02485276121062773 47.312023377194514 253.0 205.952822556368 0.818977229815502 0.08319046718831642 22.0 
85.65027555658972 0.04510745333919061 82.0 1498.1581619077106 1069.9052553275671 365.34694298947306 196.0 
0.050740099627112484 80.78934431253404 257.0 6.233926401978353 260.9897232988503 1.7493574548133637 0.0 
3.3304958513176532 0.5110375502264819 128.0 1272.7674545205646 357.4378046600485 267.06553162443856 193.0 
69.41865631912414 0.05027777713219539 82.0 1492.8674988677633 1421.8441911862978 582.6289875935678 196.0 
57.05052561801214 0.05532390354844473 83.0 1486.2212642079091 1262.6606135134946 654.001573328573 196.0 
0.02485276121062773 47.312023377194514 240.0 204.7447336280271 66.14586870717011 0.08319046718831642 21.0 
0.11066200327265219 50.19830048716885 246.0 42.29275765506309 159.20307921276802 0.058514474879896694 32.0 
0.0370538166485336 50.19830048716885 243.0 42.29275765506309 325.260224644217 0.058514474879896694 32.0 
0.36864963261846206 46.201190038708305 237.0 419.4286928149777 365.70302340220155 82.22806561213272 35.0 
50.07367541144626 0.05802084726772261 84.0 1496.7689629188221 651.0811871322635 213.93565490354254 196.0 
3.6616976100483987 42.657056632289304 224.0 405.4350953848095 302.7417602443092 3.742958778564798 34.0 
4.922123314406724 2.935555324387514 147.0 744.6848052936689 416.6150737104161 155.37736349775258 189.0 
0.4504241468339209 52.30467581994152 267.0 7.583448419553865 13.035483260133844 0.11098687630186976 25.0 
49.3246413608221 0.0562120949497958 84.0 1495.1505355547222 733.7389618396714 594.9568866626854 196.0 
8.921553311843603 0.2539330669774573 182.0 666.9327551057596 363.9881861079082 80.71260731342616 200.0 
0.045717220239178256 49.90629301860838 250.0 24.21874094772026 196.30153826067374 4.1760740340365174 32.0 
0.11966472175860499 50.476526143735654 257.0 2.367622699725983 50.04520245464671 2.2704843501679455 32.0 
0.011547718461281227 49.83597075996184 261.0 1.0564207527011575 26.92222872229192 2.2043836521264417 32.0 
0.36864963261846206 46.22803498667439 237.0 419.4286928149777 364.6412165861461 3.8948453113100356 35.0 
67.60850625218518 0.017018129732995484 84.0 1418.1418011059911 1077.704501094268 699.8480622174269 196.0 
0.04022896055553071 42.83987457349714 251.0 7.731970114776246 69.03732107748662 4.1760740340365174 57.0 
0.0370538166485336 50.17145553920277 242.0 42.29275765506309 326.32203146027257 80.75886254373941 32.0 
66.53333156168547 0.2006491356985376 83.0 1495.0776190338402 890.323337271964 466.882817973761 196.0 
0.02678530689784435 41.49767735427596 249.0 7.23638061355652 240.05829008713425 1.586701149988008 63.0 
0.001212070975201568 52.520167096726205 250.0 20.42439440793833 265.84228451932495 4.37589068085203 21.0 
4.9880615611251375 50.444402144389244 198.0 539.4534507303439 354.0195797837032 192.9357944815011 20.0 
0.04356581102932575 50.187208208244 249.0 2.367622699725983 403.16516074988857 0.05843317424477562 32.0 
68.58840523562999 0.4946045114284846 83.0 1497.1199450780407 1150.227322588629 739.156911688088 196.0 
67.60850625218518 0.01697207637456024 83.0 1491.1743081200839 1126.978421292798 699.8480622174269 196.0 
1.0371753078976758 49.98754262839501 205.0 497.1357560887077 364.92339026323714 0.2203546993325845 20.0 
0.5840338439293928 11.83341952309543 197.0 521.3097708463058 354.0195797837032 4.214732093436879 169.0 
69.41865631912414 0.005783245819986016 83.0 1495.0981108653227 1054.86156730706 723.0416034354947 196.0 
0.02187314029006227 59.511669912027386 245.0 49.44711962429744 220.07976798988472 1.7398919116508829 0.0 
4.9880615611251375 41.85534884420102 200.0 527.4978525798742 354.0195797837032 157.72947639817028 43.0 
0.022996981405810114 42.15637548801762 229.0 288.87298274620946 220.76135012561474 1.7187684431493433 38.0 
0.02566405529945992 42.25988754482456 226.0 355.9222579722456 354.54767232773486 20.50639910337727 34.0 
0.4504241468339209 35.27835281209218 242.0 6.921296765992865 282.48809555397196 0.11098687630186976 85.0 
0.9024656304672938 42.15925017001289 225.0 289.0407053416549 276.53560419165035 1.5447561182776608 38.0 
2.0222047888489776 0.5508890619800332 127.0 1486.268095085854 480.7214873473213 264.37669262380473 193.0 
49.15733973982805 0.0562120949497958 84.0 1495.1505355547222 715.2128429152489 214.16187993299206 196.0 
0.061527935402213366 59.04831717640707 250.0 14.368028921618276 326.609758615906 0.08325762589163099 0.0 
4.295573760726706 56.23835709469169 201.0 515.7752936020561 359.5943263237112 26.450686729596256 1.0 
49.15733973982805 0.0562120949497958 84.0 1495.1505355547222 739.0130634433228 214.16187993299206 196.0 
0.1411947727678271 51.08837958966231 183.0 744.6848052936689 411.44167250621456 155.37736349775258 17.0 
11.542436709588653 0.059090082045797396 117.0 933.6040553128591 425.459204869897 262.369711813177 196.0 
4.9858779071357855 50.19830048716885 240.0 40.06823714459275 124.89665251971174 0.04336914340344511 28.0 
0.021756846646031613 42.65669373649983 251.0 6.233926401978353 221.40587643248153 1.7398919116508829 57.0 
37.77856622502444 0.056229191197664535 89.0 1480.4220589565546 438.9716122666273 369.6053072436763 196.0 
11.542436709588653 0.1669429582198443 136.0 761.352175834405 337.77071919490083 211.27183604629113 200.0 
0.08520564357728949 43.46829848531023 227.0 347.6790422493748 192.0712992886713 7.397276404229009 34.0 
0.6051888958494005 31.19930469142166 221.0 452.11208594017774 303.1080287626708 4.1315739087438 97.0 
0.04022896055553071 49.90214428550962 249.0 30.21519417981156 69.03732107748662 4.1760740340365174 32.0 
0.030871064071396503 43.39051746935824 230.0 204.82240120824565 295.9069809979606 0.0961845095433711 35.0 
0.1265411373807792 42.657056632289304 223.0 405.4350953848095 218.30769292457046 1.7543433729231843 34.0 
116.55504477602703 0.4588035898394345 83.0 1497.7329911517138 571.835301082547 160.52814835240594 196.0 
0.020622680365614765 42.25988754482456 233.0 355.9222579722456 354.54767232773486 113.94921349242955 34.0 
396.7540659797284 0.03917373962778442 83.0 1495.1505355547222 775.8627957761079 565.6152678843989 196.0 
0.05744444127163641 43.68928508766376 248.0 24.06868417719909 91.0518325214145 1.5948029924849711 53.0 
0.07718063417274734 42.657056632289304 222.0 405.4350953848095 237.03776725947915 1.586701149988008 34.0 
0.021756846646031613 42.65669373649983 240.0 49.44711962429744 308.53947936608574 1.7398919116508829 51.0 
0.11066200327265219 50.19830048716885 246.0 42.29275765506309 124.89665251971174 0.04336914340344511 32.0 
8.496079538760505 30.11742948600037 192.0 666.9327551057596 360.8584459568691 13.07455780344003 92.0 
145.00297091064542 0.05518219701713864 83.0 1495.1505355547222 775.8627957761079 197.91409686927386 196.0 
50.17633468099365 0.4217808261564851 84.0 1499.5554865880765 562.938311031623 294.95699434569525 196.0 
0.01261851250206257 52.83119309360899 235.0 247.66705825660242 159.20307921276802 0.08788962797347405 9.0 
0.15737752810070038 71.97374879615596 261.0 2.367622699725983 63.04540241382039 0.03744454617140058 0.0 
0.7919982960467021 43.39051746935824 246.0 6.938327098055217 361.3570024079528 4.589162288460496 49.0 
50.07367541144626 0.10851717661119864 84.0 1477.637517752728 514.2775707449662 270.2694159836863 196.0 
1.1533897472920456 50.94902453124568 255.0 2.6440418130457815 119.56906199558159 2.4288918260126087 27.0 
1.0949966766660308 33.151798077898434 237.0 76.55915346178995 120.35747918416254 0.062417977758271515 92.0 
0.1268055361854423 42.262762226819824 245.0 25.706305497757256 281.51605300382516 1.7529947485890447 58.0 
145.00297091064542 0.05518219701713864 83.0 1495.1505355547222 775.8627957761079 197.91409686927386 196.0 
0.12088463906663105 31.585375613300506 240.0 30.065137409295602 70.64587850499834 1.7624452154201478 97.0 
0.021740024784175915 0.5110375502264819 128.0 1272.7674545205646 357.4378046600485 275.3937340704383 193.0 
0.8032998419165347 43.39051746935824 249.0 6.938327098055217 295.9069809979606 4.464411872458604 53.0 
0.025754823038016957 39.04668733892629 228.0 330.5494655911338 333.76821682397895 1.4575844516879923 60.0 
0.050740099627112484 78.79359706216876 220.0 409.7790130904755 260.9897232988503 16.847993310083098 0.0 
38.14297937468094 0.014410997659320635 90.0 1207.840064025598 438.9716122666273 209.899566931681 196.0 
0.36864963261846206 3.3609295103543495 191.0 666.9327551057596 362.2382230443053 82.22806561213272 191.0 
1.2126744345516407 50.19830048716885 244.0 47.06119282126335 137.83866205426096 4.043867125180114 31.0 
36.65516569896686 0.840891398085752 97.0 1491.1694484415523 844.1894723361012 437.39852401659004 193.0 
0.014032016427356409 53.10180305649165 228.0 252.93850677233849 289.36788306254556 0.574679836457864 8.0 
0.50880518847113 47.312023377194514 249.0 23.43369191127505 214.1521098925 0.13765903350287578 42.0 
49.15733973982805 1.5544394905682135 128.0 1198.9014459824964 460.5713250559831 268.0809656842063 189.0 
0.15737752810070038 50.187208208244 257.0 2.367622699725983 40.22218405538236 0.03744454617140058 32.0 
0.06122977191316348 42.657056632289304 226.0 405.4350953848095 175.94751289690078 0.16506134065528277 34.0 
16.255499078696957 30.11742948600037 192.0 668.7727501295062 375.2033325928859 7.591372743892874 92.0 
38.14297937468094 0.014410997659320635 90.0 1207.840064025598 438.9716122666273 209.899566931681 196.0 
