0.014997130992469323
0.009491323840389398
0.016250514490332726
0.010975763086929022
0.007958865878083842
0.00904944352620959
0.012765055991343473
0.013380223596498562
0.009667754076373726
0.011241051354122018
0.010110222280593417
0.007022634649149642
0.01047263903539608
0.009945975654386128
0.017476387554746866
0.009379264438253758
0.010020994104029438
0.01090156045296675
0.009091541323038481
0.009667603367408198
0.01223152436881565
0.008316463604641567
0.009624024296544841
0.010465129125560043
0.01353517067352617
0.008012013776979436
0.014837138484541344
0.008636313821092222
0.017505372401028615
0.010362833733836455
