11.185940051697925 0.0 0.0 0.0 0.837320560507786 0.036254527535966 5.462477991883219 5.070190574E9 4.750809435E9 0.0 0.14046354702720132 0.7847836830484402 0.6354398901686679 0.001635578711350392 0.4254638683812604 9.933416923848912E-4 
1.1154106200165093 0.0 0.0 0.0 0.8450339238848055 0.01632509663440819 5.480263928043914 0.0 9.794582084E9 2.6417924E7 0.20844762444283352 0.6062725156647941 0.4176431700035331 2.727598041613027E-4 0.8655034059347755 0.0010388987615563058 
10.242131785184116 0.0 0.0 0.0 0.834363051136834 0.036254527535966 5.462477991883219 5.070190574E9 4.750809435E9 0.0 0.14018439139637875 0.809997533747098 0.6354398901686679 0.001795508945846866 0.42601950599972355 9.933416923848912E-4 
1.3389893912643134 0.0 0.0 0.0 0.8644588292342446 0.026744028344895383 5.450841693855643 4747599.0 9.816252406E9 0.0 0.7218959935758418 0.3193484188257582 0.4183280192548879 0.006510522497204899 0.4437445546372095 2.8399205193429817E-4 
0.16756766102289877 0.0 0.0 0.0 0.8649073461264687 0.03457948090533577 5.442294936717798 4.587381754E9 5.233618255E9 0.0 0.046721805153171286 0.8761017000867186 0.34861259156380064 2.5965195308096675E-4 0.4264944407741595 0.0010186291306582673 
4.568376095580863 0.0 0.0 0.0 0.8688525716288317 0.03408519957799602 5.439212653412372 4.893275997E9 4.92772401E9 0.0 0.11914330052357297 0.6844253045954379 0.9608874479323586 2.849311105282017E-4 0.4523642268778437 1.0731779758841667E-4 
0.025563983229471607 0.0 0.0 0.0 0.860525696215958 0.03634314935177745 5.445974932976407 4.784735248E9 5.036264757E9 0.0 0.14762372737364357 0.6388514406420748 0.6553987368725519 2.543470199586016E-4 0.778733285081213 4.2400761003957615E-4 
1.6438056132879777 0.0 0.0 0.0 0.8729829217270204 0.026119111478340708 5.443047731222125 3.472842822E9 6.348157184E9 0.0 0.09479953876096688 0.5354529467871058 0.39000474128670437 0.0015501203526189086 0.4870359840372196 1.1426549410928148E-4 
0.17920896891310756 0.0 0.0 0.0 0.8831046334978789 0.032113455630904786 5.423060730431714 3.01966881E9 6.801331194E9 0.0 0.1788780150934267 0.5919410595428747 0.40775790622244235 2.7143923941316686E-4 0.2303966104582662 2.909659355115444E-4 
0.1782682704687969 0.0 0.0 0.0 0.8833286429241821 0.03586055536857304 5.4229991570444565 2.907552516E9 6.913447489E9 0.0 0.10396892526492724 0.5914381804682185 0.2864816697113679 2.986841897229249E-4 0.27926774335341376 2.2446501750764662E-4 
0.5732866901584985 0.0 0.0 0.0 0.8613862497024501 0.03255423783732342 5.439556234927875 2.466495748E9 7.354504258E9 0.0 0.3652799167989527 0.3044384428216783 0.6460924083780312 4.180168578141856E-4 0.4025691996953691 3.117016532649393E-4 
2.2491080687297482 0.0 0.0 0.0 0.8680648138021363 0.018241753906638434 5.456558838922818 7.53165063E8 9.067834944E9 0.0 0.08903376737139652 0.891500474637147 0.40025866788749254 0.0017152635793697849 0.6593424031874017 0.0013504347203877698 
0.8968484647088588 0.0020709465067140585 0.0 0.0 0.8614881673762235 0.01646159136351533 5.462472333969231 4.984935058E9 4.836064948E9 0.0 0.2221837806020944 0.3679883538123974 0.6585611611329258 8.198591610545491E-4 0.4613134241267226 3.7061492923450685E-4 
0.3256867885990634 0.0 0.0 0.0 0.8825224418309346 0.035268330655293695 5.424930176475162 2.530440437E9 7.290559567E9 0.0 0.69650285071729 0.6007993476356716 0.2864816697113679 0.007948573651144285 0.390211435376321 3.062763877749506E-4 
1.7956002093513628 0.0 0.0 0.0 0.8691692143545782 0.026970189704976777 5.437849783695317 4.530667968E9 5.290332038E9 0.0 0.09378863673557487 0.6837870976937507 0.37985612361435 3.5639135063588763E-4 0.4626421917130733 1.4481294351891076E-4 
0.9092110566666829 0.0 0.0 0.0 0.8625058531387277 0.03312450337054909 5.446219426064841 1.697750384E9 8.123249622E9 0.0 0.1661085104026951 0.4004443291992893 0.6731409540381891 5.526939267198086E-4 0.40385593707467854 3.530831485450073E-4 
0.025325800371733154 0.0 0.0 0.0 0.860525696215958 0.03596984795236312 5.445974932976407 4.794945125E9 5.026054883E9 0.0 0.1467453852721739 0.6388779262820992 0.66072966083853 2.5739941597162797E-4 0.778733285081213 2.79263200219599E-4 
0.553582433562372 0.0 0.0 0.0 0.862607186544492 0.03211103814378445 5.445970960237364 3.369734349E9 6.451265656E9 0.0 0.16791004185657588 0.41382986002526334 0.6731409540381891 2.6892317586444195E-4 0.4710159102127381 3.6018305334635037E-4 
1.7956002093513628 0.0 0.0 0.0 0.8805403094131484 0.035815611809696495 5.425407241747654 3.104229752E9 6.716770253E9 0.0 0.19758594646569722 0.6851701816226171 0.34018690401532764 8.730734614623679E-4 0.4342900652188535 2.986233715510983E-4 
1.7956002093513628 0.0 0.0 0.0 0.8805403094131484 0.033146619258305206 5.425407241747654 2.135732964E9 7.685267042E9 0.0 0.19758594646569722 0.6851701816226171 0.34018690401532764 8.730734614623679E-4 0.4342900652188535 2.986233715510983E-4 
1.615003269738068 0.0 0.0 0.0 0.8783618215695572 0.03528010934273456 5.424930176475162 2.346325792E9 7.474674213E9 0.0 0.6067879754492164 0.9011579650658439 0.2827752117352153 0.001412829824447202 0.48532222006351783 3.1434100033525205E-4 
0.19451808909043555 0.0 0.0 0.0 0.8680733780854273 0.01594656664271172 5.455805125198324 4.038797512E9 5.782202494E9 0.0 0.09733351376653829 0.3106664512257824 0.3795452216080341 3.5649295541952906E-4 0.43196193639286184 1.4733783784481205E-4 
1.1143173784448512 0.0 0.0 0.0 0.8574623714685935 0.03520444741423998 5.448800707210707 3.76598078E8 9.444401927E9 0.0 0.189977536338688 0.7523066972691423 0.899738605530593 2.5276246413542813E-4 0.3343111167582509 1.4261953787526E-4 
0.3683315365179879 0.0 0.0 0.0 0.861879932786937 0.02895952958762895 5.44313770730173 3.547874771E9 6.273125235E9 0.0 0.065287562230637 0.6432238541763271 0.3771510848787639 4.714795638541411E-4 0.39922649486573797 2.2474784821337117E-4 
0.5185309620667164 0.0 0.0 0.0 0.8613686598973842 0.032067009762378765 5.443976769391153 3.949425395E9 5.87157461E9 0.0 0.11477382000595772 0.14934333090422613 0.3907340621244859 2.6798646831363614E-4 0.45248553845936057 2.962827652322215E-4 
0.09552292128512535 0.0 0.0 0.0 0.8540427002836825 0.01774795360910449 5.4624319012821765 2.05063551E8 9.615936455E9 0.0 0.19578656298304764 0.8995398352514674 0.42268579922471144 4.1571471791187814E-4 0.28986711095769063 1.3552136528990373E-4 
0.46363943129960394 0.0 0.0 0.0 0.8767578820048394 0.030835666903217637 5.434300413497463 3.904244841E9 5.916755166E9 0.0 0.09704855419442646 0.315469680900733 0.396411419615132 3.6124971481453526E-4 0.45235038967932445 2.252603580955147E-4 
0.9136585278000011 0.0 0.0 0.0 0.8584578876352658 0.03239695774310337 5.448714715468162 3.582010178E9 6.238989827E9 0.0 0.21797594075202967 0.4602079890143948 0.6731409540381891 8.198252931633742E-4 0.33317085088173515 3.097815828409537E-4 
8.651439937757626 0.0 0.0 0.0 0.8770206569438039 0.033784465743695605 5.424614656711933 1.993950333E9 7.827049672E9 0.0 0.17629915178881947 0.7209795630451182 0.4175522636498784 4.5942490690875767E-4 0.29279201588592274 0.0011082287538442146 
6.129444006336966 0.0 0.0 0.0 0.8612923159488945 0.02708222275060239 5.454273601772585 4.411105341E9 5.409894664E9 0.0 0.17430926648718872 0.363064721501112 0.48317371594583347 8.435632255239106E-4 0.43090730506665614 3.7565498809528306E-5 
0.38557307443936306 0.0 0.0 0.0 0.8778081514393825 0.035268330655293695 5.424930176475162 2.07740038E9 7.743599626E9 0.0 0.7004910360548783 0.9011579650658439 0.2864816697113679 0.001412829824447202 0.48532222006351783 3.1434100033525205E-4 
0.011874287373335957 0.0 0.0 0.0 0.857901674513339 0.017216269773558605 5.462472333969231 2.715235078E9 7.105764931E9 0.0 0.1483655343411255 0.5181870556966119 0.4224047201629547 0.0062804573497730175 0.4353356664044482 0.0011015935168240958 
0.13804365261132268 0.0 0.0 0.0 0.8366532290025063 0.03625862021507061 5.463801898178397 3.728868835E9 6.092131171E9 0.0 0.1400695107194792 0.6390298591886295 0.41822829466242656 4.4546661340561216E-4 0.43595156861220963 4.2029182044067573E-4 
0.9136585278000011 0.0 0.0 0.0 0.8583138099900322 0.03239695774310337 5.448714715468162 4.089232218E9 5.73176779E9 0.0 0.06683144899326718 0.30029044404635397 0.6096927555427993 8.198252931633742E-4 0.47039482992960396 2.8460051366900233E-4 
0.011874287373335957 0.0 0.0 0.0 0.8615059510104875 0.01646159136351533 5.462472333969231 4.300952582E9 5.520047424E9 0.0 0.1458444787538016 0.3679883538123974 0.6585611611329258 8.198591610545491E-4 0.4654401745708805 8.632759889147053E-4 
0.9092110566666829 0.0 0.0 0.0 0.8625058531387277 0.03312450337054909 5.445970960237364 2.755678666E9 7.065321343E9 0.0 0.16791004185657588 0.4004443291992893 0.6731409540381891 0.001310657760671833 0.40385593707467854 3.530831485450073E-4 
6.129444006336966 0.0 0.0 0.0 0.8612923159488945 0.02708222275060239 5.454273601772585 4.411105341E9 5.409894664E9 0.0 0.17430926648718872 0.363064721501112 0.48317371594583347 8.435632255239106E-4 0.43090730506665614 3.7565498809528306E-5 
0.46388036030358526 0.0 0.0 0.0 0.8600463737463041 0.034990898797601595 5.443422305163919 2.255045004E9 7.565955005E9 0.0 0.17777169532307127 0.7394350095391997 0.41762704227492514 0.0062804573497730175 0.29243265912862354 1.342572041582124E-4 
0.0293491657672785 0.0 0.0 0.0 0.8540427002836825 0.01824670371091504 5.461274608293762 1.849600219E9 7.971399785E9 0.0 0.14001403330531903 0.8629372603661852 0.43264585372915265 4.1571471791187814E-4 0.304184503451851 3.098978627666638E-4 
0.028433076562748516 0.0 0.0 0.0 0.8639701975025409 0.02939853120569175 5.448574145108355 4.189698105E9 5.6313019E9 0.0 0.14596807798684358 0.3624378766272005 0.6452561815001889 5.962597556387833E-4 0.4654401745708805 8.753685071564445E-5 
0.0293491657672785 0.0 0.0 0.0 0.8540427002836825 0.01824670371091504 5.461274608293762 1.923537649E9 7.89746236E9 0.0 0.14001403330531903 0.875723289768556 0.4221616202385458 4.1571471791187814E-4 0.28986711095769063 1.391231980854002E-4 
0.5940078836755994 0.0 0.0 0.0 0.8589937824094506 0.03245410063162095 5.451418436789727 4.65723436E8 9.355276571E9 0.0 0.3570726228775043 0.3044384428216783 0.6460924083780312 4.180168578141856E-4 0.4025691996953691 4.0895906314091933E-4 
0.18882461500075617 0.0 0.0 0.0 0.8576738289291397 0.03448094425012419 5.44274124831593 6.33842961E8 9.187157049E9 0.0 0.6700350834318509 0.17247626017438678 0.6595151698295842 0.0028297413443003445 0.41815558361846716 3.058421166643695E-4 
1.1143173784448512 0.0 0.0 0.0 0.8582233303646303 0.017208173504581717 5.4664442870220284 2.90879761E8 9.530120248E9 0.0 0.171635430328021 0.9251034829651368 0.3148946018950143 0.001475727787971906 0.4383373763481257 0.0010726225291275754 
0.44089187210896674 0.0 0.0 0.0 0.8692317272119777 0.034812141879088584 5.438216000070359 1.628913612E9 8.192086396E9 0.0 0.7179346546544719 0.7053777553150917 0.44599814928086245 3.6048430841733865E-4 0.420084287471362 2.604547869336699E-4 
8.651439937757626 0.0 0.0 0.0 0.8775658472288919 0.033784465743695605 5.424614656711933 3.785792586E9 6.035207418E9 0.0 0.17643041351177774 0.41347285133393213 0.4175522636498784 4.527507467290547E-4 0.29279201588592274 3.5784041922784553E-4 
0.6783939725465976 0.0 0.0 0.0 0.8584019408474342 0.03239233539274766 5.445987433498457 1.323593516E9 8.49740649E9 0.0 0.1380464049687405 0.26554766193534896 0.38904136673657885 4.1002667224107104E-4 0.5487418067338037 3.120182063482203E-4 
1.1284929319223653 0.0 0.0 0.0 0.8565356078181917 0.017208173504581717 5.465913077652708 1.128147288E9 8.692852721E9 0.0 0.171635430328021 0.5447076213359429 0.648594748230876 0.0014903191407269253 0.437574819635999 0.001070442902903019 
0.3793958643183304 0.0 0.0 0.0 0.8829563872872077 0.03242460185706645 5.424930176475162 1.799674823E9 8.021325185E9 0.0 0.69650285071729 0.6007993476356716 0.23995899937477838 0.0076704272779189045 0.48532222006351783 3.075525429862455E-4 
0.06757072675821593 0.002121722381139677 0.001989430807219943 0.002006244218884475 0.8407081381089782 0.034950501607118455 5.456223962876659 1.046253617E9 8.774746388E9 0.0 0.17133807213430874 0.9630959702570795 0.41425076719011833 0.001498362552355574 0.3358356957574084 3.557350364267507E-4 
0.18366549234330948 0.0020231678394411895 0.0020231678394411895 0.0020231678394411895 0.8541695368381185 0.03299654348818666 5.444764416155372 9.16358833E8 8.904641171E9 0.0 0.8255479961110552 0.8803647267061105 0.6497479454034513 4.533431982011975E-4 0.08821549593477607 4.1108966173971116E-4 
0.17401523029510146 0.0 0.0 0.0 0.8619147373163724 0.034506034489430557 5.44274124831593 2.823559155E9 6.997440852E9 0.0 0.3727380296563558 0.49061722122757334 0.6363257399416935 4.1658821026473283E-4 0.41920221023904647 3.058421166643695E-4 
0.16756766102289877 0.0 0.0 0.0 0.8686353860919792 0.01825373162338309 5.455625230626278 2.870792209E9 6.950207798E9 0.0 0.09684572288241344 0.8542128400963236 0.34861259156380064 4.1776971028067956E-4 0.2784952395746228 2.4366903689774047E-4 
1.9635707971047642 0.0 0.0 0.0 0.8563905330550071 0.026973443191780064 5.454275649026222 1.214035229E9 8.606964776E9 0.0 0.19298376446567472 0.6743807692111987 0.9548873311467707 4.5255140363266455E-4 0.39299482622074317 1.043931866164535E-4 
0.6821453466395269 0.0 0.0 0.0 0.8772455519686603 0.0348115710015645 5.425453706279394 2.319489956E9 7.501510054E9 0.0 0.6133652074000195 0.5364534919008761 0.2889254253642156 0.007128357749384084 0.42120173590406673 2.8058693457892655E-4 
0.8365736925938085 0.0 0.0 0.0 0.8564028639587687 0.029001444138993544 5.4549450269791855 1.300230286E9 8.520769724E9 0.0 0.16573858335158093 0.5269988579330727 0.44312989270885245 0.0023608130240748053 0.4532474095200459 6.556129718785533E-4 
4.082392217923041 0.0 0.0 0.0 0.860139245827211 0.01646159136351533 5.462472333969231 4.300952582E9 5.520047424E9 0.0 0.1458444787538016 0.3679883538123974 0.38681876389215564 8.105241620960152E-4 0.45027380601919836 2.8350822707682346E-4 
1.0823439912298511 0.0 0.0 0.0 0.8694876223111555 0.024303193714519652 5.441768097032725 3.226115898E9 6.594884109E9 0.0 0.1697371317667942 0.6826014279188566 0.4903907479716456 0.0026248296054803303 0.4365566621010247 3.8117103142827483E-4 
4.795001336199132 0.0 0.0 0.0 0.8603730281623935 0.03548367610336527 5.445117024039769 2.625935388E9 7.195064622E9 0.0 0.1973807510864124 0.18137107529922847 0.38933561144794193 3.6310087466194166E-4 0.1945441197638113 2.680246723604819E-4 
1.0229685876669399 0.0 0.0 0.0 0.8574361437650683 0.029811928997153472 5.454776218134665 9.1849688E7 9.72915032E9 0.0 0.16724467941569773 0.897571949890518 0.4181553154619551 4.0475350240250577E-4 0.4511518703990052 2.8227578109164136E-4 
0.0169146241220873 0.0 0.0 0.0 0.8579009370911669 0.0359620795454042 5.443340373154617 5.70463067E8 9.250536938E9 0.0 0.21828066241405325 0.8886075651410728 0.40340215595964085 5.347571364041413E-4 0.2795775206469048 2.8200555399228986E-4 
0.0194215204669006 0.0 0.0 0.0 0.8620029427970918 0.035403007634531185 5.440501586821577 1.082369036E9 8.738630968E9 0.0 0.1453928264891589 0.7290935476905444 0.22320741378589318 4.2293594761058076E-4 0.39864895961423014 2.4325511144350406E-4 
0.011874287373335957 0.0 0.0 0.0 0.857901674513339 0.01646159136351533 5.462472333969231 4.189698105E9 5.6313019E9 0.0 0.14596807798684358 0.3682988494327308 0.6561072273754327 5.962597556387833E-4 0.4654401745708805 8.632759889147053E-4 
0.3793958643183304 0.0 0.0 0.0 0.8807358011769687 0.035268330655293695 5.424930176475162 1.773536238E9 8.047463767E9 0.0 0.69650285071729 0.6007993476356716 0.2864816697113679 0.007948573651144285 0.48532222006351783 3.062763877749506E-4 
1.9635707971047642 0.0 0.0 0.0 0.8563872637714495 0.026973443191780064 5.454275649026222 1.959324274E9 7.861675733E9 0.0 0.19298376446567472 0.6837870976937507 0.9548873311467707 4.61988056462402E-4 0.39299482622074317 9.907190293809203E-5 
0.44089187210896674 0.0 0.0 0.0 0.8691007003712695 0.029280473935656238 5.439635956457501 2.120742769E9 7.700257237E9 0.0 0.7159972357447292 0.676697475179308 0.6695563386090387 3.6048430841733865E-4 0.44630619741763 4.796825699038588E-5 
2.263069772432329 0.0 0.0 0.0 0.8618187186450544 0.03262877002367475 5.443337232988387 3.338078133E9 6.482921874E9 0.0 0.20508583543159548 0.6397098604960368 0.6068863534924848 3.6286991116526215E-4 0.3980948982775435 4.136373585215419E-4 
0.18882461500075617 0.0 0.0 0.0 0.8657487691518095 0.03448094425012419 5.44274124831593 1.47304649E9 8.347953518E9 0.0 0.15620434448437043 0.2052784250686257 0.6595151698295842 3.6631370835362023E-4 0.45136268505156424 3.0682802846554913E-4 
0.013438294860104998 0.0020709465067140585 0.0 0.0 0.8615059510104875 0.01646159136351533 5.462472333969231 5.055232633E9 4.765767372E9 0.0 0.1458444787538016 0.3679883538123974 0.6585611611329258 8.198591610545491E-4 0.4613134241267226 3.66231052881572E-4 
1.9635707971047642 0.0 0.0 0.0 0.8691692143545782 0.026970189704976777 5.442133592850782 3.196171852E9 6.624828158E9 0.0 0.19347908016894416 0.6837870976937507 0.9181496026952451 4.61988056462402E-4 0.39299482622074317 1.2323343000989525E-4 
0.2307393669503699 0.0 0.0 0.0 0.8711045232936929 0.02622560783465911 5.445152641630666 1.59740744E8 9.661259264E9 0.0 0.1683557499890887 0.5972277735000289 0.607640807659638 0.0026533150535886082 0.4649662721303347 2.845732668864241E-4 
0.040241832486257456 0.0 0.0 0.0 0.8619147373163724 0.034506034489430557 5.44274124831593 1.4319342E9 8.389065805E9 0.0 0.3727380296563558 0.4901344115014826 0.6646904041600915 3.6631370835362023E-4 0.41815558361846716 3.058421166643695E-4 
4.795001336199132 0.0 0.0 0.0 0.8603730281623935 0.03548367610336527 5.445117024039769 2.625935388E9 7.195064622E9 0.0 0.1973807510864124 0.18137107529922847 0.38933561144794193 3.6310087466194166E-4 0.1945441197638113 2.680246723604819E-4 
0.4421074697307311 0.0 0.0 0.0 0.8714240949954556 0.0344731073884499 5.436687699456793 1.00287597E9 8.818124037E9 0.0 0.051666871109091905 0.3904614740940828 0.5322197173021614 0.006593946015507423 0.4623687894918861 1.1881152885382094E-4 
1.1158635684962306 0.0 0.0 0.006322530894097097 0.8440274748880071 0.02945967878861517 5.461305963232616 5.0093974E7 9.770906032E9 0.0 0.16724467941569773 0.897571949890518 0.4181553154619551 2.679388105473311E-4 0.4511518703990052 2.8227578109164136E-4 
0.9829646534855105 0.0 0.0 0.0 0.8579062590069799 0.017208173504581717 5.465913077652708 1.200601553E9 8.620398452E9 0.0 0.171635430328021 0.5520967899798781 0.4220520698927195 0.00598319176793032 0.4355639945428775 0.001070591760897707 
1.0823439912298511 0.0 0.0 0.0 0.8578737327058932 0.02982550590287428 5.4545737035618345 6.19897814E8 9.201102193E9 0.0 0.17122908860453923 0.7230616842466429 0.4179934616927291 0.002630627070859661 0.43858357914673723 3.806980345308293E-4 
4.087288114475881 0.0 0.0 0.001353395851271736 0.8620182569168495 0.03601616088020059 5.442143364994049 2.853668489E9 6.967331516E9 0.0 0.18103814089950318 0.2943768270114794 0.38933561144794193 0.002565718316028324 0.1945441197638113 2.680246723604819E-4 
0.011874287373335957 0.0 0.0 0.0 0.857901674513339 0.017208173504581717 5.463775402190293 8.23365963E8 8.997634043E9 0.0 0.1472697260239826 0.9348978761459873 0.6380762620001654 0.0062804573497730175 0.46698514766779536 8.822516392986046E-4 
0.18522270635598337 0.0 0.0 0.0 0.8825849474156446 0.03526113698849291 5.423697920794531 1.579536842E9 8.241463163E9 0.0 0.6891273906083436 0.8000641601758226 0.2864816697113679 0.007948573651144285 0.390211435376321 3.1530844331614685E-4 
0.028746893250614414 0.0 0.0 0.0 0.8582542263338653 0.017216269773558605 5.462300763785358 1.404377616E9 8.416622392E9 0.0 0.14905791177156202 0.4875894679676408 0.4224047201629547 0.006439974815400824 0.4353356664044482 0.001072139914083084 
0.46388036030358526 0.0 0.0 0.0 0.8644782768766108 0.027034404074224687 5.443469174587385 1.517466871E9 8.303533137E9 0.0 0.17777169532307127 0.7394350095391997 0.41762704227492514 0.0062804573497730175 0.29243265912862354 1.342572041582124E-4 
0.3907993833493282 0.0 0.0 0.0 0.8766645219209156 0.03247730863899491 5.432602461405394 3.744231776E9 6.076768232E9 0.0 0.22235727194290483 0.6410776734863648 0.4187241938502084 4.55125294896755E-4 0.4363291338199385 4.2029182044067573E-4 
0.5185309620667164 0.0 0.0 0.0 0.8614368710929763 0.032067009762378765 5.442081322450429 3.282035979E9 6.538964029E9 0.0 0.19153580602604148 0.14934333090422613 0.9138812358713111 3.6286991116526215E-4 0.3899140252372995 2.9988154881601997E-4 
1.0229685876669399 0.0 0.0 0.0 0.856700146394138 0.029800620113146513 5.454776218134665 5.30197929E8 9.290802079E9 0.0 0.16761112951634388 0.897571949890518 0.4181553154619551 4.121523247513525E-4 0.32866385971990186 2.8227578109164136E-4 
0.5751008089660291 0.0 0.0 0.0 0.8691692143545782 0.03202799449345855 5.441222792240255 4.537223083E9 5.283776925E9 0.0 0.19347908016894416 0.6837870976937507 0.4795385268928921 4.182554502908641E-4 0.46317923630547836 1.1487873234289825E-4 
0.18829170692797345 0.0 0.0 0.0 0.8806002917223673 0.03641184929849531 5.423697920794531 1.556264307E9 8.264735698E9 0.0 0.6891273906083436 0.8022255851755513 0.2864816697113679 0.007948573651144285 0.390211435376321 3.1620683634324935E-4 
0.03964046172331093 0.0 0.0 0.0 0.8563467209720105 0.02470443177802255 5.4547554785920385 7.96388952E8 9.024611058E9 0.0 0.16623623187543865 0.5142288239091832 0.9001626367075006 4.618928024689691E-4 0.48350991301467344 2.658758178646346E-4 
0.9136585278000011 0.0 0.0 0.0 0.8583909715603275 0.03239695774310337 5.448714715468162 3.582010178E9 6.238989827E9 0.0 0.1784166076395156 0.4602079890143948 0.6758878063743876 8.198252931633742E-4 0.3331726956576307 3.097815828409537E-4 
1.0229685876669399 0.0 0.0 0.0 0.8582054491722051 0.029811928997153472 5.451375520325752 8.4870839E7 9.73612917E9 0.0 0.1595786319859867 0.897571949890518 0.4181553154619551 4.0475350240250577E-4 0.4504867561705009 2.8227578109164136E-4 
0.3793958643183304 0.0 0.0 0.0 0.8807358011769687 0.035268330655293695 5.424930176475162 1.773536238E9 8.047463767E9 0.0 0.69650285071729 0.6007993476356716 0.2864816697113679 0.007948573651144285 0.48532222006351783 3.062763877749506E-4 
0.46388036030358526 0.0 0.0 0.0 0.8601132898212425 0.034990898797601595 5.443422305163919 2.255045004E9 7.565955005E9 0.0 0.1775299128617355 0.7394350095391997 0.41488018317367015 0.0062804573497730175 0.2924308143527281 1.342572041582124E-4 
1.0733677523298304 0.0 0.0 0.0 0.8662863711239814 0.029736551725007776 5.4417774605587965 1.411606154E9 8.409393856E9 0.0 0.19715277424955038 0.15482408531916173 0.4165288893909738 3.5459879259856054E-4 0.4505947308450655 3.0038069287601247E-4 
1.1143173784448512 0.0 0.0 0.0 0.8567209804417742 0.03517291357044406 5.449882556116855 8.70507343E8 8.950492663E9 0.0 0.18907565585920577 0.7523066972691423 0.9590905376553749 2.5276246413542813E-4 0.3343111167582509 1.4261953787526E-4 
1.753172632581203 0.0 0.0 0.0 0.8685888788140393 0.03229718568498116 5.437077983168566 3.21649504E8 9.499350503E9 0.0 0.3753989003288398 0.3958966187333543 0.3608099028196048 4.617494639857235E-4 0.4008790770265004 1.0702048545918532E-4 
0.46388036030358526 0.0 0.0 0.0 0.8579009370911669 0.034990898797601595 5.443340373154617 8.89242241E8 8.931757764E9 0.0 0.2191629641542897 0.7368275377877936 0.44502301526801125 0.0062804573497730175 0.28269138337025385 0.0010706645090700156 
0.5326411825776649 0.0 0.0 0.0 0.8685888788140393 0.03239878202031995 5.441139824186401 3.21649504E8 9.499350503E9 0.0 0.3753989003288398 0.3958966187333543 0.3608099028196048 4.180168578141856E-4 0.4008790770265004 1.0702048545918532E-4 
0.18882461500075617 0.0 0.0 0.0 0.8657487691518095 0.03448094425012419 5.44274124831593 1.528261084E9 8.292738924E9 0.0 0.6700350834318509 0.2052784250686257 0.6595151698295842 3.6631370835362023E-4 0.41815558361846716 3.058421166643695E-4 
2.003912247268425 0.0 0.0 0.0 0.868141923562234 0.025930860586461144 5.448800707210707 5.22475143E8 9.298524864E9 0.0 0.18995276638550576 0.6633821631787418 0.9013083375263827 2.5276246413542813E-4 0.3913408975307426 1.4261953787526E-4 
0.11590722085628691 0.0 0.0 0.0 0.8772455519686603 0.035734905977520916 5.425453706279394 2.339237373E9 7.481762637E9 0.0 0.6133652074000195 0.9109758049956258 0.2889254253642156 8.432140062983795E-4 0.4483944793397966 3.701139183154261E-4 
