0.619 2836.0 
-0.565 5921.0 
-0.565 5921.0 
-0.563 5722.0 
-0.275 3516.0 
0.334 3017.0 
-0.564 5895.0 
0.305 3034.0 
-0.478 4165.0 
0.249 3069.0 
-0.31 3534.0 
-0.468 4060.0 
-0.036 3249.0 
0.37 2992.0 
-0.013 3234.0 
0.41 2973.0 
-0.557 5371.0 
-0.256 3458.0 
-0.401 3786.0 
-0.206 3402.0 
-0.562 5657.0 
-0.231 3426.0 
-0.558 5420.0 
-0.549 5068.0 
-0.553 5177.0 
-0.559 5506.0 
0.537 2889.0 
0.504 2909.0 
0.069 3182.0 
-0.504 4353.0 
-0.187 3395.0 
-0.171 3362.0 
-0.064 3274.0 
0.151 3136.0 
0.386 2982.0 
-0.555 5274.0 
0.436 2958.0 
-0.538 4768.0 
-0.527 4598.0 
-0.544 4930.0 
0.091 3167.0 
-0.484 4203.0 
-0.116 3316.0 
0.546 2883.0 
-0.072 3279.0 
-0.522 4555.0 
-0.561 5584.0 
0.039 3212.0 
-0.153 3354.0 
-0.543 4882.0 
0.05 3194.0 
0.486 2924.0 
-0.506 4444.0 
-0.497 4307.0 
-0.554 5256.0 
-0.359 3644.0 
0.229 3082.0 
-0.457 3997.0 
-0.243 3447.0 
-0.494 4239.0 
-0.393 3747.0 
0.307 3033.0 
-0.326 3611.0 
-0.387 3729.0 
-0.461 4036.0 
0.207 3102.0 
-0.097 3300.0 
-0.515 4502.0 
-0.548 4998.0 
0.017 3219.0 
-0.56 5551.0 
-0.325 3567.0 
-0.507 4450.0 
-0.364 3658.0 
-0.14 3332.0 
-0.132 3328.0 
-0.545 4993.0 
0.216 3090.0 
-0.377 3697.0 
-0.343 3612.0 
0.572 2868.0 
0.616 2839.0 
0.017 3219.0 
-0.434 3928.0 
-0.535 4712.0 
-0.519 4507.0 
0.128 3144.0 
-0.541 4828.0 
-0.429 3878.0 
0.17 3119.0 
0.466 2945.0 
-0.54 4819.0 
0.167 3122.0 
-0.098 3301.0 
-0.445 3979.0 
-0.531 4668.0 
-0.5 4326.0 
-0.551 5127.0 
-0.438 3940.0 
-0.431 3886.0 
