-0.565 5846.0 
0.623 2835.0 
-0.565 5846.0 
0.623 2835.0 
-0.538 4766.0 
-0.399 3783.0 
-0.069 3294.0 
-0.543 4894.0 
-0.547 4993.0 
0.445 2959.0 
-0.557 5381.0 
0.316 3027.0 
-0.328 3571.0 
0.163 3123.0 
-0.497 4313.0 
0.052 3194.0 
-0.552 5161.0 
-0.554 5236.0 
0.512 2907.0 
-0.559 5458.0 
-0.365 3662.0 
-0.346 3613.0 
0.183 3112.0 
-0.101 3302.0 
-0.203 3401.0 
-0.563 5703.0 
-0.56 5509.0 
0.338 3015.0 
0.029 3207.0 
0.289 3045.0 
-0.383 3711.0 
0.117 3157.0 
0.074 3179.0 
-0.158 3346.0 
-0.548 5092.0 
-0.503 4340.0 
0.218 3090.0 
-0.018 3244.0 
-0.412 3818.0 
-0.172 3368.0 
-0.047 3260.0 
0.205 3097.0 
-0.256 3459.0 
-0.545 4927.0 
-0.467 4078.0 
-0.448 3978.0 
0.54 2901.0 
0.01 3222.0 
-0.491 4227.0 
-0.482 4155.0 
-0.42 3846.0 
-0.224 3424.0 
-0.51 4399.0 
0.244 3079.0 
-0.52 4555.0 
-0.354 3639.0 
-0.114 3311.0 
-0.518 4489.0 
0.386 2998.0 
-0.485 4213.0 
-0.38 3707.0 
-0.556 5307.0 
-0.234 3429.0 
0.601 2849.0 
-0.524 4571.0 
0.137 3140.0 
-0.516 4470.0 
0.416 2965.0 
-0.458 4030.0 
-0.528 4627.0 
0.559 2877.0 
-0.512 4416.0 
-0.428 3877.0 
-0.139 3332.0 
0.573 2872.0 
-0.31 3541.0 
0.359 3003.0 
-0.532 4666.0 
-0.55 5105.0 
0.396 2978.0 
-0.434 3896.0 
0.074 3179.0 
0.472 2935.0 
-0.452 4028.0 
-0.283 3494.0 
-0.561 5579.0 
-0.562 5653.0 
-0.555 5292.0 
-0.314 3548.0 
-0.564 5776.0 
-0.535 4710.0 
-0.443 3946.0 
0.249 3070.0 
-0.441 3922.0 
-0.561 5579.0 
-0.564 5776.0 
0.472 2935.0 
0.544 2885.0 
-0.477 4133.0 
0.618 2839.0 
