-0.565 5877.0 
-0.565 5877.0 
0.624 2834.0 
0.624 2834.0 
0.19 3106.0 
0.358 3001.0 
-0.544 4897.0 
-0.442 3945.0 
-0.564 5777.0 
-0.337 3596.0 
-0.277 3484.0 
0.157 3130.0 
-0.56 5523.0 
-0.532 4661.0 
-0.541 4833.0 
-0.198 3395.0 
-0.563 5718.0 
-0.242 3438.0 
-0.547 4983.0 
-0.468 4078.0 
-0.554 5235.0 
-0.511 4396.0 
-0.262 3461.0 
0.458 2941.0 
0.217 3090.0 
0.263 3066.0 
-0.357 3643.0 
-0.05 3263.0 
-0.504 4354.0 
0.124 3148.0 
-0.172 3370.0 
-0.5 4295.0 
-0.535 4747.0 
0.281 3048.0 
0.568 2870.0 
-0.481 4167.0 
-0.562 5641.0 
0.395 2986.0 
-0.551 5134.0 
-0.392 3742.0 
-0.492 4264.0 
-0.549 5075.0 
-0.528 4617.0 
-0.456 4010.0 
-0.377 3699.0 
0.519 2900.0 
-0.552 5184.0 
0.011 3224.0 
0.334 3018.0 
0.432 2968.0 
-0.407 3801.0 
0.142 3139.0 
0.032 3208.0 
-0.538 4766.0 
0.489 2918.0 
-0.458 4017.0 
-0.141 3333.0 
0.489 2918.0 
-0.548 5027.0 
0.611 2842.0 
0.419 2977.0 
-0.324 3564.0 
0.448 2948.0 
0.24 3074.0 
-0.141 3333.0 
-0.416 3846.0 
-0.42 3858.0 
0.326 3023.0 
-0.216 3407.0 
-0.08 3288.0 
0.041 3199.0 
-0.561 5606.0 
-0.555 5313.0 
0.305 3034.0 
0.058 3188.0 
-0.515 4462.0 
0.074 3180.0 
-0.558 5448.0 
-0.559 5457.0 
-0.099 3299.0 
-0.429 3903.0 
-0.12 3315.0 
-0.489 4208.0 
-0.516 4466.0 
0.583 2862.0 
0.094 3169.0 
-0.52 4527.0 
0.299 3038.0 
-0.433 3904.0 
-0.009 3239.0 
-0.08 3288.0 
-0.556 5314.0 
-0.221 3425.0 
-0.557 5381.0 
-0.557 5381.0 
0.524 2897.0 
-0.524 4567.0 
-0.474 4114.0 
0.541 2887.0 
-0.301 3520.0 
