-0.567 6040.0 
0.614 2840.0 
-0.567 6040.0 
0.338 3016.0 
0.387 2988.0 
0.224 3087.0 
-0.555 5384.0 
-0.362 3650.0 
-0.186 3374.0 
-0.536 4728.0 
-0.341 3606.0 
-0.502 4308.0 
-0.443 3966.0 
-0.559 5514.0 
0.437 2952.0 
-0.215 3409.0 
0.253 3067.0 
-0.554 5245.0 
0.193 3106.0 
0.108 3160.0 
-0.475 4109.0 
-0.558 5427.0 
-0.043 3256.0 
-0.552 5164.0 
-0.015 3242.0 
-0.549 5043.0 
-0.529 4637.0 
-0.562 5654.0 
-0.406 3804.0 
-0.55 5114.0 
-0.465 4075.0 
-0.563 5705.0 
-0.295 3512.0 
0.557 2878.0 
-0.261 3467.0 
0.471 2930.0 
-0.417 3843.0 
0.082 3175.0 
-0.518 4485.0 
0.464 2938.0 
-0.481 4173.0 
-0.522 4554.0 
-0.515 4444.0 
-0.139 3345.0 
-0.532 4660.0 
-0.54 4807.0 
-0.508 4370.0 
-0.373 3699.0 
0.309 3035.0 
-0.541 4824.0 
-0.565 5875.0 
-0.564 5774.0 
0.415 2969.0 
0.502 2916.0 
0.128 3158.0 
0.501 2917.0 
0.277 3053.0 
-0.566 5969.0 
-0.565 5875.0 
0.309 3035.0 
-0.164 3370.0 
0.53 2896.0 
0.53 2896.0 
-0.51 4394.0 
-0.545 4926.0 
-0.16 3350.0 
-0.542 4907.0 
-0.424 3874.0 
-0.492 4253.0 
-0.057 3266.0 
-0.069 3276.0 
-0.452 3998.0 
0.159 3125.0 
0.07 3182.0 
-0.553 5243.0 
-0.234 3435.0 
-0.329 3575.0 
0.137 3139.0 
-0.561 5578.0 
-0.384 3725.0 
0.567 2871.0 
-0.521 4545.0 
-0.31 3536.0 
0.272 3064.0 
-0.46 4023.0 
-0.429 3901.0 
0.046 3198.0 
-0.083 3286.0 
-0.226 3420.0 
-0.109 3317.0 
-0.395 3763.0 
0.417 2967.0 
0.028 3211.0 
-0.278 3485.0 
-0.31 3536.0 
-0.566 5969.0 
0.581 2863.0 
0.601 2849.0 
0.149 3133.0 
-0.091 3294.0 
