0.18120069177516696 45.02526250791586 3.147565836940231 1.490993118848472 2.755153281784806 
59.269285786575566 0.05970721988300447 1487.015680516293 1433.651811229902 906.8595831501411 
1.5951117954047804 57.97259212440525 22.476533677134 313.8665512763619 11.609438624490434 
0.31786757764020734 46.07451116444786 4.609537539686251 136.19999578772897 9.937158422005979 
83.0 0.04750860104224839 1480.3192209302697 824.0819844178784 381.1145287600887 
1.0599500239730482 62.825144915253276 21.167414814599432 178.02866379616825 0.8230344924896542 
22.82482067830985 0.06152855652317481 979.6548063117638 443.7153951049825 327.11476140455375 
0.31786757764020734 46.07451116444786 44.07185585210641 136.19999578772897 9.937158422005979 
0.14951210472717946 56.70174011285672 179.53416807314682 151.3557880011231 13.012030504441782 
79.337348754587 0.016199757888347856 1476.0120934482586 859.6567768288024 605.1395891058296 
78.30721214808833 0.03237856470293447 1487.015680516293 1373.7975220184026 799.4263625010282 
1.2949239058099167 43.90586235814046 465.70507982360436 349.55218649861024 0.9043240066855663 
0.9920335313032833 0.03153600140638387 1005.0236278003661 386.5164888003827 341.4558164626002 
1.2949239058099167 42.35472030574783 539.2733128002578 349.55218649861024 0.9043240066855663 
1.79601053005808 51.097159685267506 279.0644993218354 59.45581081581045 11.580334764042378 
1.2615343073152874 46.11013860313126 424.9986449781836 350.3594024326473 10.576606004718158 
58.39241867025753 0.05966338298829079 1488.9433898948962 1137.4140992076818 529.6443812880897 
1.3443927777108884 45.99646275540992 44.07185585210641 59.45581081581045 10.295337520139569 
2.606139129973208 41.8615877354809 205.270783391274 354.70228443345604 28.811741749253144 
1.2939468040590034 45.02526250791586 3.1350578869526577 20.503623879549906 2.8132963459591513 
1.2937070137962527 45.02985690035188 17.15651765676174 341.486782367906 2.755153281784806 
70.08737664014812 0.03409563985593724 1482.940120377746 1284.8101418405004 364.7069540593635 
1.7525327136843907 44.81841671871671 56.73776845800796 0.6348524066497703 13.068874763091241 
1.2949239058099167 43.90586235814046 465.70507982360436 214.3990001383433 1.0635824789522137 
48.51621479812843 5.83929072564382E-4 1482.0220006850545 678.1809321934693 490.66192378310404 
49.330797176299214 0.034098124128377774 1483.017497956936 1264.6842589411142 728.9269693301602 
1.2937070137962527 45.02985690035188 42.26455126838203 283.41384408800593 2.755153281784806 
1.0027035546689982 45.02526250791586 6.0012967620206155 1.6287036788786935 8.481045368438846 
0.9996486170007657 46.43578052266697 40.42167666820791 391.6456154570524 8.103472466644012 
81.64467721532313 0.04619633002909046 1487.015680516293 968.3131815943815 469.83767857774365 
1.8270213147862098 58.851206895159 2.378979494139423 229.49409140183417 6.876290004255157 
0.31786757764020734 46.07451116444786 44.07185585210641 147.7498237272399 9.937158422005979 
0.3424091249440817 63.65346493169986 69.53216741961262 384.88275952312836 10.922934770776198 
21.37985636789695 0.23337433989659095 1295.5609528784862 443.10837451404143 203.89373676110952 
75.24416366611392 0.017301218576183303 1487.015680516293 1364.8622187662063 495.6012036544801 
1.2949239058099167 43.90586235814046 613.3299616529777 349.7471716830388 150.00088742734562 
1.4819265931012986 46.64514370799186 691.6356561671994 364.6471441006023 150.35100846314648 
1.390501213980646 43.660277098287025 270.34353367261247 273.2935661021059 0.39630430293335817 
2.606139129973208 41.8615877354809 269.41485907028584 344.78778625150545 28.811741749253144 
1.390501213980646 44.40199813857191 270.34353367261247 277.11295385938 36.03383185791864 
0.18120069177516696 45.19513667640889 51.951320125694686 1.490993118848472 0.5700766411911089 
1.2568769703630593 44.970337847689585 57.9201079493604 179.82644036436747 15.28840516875323 
0.6162401039107925 57.96967246408878 48.92689860366136 339.12513792408515 2.755153281784806 
79.53743175132777 0.4289331478479603 1453.943188860344 1093.6698576991894 383.18852889564135 
49.330797176299214 0.05987581071304909 1483.017497956936 1264.6842589411142 537.5188552074785 
0.06394467957106001 61.36591767909074 49.269442575047165 178.02866379616825 1.2421195965969218 
22.831543670903095 0.01297187924034321 656.3502449158159 366.67462114003615 239.02926951261975 
1.3308838949959378 51.30636538855379 114.27673061170356 30.175107669020782 9.905840983735823 
2.3967013301490154 46.128550056168685 121.86209785247124 356.49226687645023 20.149917570328334 
1.1670221266639909 43.88233134309026 11.751013369816974 349.55218649861024 0.9489288435057777 
21.30513157905415 0.03153600140638387 1432.613090713183 599.04025427595 327.11476140455375 
2.5803225330669157 0.0329007151975199 998.3568658610061 289.065866237947 339.2330744164511 
48.51621479812843 5.83929072564382E-4 1491.0205831823343 722.4537496990479 490.66192378310404 
68.49276409037356 0.034047894883979524 1493.2865150932541 639.7315543692812 364.7069540593635 
22.420858498245995 0.5197271200849899 1155.997719850247 483.2767937830981 239.02926951261975 
21.981969535934056 46.536974292241176 561.7196895399818 357.80264102662926 47.66808750652021 
54.1552244693102 42.879360193155605 549.6765413451551 457.2032476341773 124.52912777556661 
83.0 0.04750860104224839 1480.3192209302697 766.042799085053 409.6940340753123 
54.33410381479973 0.003457939228468293 1451.4697446012365 459.5988883080096 203.89373676110952 
1.79601053005808 46.50524952660835 11.932275317643528 59.45581081581045 11.580334764042378 
61.036158903046626 0.029886932505741756 1432.613090713183 599.04025427595 327.11476140455375 
1.2590136110366252 43.969846160635214 3.8708406096900347 92.7634081715407 10.03197354532914 
0.3291597438885159 43.90586235814046 342.4260890235721 349.55218649861024 9.700403836413065 
1.2590136110366252 44.13972032912825 52.36262164870142 92.7634081715407 10.03197354532914 
1.2969276323228442 43.84952695853806 372.0072745291624 351.00868003615784 3.8978302313249538 
60.62565248455257 0.5477394861527118 1491.1657310845553 599.04025427595 327.11476140455375 
1.9736848900318398 58.92656993031238 306.0231565232148 277.1132231972282 6.724135908406547 
76.48185037663808 0.03150286507712091 1295.2819977758204 378.70091998285164 344.76026439458775 
3.139202490309539 44.40442068400796 830.9821066178332 383.59116199357163 40.853130768818545 
54.33410381479973 0.03224856900180452 873.7787146735243 419.2091354767326 203.89373676110952 
54.521240141180996 0.12939796923739522 1148.8258854224084 394.34068649006207 217.78105710750583 
76.48185037663808 0.059584038513830345 1295.2819977758204 442.6250641064227 357.6635862337077 
1.3308838949959378 50.81422913639153 287.47351280693744 105.04822534778044 7.2967561221067445 
3.2234635881011027 46.64514370799186 613.9565176394947 366.688327403239 150.35100846314648 
41.97917236811415 0.034047894883979524 1493.2865150932541 639.7315543692812 364.7069540593635 
21.981969535934056 46.536974292241176 539.3092177451651 364.98807573515967 7.969395360656254 
53.32035540033664 0.0592135685993033 1486.9903339003486 1119.1206597981652 490.42171464416657 
1.1312240355179861 45.41989426339539 3.0503579176915423 59.51600684067989 3.1268627812341285 
1.2460915963327235 60.841070237258485 53.89570881569657 345.2432601690997 2.7060814769577775 
1.1098251265945507 1.888480750942982 1228.8096233733716 444.5948012664948 203.89373676110952 
3.4445424157027955 46.128550056168685 121.86209785247124 319.1346436466356 20.149917570328334 
22.420858498245995 0.5283487794173951 769.9849138632493 366.67462114003615 239.02926951261975 
1.2969276323228442 43.84952695853806 372.0072745291624 351.00868003615784 3.8978302313249538 
50.31664889219575 0.5515156599344366 769.9849138632493 381.25349485809414 232.66375246463903 
69.58164902520528 0.04619633002909046 1480.2393418392253 968.3131815943815 410.10253169329457 
1.3275836089549138 50.64297089558854 287.5252597742061 286.45773971376525 0.9489288435057777 
71.82031493822348 0.033806351480337254 1465.71276275011 466.2808443710855 358.08087875912696 
75.24416366611392 0.04487012600323906 1492.1099192382958 1426.5647699019846 495.6012036544801 
1.2730778610479734 47.09845663455595 350.87760748868243 316.8572976083184 0.9436258781520785 
0.18120069177516696 48.397131506235674 71.95603387644627 10.803898105070033 0.5195198354870314 
0.13551755794680048 62.785850054913006 54.40807288525709 178.02866379616825 1.2421195965969218 
79.53743175132777 0.4289331478479603 1498.6346311031436 1093.6698576991894 383.18852889564135 
0.14951210472717946 57.44904913141241 15.555603969023252 277.74864367823955 13.012030504441782 
1.3571003957089196 46.11013860313126 372.0072745291624 365.06196139684 116.09630712104244 
75.24416366611392 0.04487012600323906 1492.1099192382958 1426.5647699019846 495.6012036544801 
1.8270213147862098 58.851206895159 543.7049027914974 363.3048862383315 8.351597431766209 
54.33410381479973 0.003457939228468293 1497.4368691400123 459.5988883080096 203.89373676110952 
0.31786757764020734 46.07451116444786 53.95814330550982 136.19999578772897 1.1680380802194792 
22.420858498245995 0.5283487794173951 769.9849138632493 483.2767937830981 239.02926951261975 
1.2580527241060282 43.72529917477322 57.964412488503854 268.53341704475974 2.503589530650694 
