0.02593136563936904 58.32578975026756 4.375171182949253 3.470948933959168 0.611356772640203 
60.431528863600235 0.10849911687744994 1496.2705199033267 1476.0896770383981 744.1104268161956 
63.6276832494392 0.35736778970156813 1499.6395538602503 1384.494793076953 746.4687765721014 
0.021438394415636025 38.031625748177035 102.58165129887048 411.0705133456745 15.210241235290269 
57.435112761811155 0.14238276465866506 1477.872195628756 1017.0711338493006 513.7149799039546 
1.4184865331972853 59.37918435202252 405.16151619789184 345.5321535127404 16.163444819860903 
0.018630992102733168 62.22865988304644 74.16980983834628 324.5107011123465 0.41837242478283804 
0.05235277527436322 4.746356565229355 578.5366457645449 385.74745727104005 2.433447778867937 
0.04602152941107412 51.37687171803028 6.790983859095304 229.20911777519817 0.018590788962070004 
0.16924940717018008 63.54163753069179 384.4770902116853 277.18489739648675 21.03594309927378 
39.62402387193487 10.251332887835584 1057.2896056385737 375.78091636660974 112.9140895544235 
17.40565133372634 62.93829944913034 886.0842726221091 455.80657863549766 180.03464582558502 
0.14665676279648768 53.62106982118327 98.87221716243049 19.397436141929916 0.5049708476835555 
0.017619939269206963 51.406599642991544 4.6258492116755425 335.2597596006963 0.5584453960731081 
77.78841096863813 0.14430720905420102 1415.6374005519533 947.7741420746393 365.5884262412353 
1.2724805844156823 33.67100595105189 28.783122678144963 2.9096439605499853 3.452805992797509 
48.0228556136515 0.23065049988486414 1497.0388836632098 1071.8204123244946 739.5814817088069 
39.62402387193487 10.251332887835584 1093.7291475430875 459.9431650554167 209.01983749164802 
0.16669806661197603 45.81053028841362 216.88095889662338 106.64760200156927 1.2030987284931651 
6.071852629496444E-4 96.58007427664002 63.2791887647201 16.685608159831823 1.3419806853834562 
2.4002955492208926 53.62106982118327 115.23066129434872 19.397436141929916 0.5049708476835555 
0.02680559619090621 47.87447508269333 578.5366457645449 385.74745727104005 0.018950696391062838 
0.25801352874210504 56.374529843898415 6.636184968586761 271.7279986456626 0.4665384123233094 
39.62402387193487 0.7627115767465318 1093.7291475430875 451.1582139833239 675.2352671968605 
81.05912140432801 0.23651148351734363 1495.275831539195 1244.3061299027067 381.70001713831016 
7.043085103293727 33.81781226654273 36.997919266760675 1.029559810515885 0.46805707639007543 
0.19090762039323686 37.08229278890512 5.578886252812737 411.0705133456745 0.08332160732939448 
0.02680559619090621 47.87447508269333 578.5366457645449 327.6363464342203 0.02117260180807537 
56.82973849796686 1.6162780239951609 1225.9242435606393 455.80657863549766 186.47680847390734 
9.066570516709717 42.67011650240288 218.02602781050348 345.5362564365434 0.42899766778677195 
0.017619939269206963 51.406599642991544 4.529144842552881 386.5922679435979 21.44609428627891 
1.2724805844156823 51.26287760037452 49.78676050930757 148.86688809389966 2.8537731804007898 
0.205403953002936 50.86101745723552 359.49402309917593 324.86437026919765 4.3918733051640615 
15.340960645269892 0.2733472091818543 1497.0388836632098 512.4445997452441 246.08678058900807 
81.05912140432801 0.1090594981975892 1491.8441706567007 947.7741420746393 392.6818504525778 
39.62402387193487 10.251332887835584 1217.90179649588 455.80657863549766 199.7845361498647 
2.571535444820647 8.794009791495 804.3997910398591 455.80657863549766 214.65421317968344 
2.8977177307753417 42.67011650240288 218.02602781050348 345.5362564365434 0.42899766778677195 
80.31503333052389 0.4403842606251511 1475.7347739890504 1316.9768402898912 719.0070092183482 
0.2765140056912048 46.49517276356885 28.655159218885593 111.2258365340249 0.4636339243026523 
61.644838523476764 0.44344984631151263 1499.2192982287802 1327.5762373807138 441.39315316564944 
59.59587990725292 0.44039751517877496 1491.3337669075654 595.9389309721927 399.3400676524904 
1.2724805844156823 33.67100595105189 6.359217039200608 2.9096439605499853 0.38324123685578115 
0.2607506234115209 45.67868427627083 158.85655707954257 348.5523883839333 0.4665384123233094 
82.53805189302723 0.38696216234858305 1489.1761119044472 375.78091636660974 112.9140895544235 
1.12011270056135 49.26613647574976 166.0602759523919 155.59121863206542 0.5049708476835555 
0.05796919512846284 65.46563173366822 166.09086850485602 5.24115019774591 0.5477166993025495 
60.532099702842615 0.14205391153801053 1497.0388836632098 1177.1065608099068 733.1441871006197 
49.75128720022424 0.14430720905420102 1495.259646958203 1129.7519687615088 392.6818504525778 
15.98209751509627 1.1949973244306693 746.9969130749921 426.28319407396344 171.3340637670616 
0.0156143800045207 51.406599642991544 184.46004146588524 32.80380086170393 0.557882148704847 
0.5838664911580755 44.918339257328064 166.09086850485602 333.2841683351735 0.5453205011850562 
59.182091776430546 0.4333248572566343 1410.5625469212428 595.9389309721927 364.06395447514 
1.3106606367914382 59.31651367158347 27.8964393929391 290.78326515345157 12.100191366932691 
60.532099702842615 0.2733472091818543 1497.0388836632098 512.4445997452441 246.08678058900807 
20.04216818133503 1.6162780239951609 1494.2519887981211 455.80657863549766 178.132245721659 
48.0228556136515 0.20256269305784927 1497.0388836632098 604.2433363079112 683.2319290147644 
0.22374303924196753 59.20841208886309 2.1170949550438425 290.78326515345157 0.3351392984923045 
0.017619939269206963 51.406599642991544 4.6258492116755425 386.5922679435979 29.866129068839484 
0.04603658301518952 51.4138420027141 6.790983859095304 220.41575786100952 0.17489039735715295 
60.6146937633157 0.23065049988486414 1497.0388836632098 819.037663233016 402.75132971411335 
0.14665676279648768 53.49213282193175 220.90982698889854 19.397436141929916 15.907072636292513 
0.16742968878668327 52.78447262566631 28.378583755601767 16.685608159831823 8.781672307926044 
0.018630992102733168 62.22865988304644 918.818109829841 324.5107011123465 205.38262363304696 
1.12011270056135 50.293618489474994 151.1583646539223 155.59121863206542 0.5049708476835555 
0.13640971341753194 44.245057281563234 446.3995705040789 345.84112915253917 8.593088149643682 
2.4899202474493127 44.416920812993695 455.52750390747195 345.38443452841375 2.848242181092653 
1.4552119949474092 59.37918435202252 331.70224906208625 345.5321535127404 21.205968693459834 
6.071852629496444E-4 96.58007427664002 63.2791887647201 16.685608159831823 0.11203452533039049 
80.31503333052389 0.4403842606251511 1475.7347739890504 1316.9768402898912 719.0070092183482 
0.018630992102733168 62.22865988304644 74.16980983834628 382.6218119491687 0.41997550723194976 
0.6228403964622862 53.62106982118327 98.87221716243049 19.397436141929916 0.5049708476835555 
36.469812384849746 10.565313183020628 1057.2896056385737 460.55673539832435 0.14248973907284324 
61.65632886765179 0.3761968766927418 1486.1975931769887 1125.3303435667908 441.39315316564944 
0.008797796445954797 46.49517276356885 28.655159218885593 124.97385067445431 0.4636339243026523 
0.49240430541224356 45.531877961033686 6.1306959071290095 348.5523883839333 0.38172257278904603 
0.20538782981457218 55.700390579940795 5.4905840467563465 108.27444049561016 1.579051581868308 
20.253240069654417 2.3502460692192884 1475.3741934581476 727.4338830775068 392.6658242351784 
0.46397722798385743 61.942231338252306 351.3352548627416 281.9694687984814 29.455977882613738 
16.428837612579496 62.48092631709055 696.9770364099893 407.72959279728195 106.76521654448442 
1.2724805844156823 51.26287760037452 49.78676050930757 155.66001989405146 2.8537731804007898 
0.1502716607170238 53.67401649676538 50.392392496719225 165.640566076235 2.8537731804007898 
61.5858738347345 0.27308638270404767 1499.5706815732506 540.8596479807404 246.08678058900807 
1.4221539956502922 46.49517276356885 28.655159218885593 111.2258365340249 12.533525221735932 
60.532099702842615 0.24892454692584365 1478.8090679900215 827.4007304546997 393.60000643614956 
60.099900411920665 0.1415574475467665 1498.2150718888333 754.1151881791699 393.5222583873302 
0.1664142607553584 57.0846026097729 384.4770902116853 337.4846383589532 0.32920583949166016 
83.0 0.23439955595349382 1495.275831539195 934.1241314514874 366.33995830597854 
0.033313101768586595 42.03163330976699 450.7701889253634 342.6866034864827 106.20245613006317 
0.1664142607553584 57.0846026097729 384.4770902116853 337.4846383589532 0.32920583949166016 
0.02040179027514496 62.223215859416364 74.16980983834628 277.64685534944556 0.22573352389538448 
0.017619939269206963 2.0977828064908017 790.5920819449782 385.87296103895494 29.866129068839484 
0.014244703416759708 42.03163330976699 565.9339357786154 342.6866034864827 106.20245613006317 
0.033313101768586595 42.03163330976699 450.7701889253634 342.6866034864827 106.20245613006317 
0.19475316960187605 36.36543807665156 19.55028755838751 406.8157861501369 8.593088149643682 
1.3106606367914382 59.37918435202252 6.568942706414095 290.78326515345157 12.100191366932691 
16.428837612579496 67.22159491833796 716.1353846718342 417.8391894496542 2.1485157666994894 
5.858903192613415 0.7809855622120074 499.313919169596 408.0937750459982 178.132245721659 
1.6617210236068942 50.82937182487193 49.78676050930757 168.6760874016885 2.8537731804007898 
0.14665676279648768 53.49213282193175 220.90982698889854 19.397436141929916 15.907072636292513 
