0.06500061810435623 58.29515232844394 4.494780906101575 1.0143957125319139 1.1133456367114336 
81.96152535172978 0.4067971240742718 1479.2966434508348 1366.313705939362 1163.8151619692749 
81.96152535172978 0.22963200283732643 1479.2966434508348 1366.313705939362 1163.8151619692749 
73.74867880005253 0.4067971240742718 1479.2966434508348 1386.8420450337635 632.3489402873652 
28.439222729011618 53.2389569981096 262.6575051200925 415.04567679171544 26.71499058581884 
0.028234455225938843 40.67863868409657 4.464962085839586 171.00707537940355 2.3808556991528844 
81.96152535172978 0.05195598396013068 1455.3736289877543 1330.1130936522882 1237.416274281863 
0.36641395028012846 58.22092954826592 18.482957412275375 180.3320078917962 0.19602507360255134 
5.27165802822832 0.11298614229337041 751.5049240868459 588.2303736934962 279.178470778889 
0.011499460851613089 60.59327280941241 1.5162196954362788 223.9962363907609 0.23288360596783386 
0.1598871707145369 54.015396887335015 448.21017944629165 355.123279819669 11.35628911564108 
27.655624915539086 0.39847206911630567 822.0792295275735 433.78365103342514 209.0467455424743 
0.17538754159775533 58.30187615994126 18.91305783923326 383.60268837597204 0.2123783231780093 
0.13235662343421706 58.326533086588505 2.30391462404706 150.64473549771213 1.0230006727161904 
0.17668503658828194 58.38732658482266 38.53915262202344 355.89811889493024 0.4890279199728732 
0.001371598384226097 59.54806030285782 137.41543634669867 37.737749776127544 1.8672402568470812 
73.74867880005253 0.26840359129205016 1479.2966434508348 1050.1815732317825 632.3489402873652 
0.04878394306873146 58.38732658482266 346.2410492967265 355.89811889493024 0.37594795589910746 
0.17667438638634658 23.22775423989444 773.9855202452782 354.6970262346552 3.166530091094696 
0.07552923526724165 58.19137516713844 231.4250217832274 381.65103633628354 0.7714044626342024 
68.91232825541245 0.2577745960246825 1479.2966434508348 1355.513588705089 562.8407949464882 
0.05544132835331011 60.48152038357665 352.57490207779404 316.9354542749288 7.885984751578755 
81.96152535172978 0.3990459083680735 1476.7989682131458 1122.5923722114135 549.3987367250232 
72.45770961796107 0.0119888164162259 1479.513396846474 852.4034442572588 389.4464725657006 
76.43352772540663 0.07070337249711126 1498.7912605395015 875.5135098614523 556.733006946793 
83.0 0.2824302673941538 1458.634893588234 1185.7716439409407 630.2223377657764 
0.16719622013287933 59.919195925868614 6.1720631580367495 49.16179097599854 1.0019201600145533 
0.06500061810435623 58.3492059329888 1.621011650172619 71.13175625224548 2.0632945369625704 
0.17459815485623478 60.4391560149959 9.961852886977567 325.7737241234459 0.9326616594656087 
86.42985230933616 0.28202156496400776 1042.0029781357505 495.2829740050811 256.7483062758179 
0.8701882706030661 23.775109014616433 185.46519271497897 381.6645073635234 6.570920491517057 
1.408854395666522 56.980928824445044 234.19999381525292 333.7162769787471 18.86658616613112 
0.33535014893619813 60.00118636371761 6.1674148666858475 415.04567679171544 3.4256479864919562 
3.2142493338107556 62.95834622074475 6.1540465657390655 275.79440860963564 0.661672061985793 
0.17586846821193447 58.32612872974163 1.809422575504172 142.36887430908712 0.48471372110244904 
72.1296046550648 0.056016144112634 1495.882534677235 1035.433573219072 402.6574976286355 
0.06709540435198946 57.15371837426657 150.14338575172457 13.510441021230562 1.8672402568470812 
63.99315427863712 0.03707705188037652 1499.792775805438 550.8476810144739 399.3598360426428 
42.53592829355102 0.29819590786440486 1444.5291545673608 454.4652258119085 370.81048717504507 
59.8090671856325 0.26840359129205016 1479.1042430949303 636.7390664104299 632.3489402873652 
0.07552923526724165 58.19137516713844 1.6306329481667916 317.65528967686214 0.7756370815113195 
38.23154089294957 0.11298614229337041 751.5049240868459 588.2303736934962 281.1345896481204 
0.04233710984535488 54.3654448669043 88.36545009971852 396.47962644011693 10.252674706365417 
0.16719622013287933 59.919195925868614 6.1720631580367495 42.72002380859408 3.1237157601944183 
0.7540066337949005 58.186171450152706 152.99403598016318 317.65528967686214 0.005945875609729145 
25.157163689890677 0.548731630616863 1432.7607505329422 444.15575137296696 362.4533394214499 
73.74867880005253 0.4067971240742718 1482.0391122362726 1252.7805202214754 632.3489402873652 
0.04797459853916476 58.32612872974163 316.9772653178351 142.36887430908712 0.37163375702995544 
7.229333318172652 66.5119114254212 234.19999381525292 312.2364650627453 18.86658616613112 
42.52828163295837 0.06369242876438863 1465.0456643109446 698.3726733229929 423.692551691666 
0.11433420528522872 58.344613164686166 3.6521197752758106 340.6168766829897 2.5879075721950686 
0.4927205554904721 61.11980070387105 55.04136209611471 45.96623589215662 6.528107038390896 
73.85645439575883 0.23583009962618628 1495.3742103740105 360.7599733514042 37.60426489921244 
0.24070471831463713 6.382064308540592 1223.5837563890054 447.5958031174463 200.8304782199961 
72.1296046550648 0.056016144112634 1479.3601347200988 1035.433573219072 387.8188671819537 
0.9441378823652178 59.65868578042359 588.9192274627778 361.6222207821798 0.9326616594656087 
0.00984521650546867 58.47643944100165 18.520452679850365 223.9962363907609 3.1777282277013894 
21.870949767645676 0.39847206911630567 740.2513860419106 433.78365103342514 209.27647325328675 
1.408854395666522 57.17114596431516 451.49035908539213 263.8637395715268 18.86658616613112 
26.542750799589946 0.39847206911630567 1082.0969519419982 433.78365103342514 209.27647325328675 
0.3523200609767372 23.57688707254937 590.0522538324732 354.05353484964576 241.48891157716923 
0.35929446295937284 60.19252567915803 3.2142473178179323 188.48763240343908 2.569215481788518 
48.44380065685202 59.76351559766819 598.9834924031619 259.8462320169772 0.9326616594656087 
0.3523200609767372 53.89879843401604 590.0522538324732 354.05353484964576 241.48891157716923 
23.13329378223107 1.848673626882258 721.5246301330237 462.0988267536142 286.09446378438497 
0.35929446295937284 71.24070660989747 39.19856394265071 223.16551333359234 7.555395590159151 
0.8701882706030661 45.891428994208624 241.77423019829192 274.82669904888274 4.113541188261211 
2.755799528914519 0.03299167322484037 1484.9590896860807 367.11484211097985 383.12732125464413 
62.661185677478784 0.03299167322484037 1499.059252725573 776.0047757987168 399.4925096645001 
0.3602795174769893 36.66393583646184 8.421815108050566 356.1553390476577 11.35628911564108 
81.75447078327988 0.2824302673941538 1479.5334765174146 1296.3614466874383 418.79339682141995 
2.142219210139702 58.134652968712345 448.71540602207835 385.13811613034693 0.7732740995709437 
2.755799528914519 0.03299167322484037 1484.7666893306123 314.24662124237574 383.12732125464413 
0.9441378823652178 59.65868578042359 595.8808200115636 361.6222207821798 22.64600412275966 
0.7462847124878635 41.93769895705671 190.34288266871243 339.7075239914515 6.571082089765753 
4.667710491861044 41.93769895705671 182.67191831811397 335.1704424862432 1.588525137502728 
83.0 0.07070337249711126 1498.7912605395015 836.1443573267197 181.4214223669642 
0.16690850447640695 59.59016697131815 1.7607901541451336 243.36703272683206 3.1237157601944183 
0.05539363562452561 58.30187615994126 633.9170138949862 383.60268837597204 0.2123783231780093 
0.05534458751065344 60.64109918504858 599.2235456343749 325.7737241234459 0.9326616594656087 
0.38570680223151177 55.788681454376324 42.25805029724984 4.036931606158589 0.7590096436916411 
0.1666436094427785 59.958832062121125 4.342969514518101 3.2170440800566134 0.23713021739983464 
0.3602795174769893 36.66393583646184 8.421815108050566 356.1553390476577 11.35628911564108 
76.49678308186486 0.21810866731188305 750.2067037097661 360.7599733514042 37.60426489921244 
44.93187363952837 0.06921865805098228 1459.1087385326919 555.4436616780364 371.2892425323278 
25.92992050491157 0.4067971240742718 1470.61165858537 444.8045440741218 161.8252335234646 
0.17586846821193447 56.98263076443685 1.809422575504172 296.2899701035746 0.2123783231780093 
63.99315427863712 0.03707705188037652 1499.792775805438 608.8358314521244 399.3598360426428 
0.05460197740815645 0.5371700148322738 696.3351620828557 343.5673239397384 278.12466232827353 
0.16719622013287933 56.40376590870822 15.933407941416995 262.4319946050484 1.0948781983908091 
0.1311796827429414 61.05347962736788 6.1720631580367495 81.74010210592263 52.90000815541969 
63.99315427863712 0.03707705188037652 1485.2087003223664 608.8358314521244 403.9792905096731 
0.8853491343570177 56.40376590870822 15.933407941416995 262.4319946050484 1.0745933109766796 
0.8701882706030661 45.891428994208624 241.77423019829192 274.82669904888274 6.570920491517057 
7.465810312346042 1.701789863066292 583.7485666193052 516.6324205284604 290.76477838036425 
74.29238347152061 0.3990459083680735 1476.7989682131458 495.0555416297687 305.02947947165126 
0.2408297958804985 4.095308247055218 1223.5837563890054 447.5958031174463 241.28050384232586 
73.74867880005253 0.4067971240742718 1479.2728035671973 843.3859899648062 557.8987537891599 
7.465810312346042 1.701789863066292 583.7485666193052 516.6324205284604 193.51737145552823 
0.05460197740815645 0.5371700148322738 707.0630409173053 343.5673239397384 278.12466232827353 
