0.24404020462881837 58.135112030318794 4.058084343316192 1.8869545466658053 1.1161288750864458 
55.006223332069105 0.15841098917984334 1473.3364423454382 1459.5223225719724 943.6866846041656 
0.24404020462881837 58.135112030318794 4.058084343316192 1.8869545466658053 1.1161288750864458 
1.1526790641291063 79.28369664565592 102.03849549472591 15.204872395869884 5.199344794697572 
0.10643673532243243 58.135112030318794 2.938959602872904 177.8262902857333 1.1149682620775532 
62.38123495706775 0.4027280926152891 1474.2792692390658 1308.5466753175174 424.1475516865055 
0.10479734250992162 45.09206003454664 25.61595215568815 183.65642356992106 0.8908962958775533 
3.940720690884376 59.62189482307929 663.6731465130184 355.53352543890367 64.27807508472347 
0.14464073342787895 58.57159048995259 83.28078429620031 378.94259030647174 6.754537372637472 
0.24404020462881837 58.86908958100841 213.15874303467737 1.8869545466658053 1.1155582214754092 
52.315426966854915 0.19905532841890017 1256.0340633966628 472.251326489353 168.57380903481496 
0.495646707326731 56.367131964443786 202.96605537519258 75.2855862796284 15.30840401170542 
0.9907888735929572 43.082822927860796 18.421923006599684 329.7561907316557 0.002389256950249552 
62.38123495706775 0.05843187363629454 1483.1126787723085 1474.7754209583359 460.202884315854 
1.142713317534622 44.350677645012595 482.3738671469474 327.38612676466073 367.0181377885222 
2.486001508428142 0.11134298140398557 774.1230644867957 382.7763386628934 217.5757102773008 
62.58015583923546 0.43497633980011985 1474.2792692390658 1262.373502908614 693.6719880501705 
62.38123495706775 0.05843187363629454 1474.2792692390658 1433.5679079256392 440.4771185358406 
0.9830253745670736 46.92578698788881 207.81063345112673 27.32347348304839 0.001587501677573322 
3.8174052374590053 0.9758464875121255 1009.2865279857897 413.12355458678314 19.851894884252502 
3.127920300956081 2.5405875749723315 663.6731465130184 355.53352543890367 1.7595121522808177 
3.9665309853273683 27.593207035157597 308.60951455606573 337.00359827844466 15.606928743032084 
0.5052039943477409 46.29669297718572 390.8059252044121 350.07412060569635 0.18247813611775232 
0.06818067931638533 84.18564513212735 18.776892400128652 279.8711887674984 1.2157414641973787 
0.7147549890165126 43.95027702284662 468.933908008267 363.5497681341747 44.86594965986594 
0.5132052073268589 43.144726056292384 4.750685242462893 225.2869067236805 0.43627339973554446 
0.9726766754251518 47.14838658203258 207.81063345112673 13.883266023325547 0.002389256950249552 
0.5996702576143592 48.09616537797241 98.86272645972659 31.816152081897002 0.0712798912131446 
0.03845491351798442 42.38648441603318 13.646536405928316 363.3957966157692 0.5014215779285965 
0.14464073342787895 58.57159048995259 83.28078429620031 342.7474961359267 0.022596624520613534 
0.15181602821902151 89.67912041338352 437.1024619023057 351.70015853382506 1.244456546319058 
3.966189604296361 43.89370813754808 202.96605537519258 310.5154350284349 19.932498546410187 
0.5806686778066211 47.353323248611645 98.68800504195491 53.89218577118985 0.020121382015943618 
55.571575221507985 0.10678805022316978 1494.0641795405913 721.2088229473886 346.1952412004458 
1.0494038501642409 47.14838658203258 62.43604449789904 13.883266023325547 0.002389256950249552 
1.359772765313669 44.62931983333286 23.943774394357227 224.5110317958803 1.4821371747325505 
0.5961775163681025 90.25859195371287 437.1024619023057 286.108757626785 1.244456546319058 
62.38123495706775 0.04837784163023118 1474.2792692390658 1094.89585734437 693.6719880501705 
11.837067262109134 5.114268426548598 1124.6864861322151 413.2576127923265 57.579862458825176 
0.07440625991237132 57.871084922807356 4.147719034351849 320.5282219126059 1.1125792966205783 
1.3644707356583545 42.31772635656255 20.652385034379762 398.2070377037414 1.0469261229514009 
0.4335548658797528 44.41660932387775 463.8272694534258 423.0139965109058 0.18324072002395897 
11.43863032135279 0.661267882230411 1066.8042605191445 422.7335101860178 245.3795035393064 
52.71777975436348 0.11134298140398557 761.6487800637822 382.7763386628934 217.5757102773008 
0.5990855130152857 47.318259419757595 98.67375066481169 41.60676530811102 0.0712798912131446 
0.058214641070916395 46.83422881045419 122.37605340862902 178.58523813410332 7.180567900313388 
1.0494038501642409 56.17229891643292 312.28417082289235 332.39776741134534 6.743008577672017 
0.3625052491938919 55.12302476178079 21.55857115868219 25.336876407815623 0.023925694915020418 
0.5260281599081225 45.101318741336016 4.968394938948787 274.5354281054704 0.00981415466002486 
9.160435618862252 81.05399166093166 742.6847370173225 332.26806353109197 152.04637645548314 
62.89530389633342 0.10678805022316978 1494.0641795405913 648.5197091180071 346.1952412004458 
0.24404020462881837 58.18921242338141 165.86908687612635 309.57245814000737 1.1161288750864458 
9.160435618862252 81.05399166093166 742.6847370173225 383.9514335375256 154.22336500677824 
2.8055937828244883 61.03279710358003 23.12584672130413 309.05617286571436 1.7595121522808177 
62.01258956167803 0.13954747596603595 1474.2192838395029 1121.373234589047 403.90169291089256 
67.18680100205027 0.5515517449666406 1484.3428343324342 468.8678195538881 223.85810701036408 
1.3175755445270196 35.962587917604246 803.6829538454886 387.18282986809413 165.50654867384327 
52.71777975436348 1.580420560868692 1335.8734585480913 295.32890674377495 174.66245213579535 
3.940720690884376 60.20136638084707 663.6731465130184 289.942124531897 64.27807508472347 
0.40210790328386786 44.90419986088499 401.0848848791579 392.83752309819533 0.18324072002395897 
0.7167918977019347 40.245600403501896 23.943774394357227 240.84515999342534 1.4821371747325505 
67.5379228943488 0.19785598165228102 1460.432614283537 593.9871744302744 346.1952412004458 
3.333732823970891 33.77616544363384 226.67581770791992 366.87852130409914 25.29792588823682 
10.562249597855917 59.62189482307929 680.5275357085579 424.5632328164203 64.27807508472347 
52.315426966854915 0.20328969164816152 1150.4174231642842 476.158829278001 169.140639851226 
12.268996814885053 5.516460592764669 1484.3428343324342 405.8838956263911 223.85810701036408 
70.71201478928475 0.02749323842432097 1493.5719464732117 898.1757934441068 347.26877771257074 
61.94270183524334 0.0519424535465643 1492.387259548703 1094.447077200603 552.0549770787359 
52.71777975436348 1.580420560868692 1497.6564188515401 415.2151641103761 218.75433269994335 
0.047834279985290065 53.81646844879262 24.403544167071686 372.0854478390641 1.0505977746418083 
61.97022919110035 0.15756559864795575 1474.0977070264898 1356.1315789622397 1006.2864591501954 
62.568110582569574 0.2082393468469111 1267.1176096730708 457.86703822899835 348.9156649608415 
1.0343729135307842 42.77191428452508 201.01333171348898 349.5191445626145 71.9286763111196 
62.60136920913857 0.4561687343367966 1495.2077276428656 930.7696807530859 717.6049543321064 
62.89530389633342 0.10678805022316978 1371.8425374869655 648.5197091180071 496.5489670177433 
71.67418319035129 0.022884096280937218 1471.5164937220138 912.49786834566 554.3073731659896 
3.9665309853273683 27.593207035157597 1002.7034321884751 418.1652684395152 245.71571834866444 
64.40820215470201 1.6755160734974055 1305.6154064790192 648.5197091180071 358.54278263394224 
62.679543791336506 0.4022366236861947 1479.0573056447056 822.6067056988351 433.3118993898521 
0.10479734250992162 45.09206003454664 25.61595215568815 289.74029271013114 0.8908962958775533 
2.147583160407983 42.38648441603318 13.646536405928316 366.55529052419047 6.093955329132456 
0.36367221178913767 58.57159048995259 22.36060100781203 342.7474961359267 0.023925694915020418 
0.4222561842786559 58.57159048995259 22.36060100781203 342.7474961359267 0.023925694915020418 
0.9875855668346836 44.578418295235736 16.226769640052296 13.883266023325547 0.002389256950249552 
61.97022919110035 0.15756559864795575 1474.0977070264898 1356.1315789622397 1006.2864591501954 
0.10479734250992162 44.61008949840246 25.61595215568815 289.74029271013114 0.8957376199908496 
59.05094050629167 11.821232563435103 758.4810753005233 395.07550930552577 220.0290730001529 
52.315426966854915 0.5303648397231131 1483.5945814694976 469.25298514216206 168.5880437440438 
1.034131451146613 59.54248051701208 438.8173875662006 384.04570482267707 87.18695802472055 
1.0343729135307842 43.012729176388405 201.01333171348898 334.5629348879514 71.9286763111196 
71.67418319035129 0.022884096280937218 1471.5164937220138 912.49786834566 554.3073731659896 
0.5955545499738675 43.0824969625621 205.24699698044577 334.5629348879514 0.03715604729663657 
61.93608141881417 0.4381443110944447 1477.175657408693 522.9603359944634 223.9926670983215 
62.01254670393627 0.10374862107506197 1474.5174731962654 526.2045445261363 404.2862988019328 
62.679543791336506 0.06560552898534061 1471.5938318706512 824.1276518791631 391.53487950874535 
0.09578789125201809 44.578418295235736 16.226769640052296 13.883266023325547 0.001093579028463021 
0.13895921978126746 31.66155053984371 82.37072393469087 409.81990144531164 0.9988615290046852 
62.679543791336506 0.4022366236861947 1474.2739391649875 1030.7005417086352 433.3118993898521 
0.20206203081923957 33.77616544363384 226.67581770791992 363.7190273956778 0.20599567993552448 
1.703607743301042 42.736646173001844 4.968394938948787 277.22928217356605 0.2085883875425286 
