-9.309 4995.2118825762045 0.9197115384615384 
-4.883 4116.2118825762045 0.6254807692307692 
-4.884 4115.2118825762045 0.6259615384615385 
-9.308 4995.2118825762045 0.9192307692307693 
-4.883 4116.2118825762045 0.6254807692307692 
-9.309 4995.2118825762045 0.9197115384615384 
-6.727 4471.2118825762045 0.7432692307692307 
-5.386 4212.2118825762045 0.6572115384615383 
-7.181 4560.303859764115 0.7735576923076922 
-6.367 4402.2118825762045 0.7197115384615385 
-8.355 4796.2118825762045 0.8528846153846152 
-6.468 4420.303859764115 0.7264423076923078 
-8.771 4882.2118825762045 0.8817307692307692 
-9.201 4973.2118825762045 0.9115384615384614 
-5.776 4287.2118825762045 0.6817307692307691 
-7.788 4681.2118825762045 0.8139423076923077 
-6.897 4505.303859764115 0.7543269230769231 
-7.997 4723.2118825762045 0.8283653846153846 
-9.252 4985.201491097987 0.9158653846153845 
-6.21 4371.434445364237 0.7096153846153846 
-8.157 4756.2118825762045 0.8394230769230769 
-6.262 4382.257871170161 0.7129807692307693 
-7.855 4695.2118825762045 0.81875 
-7.111 4546.2118825762045 0.7687499999999999 
-6.151 4360.2118825762045 0.7057692307692307 
-5.616 4256.257871170161 0.6716346153846154 
-5.539 4243.2118825762045 0.666826923076923 
-8.232 4771.2118825762045 0.8442307692307691 
-8.491 4824.2118825762045 0.8625 
-5.854 4302.2118825762045 0.6865384615384614 
-8.714 4871.922548237782 0.8783653846153846 
-8.281 4780.257871170161 0.8480769230769231 
-5.703 4274.2118825762045 0.6774038461538461 
-5.175 4172.257871170161 0.6437499999999999 
-6.686 4463.2118825762045 0.7408653846153846 
-9.139 4961.293468285898 0.9076923076923078 
-5.308 4197.2118825762045 0.6524038461538462 
-7.381 4599.2118825762045 0.7865384615384615 
-5.459 4227.257871170161 0.6620192307692307 
-5.118 4161.2118825762045 0.6403846153846153 
-5.244 4185.2118825762045 0.6485576923076923 
-5.666 4274.553039574279 0.6769230769230768 
-8.844 4897.2118825762045 0.8865384615384616 
-5.828 4297.2118825762045 0.6850961538461539 
-8.418 4809.2118825762045 0.8572115384615385 
-8.066 4737.2118825762045 0.8326923076923077 
-4.909 4121.2118825762045 0.6274038461538461 
-7.578 4639.257871170161 0.8 
-6.939 4513.2118825762045 0.7576923076923077 
-8.596 4846.2118825762045 0.8692307692307693 
-8.124 4749.2118825762045 0.8370192307692308 
-5.214 4179.2118825762045 0.6461538461538461 
-5.09 4156.257871170161 0.6384615384615385 
-5.483 4230.2118825762045 0.6629807692307692 
-8.418 4809.2118825762045 0.8572115384615385 
-6.977 4520.2118825762045 0.7600961538461538 
-5.926 4316.2118825762045 0.6913461538461537 
-8.888 4906.2118825762045 0.8894230769230769 
-6.897 4505.303859764115 0.7543269230769231 
-4.958 4130.2118825762045 0.6307692307692307 
-7.888 4701.303859764115 0.821153846153846 
-7.258 4575.2118825762045 0.7783653846153845 
-7.916 4707.2118825762045 0.8230769230769232 
-5.296 4195.2118825762045 0.6514423076923077 
-7.629 4649.2118825762045 0.8033653846153846 
-6.093 4348.2118825762045 0.701923076923077 
-7.657 4655.2118825762045 0.8052884615384616 
-5.926 4316.2118825762045 0.6913461538461537 
-8.948 4919.2118825762045 0.8937499999999999 
-4.974 4134.257871170161 0.63125 
-7.024 4529.2118825762045 0.7629807692307692 
-5.048 4147.2118825762045 0.6360576923076923 
-6.319 4391.434445364237 0.7163461538461539 
-9.026 4935.2118825762045 0.8995192307692308 
-5.02 4142.2118825762045 0.6341346153846155 
-7.069 4538.257871170161 0.7658653846153846 
-7.724 4668.2118825762045 0.8100961538461537 
-7.258 4575.2118825762045 0.7783653846153845 
-6.599 4446.257871170161 0.7350961538461538 
-7.301 4583.2118825762045 0.7817307692307691 
-7.297 4583.257871170161 0.78125 
-6.322 4392.2118825762045 0.7168269230769231 
-7.6 4642.257871170161 0.8014423076923077 
-5.979 4326.4804339581915 0.6947115384615384 
-6.524 4432.2118825762045 0.7298076923076924 
-5.979 4326.4804339581915 0.6947115384615384 
-8.539 4833.2118825762045 0.8653846153846153 
-7.444 4611.2118825762045 0.7908653846153846 
-9.111 4953.60800826184 0.9057692307692309 
-6.585 4442.2118825762045 0.7341346153846153 
-7.354 4595.434445364236 0.7850961538461537 
-9.072 4945.2118825762045 0.9024038461538463 
-8.679 4863.2118825762045 0.8754807692307691 
-8.988 4927.2118825762045 0.8971153846153845 
-9.072 4945.2118825762045 0.9024038461538463 
-8.088 4742.2118825762045 0.8346153846153845 
-6.907 4506.2118825762045 0.7552884615384615 
-6.634 4454.2118825762045 0.7374999999999999 
-8.971 4925.2118825762045 0.895673076923077 
-5.582 4250.303859764115 0.6697115384615384 
