-4.874 4114.699985449751 0.6259615384615385 
-9.308 4995.2118825762045 0.9192307692307693 
-3.889 4423.191099619769 0.6254807692307692 
-9.308 4995.2118825762045 0.9192307692307693 
-4.874 4114.699985449751 0.6259615384615385 
-6.583 4442.4804339581915 0.7341346153846153 
-6.169 4363.932939716 0.7072115384615385 
-7.084 4541.257871170161 0.7673076923076922 
-6.506 4428.572411146103 0.729326923076923 
-7.213 4566.2118825762045 0.7754807692307691 
-7.506 4624.8869511220455 0.795673076923077 
-8.606 4848.2118825762045 0.8701923076923077 
-6.072 4344.932939716 0.7009615384615384 
-5.828 4297.257871170161 0.6850961538461539 
-9.245 4984.014525425693 0.9153846153846154 
-6.733 4471.2118825762045 0.74375 
-6.407 4409.257871170161 0.7225961538461538 
-7.322 4589.191099619769 0.7836538461538461 
-6.838 4493.2118825762045 0.7509615384615385 
-5.74 4280.526422552148 0.6793269230769231 
-5.15 4166.4804339581915 0.6423076923076922 
-6.242 4376.2118825762045 0.7115384615384615 
-7.594 4642.2118825762045 0.8009615384615384 
-5.913 4314.257871170161 0.6903846153846154 
-9.202 4974.840962528089 0.9120192307692306 
-6.452 4418.257871170161 0.7254807692307692 
-5.645 4262.257871170161 0.6735576923076922 
-8.215 4768.2118825762045 0.8432692307692307 
-5.093 4156.4804339581915 0.6389423076923076 
-8.101 4745.2118825762045 0.8355769230769232 
-8.65 4858.303859764115 0.8730769230769231 
-6.663 4458.2118825762045 0.7389423076923076 
-5.992 4330.572411146103 0.6956730769230769 
-7.676 4658.526422552147 0.8072115384615384 
-8.864 4902.2118825762045 0.8884615384615384 
-5.56 4245.2118825762045 0.6677884615384615 
-7.955 4715.2118825762045 0.8254807692307693 
-6.29 4386.2118825762045 0.7149038461538461 
-8.69 4865.2118825762045 0.8759615384615383 
-5.984 4328.932939716 0.6951923076923077 
-7.99 4722.257871170161 0.8278846153846153 
-8.543 4834.978928309956 0.8658653846153845 
-9.163 4965.840962528089 0.9091346153846154 
-7.264 4576.2118825762045 0.7788461538461537 
-7.761 4675.2118825762045 0.8124999999999999 
-6.908 4506.257871170161 0.7552884615384615 
-5.22 4180.2118825762045 0.6466346153846153 
-7.911 4705.257871170161 0.8225961538461538 
-6.786 4482.572411146103 0.7475961538461539 
-8.874 4905.699985449751 0.8894230769230769 
-8.731 4873.2118825762045 0.8788461538461538 
-9.129 4959.2118825762045 0.9067307692307691 
-8.99 4928.6183997400585 0.8971153846153845 
-5.266 4190.2118825762045 0.6495192307692307 
-7.761 4675.2118825762045 0.8124999999999999 
-8.357 4795.794973934135 0.8528846153846152 
-5.189 4175.4804339581915 0.6447115384615384 
-8.03 4731.876559643827 0.8307692307692308 
-7.015 4527.2118825762045 0.7625 
-6.883 4501.257871170161 0.7538461538461538 
-8.76 4880.2118825762045 0.8807692307692307 
-5.845 4301.2118825762045 0.6865384615384614 
-8.163 4760.28307680768 0.8399038461538461 
-8.793 4887.2118825762045 0.8831730769230768 
-7.144 4553.2118825762045 0.7711538461538461 
-5.896 4310.2118825762045 0.6894230769230769 
-7.144 4553.2118825762045 0.7711538461538461 
-9.04 4938.2118825762045 0.9004807692307693 
-7.015 4527.2118825762045 0.7625 
-6.35 4397.2118825762045 0.7187499999999999 
-7.599 4643.2118825762045 0.8014423076923077 
-5.014 4141.2118825762045 0.6341346153846155 
-6.35 4397.2118825762045 0.7187499999999999 
-7.484 4619.257871170161 0.7937500000000001 
-9.097 4950.2118825762045 0.9043269230769232 
-6.766 4478.2118825762045 0.7461538461538461 
-7.43 4610.2118825762045 0.7899038461538461 
-6.105 4351.2118825762045 0.7028846153846154 
-6.96 4516.2118825762045 0.7586538461538462 
-8.441 4814.257871170161 0.8586538461538463 
-5.327 4209.842373912701 0.6552884615384614 
-4.999 4137.2118825762045 0.6331730769230769 
-7.391 4601.2118825762045 0.7875 
-7.679 4659.2118825762045 0.8067307692307693 
-7.824 4688.2118825762045 0.816826923076923 
-5.457 4227.2118825762045 0.6615384615384616 
-6.96 4516.2118825762045 0.7586538461538462 
-8.528 4831.2118825762045 0.8644230769230767 
-7.846 4692.2118825762045 0.8177884615384616 
-5.288 4194.2118825762045 0.6514423076923077 
-6.268 4382.2118825762045 0.7129807692307693 
-8.135 4754.237088213725 0.8384615384615384 
-6.643 4455.2118825762045 0.7379807692307692 
-7.391 4601.2118825762045 0.7875 
-5.411 4217.2118825762045 0.6586538461538461 
-8.941 4918.526422552147 0.8937499999999999 
-5.512 4236.2118825762045 0.6649038461538461 
-9.079 4947.2118825762045 0.9028846153846154 
-5.48 4230.4804339581915 0.6629807692307692 
-8.793 4887.2118825762045 0.8831730769230768 
