1 0.7892301428124437
2 0.7378870090835974
3 0.7756336452744476
4 0.8025509979901486
5 0.864361499678432
6 0.8514129513339754
7 0.7888903228758056
8 0.8954951194657972
9 0.8554278252716647
10 0.8849200529556522
11 0.8720103514320431
12 0.8014541810054575
13 0.7883232832959542
14 0.7663734964208737
15 0.7209866805018084
16 0.7126305133594765
17 0.6479831119451517
18 0.6146432421547793
19 0.5912117848168557
20 0.602926347096815
21 0.6253894504798716
22 0.6204340814950485
23 0.5196772115123932
24 0.5361542771242511
25 0.5402324220675135
26 0.5103082177963211
27 0.4646593828866294
28 0.4596902726826534
29 0.4763423960649331
30 0.47472251321715975
31 0.49418199649919803
32 0.48638042658189606
33 0.4784538608617543
34 0.4276974152972689
35 0.4321870984670545
36 0.4362848625175819
37 0.47954424196679185
38 0.5127131167322199
39 0.45682934828650157
40 0.45766852421921717
41 0.47651466404526677
42 0.5108787753830577
43 0.4555130475033701
44 0.4352315731829317
45 0.4599121852725121
46 0.45086495634477775
47 0.44542073625208434
48 0.4919588409826018
49 0.4841653180628733
50 0.4680717929469612
51 0.39528257256681265
52 0.3920232686325409
53 0.38990731251633604
54 0.37587619228448077
55 0.44377177722671834
56 0.4158278657074368
57 0.4057142873844715
58 0.4758501467572326
59 0.4243559630186765
60 0.39871623809288925
61 0.3960974605911437
62 0.4073335600708518
63 0.4049913956887295
64 0.4413169748690218
65 0.4590034701292752
66 0.43703282431056384
67 0.47110428555844974
68 0.4420816441158344
69 0.43043343882192003
70 0.42456548060931565
