1 0.6873544591449084
2 0.8550228826097187
3 0.8610917286856539
4 0.9100276124599133
5 0.9582083171486369
6 0.8966917544286832
7 0.8743283311450154
8 0.8294519675242589
9 0.8468064344134277
10 0.8198289386839069
11 0.7932319922604417
12 0.7891638536676384
13 0.7130211922104861
14 0.7055067150424738
15 0.6937867335858058
16 0.6469249200178532
17 0.5606615469595329
18 0.5648220024124795
19 0.5530331592679592
20 0.5247156320748013
21 0.5162234472293896
22 0.5008423208549182
23 0.4672918748501505
24 0.4558926597421507
25 0.4344778888551045
26 0.4209175787473589
27 0.44852824052801665
28 0.44145692398385783
29 0.45330751355616533
30 0.4592605447869412
31 0.4680250762821863
32 0.43565517188955805
33 0.4871822992621839
34 0.48435017091125704
35 0.45875115964294255
36 0.4467183161825151
37 0.440156849564589
38 0.4355260674782409
39 0.443925877777641
40 0.4203131820822696
41 0.4207943807981556
42 0.43700793919343767
43 0.45668850605938976
44 0.4351402408385971
45 0.3928857272664433
46 0.39566253985809385
47 0.38203583712409744
48 0.39456352936656613
49 0.43493621171828856
50 0.45846287552703247
51 0.4682308004287624
52 0.4466963514852089
53 0.4417316623369597
54 0.3786346125825582
55 0.3977535021280875
56 0.3780888222563378
57 0.44351723993360254
58 0.46220104775096715
59 0.4146875198806889
60 0.3776389644909195
61 0.40578735564887625
62 0.3789230303529468
63 0.39648417080122
64 0.46259559494431046
65 0.45470439936436835
66 0.45123746185751107
67 0.48322697739369935
68 0.4929188234350476
69 0.4459344340524751
70 0.4522282049240373
