-0.541 4841.0 
-0.19 3393.0 
-0.497 4286.0 
-0.507 4362.0 
-0.494 4236.0 
-0.545 4927.0 
-0.365 3670.0 
-0.54 4816.0 
-0.23 3425.0 
-0.513 4428.0 
-0.024 3245.0 
-0.42 3837.0 
-0.175 3369.0 
-0.528 4607.0 
-0.532 4663.0 
-0.544 4899.0 
-0.55 5083.0 
-0.485 4176.0 
-0.357 3648.0 
0.062 3192.0 
-0.515 4449.0 
-0.472 4084.0 
-0.551 5151.0 
0.42 2969.0 
-0.559 5487.0 
0.454 2950.0 
-0.056 3265.0 
-0.305 3528.0 
-0.53 4639.0 
0.537 2898.0 
-0.081 3286.0 
-0.473 4112.0 
0.57 2872.0 
-0.406 3784.0 
-0.546 4965.0 
-0.466 4062.0 
-0.547 4987.0 
0.136 3151.0 
-0.501 4309.0 
-0.396 3766.0 
-0.543 4873.0 
-0.391 3740.0 
-0.315 3555.0 
-0.462 4038.0 
-0.093 3306.0 
-0.533 4690.0 
-0.521 4518.0 
0.024 3213.0 
-0.245 3450.0 
-0.456 4010.0 
-0.336 3599.0 
-0.451 3986.0 
-0.558 5417.0 
-0.408 3804.0 
-0.428 3866.0 
-0.446 3959.0 
-0.561 5575.0 
-0.51 4385.0 
-0.345 3622.0 
-0.562 5662.0 
-0.504 4332.0 
-0.374 3695.0 
-0.549 5033.0 
0.304 3036.0 
-0.553 5206.0 
-0.536 4726.0 
-0.273 3479.0 
0.399 2985.0 
-0.563 5760.0 
-0.564 5804.0 
-0.381 3711.0 
-0.557 5368.0 
-0.326 3578.0 
-0.442 3930.0 
0.093 3172.0 
-0.565 5857.0 
0.485 2927.0 
-0.539 4782.0 
0.167 3123.0 
-0.293 3509.0 
-0.537 4747.0 
-0.548 5005.0 
0.277 3059.0 
-0.496 4260.0 
-0.489 4199.0 
-0.556 5352.0 
-0.56 5534.0 
0.246 3079.0 
-0.555 5269.0 
0.214 3101.0 
-0.491 4215.0 
-0.131 3325.0 
0.604 2854.0 
-0.148 3346.0 
-0.518 4477.0 
0.363 3006.0 
-0.523 4552.0 
-0.434 3891.0 
-0.526 4578.0 
-0.48 4142.0 
