0.8351592623110645
0.8351970021952038
0.8350339868623273
0.8343137840733501
0.8346969487303677
0.8354470289276212
0.8345682662087562
0.8350659609308337
0.8343145703209361
0.834306707845073
0.834495931430824
0.8332644056282753
0.8350832583777297
0.8346101994133547
0.8352792961092276
0.8351359369660069
0.8344828273043866
0.8351259778299147
0.8340016437816201
0.8342789270970273
0.8353049801970445
0.8348421424512894
0.834406299205995
0.8334240138882775
0.8349700387253147
0.8350227173135911
0.8345858257381813
0.8346212068795619
0.8343992229777188
0.8350512843092239
