1 0.00953676773017076
2 0.007899650098757365
3 0.005739283221218425
4 0.004639042455957356
5 0.003172616431633461
6 0.0032236931833509123
7 0.0030846769837082223
8 0.0026134496061226815
9 0.001975775547962636
10 0.001433610714954635
11 0.0010817829990056595
12 9.511335565904728E-4
13 8.680493054172145E-4
14 7.955744693617969E-4
15 7.871474177782048E-4
16 6.946502308631943E-4
17 6.55029644696795E-4
18 6.63972780037246E-4
19 6.24114077448223E-4
20 6.223956209971645E-4
21 6.549546578147945E-4
22 6.065861368681303E-4
23 5.772688157803783E-4
24 5.693169982740333E-4
25 5.061644242617138E-4
26 4.855797921068227E-4
27 4.730585336779329E-4
28 4.8715208075004714E-4
29 4.8375721817701695E-4
30 4.5524705908944795E-4
31 4.393020326516627E-4
32 4.368082009097998E-4
33 4.3381258996060603E-4
34 4.2472143149581393E-4
35 4.2604074201635085E-4
36 4.019646695241006E-4
37 3.865477546087579E-4
38 3.8235845743115254E-4
39 3.96588216502252E-4
40 3.744371555797158E-4
41 3.2597024178205214E-4
42 2.9852164484033336E-4
43 3.031504943537079E-4
44 2.997373320589577E-4
45 2.949848799678786E-4
46 2.937563198036794E-4
47 3.0208157703558543E-4
48 2.6705066029740623E-4
49 3.0156986942559983E-4
50 3.115602019155798E-4
51 2.9158523417820804E-4
52 3.0343991819824516E-4
53 2.972098312089604E-4
54 3.0535387562518126E-4
55 3.070906521889995E-4
56 3.002582724003274E-4
57 2.955892038810953E-4
58 2.975527303800713E-4
59 2.974322057911952E-4
60 2.956952983073694E-4
61 2.945739412165522E-4
62 3.088343518642318E-4
63 3.115016911366085E-4
64 3.01113070277253E-4
65 2.9408892564455576E-4
66 3.025946393865692E-4
67 3.0406242561783293E-4
68 2.9683781409465697E-4
69 3.2941038825283963E-4
70 3.2941038825283963E-4
