1 0.013147692349264392
2 0.010554806964735368
3 0.006751808003490481
4 0.005060884478836633
5 0.003896032463427632
6 0.0029244807738090083
7 0.0020761630946108077
8 0.0015860750466945796
9 0.0011657021790290477
10 0.0011649713343793076
11 0.0012196590082118141
12 9.447996234980888E-4
13 8.942325446234171E-4
14 9.406497857504532E-4
15 8.247369678516856E-4
16 7.215060465634666E-4
17 7.491322562901029E-4
18 7.18891958378028E-4
19 7.075584207757271E-4
20 4.3767668409058877E-4
21 4.434739505800474E-4
22 4.3564854767149356E-4
23 4.601437003821757E-4
24 4.2152739083992823E-4
25 3.9242838300834943E-4
26 3.695381920453081E-4
27 3.44041204939772E-4
28 2.981919254394761E-4
29 2.9988943369747785E-4
30 3.0071063487904456E-4
31 3.006418914554643E-4
32 2.971920965860167E-4
33 3.147254902670885E-4
34 3.052398594404853E-4
35 3.0440738751172407E-4
36 3.0361499305519787E-4
37 3.1179080002114107E-4
38 3.197253885661277E-4
39 3.199224024218931E-4
40 3.95607733428775E-4
41 3.237924893498316E-4
42 3.0679364015262343E-4
43 3.1955550179614436E-4
44 3.1938012476289E-4
45 3.064041259859725E-4
46 3.108366696069956E-4
47 3.154555624784111E-4
48 3.030475427509367E-4
49 3.123521271445642E-4
50 3.155992293631456E-4
51 3.1570193422188344E-4
52 3.2814029303967915E-4
53 3.387919491823473E-4
54 3.375857418047928E-4
55 3.254599926613539E-4
56 3.3713909810347014E-4
57 3.246928568992021E-4
58 3.0509476531400634E-4
59 3.17458378107177E-4
60 3.167943410950654E-4
61 3.205836070759993E-4
62 3.511549580143282E-4
63 3.158142594653531E-4
64 3.1440892243339254E-4
65 3.0781486875865134E-4
66 3.096255511004658E-4
67 3.0695472391596186E-4
68 3.264482940089175E-4
69 2.889260212245504E-4
70 2.889260212245504E-4
