1 0.011274898363302845
2 0.00864265843170007
3 0.007999814525281758
4 0.007703573741597431
5 0.005898759160522002
6 0.004160328120772648
7 0.0033183436415023192
8 0.0030761165523543158
9 0.0031730949071098304
10 0.002709456192809575
11 0.0022543410971667486
12 0.002052912893278266
13 0.0019902124644780713
14 0.0016364698279398345
15 0.0014647870799407911
16 0.0011658545911017912
17 8.664213377645497E-4
18 7.266435081907673E-4
19 6.801837198157812E-4
20 6.057157973578969E-4
21 6.082064509362386E-4
22 6.142064494518611E-4
23 5.652663343342633E-4
24 5.599386801826404E-4
25 5.543589601428437E-4
26 5.453552567180886E-4
27 5.050848819715893E-4
28 4.94708081807928E-4
29 4.7009224432667583E-4
30 4.3973061831381095E-4
31 4.224354265656913E-4
32 3.8249916808161694E-4
33 3.747207669968384E-4
34 3.4866767386737774E-4
35 3.5369102805024366E-4
36 3.478054709039053E-4
37 3.55070741098754E-4
38 3.5833592384668073E-4
39 3.62576129287178E-4
40 3.672352658373226E-4
41 3.565624836969843E-4
42 3.611356304463581E-4
43 3.586532864721907E-4
44 3.41957999061117E-4
45 3.319926988196911E-4
46 3.2689089194169296E-4
47 3.2920759409851884E-4
48 3.572230247576136E-4
49 3.7027471253734686E-4
50 3.74410364603113E-4
51 3.7389922662223386E-4
52 3.708767705044403E-4
53 3.4471548997444204E-4
54 3.2667484842751227E-4
55 3.099877853304577E-4
56 3.081571184254464E-4
57 3.0595256012818923E-4
58 3.1007501771325257E-4
59 3.104593853246851E-4
60 3.074410825074396E-4
61 2.912986889298491E-4
62 2.8960881566608194E-4
63 3.0034648109383664E-4
64 3.036294381079237E-4
65 3.154907176476341E-4
66 3.144521236169164E-4
67 3.133743695683177E-4
68 3.053747531864268E-4
69 3.010815997874531E-4
70 3.010815997874531E-4
