-0.565 5870.0 
0.624 2833.0 
-0.565 5870.0 
0.624 2833.0 
0.496 2917.0 
0.534 2892.0 
-0.42 3838.0 
0.561 2873.0 
-0.399 3770.0 
-0.516 4467.0 
0.598 2850.0 
0.28 3049.0 
-0.554 5215.0 
-0.508 4383.0 
-0.459 4020.0 
-0.376 3693.0 
-0.545 4925.0 
-0.079 3286.0 
-0.551 5120.0 
-0.124 3318.0 
-0.445 3972.0 
0.062 3186.0 
-0.562 5660.0 
-0.487 4192.0 
-0.43 3900.0 
-0.387 3742.0 
-0.494 4251.0 
-0.557 5364.0 
0.03 3206.0 
-0.524 4590.0 
-0.232 3430.0 
-0.558 5456.0 
-0.555 5273.0 
-0.056 3265.0 
0.334 3016.0 
0.265 3070.0 
-0.363 3656.0 
-0.467 4066.0 
0.153 3133.0 
-0.53 4642.0 
-0.152 3342.0 
-0.498 4299.0 
-0.249 3450.0 
-0.559 5485.0 
0.466 2933.0 
-0.547 5016.0 
0.12 3150.0 
-0.437 3934.0 
-0.504 4342.0 
0.209 3094.0 
0.37 2992.0 
0.228 3081.0 
0.243 3073.0 
-0.215 3410.0 
-0.042 3261.0 
-0.47 4110.0 
0.37 2992.0 
0.428 2962.0 
0.135 3149.0 
-0.287 3500.0 
-0.561 5572.0 
-0.099 3302.0 
-0.549 5083.0 
-0.32 3575.0 
0.173 3128.0 
-0.556 5331.0 
0.313 3028.0 
0.022 3212.0 
-0.56 5567.0 
0.098 3166.0 
-0.541 4844.0 
-0.543 4879.0 
-0.533 4685.0 
-0.564 5784.0 
-0.354 3631.0 
-0.535 4720.0 
-0.022 3247.0 
0.401 2976.0 
-0.342 3622.0 
0.615 2844.0 
0.406 2971.0 
-0.522 4518.0 
0.001 3226.0 
-0.106 3315.0 
-0.564 5784.0 
-0.563 5707.0 
-0.205 3394.0 
0.44 2955.0 
-0.523 4532.0 
-0.539 4798.0 
-0.48 4147.0 
-0.548 5030.0 
0.313 3028.0 
-0.311 3539.0 
-0.292 3508.0 
0.194 3103.0 
-0.169 3360.0 
-0.304 3526.0 
-0.263 3467.0 
-0.018 3237.0 
