-0.567 6134.0 
0.617 2838.0 
-0.56 5555.0 
-0.564 5906.0 
0.013 3219.0 
-0.563 5805.0 
0.194 3104.0 
-0.531 4670.0 
-0.565 6041.0 
-0.04 3255.0 
0.068 3189.0 
-0.538 4801.0 
-0.557 5426.0 
0.514 2902.0 
0.483 2922.0 
-0.555 5270.0 
0.227 3086.0 
-0.281 3495.0 
-0.54 4823.0 
-0.552 5208.0 
-0.102 3301.0 
-0.561 5678.0 
-0.498 4317.0 
-0.558 5439.0 
0.323 3037.0 
-0.45 3999.0 
0.435 2955.0 
-0.463 4036.0 
-0.562 5692.0 
0.533 2894.0 
-0.304 3528.0 
-0.543 4933.0 
0.305 3044.0 
0.281 3049.0 
-0.012 3233.0 
-0.073 3288.0 
-0.067 3273.0 
0.102 3177.0 
0.24 3078.0 
-0.407 3806.0 
0.344 3016.0 
-0.547 5020.0 
0.598 2850.0 
-0.341 3608.0 
-0.466 4089.0 
0.375 2999.0 
0.466 2934.0 
-0.206 3397.0 
-0.419 3849.0 
-0.473 4124.0 
-0.326 3585.0 
0.452 2948.0 
0.411 2969.0 
-0.214 3420.0 
-0.513 4489.0 
-0.365 3682.0 
-0.394 3753.0 
-0.379 3734.0 
-0.152 3352.0 
0.355 3006.0 
-0.116 3312.0 
-0.551 5136.0 
0.076 3179.0 
-0.503 4377.0 
-0.548 5049.0 
-0.523 4553.0 
-0.566 6106.0 
-0.544 4942.0 
0.162 3124.0 
-0.489 4220.0 
-0.55 5111.0 
0.553 2880.0 
-0.182 3388.0 
-0.52 4511.0 
-0.377 3696.0 
-0.527 4613.0 
-0.425 3866.0 
-0.401 3778.0 
-0.477 4168.0 
-0.131 3331.0 
0.262 3062.0 
-0.48 4193.0 
-0.32 3558.0 
0.388 2984.0 
-0.157 3362.0 
-0.238 3455.0 
-0.265 3488.0 
0.577 2865.0 
-0.262 3464.0 
-0.444 3953.0 
-0.431 3905.0 
-0.495 4258.0 
-0.175 3370.0 
0.561 2877.0 
-0.509 4386.0 
-0.308 3550.0 
-0.351 3633.0 
-0.526 4593.0 
0.138 3147.0 
-0.512 4427.0 
