-0.565 5840.0 
0.623 2833.0 
-0.565 5840.0 
0.623 2833.0 
-0.209 3405.0 
-0.554 5240.0 
0.595 2852.0 
-0.193 3387.0 
-0.556 5305.0 
-0.557 5394.0 
-0.164 3353.0 
-0.445 3972.0 
-0.563 5701.0 
0.408 2972.0 
-0.552 5137.0 
0.108 3162.0 
-0.06 3266.0 
-0.56 5528.0 
-0.261 3465.0 
-0.093 3292.0 
0.237 3077.0 
0.267 3066.0 
0.073 3179.0 
-0.549 5033.0 
-0.528 4600.0 
-0.134 3325.0 
-0.412 3828.0 
-0.489 4268.0 
-0.546 4980.0 
-0.531 4653.0 
-0.517 4467.0 
0.026 3209.0 
-0.36 3662.0 
-0.423 3869.0 
-0.562 5628.0 
0.31 3033.0 
-0.051 3260.0 
-0.244 3439.0 
0.53 2894.0 
-0.55 5102.0 
0.352 3010.0 
-0.434 3915.0 
0.564 2876.0 
-0.111 3314.0 
-0.513 4437.0 
-0.35 3626.0 
0.191 3105.0 
-0.312 3539.0 
-0.538 4801.0 
-0.534 4708.0 
-0.34 3604.0 
-0.478 4141.0 
-0.372 3688.0 
-0.019 3255.0 
0.086 3172.0 
-0.561 5590.0 
-0.536 4748.0 
0.221 3086.0 
0.281 3054.0 
0.509 2908.0 
0.34 3023.0 
-0.47 4092.0 
0.132 3147.0 
-0.385 3721.0 
-0.486 4187.0 
-0.461 4034.0 
0.379 2988.0 
-0.278 3490.0 
0.564 2876.0 
-0.518 4547.0 
0.205 3099.0 
-0.502 4361.0 
-0.301 3521.0 
0.376 2989.0 
-0.501 4305.0 
0.616 2838.0 
-0.398 3771.0 
0.44 2951.0 
-0.405 3790.0 
-0.453 4016.0 
0.458 2938.0 
-0.541 4843.0 
0.489 2920.0 
-0.543 4873.0 
0.045 3201.0 
-0.003 3228.0 
-0.521 4552.0 
-0.244 3439.0 
-0.326 3566.0 
-0.509 4378.0 
0.17 3119.0 
-0.559 5458.0 
-0.433 3892.0 
-0.564 5772.0 
-0.329 3573.0 
-0.564 5772.0 
0.469 2931.0 
0.045 3201.0 
-0.545 4919.0 
-0.474 4101.0 
