0.623 2833.0 
-0.567 6078.0 
0.623 2833.0 
-0.553 5235.0 
-0.549 5131.0 
-0.565 5886.0 
0.266 3064.0 
0.344 3009.0 
0.136 3139.0 
-0.083 3287.0 
0.606 2848.0 
0.31 3030.0 
-0.548 5014.0 
-0.564 5793.0 
-0.464 4091.0 
-0.294 3509.0 
0.568 2870.0 
0.38 2993.0 
-0.539 4806.0 
-0.209 3400.0 
-0.409 3817.0 
-0.556 5368.0 
0.201 3099.0 
-0.029 3246.0 
-0.56 5545.0 
0.167 3134.0 
-0.004 3231.0 
0.415 2973.0 
-0.561 5637.0 
-0.42 3872.0 
-0.558 5437.0 
-0.535 4732.0 
0.435 2953.0 
-0.5 4304.0 
-0.399 3778.0 
0.178 3115.0 
-0.566 6010.0 
0.221 3087.0 
-0.49 4251.0 
0.106 3167.0 
-0.563 5714.0 
-0.475 4148.0 
-0.362 3651.0 
0.026 3209.0 
0.082 3175.0 
-0.542 4868.0 
-0.06 3267.0 
-0.546 4961.0 
0.394 2978.0 
-0.529 4640.0 
0.319 3028.0 
-0.559 5498.0 
-0.525 4599.0 
0.451 2942.0 
0.468 2932.0 
-0.533 4691.0 
-0.142 3333.0 
-0.543 4912.0 
0.012 3220.0 
-0.431 3893.0 
-0.449 4046.0 
-0.383 3725.0 
-0.282 3501.0 
0.048 3199.0 
0.515 2907.0 
-0.385 3754.0 
-0.323 3561.0 
-0.254 3453.0 
-0.115 3310.0 
0.555 2880.0 
0.543 2896.0 
-0.191 3381.0 
-0.447 4036.0 
-0.373 3686.0 
-0.346 3616.0 
-0.178 3368.0 
0.492 2918.0 
-0.436 3931.0 
-0.231 3425.0 
-0.231 3425.0 
-0.445 3966.0 
0.064 3185.0 
0.246 3071.0 
0.24 3079.0 
-0.562 5676.0 
0.484 2923.0 
-0.269 3477.0 
-0.484 4223.0 
-0.522 4546.0 
-0.557 5372.0 
0.512 2911.0 
-0.506 4393.0 
0.101 3168.0 
-0.047 3259.0 
-0.323 3561.0 
-0.333 3584.0 
-0.566 6010.0 
-0.132 3324.0 
-0.161 3350.0 
-0.345 3608.0 
