-0.567 6057.0 
-0.567 6057.0 
0.623 2835.0 
0.329 3020.0 
-0.549 5032.0 
0.042 3200.0 
-0.482 4168.0 
0.3 3042.0 
-0.565 5888.0 
-0.561 5576.0 
-0.566 5957.0 
-0.562 5708.0 
0.356 3004.0 
-0.55 5137.0 
-0.438 3916.0 
-0.42 3854.0 
-0.487 4218.0 
0.062 3188.0 
-0.5 4338.0 
-0.163 3357.0 
0.461 2938.0 
-0.458 4020.0 
-0.345 3616.0 
-0.546 4960.0 
0.176 3121.0 
-0.151 3344.0 
-0.558 5415.0 
-0.552 5184.0 
0.49 2929.0 
-0.559 5484.0 
0.141 3138.0 
-0.044 3256.0 
0.546 2885.0 
0.276 3058.0 
-0.471 4078.0 
-0.019 3241.0 
-0.517 4471.0 
0.087 3171.0 
-0.52 4535.0 
0.582 2860.0 
-0.451 3990.0 
0.099 3165.0 
0.528 2895.0 
-0.057 3265.0 
-0.205 3401.0 
-0.557 5357.0 
-0.444 3945.0 
-0.533 4690.0 
0.442 2947.0 
-0.116 3311.0 
-0.41 3836.0 
0.429 2958.0 
0.006 3224.0 
-0.529 4646.0 
-0.564 5787.0 
0.403 2973.0 
0.206 3099.0 
-0.193 3384.0 
-0.56 5538.0 
-0.556 5311.0 
-0.513 4430.0 
0.566 2871.0 
-0.33 3575.0 
-0.222 3416.0 
0.512 2904.0 
-0.369 3679.0 
0.611 2851.0 
-0.076 3280.0 
-0.554 5257.0 
-0.357 3642.0 
-0.471 4078.0 
0.382 2990.0 
-0.537 4754.0 
0.411 2968.0 
-0.497 4280.0 
-0.007 3231.0 
0.241 3078.0 
0.5 2913.0 
-0.563 5739.0 
0.38 2997.0 
-0.379 3705.0 
0.261 3062.0 
-0.405 3789.0 
0.122 3154.0 
-0.401 3782.0 
-0.274 3489.0 
-0.257 3461.0 
-0.536 4734.0 
-0.245 3442.0 
-0.116 3311.0 
-0.315 3555.0 
-0.391 3749.0 
-0.523 4573.0 
-0.101 3300.0 
0.25 3070.0 
-0.497 4280.0 
-0.362 3659.0 
0.225 3087.0 
-0.083 3285.0 
-0.307 3532.0 
