-0.565 5846.0 
-0.565 5846.0 
0.625 2832.0 
-0.555 5286.0 
-0.141 3331.0 
-0.558 5439.0 
-0.395 3752.0 
0.449 2947.0 
0.252 3077.0 
-0.561 5571.0 
-0.233 3428.0 
0.166 3121.0 
-0.56 5520.0 
-0.407 3795.0 
-0.498 4283.0 
-0.417 3835.0 
-0.073 3281.0 
-0.531 4666.0 
-0.563 5705.0 
-0.271 3491.0 
0.562 2873.0 
-0.036 3269.0 
0.487 2920.0 
0.592 2855.0 
-0.162 3350.0 
-0.083 3284.0 
0.106 3160.0 
0.055 3192.0 
-0.424 3886.0 
0.189 3114.0 
-0.543 4897.0 
-0.553 5191.0 
-0.55 5076.0 
0.037 3203.0 
-0.451 3966.0 
0.401 2975.0 
-0.541 4835.0 
0.226 3085.0 
-0.359 3651.0 
-0.508 4391.0 
0.136 3150.0 
-0.522 4532.0 
-0.519 4491.0 
-0.532 4709.0 
0.441 2952.0 
0.141 3138.0 
-0.343 3605.0 
-0.287 3499.0 
-0.011 3239.0 
0.623 2837.0 
-0.111 3311.0 
-0.378 3704.0 
-0.551 5133.0 
-0.535 4763.0 
0.515 2904.0 
-0.547 5023.0 
-0.47 4070.0 
0.345 3013.0 
0.275 3062.0 
-0.545 4947.0 
-0.526 4591.0 
-0.3 3521.0 
0.014 3228.0 
0.096 3174.0 
-0.254 3451.0 
-0.562 5661.0 
0.54 2887.0 
0.282 3055.0 
-0.343 3605.0 
-0.557 5362.0 
-0.111 3311.0 
-0.486 4185.0 
-0.539 4793.0 
-0.564 5789.0 
0.322 3025.0 
0.401 2975.0 
-0.31 3536.0 
-0.178 3365.0 
0.017 3215.0 
0.376 2990.0 
0.208 3104.0 
-0.454 4037.0 
-0.475 4112.0 
-0.546 4986.0 
-0.556 5353.0 
0.501 2912.0 
0.533 2892.0 
-0.453 3986.0 
-0.49 4226.0 
-0.505 4353.0 
-0.433 3918.0 
-0.205 3395.0 
0.08 3188.0 
-0.493 4245.0 
-0.32 3554.0 
-0.32 3554.0 
-0.458 4056.0 
-0.481 4160.0 
-0.433 3918.0 
-0.178 3365.0 
