0.006522114281957003
0.0064711580577994305
0.007130516722094719
0.006588354189494572
0.007492439943619238
0.007040017699607726
0.006442210585152411
0.007209118885858433
0.007301622073880874
0.007077899186002301
0.0065579592623552525
0.007839775479636801
0.007324253072222096
0.00660398262503983
0.006565724884036614
0.006530445116645977
0.006889363316089831
0.0067587787616020705
0.006605828013931457
0.0061332963239798186
0.007299948314195238
0.006352270130560614
0.006649815259855567
0.006713691729896388
0.006306371027065774
0.006659742321362009
0.005795518355592736
0.006402685728108618
0.006396427506299031
0.006944711710382075
