-0.566 5957.0 
0.625 2833.0 
-0.566 5957.0 
0.625 2833.0 
-0.553 5205.0 
-0.148 3337.0 
0.548 2884.0 
-0.552 5133.0 
0.518 2906.0 
-0.563 5722.0 
-0.484 4177.0 
-0.439 3911.0 
-0.399 3775.0 
-0.556 5319.0 
-0.168 3356.0 
-0.565 5846.0 
-0.249 3446.0 
-0.56 5547.0 
-0.503 4373.0 
-0.54 4806.0 
-0.53 4628.0 
-0.549 5034.0 
-0.076 3282.0 
0.051 3196.0 
-0.559 5478.0 
-0.546 4952.0 
-0.564 5801.0 
-0.372 3688.0 
-0.099 3300.0 
0.161 3126.0 
0.573 2868.0 
-0.413 3818.0 
-0.014 3234.0 
-0.344 3606.0 
0.14 3142.0 
-0.513 4457.0 
-0.332 3580.0 
0.078 3177.0 
0.282 3048.0 
-0.558 5421.0 
-0.524 4575.0 
-0.38 3735.0 
-0.224 3417.0 
0.01 3225.0 
0.194 3106.0 
0.398 2991.0 
-0.492 4245.0 
0.412 2971.0 
-0.029 3247.0 
-0.193 3381.0 
0.486 2924.0 
0.224 3088.0 
-0.562 5631.0 
0.115 3156.0 
-0.512 4419.0 
0.587 2860.0 
0.376 2994.0 
-0.557 5364.0 
-0.444 4003.0 
-0.442 3958.0 
-0.464 4086.0 
0.493 2919.0 
-0.114 3311.0 
-0.263 3466.0 
-0.502 4308.0 
-0.464 4086.0 
0.607 2848.0 
-0.532 4688.0 
0.262 3062.0 
0.458 2941.0 
-0.196 3399.0 
-0.541 4885.0 
0.028 3209.0 
-0.302 3523.0 
-0.561 5616.0 
-0.495 4295.0 
-0.485 4204.0 
-0.282 3491.0 
-0.518 4526.0 
0.115 3156.0 
0.072 3192.0 
0.203 3098.0 
-0.296 3511.0 
-0.42 3845.0 
-0.535 4713.0 
-0.357 3638.0 
-0.543 4889.0 
0.455 2945.0 
-0.461 4034.0 
0.301 3044.0 
0.434 2961.0 
0.345 3016.0 
-0.42 3845.0 
-0.454 4033.0 
-0.273 3483.0 
-0.357 3638.0 
-0.318 3552.0 
-0.049 3259.0 
-0.379 3709.0 
0.432 2963.0 
0.603 2850.0 
-0.567 6079.0 
0.603 2850.0 
-0.562 5655.0 
0.15 3134.0 
-0.566 5996.0 
0.211 3100.0 
-0.565 5864.0 
-0.54 4847.0 
-0.56 5528.0 
-0.546 5000.0 
-0.206 3403.0 
-0.545 4955.0 
-0.549 5120.0 
-0.478 4143.0 
0.413 2970.0 
-0.563 5757.0 
0.123 3155.0 
0.378 2990.0 
-0.427 3874.0 
-0.466 4064.0 
-0.518 4479.0 
-0.461 4036.0 
-0.404 3795.0 
-0.554 5251.0 
0.552 2884.0 
-0.551 5155.0 
-0.288 3503.0 
-0.445 3974.0 
-0.501 4410.0 
-0.131 3326.0 
-0.158 3362.0 
-0.232 3432.0 
-0.5 4329.0 
-0.307 3532.0 
0.303 3039.0 
0.477 2934.0 
-0.482 4187.0 
-0.109 3315.0 
-0.538 4786.0 
-0.514 4425.0 
0.099 3174.0 
-0.564 5813.0 
-0.383 3719.0 
-0.047 3262.0 
0.529 2902.0 
-0.145 3350.0 
-0.519 4560.0 
-0.411 3817.0 
0.236 3083.0 
-0.353 3628.0 
0.434 2954.0 
-0.184 3373.0 
-0.559 5482.0 
-0.557 5384.0 
-0.556 5342.0 
-0.07 3281.0 
-0.488 4239.0 
-0.555 5290.0 
0.586 2862.0 
0.277 3054.0 
-0.37 3683.0 
0.145 3140.0 
0.345 3020.0 
-0.383 3719.0 
0.255 3068.0 
-0.492 4306.0 
0.005 3226.0 
0.069 3192.0 
-0.187 3383.0 
-0.527 4657.0 
-0.329 3582.0 
-0.533 4716.0 
-0.096 3300.0 
0.283 3049.0 
0.459 2946.0 
-0.441 3949.0 
-0.535 4740.0 
0.051 3200.0 
0.497 2916.0 
-0.019 3245.0 
0.366 2998.0 
0.042 3201.0 
0.355 3009.0 
0.321 3027.0 
-0.491 4261.0 
-0.358 3674.0 
-0.53 4667.0 
-0.344 3610.0 
0.427 2960.0 
0.326 3024.0 
-0.241 3437.0 
0.027 3219.0 
0.217 3094.0 
0.077 3181.0 
-0.336 3600.0 
-0.249 3457.0 
0.09 3179.0 
-0.261 3462.0 
-0.437 3901.0 
0.596 2852.0 
-0.567 6044.0 
0.596 2852.0 
-0.472 4109.0 
-0.499 4358.0 
-0.553 5246.0 
-0.542 4876.0 
-0.554 5397.0 
0.518 2901.0 
-0.46 4029.0 
-0.486 4225.0 
-0.559 5507.0 
0.3 3041.0 
0.555 2878.0 
0.373 2996.0 
-0.55 5118.0 
-0.563 5755.0 
0.129 3149.0 
0.266 3062.0 
-0.562 5661.0 
-0.156 3351.0 
-0.054 3270.0 
-0.548 5005.0 
0.395 2981.0 
0.106 3161.0 
-0.269 3492.0 
-0.366 3663.0 
-0.548 5005.0 
0.013 3219.0 
-0.251 3456.0 
-0.335 3594.0 
0.037 3215.0 
0.45 2950.0 
-0.45 3995.0 
-0.564 5801.0 
-0.487 4242.0 
-0.107 3305.0 
0.349 3014.0 
-0.225 3418.0 
-0.56 5615.0 
0.09 3175.0 
0.293 3059.0 
0.246 3075.0 
-0.54 4822.0 
-0.445 3950.0 
-0.208 3399.0 
0.208 3107.0 
-0.015 3235.0 
-0.424 3858.0 
-0.538 4774.0 
-0.523 4569.0 
0.338 3018.0 
0.5 2913.0 
0.05 3194.0 
-0.552 5197.0 
-0.378 3705.0 
-0.414 3826.0 
-0.085 3304.0 
-0.302 3535.0 
-0.434 3927.0 
-0.395 3750.0 
-0.345 3629.0 
-0.43 3893.0 
-0.182 3376.0 
-0.182 3376.0 
-0.566 5953.0 
0.181 3119.0 
-0.283 3501.0 
-0.005 3228.0 
0.577 2864.0 
-0.385 3717.0 
-0.32 3571.0 
-0.356 3633.0 
-0.408 3800.0 
0.212 3093.0 
-0.123 3318.0 
-0.566 5953.0 
-0.565 5869.0 
-0.293 3519.0 
-0.4 3773.0 
-0.314 3560.0 
-0.551 5145.0 
0.16 3126.0 
-0.53 4665.0 
0.149 3134.0 
-0.077 3279.0 
-0.519 4524.0 
-0.131 3328.0 
0.073 3185.0 
-0.557 5452.0 
0.413 2972.0 
0.567 2871.0 
-0.036 3254.0 
0.234 3088.0 
0.068 3193.0 
-0.565 5869.0 
-0.509 4397.0 
-0.036 3254.0 
-0.511 4440.0 
0.469 2940.0 
0.619 2838.0 
0.619 2838.0 
-0.567 6070.0 
-0.565 5925.0 
-0.564 5766.0 
-0.092 3299.0 
0.442 2951.0 
-0.554 5228.0 
-0.036 3249.0 
0.17 3119.0 
0.003 3227.0 
-0.528 4647.0 
0.567 2870.0 
-0.56 5584.0 
0.268 3068.0 
-0.05 3274.0 
-0.551 5146.0 
-0.263 3478.0 
0.596 2853.0 
-0.566 5978.0 
-0.539 4802.0 
-0.561 5657.0 
0.119 3154.0 
-0.292 3512.0 
-0.515 4492.0 
0.474 2931.0 
-0.455 4004.0 
-0.33 3573.0 
-0.55 5085.0 
-0.361 3673.0 
0.041 3212.0 
0.503 2911.0 
-0.173 3391.0 
-0.411 3841.0 
-0.137 3331.0 
0.203 3102.0 
-0.524 4566.0 
-0.558 5434.0 
0.39 2984.0 
0.207 3096.0 
-0.562 5724.0 
-0.387 3739.0 
-0.534 4727.0 
-0.24 3438.0 
0.066 3187.0 
0.296 3044.0 
-0.545 4939.0 
-0.464 4045.0 
-0.155 3346.0 
-0.54 4860.0 
-0.505 4354.0 
-0.548 5018.0 
-0.481 4148.0 
0.422 2965.0 
-0.488 4206.0 
0.286 3054.0 
-0.436 3899.0 
0.483 2923.0 
-0.31 3539.0 
-0.117 3325.0 
-0.516 4556.0 
-0.474 4099.0 
0.238 3080.0 
0.365 3000.0 
0.238 3080.0 
-0.533 4705.0 
-0.448 3950.0 
-0.11 3306.0 
-0.164 3363.0 
-0.353 3626.0 
-0.497 4273.0 
0.06 3190.0 
-0.543 4895.0 
0.093 3172.0 
-0.494 4248.0 
-0.396 3763.0 
-0.5 4325.0 
-0.201 3394.0 
-0.337 3602.0 
-0.556 5308.0 
-0.546 4993.0 
0.093 3172.0 
-0.557 5390.0 
0.386 2987.0 
-0.512 4427.0 
0.526 2899.0 
-0.445 3936.0 
-0.556 5308.0 
-0.559 5505.0 
-0.218 3420.0 
-0.512 4427.0 
0.549 2887.0 
0.02 3215.0 
0.137 3147.0 
-0.483 4177.0 
-0.406 3798.0 
0.523 2900.0 
0.612 2842.0 
-0.559 5505.0 
0.422 2965.0 
-0.567 6051.0 
0.621 2836.0 
-0.567 6051.0 
-0.56 5513.0 
-0.562 5634.0 
-0.565 5856.0 
-0.566 5977.0 
0.27 3063.0 
0.31 3037.0 
-0.263 3464.0 
-0.548 5018.0 
-0.226 3420.0 
-0.38 3714.0 
-0.553 5222.0 
-0.305 3528.0 
-0.144 3336.0 
-0.401 3818.0 
-0.104 3304.0 
0.543 2892.0 
-0.558 5412.0 
0.145 3137.0 
-0.564 5778.0 
-0.563 5711.0 
-0.422 3845.0 
-0.545 4931.0 
0.172 3120.0 
0.249 3071.0 
0.054 3196.0 
-0.326 3569.0 
-0.552 5147.0 
-0.55 5089.0 
0.565 2872.0 
-0.08 3285.0 
0.126 3146.0 
-0.555 5303.0 
-0.17 3357.0 
-0.494 4320.0 
0.449 2951.0 
0.333 3021.0 
-0.458 4028.0 
-0.455 4008.0 
0.486 2927.0 
-0.444 3945.0 
0.394 2993.0 
0.365 3001.0 
0.512 2909.0 
-0.034 3248.0 
0.195 3104.0 
0.582 2863.0 
0.079 3177.0 
0.105 3162.0 
-0.274 3480.0 
0.022 3217.0 
-0.527 4593.0 
0.036 3203.0 
-0.361 3654.0 
-0.199 3390.0 
-0.011 3246.0 
-0.513 4458.0 
-0.523 4570.0 
-0.219 3412.0 
0.403 2977.0 
0.223 3088.0 
0.52 2904.0 
-0.468 4096.0 
-0.543 4884.0 
-0.492 4234.0 
-0.48 4175.0 
-0.345 3620.0 
0.469 2933.0 
-0.478 4147.0 
-0.491 4230.0 
-0.062 3284.0 
0.423 2969.0 
-0.499 4342.0 
-0.53 4659.0 
0.225 3084.0 
0.368 3000.0 
-0.518 4513.0 
-0.537 4770.0 
-0.401 3818.0 
-0.335 3589.0 
-0.441 3927.0 
-0.503 4385.0 
-0.541 4843.0 
-0.179 3369.0 
0.327 3022.0 
0.188 3107.0 
-0.469 4099.0 
-0.427 3896.0 
0.004 3228.0 
-0.557 5369.0 
-0.191 3381.0 
-0.506 4424.0 
0.599 2851.0 
-0.533 4721.0 
-0.556 5342.0 
-0.124 3320.0 
-0.124 3320.0 
-0.531 4671.0 
-0.565 5846.0 
-0.565 5846.0 
0.625 2832.0 
-0.555 5286.0 
-0.141 3331.0 
-0.558 5439.0 
-0.395 3752.0 
0.449 2947.0 
0.252 3077.0 
-0.561 5571.0 
-0.233 3428.0 
0.166 3121.0 
-0.56 5520.0 
-0.407 3795.0 
-0.498 4283.0 
-0.417 3835.0 
-0.073 3281.0 
-0.531 4666.0 
-0.563 5705.0 
-0.271 3491.0 
0.562 2873.0 
-0.036 3269.0 
0.487 2920.0 
0.592 2855.0 
-0.162 3350.0 
-0.083 3284.0 
0.106 3160.0 
0.055 3192.0 
-0.424 3886.0 
0.189 3114.0 
-0.543 4897.0 
-0.553 5191.0 
-0.55 5076.0 
0.037 3203.0 
-0.451 3966.0 
0.401 2975.0 
-0.541 4835.0 
0.226 3085.0 
-0.359 3651.0 
-0.508 4391.0 
0.136 3150.0 
-0.522 4532.0 
-0.519 4491.0 
-0.532 4709.0 
0.441 2952.0 
0.141 3138.0 
-0.343 3605.0 
-0.287 3499.0 
-0.011 3239.0 
0.623 2837.0 
-0.111 3311.0 
-0.378 3704.0 
-0.551 5133.0 
-0.535 4763.0 
0.515 2904.0 
-0.547 5023.0 
-0.47 4070.0 
0.345 3013.0 
0.275 3062.0 
-0.545 4947.0 
-0.526 4591.0 
-0.3 3521.0 
0.014 3228.0 
0.096 3174.0 
-0.254 3451.0 
-0.562 5661.0 
0.54 2887.0 
0.282 3055.0 
-0.343 3605.0 
-0.557 5362.0 
-0.111 3311.0 
-0.486 4185.0 
-0.539 4793.0 
-0.564 5789.0 
0.322 3025.0 
0.401 2975.0 
-0.31 3536.0 
-0.178 3365.0 
0.017 3215.0 
0.376 2990.0 
0.208 3104.0 
-0.454 4037.0 
-0.475 4112.0 
-0.546 4986.0 
-0.556 5353.0 
0.501 2912.0 
0.533 2892.0 
-0.453 3986.0 
-0.49 4226.0 
-0.505 4353.0 
-0.433 3918.0 
-0.205 3395.0 
0.08 3188.0 
-0.493 4245.0 
-0.32 3554.0 
-0.32 3554.0 
-0.458 4056.0 
-0.481 4160.0 
-0.433 3918.0 
-0.178 3365.0 
-0.566 5948.0 
0.616 2838.0 
-0.566 5948.0 
0.378 2993.0 
-0.364 3664.0 
0.135 3144.0 
-0.56 5515.0 
0.195 3109.0 
0.235 3086.0 
-0.565 5851.0 
-0.388 3732.0 
0.098 3166.0 
-0.558 5405.0 
0.332 3021.0 
-0.55 5071.0 
-0.425 3877.0 
-0.037 3256.0 
0.602 2848.0 
-0.555 5282.0 
-0.489 4250.0 
-0.004 3227.0 
-0.524 4578.0 
0.57 2870.0 
0.513 2906.0 
-0.529 4631.0 
-0.553 5194.0 
-0.111 3310.0 
-0.136 3328.0 
-0.563 5702.0 
-0.561 5582.0 
-0.509 4426.0 
0.463 2943.0 
-0.485 4191.0 
-0.533 4683.0 
0.532 2905.0 
0.406 2973.0 
-0.515 4477.0 
0.55 2889.0 
-0.1 3299.0 
-0.215 3408.0 
-0.167 3364.0 
0.053 3197.0 
-0.436 3917.0 
-0.278 3513.0 
-0.299 3517.0 
-0.541 4850.0 
0.158 3133.0 
-0.316 3561.0 
-0.413 3821.0 
-0.461 4026.0 
0.304 3036.0 
-0.553 5194.0 
-0.548 5049.0 
-0.544 4920.0 
-0.498 4311.0 
0.18 3117.0 
-0.474 4135.0 
-0.35 3626.0 
0.411 2969.0 
0.435 2953.0 
-0.506 4372.0 
-0.077 3290.0 
-0.309 3534.0 
0.33 3025.0 
-0.272 3485.0 
-0.402 3781.0 
-0.467 4067.0 
-0.215 3408.0 
-0.448 3992.0 
-0.071 3286.0 
0.298 3049.0 
-0.255 3459.0 
-0.47 4090.0 
-0.556 5337.0 
0.085 3174.0 
-0.536 4730.0 
-0.563 5702.0 
-0.481 4153.0 
-0.35 3626.0 
-0.33 3578.0 
-0.497 4302.0 
-0.564 5782.0 
0.247 3071.0 
-0.52 4521.0 
-0.053 3266.0 
-0.238 3443.0 
0.272 3056.0 
0.433 2954.0 
0.488 2919.0 
-0.543 4894.0 
-0.238 3443.0 
-0.547 4984.0 
0.026 3211.0 
0.006 3222.0 
-0.557 5363.0 
-0.188 3381.0 
-0.443 3945.0 
-0.561 5582.0 
-0.546 4980.0 
-0.564 5782.0 
-0.567 6046.0 
0.623 2836.0 
0.623 2836.0 
-0.52 4509.0 
-0.566 5919.0 
0.127 3146.0 
-0.559 5479.0 
0.493 2923.0 
0.164 3124.0 
0.255 3067.0 
0.528 2897.0 
-0.512 4418.0 
-0.561 5582.0 
0.575 2865.0 
-0.552 5166.0 
-0.3 3519.0 
-0.455 3988.0 
-0.366 3664.0 
-0.548 5027.0 
-0.564 5779.0 
-0.25 3453.0 
-0.383 3735.0 
0.351 3007.0 
-0.55 5117.0 
-0.563 5704.0 
0.281 3048.0 
0.302 3046.0 
-0.565 5855.0 
-0.525 4590.0 
0.23 3081.0 
-0.539 4834.0 
-0.4 3764.0 
-0.221 3413.0 
0.328 3028.0 
-0.282 3495.0 
-0.562 5636.0 
-0.186 3375.0 
-0.535 4741.0 
-0.429 3891.0 
-0.47 4122.0 
-0.498 4305.0 
-0.166 3361.0 
-0.478 4158.0 
0.384 2986.0 
-0.202 3391.0 
0.6 2849.0 
-0.558 5414.0 
-0.447 3946.0 
-0.358 3645.0 
0.027 3209.0 
-0.066 3271.0 
-0.486 4201.0 
0.047 3195.0 
-0.554 5269.0 
0.551 2881.0 
-0.546 4971.0 
-0.418 3847.0 
-0.531 4669.0 
-0.463 4063.0 
-0.327 3570.0 
-0.152 3344.0 
0.11 3159.0 
-0.437 3921.0 
0.194 3105.0 
0.414 2966.0 
-0.556 5332.0 
-0.504 4386.0 
-0.039 3259.0 
0.181 3118.0 
-0.32 3554.0 
-0.413 3820.0 
-0.499 4352.0 
-0.528 4631.0 
0.082 3174.0 
0.457 2947.0 
-0.091 3291.0 
-0.266 3483.0 
0.096 3166.0 
0.408 2977.0 
0.437 2953.0 
-0.49 4252.0 
-0.072 3283.0 
-0.557 5366.0 
-0.343 3608.0 
0.339 3017.0 
-0.534 4722.0 
-0.139 3330.0 
-0.016 3242.0 
-0.108 3317.0 
-0.541 4861.0 
0.543 2888.0 
-0.465 4068.0 
-0.344 3609.0 
-0.545 4927.0 
-0.542 4905.0 
0.611 2842.0 
-0.392 3747.0 
-0.218 3410.0 
-0.258 3468.0 
0.475 2928.0 
-0.567 6057.0 
-0.567 6057.0 
0.623 2835.0 
0.329 3020.0 
-0.549 5032.0 
0.042 3200.0 
-0.482 4168.0 
0.3 3042.0 
-0.565 5888.0 
-0.561 5576.0 
-0.566 5957.0 
-0.562 5708.0 
0.356 3004.0 
-0.55 5137.0 
-0.438 3916.0 
-0.42 3854.0 
-0.487 4218.0 
0.062 3188.0 
-0.5 4338.0 
-0.163 3357.0 
0.461 2938.0 
-0.458 4020.0 
-0.345 3616.0 
-0.546 4960.0 
0.176 3121.0 
-0.151 3344.0 
-0.558 5415.0 
-0.552 5184.0 
0.49 2929.0 
-0.559 5484.0 
0.141 3138.0 
-0.044 3256.0 
0.546 2885.0 
0.276 3058.0 
-0.471 4078.0 
-0.019 3241.0 
-0.517 4471.0 
0.087 3171.0 
-0.52 4535.0 
0.582 2860.0 
-0.451 3990.0 
0.099 3165.0 
0.528 2895.0 
-0.057 3265.0 
-0.205 3401.0 
-0.557 5357.0 
-0.444 3945.0 
-0.533 4690.0 
0.442 2947.0 
-0.116 3311.0 
-0.41 3836.0 
0.429 2958.0 
0.006 3224.0 
-0.529 4646.0 
-0.564 5787.0 
0.403 2973.0 
0.206 3099.0 
-0.193 3384.0 
-0.56 5538.0 
-0.556 5311.0 
-0.513 4430.0 
0.566 2871.0 
-0.33 3575.0 
-0.222 3416.0 
0.512 2904.0 
-0.369 3679.0 
0.611 2851.0 
-0.076 3280.0 
-0.554 5257.0 
-0.357 3642.0 
-0.471 4078.0 
0.382 2990.0 
-0.537 4754.0 
0.411 2968.0 
-0.497 4280.0 
-0.007 3231.0 
0.241 3078.0 
0.5 2913.0 
-0.563 5739.0 
0.38 2997.0 
-0.379 3705.0 
0.261 3062.0 
-0.405 3789.0 
0.122 3154.0 
-0.401 3782.0 
-0.274 3489.0 
-0.257 3461.0 
-0.536 4734.0 
-0.245 3442.0 
-0.116 3311.0 
-0.315 3555.0 
-0.391 3749.0 
-0.523 4573.0 
-0.101 3300.0 
0.25 3070.0 
-0.497 4280.0 
-0.362 3659.0 
0.225 3087.0 
-0.083 3285.0 
-0.307 3532.0 
-0.566 5994.0 
0.623 2836.0 
-0.565 5863.0 
-0.242 3443.0 
-0.157 3347.0 
-0.21 3402.0 
-0.512 4452.0 
-0.521 4537.0 
0.065 3187.0 
-0.379 3711.0 
-0.363 3665.0 
-0.548 5008.0 
0.305 3046.0 
-0.503 4333.0 
0.093 3172.0 
-0.549 5098.0 
-0.138 3331.0 
0.24 3078.0 
-0.478 4174.0 
-0.545 4949.0 
0.61 2845.0 
-0.506 4400.0 
0.0 3229.0 
-0.188 3380.0 
0.442 2952.0 
0.265 3063.0 
0.029 3208.0 
-0.113 3311.0 
0.578 2864.0 
-0.394 3748.0 
-0.266 3472.0 
-0.053 3264.0 
-0.552 5153.0 
-0.561 5602.0 
0.282 3051.0 
-0.486 4217.0 
0.219 3092.0 
0.546 2884.0 
-0.543 4877.0 
-0.473 4106.0 
-0.553 5211.0 
-0.433 3911.0 
-0.563 5752.0 
-0.316 3554.0 
-0.56 5531.0 
0.193 3113.0 
0.129 3147.0 
-0.563 5752.0 
0.43 2959.0 
-0.535 4734.0 
-0.562 5649.0 
0.569 2871.0 
-0.559 5497.0 
-0.556 5341.0 
0.409 2972.0 
-0.494 4275.0 
-0.074 3280.0 
-0.014 3236.0 
0.36 3005.0 
-0.351 3625.0 
-0.463 4059.0 
-0.557 5368.0 
0.112 3156.0 
-0.525 4601.0 
-0.345 3613.0 
-0.459 4009.0 
0.169 3120.0 
-0.412 3834.0 
0.204 3103.0 
-0.332 3579.0 
0.502 2916.0 
0.472 2931.0 
-0.532 4666.0 
0.533 2896.0 
-0.54 4845.0 
-0.083 3286.0 
-0.555 5270.0 
-0.301 3530.0 
-0.193 3392.0 
0.351 3010.0 
-0.49 4265.0 
-0.536 4762.0 
-0.523 4593.0 
-0.036 3251.0 
-0.469 4082.0 
-0.031 3248.0 
0.331 3023.0 
-0.532 4666.0 
-0.406 3820.0 
-0.426 3861.0 
0.155 3130.0 
0.041 3201.0 
-0.445 3949.0 
-0.444 3935.0 
-0.427 3866.0 
-0.558 5433.0 
-0.327 3572.0 
-0.558 5433.0 
0.398 2977.0 
0.335 3019.0 
