0.210925190082335 45.835115226955295 0.028327186100994134 0.2447503874505519 0.003910441915033588 
81.94739825249145 0.07578751467585731 1496.457274235703 1497.7250210641628 626.1902339135331 
81.94739825249145 0.07578751467585731 1497.3446878423144 1497.7250210641628 626.1902339135331 
0.06710403729012326 45.835115226955295 0.0197820614263082 0.2447503874505519 0.003910441915033588 
47.661772571193225 0.337953754948911 1499.5954466946937 1120.3418631854865 624.2126676692945 
0.3048788066541662 11.292455714245705 584.3132251378806 294.2455414484684 31.746566732870384 
65.42988682334318 0.07040824393220191 1499.4283726027504 1294.1607172312395 624.2126676692945 
83.0 0.3019070973192499 1499.913390522527 760.971929180956 506.1379034949144 
47.61811731836085 0.33796334042287324 1496.479950953965 662.682403875566 352.8345062089232 
83.0 0.2236299833575789 1496.7459771308872 839.8589764413736 555.0149836365898 
0.11040311751341125 49.134312335001795 32.580614168804075 305.535742235139 0.7174906234227083 
1.0504161807403056 49.576703933877475 7.413070363859859 177.08193709219418 52.703947479514184 
80.35779065118918 0.03387060913547798 1498.2173130226981 1386.0724949344171 544.4990498703912 
30.055547439381822 0.13969394570085955 1497.7239601482295 658.4235050626505 606.2936293451497 
1.0293136358111552 48.36696223871278 5.991819905983789 56.51472743926075 0.04876439568923333 
78.21979030478731 0.1839314171596801 1496.1514214856068 1021.7156694673403 555.0149836365898 
0.10335257051052782 48.20045812612789 504.2373859997549 348.3717761838978 12.682772288289534 
0.2888101984801741 45.835115226955295 23.687758445129823 249.76039737985622 0.018204907121351394 
0.23219372602220023 46.51672548123692 274.6271791384305 272.93432272850976 0.3044146878000815 
1.0158923284484658 45.45669029535026 68.69324646790619 200.78946900408476 0.24066637284385495 
8.217556643916879E-4 46.91252224317996 17.984010807426632 145.41365956236376 5.187729873276997 
6.663600675792733 39.277159747410934 24.950234917309558 372.2673491702046 30.703689880158322 
28.508474352675627 0.0837491267991668 1481.226198434903 533.3970746862276 343.8290620768539 
39.909735979298254 0.623846107690774 1496.9512103980396 596.0439441479135 346.6350013999547 
1.4055776192165697 45.87607948023601 230.1993250979104 376.6582237276184 1.9745030350969857 
0.11040311751341125 50.29833307929358 78.59985420760563 305.535742235139 0.7174906234227083 
0.2722667329640771 33.733393934033536 375.25947866973615 327.8565290349962 151.9783206471239 
0.8754406234245796 36.14455373417118 56.074778442143966 2.4975235615675153 0.18987087178729184 
0.12441651477052584 45.41333064734479 1.2149454376863265 373.37933587619034 0.006196261167236372 
0.6839215151832203 34.94980822573239 560.5355617806206 435.96633578788544 21.545691409730864 
50.52904148149989 0.0837491267991668 1185.1927254127675 456.0262130318977 315.3502207289218 
37.207889877935116 1.7760041669901163 886.6157056585647 377.9312000210399 176.18847178841503 
1.8493800313824835 57.71461177580602 0.07964267867071628 171.04343555883668 27.706536152856508 
0.2722667329640771 33.68448318066373 372.94051920701276 328.2014160740731 92.59341330471148 
50.52904148149989 0.047504982969533316 1185.1927254127675 456.0262130318977 191.1452600688649 
1.0315695653143218 48.16774887791082 68.69324646790619 394.80369045690395 0.8623962205017364 
0.7662850506331751 62.273918324251916 19.441085662659248 78.12907613654107 23.17828164847174 
0.210925190082335 92.21760965089919 0.07964267867071628 171.04343555883668 0.06443251040874015 
0.6839215151832203 0.03609865213939137 951.09013998719 435.96633578788544 218.66494776187648 
37.207889877935116 3.1644627780883354 899.6650239094799 377.9312000210399 282.91513786058005 
0.210925190082335 45.41333064734479 1.0201206387258908 374.95773044834175 48.19989834387208 
30.462216276945615 0.2663384309783918 543.0330259354876 353.00071892977917 263.2165493894782 
30.462216276945615 22.29307119451788 543.0330259354876 353.00071892977917 245.92719553720715 
80.35779065118918 0.03436937582773769 1498.1935276717547 1170.968279482665 674.5799054663884 
0.9596770137070578 41.530100640279 242.48873288382276 143.11057060347022 16.409618118025712 
3.253902244283804 47.94250316167536 471.87710419681616 284.9222817747921 148.5112144076598 
28.723933770162656 0.0837491267991668 1243.7965605332215 527.0088764998418 343.9654911163224 
3.413684814136575 1.5545900387680198 1193.9642944566099 377.9312000210399 342.6280524767326 
22.886813684488864 2.0335227568547367 724.6328777663159 452.47349426018604 0.4551978239858414 
57.00504530924251 1.4734295855164743 941.6800932783153 451.3239795538075 315.75532210893647 
30.462216276945615 22.29307119451788 584.3132251378806 353.00071892977917 245.0757519155735 
2.469019270953214 47.54742174067509 13.982126286696904 56.84601920221919 0.23144203042269673 
52.04427686226977 0.3607860500121097 1482.776164722491 456.0262130318977 334.79441751172675 
3.155194536762899 0.04659221233672872 941.6800932783153 446.19578076822637 332.16791144992027 
0.10095209689512075 41.530100640279 242.48873288382276 143.11057060347022 16.409618118025712 
2.9095951568647913 32.57241893578847 148.79623540061928 183.862609819651 0.14766867425774752 
0.9596770137070578 41.530100640279 231.89739357024527 353.999368664779 16.409618118025712 
38.784968203216565 32.6107530537071 504.2373859997549 379.6308262980257 2.160364528952594 
0.8796333077530583 45.57097772535994 413.3472820631007 294.05660928118755 3.5017361911545493 
0.9596770137070578 41.530100640279 348.4219805522613 353.999368664779 16.409618118025712 
11.444582067223372 0.047504982969533316 1185.1927254127675 456.0262130318977 191.1452600688649 
80.39932241273509 0.03436937582773769 1498.1904486667304 1170.968279482665 674.5799054663884 
0.5093249339256726 45.78336699068172 27.500834471829762 374.6599742051191 1.9347823333739664 
82.0 0.11067606356258519 1496.403452396262 895.0698360703182 643.5080569584412 
83.0 0.0837491267991668 1481.226198434903 533.3970746862276 343.8290620768539 
82.0 0.33764044738846977 1496.403452396262 895.0698360703182 555.6359373211216 
2.3482568487646116 43.11893861627595 128.14514553164395 56.84601920221919 0.23144203042269673 
0.5850695910812247 45.786745325723565 30.27750534672655 318.3844802331731 0.29979082379313227 
1.9448298101973496 46.75441407748562 505.45511674837576 284.9222817747921 135.3128589609825 
0.10979944825414745 50.322606524678044 16.099432487622025 199.74139581278246 1.1582504277462347 
0.9578173247172262 48.60178374265638 0.12238092118260346 12.049438094316798 0.14288495686701275 
2.9095951568647913 48.60178374265638 0.12238092118260346 228.53088909590682 0.3032484875313033 
28.723933770162656 0.35772408854342075 1220.5834528399478 564.285092507358 537.2365238960897 
0.2722667329640771 33.100831382603225 624.9671382660127 327.8565290349962 221.5633088248754 
82.0 0.3025578817827016 1496.457274235703 1446.5405150920565 555.6432481559831 
1.6511578341005473 56.81703780676901 266.74565262914064 305.7072446161231 49.8282610236092 
0.7662850506331751 62.273918324251916 49.01805153520474 49.28752758070009 0.10518165090048548 
0.5681044204619405 48.743451027883424 7.028523514434364 16.923485519801442 0.2137956670378589 
33.61073481118452 44.503556978601246 723.4543630020514 368.35723712353564 152.7930244108265 
1.946256353108243 47.918877695688515 83.87793596280414 73.6826474545631 0.08089953998318311 
38.784968203216565 32.6107530537071 504.2373859997549 379.6308262980257 2.160364528952594 
2.742919624618935 50.24327060416491 78.59985420760563 305.535742235139 2.539354158978881 
2.9095951568647913 49.58743376168996 61.224270777718374 229.62679940332004 0.08181183121946642 
7.090581998418009 48.79811075423758 1.9707677144985052 227.52177231715703 1.1617597881747836 
1.5124510966193379 49.7169467584337 64.69712719021746 376.6582237276184 0.025148982124732266 
3.155194536762899 0.03460987653064723 699.1998100266626 446.8165376953516 332.16791144992027 
0.8826662545871308 47.97219238764791 394.4361392106083 282.7051004721536 3.183679432245965 
0.8826662545871308 47.97219238764791 394.4361392106083 282.7051004721536 3.1404492670048416 
0.12247304727594055 45.835115226955295 273.5756078169416 285.5449097990199 0.003910441915033588 
6.6348856515047725 0.35451923227435156 703.4459459830163 431.87530466757187 31.79039114914081 
1.7222249335996587 57.2959304230246 266.74565262914064 303.45073815086613 28.401438674183364 
0.6502348818869947 49.48068832848051 16.454795512035844 93.55772619387565 26.572877632642992 
3.212544500912651 42.08538415004679 941.6800932783153 446.19578076822637 28.64216384712978 
47.61811731836085 0.3369549744742812 1499.58420994864 792.4971245366892 352.8345062089232 
6.6348856515047725 0.36809701146833085 945.9262291870153 474.51382763531467 301.829105166015 
82.0 0.3025578817827016 1496.457274235703 1446.5405150920565 555.6432481559831 
0.12247304727594055 45.824495944266054 273.5756078169416 285.5449097990199 0.032385679336130124 
1.0457304371676706 47.918877695688515 28.25041822913807 103.90950646009827 0.18765578183631737 
0.12323936356547727 45.61017970605693 0.028327186100994134 8.402403729905922 0.006196261167236372 
0.8671159854318338 47.918877695688515 51.08712645837851 103.90950646009827 0.18765578183631737 
