0.17279123603920254 50.02137517137649 0.623464546229016 0.061177110697477666 0.23283693484059842 
72.51620142868381 0.27260117916550797 1496.5412735004904 1466.0824568216228 700.4554648176845 
0.17279123603920254 50.02137517137649 0.623464546229016 0.061177110697477666 0.23283693484059842 
63.88394960456779 0.3368877836010997 1478.017441759264 965.0801305772703 531.2168643712865 
0.17279123603920254 37.57315422377374 0.623464546229016 76.53484138135627 1.3386914613140712 
1.167557861420837 55.10753409663072 379.10779425210984 385.863169101127 0.1792326544533971 
1.1977842244766674 57.26475003510666 291.96474610900054 380.48994279803395 47.915638979079475 
69.14732391567904 0.027769926435133596 1485.2607990500776 443.87258814170605 350.5166950362251 
0.05124873041114386 62.25483286165893 61.26915746161092 17.68292976316377 12.906889468868258 
71.33474249285919 0.01573953110067247 1495.3229263161174 1211.8613527616637 689.886168904082 
0.17279123603920254 37.57315422377374 31.979566887372794 76.53484138135627 1.3386914613140712 
82.0 0.20918707809592718 1486.0466815601592 1406.7436737390276 444.6079691327097 
0.13536748117149777 37.57315422377374 0.623464546229016 126.63869413700223 1.401058778846135 
87.0 0.4697668890784742 1211.6707563680184 551.5611304532601 405.3128022762123 
68.74712649813765 0.33978195676628575 1486.6412961178307 539.0724519774438 350.5166950362251 
88.0 0.4697668890784742 1138.7624043055685 520.4387808329803 408.3215190322292 
0.17279123603920254 49.164749729363756 0.623464546229016 211.38718544119948 0.23283693484059842 
0.17279123603920254 49.164749729363756 202.2854042381462 235.62685731439097 0.6203155307075641 
0.4840341318260437 55.579118110646824 11.829243586875123 181.4674589642632 2.6236211447889053 
73.60571515801661 0.22336188268285934 1495.4573111657764 979.9499470189181 643.0692467070182 
70.9413560699179 0.0214754572973076 1479.5933908080142 669.3804258325667 398.1155193653085 
0.4840341318260437 55.579118110646824 3.5999946105319065 303.7030386944653 2.6236211447889053 
0.17279123603920254 37.57315422377374 0.623464546229016 43.909230323417546 1.401058778846135 
71.33474249285919 0.09081381490045715 1495.4730182361457 1151.8407500583223 447.25569185013217 
0.7402784851920892 47.66533308314631 236.1439606220994 267.67536311723154 0.43037425742601054 
82.0 0.271043621419189 1495.395912864703 1373.568113598516 635.221982709997 
23.679659869299606 0.01573953110067247 1478.8308743853895 755.2603946721842 478.12501784205136 
3.277987032642736 29.431756511112333 507.9454577396935 390.78420692386857 3.2268501265564353E-4 
2.0766889987924753 26.78840184772779 14.285311022554936 0.061177110697477666 0.06414143862564392 
0.1779749597215049 0.5642669777754922 1204.7309884773294 555.4342253698736 14.284423144161337 
3.010332623386319 51.99218992452694 145.70995564394153 390.7895697994677 1.3846293766868694 
0.9636251805244862 57.88474803514245 21.978973413968735 336.8573810622615 2.841266946166688 
72.51620142868381 0.2691488308723765 1496.5412735004904 1431.1287541347012 700.4554648176845 
10.303160971589843 0.33147476472114334 879.9504226253566 389.385372938798 350.5166950362251 
0.4840341318260437 55.70189072753298 11.499152851853928 134.33286682984055 2.6767701356111164 
0.1630727467810479 55.579118110646824 39.358007786781194 231.04179752722675 0.31248238069957157 
2.1466653751841633 32.08933895108706 320.44468096082414 321.86032645379305 0.2300742435718347 
0.1499405913827936 31.216893570968345 231.99844813353715 310.65368077228413 0.6631174863187548 
6.115513030493597 0.5890079029841317 1123.8134682861737 447.78849932647245 226.95789252101818 
0.24208534390357755 56.29483055338112 7.094345663455867 147.37186310681562 0.046174552215930476 
72.74662265870744 0.042457001997018184 1496.4624816112794 764.7165486934565 718.2921677105802 
0.19066863850091997 1.9218373308078842 830.307758833758 373.3330743742075 261.1025422398213 
71.33474249285919 0.009291262244706333 1496.513081126034 1215.6919798236897 478.12501784205136 
0.500569202400929 45.09969455241347 278.3242307930693 375.4657445012605 20.17397486313829 
0.18386674003714898 41.071660862327846 18.395830175491486 317.28694960562075 0.6496617040385502 
6.340326911398482 0.2683729892627691 1123.8134682861737 447.78849932647245 159.0233532308549 
0.9903090728066437 55.444792073507024 21.697402668112233 381.39961634128537 0.5090043325540363 
77.05281805440183 0.03387562839017724 1479.5933908080142 778.2199605104938 398.1155193653085 
0.13663635928462037 55.462181198892004 68.19547520348854 231.04179752722675 0.31248238069957157 
81.87372770649402 0.271043621419189 1495.327017194157 1089.0236750405656 465.5015377122633 
49.75843163111802 56.558422876884855 575.5641072552426 373.8396695645366 151.27687433241405 
0.23637879926386962 0.5642669777754922 1204.7309884773294 502.7174082511788 202.85400525293596 
3.251075216364945 51.272599255847176 32.275383748974086 267.67536311723154 0.48127569787665997 
0.17279123603920254 32.47213433245361 304.9991070737168 306.570087240739 1.5676164437274989 
83.0 0.33978195676628575 1486.6412961178307 563.7295896270487 350.5166950362251 
3.2321070240452126 55.9445421135222 239.04940375236583 290.7379655057576 21.383313909172724 
0.500569202400929 45.09969455241347 30.995021287125695 319.50305716850914 0.645278852304493 
0.17279123603920254 32.47213433245361 304.9991070737168 319.9694701608247 1.5676164437274989 
2.1402632791602842 48.30806070715236 516.2990515345425 373.8396695645366 232.40327310891558 
0.17279123603920254 56.821341107954446 50.5541354124029 78.36865700493574 0.6496617040385502 
5.93335435743658 0.30428371747298133 681.32819380496 396.2419203557347 77.37968723079572 
0.2944244648993304 57.91161532151913 14.373077856786644 154.15701125639768 0.63979302722791 
5.93335435743658 0.30428371747298133 681.32819380496 418.76757269152046 83.79608865495425 
10.875701593280546 0.23541012562730312 894.8571969627694 464.160327588236 368.0863523046332 
2.030262786846875 50.66159462793787 113.02578767580574 145.5537567529492 7.094435036212077 
11.94990724459818 110.4868571090516 532.0713941240685 373.8396695645366 232.40327310891558 
0.10731590958455639 47.66533308314631 236.31839139031806 253.90539504840828 0.43037425742601054 
4.479762768418793 48.858622479129735 3.8852445676961693 239.755574053074 0.06231239039816305 
10.303160971589843 0.33147476472114334 879.9504226253566 381.07077104204626 25.503593987639903 
8.248800278141562 3.561806595983729 373.2993334066133 380.48994279803395 19.429591127690728 
0.14084901125955618 55.55492086256097 0.623464546229016 35.8107994274357 0.23283693484059842 
0.10315566065786363 49.89269351537929 10.546319899622816 263.01122648080786 0.6496617040385502 
10.303160971589843 0.08035208731278634 879.9504226253566 389.385372938798 194.10889382274266 
71.10432126283557 0.014718279559228192 1495.4340858265816 1205.319062784657 574.3767141192465 
0.17279123603920254 50.02137517137649 0.623464546229016 381.4431769613319 0.23283693484059842 
8.541334700510138 50.02137517137649 276.9340928513007 253.98445777374337 1.1441967552842804 
4.428086298814966 1.0728537958539945 681.32819380496 497.813849161912 9.877462909811193 
68.53486606410286 0.07011020610513463 1495.3873665166404 721.1766167956944 718.2842802531617 
69.90196853377884 0.07011020610513463 1465.3461752028857 721.1766167956944 718.2842802531617 
4.479762768418793 56.60523809113766 3.8852445676961693 310.7619654514598 9.234721784047224 
3.2321070240452126 55.9445421135222 81.28675129322532 323.7535980516201 21.383313909172724 
2.030262786846875 50.66159462793787 101.88758625888363 145.5537567529492 7.094435036212077 
0.17279123603920254 49.164749729363756 0.623464546229016 235.3394940483053 0.23283693484059842 
3.251075216364945 51.20622302670763 32.98209044586257 265.5625155370202 13.709411354986297 
43.374637014786856 0.5642669777754922 1343.1118036242083 453.1510133092001 204.37922835506245 
0.33745764429690883 50.71877906759571 0.623464546229016 8.794983406211733 16.13117479589559 
0.6338225516600482 44.9926173123462 555.3990347195534 408.4472188474582 0.02367378907686213 
12.202153933444684 55.44438840436872 532.0713941240685 373.8396695645366 218.29471493582543 
0.4840341318260437 55.579118110646824 0.49238385483685665 239.8604672299075 1.507513949283374 
83.0 0.4992423012258973 1498.1509265485736 575.4600343451826 439.9864701903997 
0.17279123603920254 32.300607200770024 7.0423495206048585 0.061177110697477666 0.23283693484059842 
10.303160971589843 0.33147476472114334 879.9504226253566 389.385372938798 185.09566986021392 
0.40196946312983184 55.579118110646824 6.396432411427762 168.55388897673205 2.377749359508292 
8.248800278141562 57.508788242413246 373.2993334066133 387.0334489250046 19.429591127690728 
0.6338225516600482 44.9926173123462 555.3990347195534 408.4472188474582 0.02367378907686213 
1.1629175564031642 51.00683610785571 79.46140412041123 385.96347917280264 1.4284654340290932 
0.17279123603920254 40.665271791849534 189.36306653631763 378.53943193492444 0.23283693484059842 
2.1466653751841633 27.673853900197685 509.8355174640782 322.82832609767615 0.2300742435718347 
0.4840341318260437 55.579118110646824 0.9963434199156183 181.4674589642632 2.9149787262289526 
0.17279123603920254 56.821341107954446 49.809178627522584 78.36865700493574 0.6496617040385502 
