0.15839338871872144 68.0866153848 1.936122651472473 10.881483256922593 5.212289914954056 
82.0 0.17532211477943893 1499.942848572854 1492.6727397626155 1189.4842241434392 
0.15839338871872144 69.42726154568334 1.936122651472473 10.881483256922593 5.212289914954056 
64.64649085918299 0.16498415540263472 1499.6327343421112 1241.349968927538 829.7051904848478 
0.9365155420370619 45.43741509257629 21.53131089447166 267.40771775026474 8.416204798693672 
81.98811363776638 0.25598558657416093 1490.4992758054473 1482.6321964692772 1028.0543965909255 
1.5652876932906032 34.01841274067859 4.037006451258062 241.16262511230505 0.9853160429849801 
81.9950729636744 0.25598558657416093 1490.4992758054473 1482.4399000727951 698.8122368271873 
82.0 0.15583533290435536 1472.3065469536007 580.5789320996464 524.1239188717628 
64.64649085918299 0.16498415540263472 1499.6327343421112 1241.349968927538 511.57093823450816 
40.85104005986915 1.3150695473466776 1463.6586655655092 836.5448580436272 370.5100890948896 
6.693975746434569 38.52874329522679 354.37906262749044 284.01207485831884 1.373991546439009 
40.85104005986915 0.2590710396961493 1457.4858109671816 836.5448580436272 266.5461751492581 
44.94726444440344 1.0606350587529896 1426.2366211759393 969.1369204201771 387.48323154363953 
44.94374424439326 4.706190478534328 947.3339037784152 424.9094101026097 211.4246694109859 
1.526281859320356 48.91934786017145 19.083622623200327 109.89012499935114 0.9807616088330422 
82.0 0.15583533290435536 1477.7206835843808 1410.527803588925 639.912310500149 
4.741869789875501 43.76280936346462 8.861012958452923 287.9583073326874 4.042370916578283 
0.15839338871872144 49.028747120281494 1.936122651472473 145.96811270874792 4.9779010761033415 
1.5582430497994249 0.0939846804123442 751.4804329441548 407.31153895356266 5.040863695447726 
7.7880754909047525 4.059191773634788 945.8888426824677 438.680990940694 76.56692903997596 
55.64963731456942 0.0818671789615859 1230.2050946340025 495.3547800019139 319.11727352287545 
1.068221140099952 2.666444711710689 956.4036019939672 407.53661862040576 76.56692903997596 
7.875018674350969 70.43969017003899 565.4043382198755 418.57690318799473 239.29080461726977 
83.0 0.25773330737780786 1496.6666682270352 1004.3474130322224 395.8893803269839 
1.04718218449261 68.62542726033362 19.083622623200327 28.808420908640016 1.2164508306278856 
42.8841550904217 0.7486731088930796 1490.6596051241336 879.3105278347407 597.4148513817303 
6.69753574829722 39.7912848977133 405.3957917337567 344.8563113065369 0.7398929444684583 
0.6221886620196493 19.502203957736306 938.4749164491876 409.93097891040316 27.71220297766081 
92.9258478513016 31.916522075626606 1215.3769325042092 417.00188729763875 373.57770827367847 
1.7820867949231154 61.52645351239005 237.02230427452767 301.194508556247 0.813779614192284 
2.658495575627948 44.23075727144899 338.51157272914963 241.65784692915932 60.270547179654486 
2.8314577893312816 32.839645221063634 330.48401540715895 324.69599947396136 15.458169295746476 
26.89287563025654 8.403267742032128 1246.6691620954973 437.0027033579881 175.97054502235068 
3.7449737303130313 37.763716843415786 419.8676619569797 364.7955014283346 5.944147482416568 
0.15956589786461706 36.89656769898846 20.752844942402234 177.38718002527528 5.703790112031833 
0.6368901987536999 38.868793672225806 37.362044977947335 57.81009085819597 15.553326048639747 
6.835573388539352 4.709615830296116 1124.3353466713124 438.59276724285286 76.56692903997596 
2.2111857416827374 31.712843154939755 64.29802785423304 404.08728858577945 1.3953713408289214 
82.1354767304506 0.1309592772992404 1499.5443630363434 543.170326377008 415.55851444679496 
46.87863451803855 0.0818671789615859 1180.910601305265 495.3547800019139 293.9444768105295 
0.19688113047502043 55.5687874073849 62.313583661640095 266.034335782641 43.30008672231802 
81.9950729636744 0.1300486879237986 1490.4992758054473 1419.0307666507802 736.5776633301393 
8.609045001058282 42.3275569283683 521.0207491501974 438.680990940694 83.90862330563134 
3.4731403915299293 56.789376355982064 105.74041552298144 330.23315401800653 0.753625814990361 
4.813096637255434 53.510102252280575 53.10723437088291 11.23598788853061 2.787778693660817 
1.6462044539147542 44.23075727144899 338.51157272914963 233.6047723989584 53.7190652953785 
82.0 0.12673303333515243 1426.5604031795647 371.3828163930121 407.93527214797734 
7.89066085733786 4.706190478534328 532.9664359852379 424.9094101026097 211.4246694109859 
1.4873551906245615 33.52220752553032 0.48728152007458636 229.93993653142502 0.8075458959648958 
7.117206484644221 62.31360965396463 530.4191901128372 375.9081382889181 5.628686841199313 
0.3362889104826128 48.91934786017145 5.521086878995476 109.89012499935114 1.4013513805483695 
0.9063128111613992 43.21264046677335 222.44284329111937 358.6035424599181 5.212289914954056 
64.64649085918299 0.16498415540263472 1499.6327343421112 1241.349968927538 398.36582604448137 
82.0 0.046276787054622126 1497.6550492995023 1125.450733839389 414.35112881014237 
83.0 0.1309592772992404 1499.5443630363434 1087.8179183119532 398.36582604448137 
2.273197317014784 34.643162868038104 14.868019404794381 406.9531605047805 4.241471120592214 
43.51062431998034 4.231302357948529 826.0522682392711 550.2229921350074 344.06252417189086 
83.0 0.25773330737780786 1496.6666682270352 939.9614336849436 657.7275552167052 
0.9063128111613992 41.87199453068383 12.86519988079067 10.881483256922593 5.212289914954056 
0.9793909650351581 48.91934786017145 4.274338279709497 204.2814269387094 2.7154454270824235 
6.684366661959722 42.3275569283683 521.0207491501974 438.8381970046898 1.0685503395405576 
0.07465270338639529 37.898159811436884 83.41853710966876 231.41282723834365 5.715335655342194 
5.634366628079633 62.65037870901388 11.238496315147543 147.56148811267536 9.109056719802739 
8.609045001058282 42.3275569283683 521.0207491501974 438.680990940694 83.90862330563134 
0.25778466540532424 36.94078545629076 19.707028330140474 207.18023822773262 3.850192878742862 
93.93891749454698 0.6844513407359969 1215.3769325042092 417.00188729763875 9.627042379267863 
2.158521758667137 52.69753180272309 0.42653145657047276 369.18762024427855 1.1923863031710837 
2.2920669469337076 75.45635917515675 64.30863083626605 287.82612694911796 1.1923863031710837 
0.601516561133479 29.537064822335196 329.68728888491603 284.01207485831884 1.373991546439009 
82.0 0.15583533290435536 1190.9235659329868 580.5789320996464 549.7525729023087 
0.0018437490790574884 17.381339892524146 448.11812780219043 366.49767686788977 16.917530066739857 
2.907400673963253 0.1309592772992404 1499.4467152207849 564.8750490753771 398.36582604448137 
2.05096151856596 56.36693744435862 83.66454382839277 376.7196541954011 15.328307830343448 
0.38939025593742516 41.04532070743527 9.955491413250925 197.96439925074003 0.7023422522377518 
0.6368901987536999 39.36499888737429 37.362044977947335 69.04967558431869 15.553326048639747 
6.182714046551519 9.84153447831304 945.8667135818371 365.3595338683846 8.173212876819292 
8.084406615146548 0.046276787054622126 1495.397039954062 578.645768865073 414.35112881014237 
3.4731403915299293 52.279726609521 13.723125367868988 330.23315401800653 7.024576847953 
0.9365155420370619 46.02586309790432 3.0292502285364 70.54812082667138 5.5267324705349825 
4.741869789875501 43.76280936346462 8.861012958452923 371.5429378834516 10.888911745679138 
0.011402544366359457 55.81247880167212 67.77026753333463 109.89012499935114 0.5544204363971446 
0.9307170685244454 46.02586309790432 27.855235367792673 328.3891052217625 5.591545293630573 
3.0298464663019233 62.86872970415017 11.238496315147543 147.56148811267536 5.502403325006862 
0.2624537668151401 36.94078545629076 19.707028330140474 166.80711447568757 5.703790112031833 
6.920104850425272 0.0818671789615859 924.1988478956353 495.3547800019139 450.14881539702833 
3.7892933672357123 0.9303137470911906 407.49464424946757 441.2849749222328 5.944147482416568 
82.0 0.12673303333515243 1426.5604031795647 480.09109102067646 407.93527214797734 
4.213950969741788 44.18562192133555 464.7290224623197 382.89203609066635 76.46879042351063 
1.526281859320356 48.91934786017145 5.521086878995476 109.89012499935114 0.9807616088330422 
1.533158739621996 48.91934786017145 19.083622623200327 163.24375108930508 0.9807616088330422 
1.1123661375723723 39.39485326735635 357.6504534151172 324.05567604653834 0.9864939873091805 
0.38939025593742516 41.04532070743527 240.56014348112745 197.96439925074003 4.513963586356477 
1.4873551906245615 34.01841274067859 0.48728152007458636 241.16262511230505 0.9853160429849801 
0.7010126735049298 40.308106373367195 58.19978341089439 287.82612694911796 0.8253925718122779 
0.7622739391799247 17.381339892524146 448.11812780219043 387.01991583291874 5.529083087803073 
2.3391068769572323 75.64251071255417 443.7056247153511 277.91354665845864 0.252471948392893 
0.10950402637257195 62.6721548655285 62.313583661640095 273.31115181911724 34.814778684522786 
0.14409614321161168 39.39485326735635 395.3527355500131 324.05567604653834 0.9864939873091805 
3.751007517914085 0.0939846804123442 751.4804329441548 365.76154291982687 163.59401354124049 
