79.90548935545874 0.05433553936255153 1492.467815533314 1478.3298270635137 1203.6528559053365 
0.4144385748173103 51.023473798586764 0.7326834299484197 0.367806766106455 0.3617716169495355 
79.90548935545874 0.05433553936255153 1492.467815533314 1478.3298270635137 1203.6528559053365 
0.4144385748173103 51.023473798586764 0.7326834299484197 0.367806766106455 0.3617716169495355 
75.66453042063029 0.0497101117300649 1491.997702991986 888.2905787597421 472.8986909819755 
40.836229928415115 0.003215777280066001 1437.8827345028192 506.2239098848503 275.2008542268903 
0.2497427861774253 42.63808266935865 468.61698025607103 348.4173519883968 50.19625017416033 
0.12945787379682658 44.8019099622573 99.30136505250698 348.5816901403265 0.594477216520602 
3.871825796622545 42.741632036019936 448.75885574584714 345.7286574822719 10.564095939770667 
40.44945961941068 0.009339726581836155 1492.6746033654626 677.908913823577 29.145434065854772 
2.9389315355158683 51.4510620490925 34.49279707854438 195.6772589734437 0.40587053463819434 
0.28737137432850834 44.28410209509423 639.7664454824985 302.6820086514327 0.594477216520602 
43.97512463281924 0.054561420941305006 1491.997702991986 1165.8940414881613 688.3313911351175 
4.532182346210028 51.54653861858438 576.2155275429059 298.76316012006134 291.94030368044304 
0.2497427861774253 38.6100662527817 271.599148143267 279.32533506824495 22.72728084035645 
78.84556840418882 0.006159741000946184 1492.908650882444 1032.774142224444 386.75348708230166 
67.3846817090735 0.4418547410999851 1493.9801105484817 1291.3431560693086 521.6711245010047 
40.45124050052564 0.06429094352016929 1122.335047527856 451.4384351980364 164.89212446881083 
72.46480996830469 0.11717914527216722 1498.1690554143543 1479.8600938740267 667.2666787908183 
0.3998906689954387 59.0413692737975 69.06567330667156 344.76811081217915 4.639526503146811 
60.50253206450745 0.4418547410999851 1476.782449832952 653.3336875638571 327.86826465380915 
0.26458318411884063 51.41097197421319 26.17032810155363 0.367806766106455 0.026541187149727502 
0.2301126297069822 42.33313367289908 27.66946332764408 184.34529282781546 11.431024042689558 
81.82301978437381 2.6779663114904345E-5 1491.6774700532897 1292.6260733192994 622.4121729296909 
0.08889302143547821 44.18540010600468 256.7692750079641 312.50707357403877 0.12913877368366178 
0.22692484155057108 59.52709964597404 0.9997754285133382 117.59928790681263 0.07132999281666841 
1.214948898510917 59.81071447338614 17.797450654373847 233.55384207737708 0.40392736615004177 
4.561836098649301 58.9379313786528 7.930003532982255 302.00884633451636 10.304370103881762 
0.9235584177941494 63.08416970494499 39.906767250765164 275.8514623763914 5.687040008864267 
0.2301126297069822 45.087738240398984 12.062618824778605 144.58028900612317 0.08927745343112836 
2.194439818727929 0.023047340802490268 845.0708760861074 336.53666376237686 165.12708243074965 
66.40216597700223 0.19526111818019606 1496.9789706858367 803.9223219898076 411.3774159551079 
78.82702340321313 0.24879867488338903 1491.6774700532897 1101.202906095788 449.3250868008603 
40.44945961941068 0.06229672068507322 1492.6746033654626 584.273872448373 337.4129941286576 
1.8504940386716489 38.716658303997306 205.0757246127763 346.4573654728806 61.8090665222788 
71.9132338949129 0.054561420941305006 1491.997702991986 1168.5847932247054 446.428488938492 
0.4144385748173103 51.023473798586764 0.7326834299484197 190.5648666897115 0.3617716169495355 
72.46480996830469 0.19000711774437862 1499.9275075236833 1499.2817252601844 485.4438895976365 
0.32667488360526376 44.63210629802802 208.27212165473125 2.4743495817290384 0.594477216520602 
0.4144385748173103 51.023473798586764 0.3083004403375811 30.443382876372965 0.3617716169495355 
72.10500580238381 0.16344262048974514 1497.7518376562145 1480.189163286339 901.4634783465599 
0.0661711957854596 32.15358987174976 190.27289854895471 387.3484801250573 76.90456980180855 
24.693166986504906 0.04385152148733547 841.6834333837874 383.64468523694313 112.81383674041372 
6.63683568142485 0.2579200078069138 1452.614074477845 440.57501395345383 190.40147751142592 
30.68730658882614 0.06429094352016929 1147.8723487140414 506.24142324428163 158.33638270700374 
0.3266487815450938 44.6236436452818 0.5942880049034072 129.08530435983886 0.6518616735242886 
0.22692484155057108 61.28554189848953 69.06567330667156 117.59928790681263 4.639526503146811 
0.12945787379682658 44.87636674764254 255.47917032666024 348.5816901403265 0.594477216520602 
0.017117082719603605 53.67554385567802 0.024739582938336224 56.8860668636051 0.5961094493844658 
0.22692484155057108 44.63210629802802 0.9997754285133382 330.3566225801412 0.45282182392784764 
3.871825796622545 58.9379313786528 211.22965700427972 302.00884633451636 10.304370103881762 
1.352933387163005 31.37733354425442 431.3157434298057 322.53687973224544 0.8723543506793012 
6.9851379909897755 50.52348221257209 859.82707379366 420.1733770076567 2.022668712447036 
60.50253206450745 0.23584846486297106 1476.782449832952 707.2971289445836 327.86826465380915 
34.561612986955396 0.12442316364149697 1497.5652653571615 761.9435951270684 393.3526653890964 
0.15055333763972312 53.66259824649196 7.1115385242282105 267.6023039684617 2.361037593194385 
2.47872378933653 61.734294142671686 775.9496255066964 423.09494628490455 2.655880508704797 
0.41770591644057475 0.023047340802490268 845.0708760861074 529.9007616507041 187.3798858483854 
40.79907290777147 0.003215777280066001 1412.1885400413894 451.4209218386051 281.75660003454993 
0.04994913221035979 61.734294142671686 775.9496255066964 423.09494628490455 76.90456980180855 
0.2301126297069822 42.33313367289908 27.66946332764408 46.803195377725956 0.07582184160730662 
31.664739441527388 0.045500641977951395 1491.6774700532897 1089.4849196091286 437.5609836424319 
0.2675990502246943 50.84695377096743 24.07982006539703 365.3954873780932 2.2223400511691693 
0.2304222399225754 45.087738240398984 0.8617865740601722 216.65038506686267 0.08927745343112836 
1.8332644183204942 49.95923942743876 137.13251696121426 334.78507296308663 15.119785039593765 
0.262558492827321 53.66259824649196 7.1115385242282105 263.4941237365532 2.361037593194385 
0.28737790376603256 42.27589365060365 76.34968204749322 22.01991187033633 9.505611397102266 
72.10500580238381 0.13041460042452738 1497.7518376562145 1480.189163286339 901.4634783465599 
0.08889302143547821 44.18540010600468 356.38761878334844 312.50707357403877 0.12913877368366178 
1.5687581165417086 44.97395331621317 68.44547168614194 131.86055068570022 2.06475389453405 
6.63683568142485 0.2579200078069138 1169.7727745570307 576.6621332803863 190.40147751142592 
1.214948898510917 59.81071447338614 11.922639919214461 34.62205113720945 0.38599701089355887 
0.34899240700358936 32.085076689667034 28.653051508560317 268.08241814077314 3.472166729302304 
0.08511841035908763 44.509235097579605 154.53770028830857 69.13976420578645 10.680248067520893 
39.208930470244596 0.06429094352016929 837.6750777973108 451.23950445998446 164.89212446881083 
0.0027804372895161023 62.24546359584394 106.55750746457444 266.2274147748339 0.1789985139142254 
2.194439818727929 66.38357146310611 102.79752119675646 274.7588932297764 4.38726922753284 
29.324580563009476 0.008895946047896786 565.0667747647469 342.9577413688933 221.6311693436091 
1.3950883849930538 51.023473798586764 0.7326834299484197 0.367806766106455 0.19897775370872894 
0.28691540216905986 44.05061868947577 623.2147811112569 358.038249616359 0.594477216520602 
66.40216597700223 0.19526111818019606 1496.9789706858367 803.9223219898076 390.6571152460504 
0.2497427861774253 38.83259887304292 246.11606106219048 279.32533506824495 0.37383406599745905 
0.08511841035908763 44.509235097579605 604.1199620251208 423.09494628490455 76.90456980180855 
0.4144385748173103 51.023473798586764 0.7326834299484197 433.07957338528644 0.3617716169495355 
2.194439818727929 0.051800362023563196 845.0808470682364 461.7314128516477 175.31550934434952 
78.82702340321313 0.2530436442842295 1491.6774700532897 1428.9651754218353 483.1466028884492 
0.08511841035908763 44.509235097579605 154.53770028830857 263.57167185307037 5.062127272362782 
0.2497427861774253 43.70626040532076 2.1471168320683773 286.1208900647182 0.14176836758946265 
1.214948898510917 51.03360414890099 2.030632657100318 35.683164784316205 0.38599701089355887 
37.263206189749056 0.28441616377083573 964.8675010754381 418.056446779927 231.35434164723932 
24.693166986504906 0.04385152148733547 1047.4297916726223 481.4959909331277 112.81383674041372 
40.45124050052564 0.06429094352016929 1039.451028962398 454.32615200622575 164.89212446881083 
0.2497427861774253 43.645928233027206 381.687917733237 340.9228861141912 0.14176836758946265 
0.42330380424073566 62.24546359584394 0.28014898666651433 83.50819866960805 0.1789985139142254 
34.561612986955396 0.12442316364149697 1454.5190180531959 769.403756039326 393.3526653890964 
31.48754330444494 0.008895946047896786 565.0667747647469 342.9577413688933 121.71508626338438 
3.05091360404068 49.95923942743876 352.9673769796501 313.17462092801 21.361132157635126 
0.9285910196361891 31.37733354425442 409.0036183374177 296.24164702536694 3.920866421148972 
78.82702340321313 0.2530436442842295 1491.7177814309237 1428.9651754218353 483.1466028884492 
0.08511841035908763 44.509235097579605 604.1199620251208 423.09494628490455 76.90456980180855 
