49.473198632695095 0.2772025202691317 1499.428527343053 1498.3019232230808 1297.0126024543029 
0.21740673279919473 55.44503948329643 0.1748050894200408 0.08306016674736716 1.1279825095018192 
49.473198632695095 0.2772025202691317 1499.428527343053 1498.3019232230808 1297.0126024543029 
49.473198632695095 0.2772025202691317 1499.428527343053 1498.3019232230808 977.3650753956392 
47.709229740369935 2.838378688362595 1423.0707603776048 570.3407060537463 11.264417525950734 
82.7832208889967 0.02514015156765448 1493.596791763825 719.6321766426968 206.10354667805757 
61.54460019032142 0.2650492110656716 1498.5729621869273 779.7136787091224 296.1536424928461 
80.03717339910547 0.0745716273092093 1499.848492859142 1498.9853121462659 639.2169118753275 
0.21642018147584363 55.553684064493666 19.911318558680726 217.60371690165152 0.6059420084265899 
80.8012562112584 0.13711390530036277 1498.6262979923704 801.7655224775638 391.28526109380164 
0.0020516207070920556 49.102291455885634 1.2422801905562562 283.73069484161306 0.26020383783243495 
0.5439536235271107 56.491685924414554 144.53492130408517 315.21214510231886 12.645309477228352 
18.87325410259562 0.10885997321673813 1264.1534514675811 401.33229221801867 212.94605775331203 
12.245988157521154 3.648062884598943 622.9753800818005 381.92972740072094 28.54487127879205 
27.91072804101549 0.2776910264183235 1492.3490796202495 608.8757735580784 409.88452445696737 
49.473198632695095 0.2772025202691317 1499.8545278586578 1498.3019232230808 560.6819695569229 
0.00578949405626647 50.09307204174837 2.389506332165961 384.22733004915847 1.1234055326705383 
48.71756904720979 0.4166077252549274 1398.8438087995578 570.3407060537463 494.19609593184276 
80.07293649791828 0.3928564729874586 1498.4887002207613 1285.6543871217773 500.15842139178966 
75.04774005594575 0.1855358563226881 1499.9345369226633 1425.8507483391807 470.3104749736366 
0.002419713850561861 38.79220635380817 602.4112182130003 440.6562635040003 242.0137138274795 
0.0020516207070920556 37.99332874309625 303.4435511918231 338.4383602038754 0.26020383783243495 
1.810229213437708 51.66295501149095 321.00220315374975 348.1517429863561 1.0620478908740822 
80.8012562112584 0.3690992610573323 1492.7615197854543 836.0162948184129 496.31714534119624 
1.2286147636411586 67.02157331094735 14.768538245205889 253.83374025338296 5.162916930302223 
0.11177395576831078 61.53690903131816 2.0232689740474044 30.744354721600246 0.39463964598713963 
0.017621140387727725 57.1459941523568 4.825202264675049 57.25255190118239 0.13226386817893038 
9.845258566828559 20.490163161635827 462.91554183457885 386.7054262355114 26.218877328068217 
0.5525015749592228 56.4703311052045 96.43947126797127 9.909828660382118 5.23485386726806 
27.356261870312977 64.58184401198747 962.0319898461761 384.8478832967594 22.19896595292873 
80.8012562112584 0.13711390530036277 1498.6262979923704 888.9444588020503 496.31714534119624 
0.11571868962209747 57.05868047044152 1.0712759688583797 201.62554822153305 5.178938521987542 
0.00941402647992793 57.00475995078584 1.2900068525046429 191.6588816932653 5.562307710779933 
1.6001598366816339 35.86460358606161 479.07182152706 332.25790754482716 0.6026596654289165 
0.32263346507683366 57.33689888615726 1108.8391178177283 494.7333047906065 162.4613492491006 
0.00578949405626647 55.01197096329113 15.077523711144744 295.05768735488556 1.1234055326705383 
47.709229740369935 0.2852345177899358 1423.0707603776048 427.9973602575387 139.8945674986799 
0.555177971532081 55.97057134370742 97.18580761586453 385.79293850208137 1.9148330675957963 
0.11177395576831078 56.55740366579938 2.4543115979473598 99.27821674314728 0.3948127206763503 
62.84044393228524 0.14906689287166988 1478.8728133568316 1094.9242922445537 422.56459723354965 
28.012092681379226 0.5271707753870267 910.998796784865 404.37964956033676 22.19896595292873 
19.402837295686766 0.40530239307018856 1458.7633373499937 526.8327231048903 312.01125316212864 
32.95756518264545 3.2773011692387763 964.8834024642546 366.25152839481075 302.95214505339277 
23.672903298664437 0.5271707753870267 787.35713912285 404.37964956033676 31.11283079605596 
0.01866741795014891 62.43967851792155 72.36610966672993 101.60694618023166 7.144556786549543 
9.845258566828559 20.490163161635827 427.9519768758311 386.7054262355114 26.218877328068217 
0.11823476762861371 56.657674747907805 36.4424851047866 294.683613445869 1.0170672588862046 
79.2949438913412 0.3690992610573323 1473.4798123695857 972.3702616176231 494.7662059591688 
0.0020516207070920556 49.102291455885634 2.389506332165961 294.81505905323155 0.26020383783243495 
4.5090211138176794E-4 60.1593219803974 2.377808810190469 368.16956329948243 0.5454523062418648 
0.02626674592813182 56.519996397415454 273.6304495399928 301.52024089724625 8.497343067959694 
1.6001598366816339 59.125078943259815 45.32367974281266 302.44272526553584 0.6026596654289165 
18.87325410259562 0.10885997321673813 1193.0964571094908 503.2748871156306 212.94605775331203 
0.8735744689843354 46.825874753159624 571.4566255218743 392.21892462652494 0.30032678351017594 
83.0 0.28192537739965173 1466.0895743730698 1125.8775758807064 512.7117258524507 
2.2958973290065865 55.18126013761368 13.826815104440527 233.81251118562537 4.959871154977318 
0.02626628020253714 56.55178247009027 320.0606559651397 297.2719998027245 1.613649009103188 
22.92422576633816 53.60535688676437 384.9038338111198 404.37964956033676 12.983948384829969 
19.402837295686766 0.40530239307018856 1496.689564774853 526.8327231048903 312.01125316212864 
0.14986660127571638 53.94151504743214 17.09598093670109 392.59163450128074 0.12871930086556693 
0.08593290821342592 49.13291983221945 411.3390403554075 250.41680939602819 6.607617535006937 
12.2019067056614 0.10885997321673813 1193.0964571094908 392.50127699223043 205.34180004939284 
0.11571868962209747 53.1627351057625 14.307800740010446 115.33612535888977 0.7504397732421655 
0.01669343011911817 62.43967851792155 22.18411766595611 99.71030046051956 7.144556786549543 
13.327297760053774 0.07839771251210259 939.461162307842 403.32908662976496 162.4613492491006 
83.0 0.40004417050528884 1499.9946643627 1125.8775758807064 512.7117258524507 
0.02626674592813182 40.0471323082846 273.6304495399928 297.40591180927606 8.497343067959694 
0.6544254440113835 56.491685924414554 144.58045495960138 337.4663669581612 8.720613571254692 
80.07293649791828 0.3928564729874586 1498.4887002207613 1224.4301540934205 441.9650155430326 
12.245988157521154 2.773104085610875 568.5474739441252 381.92972740072094 28.54487127879205 
1.255581298571741 56.4703311052045 96.43947126797127 9.909828660382118 0.8802120409707035 
0.0010457647021759886 54.73621721702929 86.31686012262175 109.48506994035945 1.1135195564005134 
0.11656010982847459 55.18126013761368 75.97752910619701 0.5282808901225287 4.995208207289001 
80.07293649791828 0.3928564729874586 1498.4887002207613 1224.4301540934205 503.2231567502677 
49.5135823860493 0.14906689287166988 1498.8134705000139 1054.2341184742452 422.56459723354965 
0.8735744689843354 59.52792360809749 72.85640024862838 296.15281881683467 0.30032678351017594 
0.026244155170492656 66.29908167683466 320.0606559651397 251.23756788533763 1.613649009103188 
10.219939842636208 3.2773011692387763 981.5407156126345 421.35377141577084 28.240114266175535 
0.017621140387727725 57.1459941523568 4.825202264675049 371.5908396345428 0.11704631909617003 
0.11177395576831078 57.1459941523568 2.0232689740474044 99.27821674314728 0.3948127206763503 
0.023099979916131396 76.79276261492815 41.845450257666876 296.8585162502791 1.613649009103188 
7.1914157888753785 66.30054133554458 353.04653366303944 381.1572228365486 7.624262071870181 
0.43607195730048276 54.73621721702929 86.31686012262175 106.3116044260735 1.1135195564005134 
0.008659681064635646 50.09307204174837 9.324326617226461 129.81259315758206 0.6567792780220882 
0.11823476762861371 56.657674747907805 36.4424851047866 192.87094624550195 0.6855234731651156 
0.023392009930914337 55.18126013761368 24.756378008058718 0.5282808901225287 4.572530141668423 
53.4901214937901 0.1855358563226881 1499.963481318403 1395.595959641772 471.4500176884519 
0.008280414685396753 55.44503948329643 23.87449246722802 12.171460315995887 0.9556991299709172 
0.3139634937947484 60.20925414286982 25.91954056575429 163.02167365515345 0.09671940112589406 
1.6030733712443843 73.49987760538582 540.7755838917583 304.52737495181134 0.6026596654289165 
17.69000215573286 1.2127649062539092 928.8599671668175 530.3139141312682 84.86663770597585 
0.08593290821342592 56.717282057905564 320.1702153588277 250.41680939602819 0.03978278321756967 
0.21740673279919473 55.44503948329643 1.698907511589482 7.545128135690902 1.1998150953919624 
23.672903298664437 0.5271707753870267 438.1990007234321 430.5097578274872 7.189139348316155 
0.5483820443576906 66.30054133554458 353.04653366303944 377.66087893203303 7.624262071870181 
0.07586201644770707 60.20969853922819 25.91954056575429 163.02167365515345 0.09671940112589406 
0.11823476762861371 56.657674747907805 36.4424851047866 192.87094624550195 1.0721856410915365 
23.672903298664437 0.5271707753870267 762.534577741111 404.37964956033676 0.8182235247087561 
18.87325410259562 0.10885997321673813 1394.8367538788225 401.33229221801867 204.3125817455643 
12.245988157521154 46.031412103811554 568.5555503973483 381.92972740072094 27.44109797732287 
