0.579376550668602 53.79316433720098 2.1465456711266313 0.2927327256870953 0.9410565905257986 
0.579376550668602 53.79316433720098 2.1465456711266313 0.2927327256870953 0.9410565905257986 
81.9927571850254 0.42042973590945465 1499.6980226095998 1469.939945120557 1227.6503493557625 
81.9927571850254 0.029189147835659585 1499.6980226095998 1397.445227156812 1056.5316185682773 
81.64851879751066 0.043030681584792896 1499.7014279731661 1421.3972273150312 595.8964529373139 
0.2326476846176888 65.39632845595132 92.67163448189987 367.13926935935973 28.890694681872688 
1.1130957575925766 44.26069692984067 2.0099158205530756 105.34078685913255 2.576626128245767 
78.69055509809641 0.009115635502824126 1485.5376499968534 918.2556636058528 591.5610784336468 
0.05002409403691732 46.86637064836133 0.8618796015673613 395.5533640344665 2.6398034500520233 
0.07970089770161959 47.831813387280576 27.841126842982277 253.55804359408083 0.9145750590442624 
1.451295468712115 38.575418784806544 7.662218292815097 365.34141619676143 3.3231131134776506 
82.44856954139398 0.3140614826834813 1465.8837485139882 434.7274430516512 399.7613668814277 
0.02093712091079596 52.39659998134927 9.126122959204453 28.78516881408173 1.2773392243166302 
81.49147443123753 0.1868302195517379 1495.1246801736438 1349.0568724573545 338.82137375984036 
0.08491314485235213 36.67483220189676 224.97361907648792 63.7112793960991 3.64960645762348 
1.7041306905203066 64.32783482169222 254.84114399601555 234.32860053478646 10.795801342764662 
83.0 0.2872274282139686 1487.8264702094168 832.7073062375271 592.2826664708634 
0.04103458150296291 37.152952132566256 300.6640424278931 404.0202131303523 1.1947199154039292 
0.579376550668602 53.61385362491726 0.24887692471592615 15.207092311020489 2.666304651125974 
81.9927571850254 0.029189147835659585 1499.6980226095998 1397.445227156812 1187.6682615379716 
79.21761586343474 0.009115635502824126 1485.5376499968534 614.3812794202036 306.76546279934104 
82.0 0.1868302195517379 1495.1246801736438 1419.475255096862 334.5735890434487 
0.7398686488748463 38.729399630584574 12.350817159182263 293.35098922545166 3.3231131134776506 
1.371642247742217 46.50082683313896 378.1252736768481 372.2128786002636 31.8142247981862 
26.893661717244434 4.400183561011747 1465.8621973809695 395.48104359561717 279.8203469446687 
0.5634095736551199 47.703201938614555 27.05744899659616 69.78017985604085 2.666304651125974 
26.893661717244434 4.260291597754682 779.6445795919533 381.459173844566 301.0216758505635 
8.63960278826864 53.77783339126792 485.354723146412 353.09175087415434 10.467249756913061 
83.0 0.2598632550098331 1487.8264702094168 841.3350249472751 417.5667866261746 
12.330333443078842 61.99145530965205 409.4077225908984 396.407158419775 266.7045024402332 
1.7041306905203066 61.00610165952995 6.013074571300436 334.8732160360119 46.60524178417278 
0.020833742072142968 53.73615792822904 24.291137645277075 57.33778548424226 2.9259642487700903 
28.68103935045543 72.8312055907642 231.7464921022854 316.3756409273903 3.64960645762348 
33.43754064124646 2.596406193757004 471.55572912929915 492.0394140590309 121.70441719273006 
0.08491314485235213 62.85645139448694 224.97361907648792 316.3756409273903 3.64960645762348 
1.0358160434117951 63.56582455595385 5.222228917981589 247.07399355393153 7.040568714905163 
30.51397037934917 0.7725823173630064 1296.638097478945 555.8421699398093 336.16244332113786 
83.0 0.04215967504431606 1498.2841999463665 1102.8544832020948 594.7565293835902 
0.41858445667121225 44.26069692984067 31.548516246357245 118.63081774794846 2.576626128245767 
0.05002409403691732 46.86637064836133 0.8618796015673613 249.45571756764042 2.6398034500520233 
82.0 0.016511517100639035 1494.1698423133128 1409.5132581369282 529.5002749697816 
1.282259640525665 25.338523674330993 733.8167061171134 340.4749469228436 2.416839697178329 
2.2910269028955668 0.0052484499470404344 1495.8108708835075 614.3812794202036 306.76546279934104 
1.377405350969445 49.09862219703521 378.1252736768481 306.54506987925515 15.412307649026191 
0.5573760732384362 47.455059271901284 58.876478290746945 292.5922307902016 6.969560496273241 
0.49947785471657324 40.88875636008064 43.56964983393658 166.0123759769425 10.118742045707737 
78.65029870949668 0.030723786079502366 1499.8615742708173 646.8622040519678 540.6554914418215 
33.51831701374018 0.06366226774814665 758.1845069958783 492.0394140590309 121.70441719273006 
0.07116673445940425 53.00916420006129 190.12861820950553 355.19581851217674 10.220037214808729 
16.263877374176737 0.008150696104109567 1493.9376810896877 751.6622664119818 248.6811911587721 
31.454652498085192 2.4017731289998543 1080.273549180527 544.5448433356061 221.6743378381152 
57.48316656272353 0.01621548800029773 1492.2294345251078 756.22464537398 529.5002749697816 
31.454652498085192 1.4572267769116785 986.2417722462455 405.9046510259539 211.97580036995575 
0.49947785471657324 40.88875636008064 92.88493159978789 59.6467152649963 0.14133381910870968 
31.454652498085192 2.4017731289998543 986.2417722462455 467.93804185471356 211.97580036995575 
0.0786038931244617 57.43753447913306 189.6968062301146 76.00908581238014 10.527771862880217 
5.252956023871011 0.06366226774814665 732.5458286529848 394.2996122749219 121.70441719273006 
0.24109697166119456 47.651511233256365 12.434901984223771 77.48913642301011 0.8383122333483944 
7.284811767644236 34.47080699585386 467.3211324057162 330.3271929176087 10.27748697494684 
0.7398686488748463 27.188260208174704 228.22642515035716 293.35098922545166 3.3231131134776506 
81.71669638449315 4.855143820037288 1285.0872995044574 434.7274430516512 523.9930628819526 
41.54838282844663 0.06684417578277863 976.3117513764194 367.67208939444913 160.6240247269581 
0.49947785471657324 40.88875636008064 92.88493159978789 170.15796885153614 0.14133381910870968 
0.3299665310097497 36.11913441990569 9.15147388739836 148.42884557035993 2.6271579987444937 
0.49947785471657324 40.88875636008064 92.88493159978789 170.15796885153614 0.14133381910870968 
65.01547897759784 2.4730522398559094 1486.2990436024108 555.8421699398093 258.8281568647732 
32.6284016171915 0.06366226774814665 758.1845069958783 394.2996122749219 121.70441719273006 
0.07970089770161959 45.44060492555942 215.61756606461245 301.88694558155487 0.9145750590442624 
1.7041306905203066 60.656698904013304 193.38539460105903 350.0020476994928 45.0136107965149 
9.639351899001902 53.77783339126792 556.3418566787556 353.09175087415434 10.207928157433926 
46.06997879575435 0.019355376766188037 976.3117513764194 540.5405071858286 160.6240247269581 
0.06441012837335292 47.48284148644096 84.82870000697284 281.667290942401 0.8936241932468015 
78.65029870949668 0.030723786079502366 1459.2040652270734 646.8622040519678 505.57272841786886 
0.07116673445940425 37.152952132566256 12.434901984223771 306.548809591181 15.306194699268719 
31.535428870578915 0.023644915425027113 921.6431410624141 544.5448433356061 221.6743378381152 
1.282259640525665 24.529459585903375 733.8167061171134 340.4749469228436 60.87874232935234 
0.7943938187934432 2.566939640321266 1090.350815859804 544.5448433356061 221.6743378381152 
0.7138747534917913 47.44476195080489 375.42077501081957 273.3238278991413 1.942741644268088 
7.284811767644236 87.67756426051164 551.3490607849895 330.3271929176087 1.6651824800218349 
82.60688622093676 0.04215967504431606 1498.2841999463665 989.7697194255195 573.176087597709 
30.648648972283787 0.01621548800029773 1494.6289481083768 756.2592840271169 529.5002749697816 
0.07116673445940425 37.152952132566256 12.434901984223771 306.548809591181 15.306194699268719 
82.9425593810235 0.030723786079502366 1493.324721338548 1078.797833329258 554.6058564131064 
1.161542020242557 44.26069692984067 31.548516246357245 118.63081774794846 2.576626128245767 
31.454652498085192 2.4017731289998543 1182.953071400992 544.5448433356061 221.6743378381152 
0.581674511953825 47.703201938614555 27.05744899659616 38.85406605662535 2.666304651125974 
32.6284016171915 0.06366226774814665 758.1845069958783 380.46197001471336 121.70441719273006 
82.60688622093676 0.03294985473548517 1498.2841999463665 989.7697194255195 573.176087597709 
81.64851879751066 0.043030681584792896 1499.7014279731661 1170.1440234023428 595.8964529373139 
0.5229091457468731 60.7579889844549 245.06757158677595 370.42073671796174 46.22671569377273 
31.454652498085192 2.4017731289998543 1182.953071400992 544.5448433356061 221.6743378381152 
1.996001022000506 38.29771265696533 16.30193482987513 29.354922950960876 3.375123166594121 
0.25789737479593733 47.48284148644096 84.82870000697284 306.3516155845161 0.8637447929487987 
0.574913961185956 53.44376158168435 193.7765848575122 162.88715743501606 0.8360750760967193 
57.71162812868804 1.3623512726773086 986.2417722462455 405.9046510259539 211.97580036995575 
13.11937313130607 58.906649750749025 580.9760412264616 396.407158419775 266.7045024402332 
1.1135109379066677 63.70664937541888 5.043904504605663 54.72870552191116 2.6851981037971004 
0.0730135157118893 54.110111317596015 11.83306708212378 0.2927327256870953 0.9410565905257986 
81.64851879751066 0.043030681584792896 1499.7014279731661 1170.1440234023428 595.8964529373139 
0.49947785471657324 40.88875636008064 93.27023634519013 59.6467152649963 0.20516440849539225 
