77.93560597715454 0.2815408433693065 1496.8321425965123 1463.0472887599285 762.1596847057554 
0.315527929114109 55.497258612095315 0.7033021075360129 0.2798880077228083 0.031075568213697613 
77.93560597715454 0.2815408433693065 1496.8321425965123 1463.0472887599285 762.1596847057554 
0.315527929114109 55.497258612095315 0.7033021075360129 0.07545006973406432 0.06485384926829219 
0.014342849358834897 56.35338688637519 66.99689072621499 33.317684617803486 2.431609774561079 
0.315527929114109 56.55918380132561 57.36808579408197 16.711577603884376 0.070199366879103 
19.693646729380276 50.52420931680932 703.587196407237 377.94645044963426 171.38049755998634 
0.014342849358834897 56.604568127359286 5.936142502080552 34.06382571847266 2.431609774561079 
0.8905902662111069 1.4104316841572704 550.8032373315018 349.4737000276619 234.47220871192337 
31.618216416408643 0.011641815643945008 1359.3758404283212 499.37185804976207 109.53961736822274 
0.004129340045367469 55.25533535911977 9.51135779426284 9.970204660037457 0.11314027384032514 
0.3316163042384984 54.665084000801194 0.70651388272691 206.0253465220789 0.5426438510155687 
68.59976375168733 0.3980622929986242 1494.7655811764134 948.3562868572926 488.9015053082825 
50.255804522205814 0.14902250718335958 997.0339614252683 569.4978832238223 319.0381449373624 
0.31569445344085484 0.7310668555096917 918.6852932617048 412.44867837788365 84.07934105558178 
0.04744720572390694 50.06347919360905 619.7772970225037 385.5871005358665 9.060722696137429 
75.10261569429858 0.003981059945078691 1489.2648235423014 721.1038099011703 346.68759919295064 
0.005358904653162855 41.34946170053355 192.31223188324685 297.42872245964384 1.3266523521684745 
82.20364451607841 0.43210087036537315 1476.297501758265 901.9278485117237 370.72943346381777 
0.00682585967754723 50.34742054205987 192.31223188324685 329.17463950244746 1.3266523521684745 
39.76525119223675 0.6529327032077461 583.0072190158793 455.7363581254616 319.0381449373624 
0.013115201464968543 50.34742054205987 0.35831976564356083 336.9829963428082 1.3266523521684745 
77.9871403515275 0.10144555571767508 1486.0728430067597 1263.2254435098437 778.4206644187452 
57.47492820798294 0.1634532712627848 970.417776633148 419.3944198945926 241.87770160903955 
24.379249790562948 5.708385636548082 583.8279006187374 493.2006289107771 126.6654349060786 
1.1316628802696336 43.16494304639855 762.9353843495288 331.9138199487003 9.420237701267919 
57.14948417999674 0.15240403839826933 979.664092018167 446.8990967382682 305.405057286792 
81.14183223808094 0.281722512819214 1498.9656154383633 988.8042942658846 719.6964511016038 
0.05383481378029348 42.96930909272719 0.9307219984017001 355.34117743207327 0.6194694672928949 
31.52974961525889 0.23115993588100525 1309.159878584566 487.98608855561986 538.4281162186535 
0.29012158739438054 56.60547671959228 411.204580787572 279.68896014236594 10.931365483068502 
77.08712097511216 0.2815408433693065 1486.0522618618884 1078.3760250386858 752.3227960771036 
77.68612376348617 0.07974679688081565 1487.630090904329 992.8656504042226 508.3671175857285 
0.2159373145406258 58.06197560963082 97.38604024415382 345.4924887390595 1.3240664272648375 
0.06140657339085287 55.86106772837938 25.8419704945466 157.12066849146777 0.2661357250954466 
0.005840983115556142 41.87484860978354 311.84259535749095 9.576347381322044 0.11304974364635267 
0.04744720572390694 49.99011430777304 570.5992387879194 384.2289094464664 9.291526170834567 
17.94015242066435 0.15240403839826933 979.664092018167 419.3944198945926 13.393547980726595 
2.9661963036439207 56.60547671959228 22.26287613054952 264.4654087283316 1.3661940279994802 
16.210504844034674 0.4050200796176358 1490.5176197043277 546.090192622008 237.62080094335295 
0.05086335421253435 42.96930909272719 187.8453190652583 355.34117743207327 0.60568561452867 
50.255804522205814 0.09862293190960775 878.4785867574304 569.4978832238223 319.0381449373624 
2.984389306218156 56.60547671959228 411.204580787572 293.713610423115 10.931365483068502 
71.87396907042702 9.049581782347993E-4 1475.6435836610574 1200.47146492894 537.7776939097723 
0.014342849358834897 56.604568127359286 5.936142502080552 91.34652689166516 2.431609774561079 
78.88053740121809 0.29501161256915837 1489.609263377564 718.407384820159 570.8522461508754 
0.013115201464968543 50.34742054205987 0.35831976564356083 301.6631071125278 1.312996410766972 
0.05364076319737332 38.63382129929374 927.4855346188882 372.58978830548307 85.04999436211598 
34.649271019161006 0.2271381288758853 1256.410008618228 393.1901453483375 237.20270628904143 
0.11600254214813256 54.69369651371092 2.859620460456197 247.05325177120343 2.27615265634502 
0.014781209302610027 54.82221793660949 1.3579127738872976 151.83415446208943 0.12082980399772902 
0.19630676461480515 54.87582956842712 1.3579127738872976 236.878714442966 0.13819397375779768 
0.06105193823933854 53.90509526147823 0.5023306578449329 227.6876175239387 0.5496217117727764 
2.2949927645022195 43.54049918616215 317.85974145022226 311.85154010115366 38.03503928165198 
0.8954830425416571 51.15411971810962 173.49332508864606 285.21250916698494 3.25032059528524 
50.93833246086135 0.15240403839826933 979.664092018167 306.03437336614604 305.405057286792 
0.1468110243654408 54.53883574631001 1.3579127738872976 151.83415446208943 0.12082980399772902 
1.1597189719605412 36.39322099949581 1.6293212033480078 113.37303518142939 0.3992822151009575 
0.527886650564664 51.10085709297055 11.240563490284785 279.0526523740583 30.86093887258514 
0.05086335421253435 42.96930909272719 393.53895931499255 355.34117743207327 21.114827246438665 
77.9871403515275 0.041296206227728754 1499.2261833017249 1191.711944137938 719.6964511016038 
0.29311460231232245 56.55918380132561 49.93253048611761 414.26615374914127 0.070199366879103 
75.28995841495033 0.2917023331106877 1489.4404762934792 721.8973910896771 738.8990869932395 
0.06630679057265171 42.43461632451871 383.6774797179395 442.42736525002204 0.5824751944596382 
0.315527929114109 55.497258612095315 355.98507473564825 36.366248561601964 0.031075568213697613 
75.18649223196044 0.041296206227728754 1499.3869148274107 958.6017473313599 728.6542639838658 
0.29859095171141403 55.503649346691226 1.3450648137155525 185.83070119979618 0.20500675659549472 
0.013115201464968543 50.34742054205987 0.35831976564356083 361.3140941839948 1.3266523521684745 
73.4286722180531 0.041296206227728754 1499.2261833017249 1191.711944137938 719.6964511016038 
0.020895713914767855 56.262187652080954 2.067293188895661 312.2121951735279 12.67031673901593 
77.64239416932277 0.11346971492742354 1485.944057356762 652.2486744692031 319.3556289988577 
52.04254742850584 0.3980622929986242 1494.7655811764134 640.3507090914287 488.9015053082825 
56.251044906074554 0.4050200796176358 1490.5176197043277 546.090192622008 239.62861281126902 
77.96597597626973 0.15204016398863845 1497.26694243903 1318.6660046778313 922.1287509316899 
2.0809920077723714 34.134498704731485 550.8032373315018 349.4737000276619 58.84171402017702 
57.12761080275916 0.04291950086396935 1462.0442128686118 574.4438175044967 305.405057286792 
0.05086335421253435 30.71484693913527 30.743060466239484 363.50708820111953 1.23586995999373 
0.5842850437662737 47.801340647150454 11.416655919066761 124.75637011269417 0.40538227193155896 
1.1316628802696336 51.24066208606063 663.9208207321935 286.9570717767658 9.292820491513428 
0.315527929114109 55.497258612095315 1.9274393303556785 0.8296978076177486 23.497519301930254 
0.611600696081994 55.277198456577025 5.7084403308938265 124.75637011269417 0.40538227193155896 
33.47394459255798 0.21591258270843694 1359.3758404283212 500.3920039329424 235.07261532711578 
0.010370762261320582 56.594233607201886 54.671220166271084 336.9829963428082 1.1784191005432563 
0.054024003710768195 42.96930909272719 381.8538044137821 187.95866098849348 21.114827246438665 
77.96597597626973 0.14940822553890093 1497.26694243903 1318.6660046778313 922.1287509316899 
75.26036171836866 0.041296206227728754 1489.4404762934792 1331.3024082053735 719.6964511016038 
0.015836274873387512 51.13717152994842 328.8706957241409 306.54758842022426 0.676258529950049 
1.0708736220228392 36.39322099949581 1.6293212033480078 105.56075526677542 0.3992822151009575 
31.87048512255914 0.018733059331076496 1373.5890443488877 496.29193636810726 256.2469698554116 
31.664786151634463 0.11547292334161474 1467.3511337586135 651.7221562190406 357.5354260371126 
12.032761795459065 1.0373662477305454 979.664092018167 419.3944198945926 245.1940992832943 
78.88053740121809 0.29501161256915837 1492.92042789886 728.1486801049458 573.2195030321707 
0.29859095171141403 55.503649346691226 1.3450648137155525 185.83070119979618 0.20500675659549472 
0.16780024410540384 34.134498704731485 477.0010248000584 327.5786185625038 25.678204992853622 
0.05086335421253435 42.96930909272719 393.53895931499255 363.07801058085954 21.01092259751198 
0.06105193823933854 54.665084000801194 16.978178091309154 247.05325177120343 0.1286243742844273 
0.05086335421253435 58.50961226726754 187.5759945585365 372.1743443393748 0.614939636452162 
0.1735549821174371 34.134498704731485 477.0010248000584 324.5425284715442 1.5390494138438768 
0.020895713914767855 46.324351446204865 404.3014088783191 312.2121951735279 33.08975085499399 
0.05086335421253435 43.752490599448066 30.743060466239484 364.1359044002496 0.6027860058197412 
