0.07171474177797998 51.30907923384783 4.109115797629471 1.1985945755687588 1.3422464731957007 
0.07350904362640594 51.30907923384783 3.5850240052567646 1.1985945755687588 1.3422464731957007 
82.0 0.3989518722333578 1493.486801763316 1404.7750017118465 702.9847671134834 
41.80278855923075 0.3934618598642192 1372.9525528121933 636.2944710051446 90.30228891785212 
7.552281709476615 0.2724552474891033 1485.333128744019 460.13165294646825 146.46871690284337 
82.81609439748532 0.20959486465570232 1479.34025332936 843.1255965405445 516.8294548358341 
2.0369449317668247 51.349860611209536 19.66553028164155 124.19367387341879 0.8128008105442209 
2.0596706948675685 0.1993072786826886 1427.7094262514267 355.4682182966222 174.4482866212212 
0.0462681052038012 45.02510725306691 185.82282961154593 41.50096090894037 0.8007828536433363 
7.805179910684721 2.0039767871874368 743.2279868228266 394.59129934841724 167.28034048894244 
0.03151103027598179 47.55437946481277 228.04436862269486 330.8513703603888 0.16828657394276386 
11.544890949419209 48.699512691361655 355.9317065221618 301.0340207521546 3.5679756544076304 
1.0105595980910786 49.669285083691335 613.744905765898 348.9943555120282 15.32597336233407 
79.14782673982072 0.4055499489521484 1483.589166926418 1312.267834518195 690.0834564864127 
0.4220783583262193 47.63006472509882 695.7710202718614 387.89942541792993 109.91693342083835 
82.79209658474394 0.38912441445542356 1479.34025332936 1225.0165277996527 726.7431793018409 
0.6391533900948099 48.116209718340244 29.951596050662644 334.33268606841534 1.167271741001068 
1.8993720502692637 58.90527693355302 93.1365609056131 1.3969929695444137 3.678483270129348 
1.4210063369053358 45.33955817136449 205.27995497781683 322.21240214897074 0.7389389826120691 
0.024044263132649846 49.66886729620958 10.244436278719704 329.55900073723893 0.929231339793656 
77.602966410027 0.21632513576509638 1483.589166926418 947.5503391110727 691.791089021119 
6.302900015065623 59.771321453034616 69.25669725612485 252.45474575468285 1.101209188499256 
80.80751251297373 3.0389311825448018 1460.5136568616442 1018.1468577835832 400.6805172781443 
78.02328297025397 0.38912441445542356 1479.34025332936 1168.164148881703 726.7431793018409 
31.964752678253234 0.19959107589371866 1477.5383992853453 354.90375290446275 208.49571610045518 
0.35536727783380895 55.26948489294995 32.59046728257804 14.821152086444656 0.8412354583642758 
0.4828529769967511 47.59331085246062 356.66330077831395 349.60220411813606 8.818781171775173 
8.089729701895168 2.0039767871874368 682.9891162986787 387.4641902467481 176.8130911274829 
2.3251659305152534 47.58970025815251 630.0994090454642 389.2122574425567 11.248705904468999 
43.01087392918077 1.2372781283829593 1154.628910151112 521.5412419864376 13.652665812551703 
1.1187227985290482 51.349860611209536 19.66553028164155 406.3729804279045 1.0913779737293974 
39.68267331564144 0.034096488739992825 1486.6513987349124 858.5975883315623 445.73807569667633 
3.5907390627128493 0.19959107589371866 1475.7880007006606 646.9033247626297 112.35745440421013 
39.68267331564144 1.3367327898392731 1486.6513987349124 646.2325220572021 445.73807569667633 
0.03151103027598179 49.669285083691335 186.01318816130117 142.3868294171863 0.8007828536433363 
0.04669996469680637 27.695388143740235 188.99864599723523 160.71903269845825 0.876613016820286 
3.7425212314647 59.28179128301952 87.52917750433627 254.66249893671235 1.1125596768502215 
38.43530560810361 0.38912441445542356 1493.437346392482 1394.9390077575395 736.9120744498147 
1.4095892562896963 47.72363753995178 301.3590147537218 324.20216880584144 0.3296164177741221 
0.03151103027598179 47.69805324302751 186.01318816130117 312.9542615552574 0.8007828536433363 
0.012901599102767225 49.660882803569315 8.029668921083541 229.0065355916762 15.395530781936497 
0.012569433449105216 49.455282079494786 73.39400346618578 329.63230271678486 0.28608689192316383 
1.205339790955029 49.459520540623046 73.64283817460915 154.50143175127047 0.28608689192316383 
29.745507858789132 2.3811478400858013 781.6328269228386 389.27241180293413 201.91923258789222 
1.201399672097987 55.26948489294995 34.188452286193254 72.55985414550133 0.8354242828344698 
83.0 0.21632513576509638 1483.589166926418 1019.2105425573016 691.791089021119 
76.31511383485126 0.19817040157505547 1497.903454184296 647.8760254760786 200.3896079338391 
0.07344985442328245 47.63006472509882 351.11218977987255 390.70156148430146 5.67088720723779 
1.8993720502692637 58.90527693355302 93.1365609056131 1.3969929695444137 3.678483270129348 
1.205339790955029 49.54077367710528 39.70370942947284 154.90977984495746 0.36887467167477994 
38.82283408110413 0.058515221331944645 1496.998889169857 755.4387509628204 287.11430964517274 
2.175498475598014 48.17144550225844 625.5163662240504 392.1307430246879 382.5507309378802 
0.07171474177797998 51.33723573228982 4.109115797629471 220.08284854299507 8.30841670643795 
0.13960802885903723 51.33723573228982 4.109115797629471 79.40273049901097 8.30841670643795 
79.14782673982072 0.21632513576509638 1483.589166926418 1116.6712960281905 690.0834564864127 
0.3172431443203343 53.8915673589877 17.926106910203963 268.97521002040236 14.417719998391416 
82.07878813191422 0.21082474447283106 1499.2769497388394 754.9749654612118 424.65589693122035 
2.9804827990955705 48.71554113638946 354.765706298115 301.1585677408379 0.6677257289309124 
1.227100870494021 49.455282079494786 73.39400346618578 142.87229992204857 0.28608689192316383 
0.5656234803515126 6.3815515854662195 454.6460674280732 334.33268606841534 1.167271741001068 
1.3223473640031163 51.35450914454739 19.66553028164155 92.76147519461668 0.709416341372942 
0.9346311385206185 48.47359014491513 9.89382786867995 3.695015650276474 1.3325914618079777 
2.015183857888211 51.44750990875753 25.29957824941216 153.44225988416633 2.1576689586840985 
2.105296875951435 47.63006472509882 351.11218977987255 356.04134012420377 14.889527168132332 
0.2470956307794327 49.08560423249065 2.662549979970475 326.7234770468141 1.7161327490741485 
4.326900587450474 5.615846542513301 500.5360943699901 334.33268606841534 1.8556096753289637 
1.8905855620149867 49.669285083691335 186.90315080412168 385.00909535636936 14.038533892655398 
29.745507858789132 3.952871391268144 781.6328269228386 389.27241180293413 330.4173096074742 
0.6423990819303635 6.3815515854662195 469.6734641593131 334.33268606841534 1.8556096753289637 
30.695829026244482 54.38765362389105 957.4493957578641 397.0192653373643 201.91923258789222 
3.281174705842083 69.43748067637108 519.9157940726955 390.49266878164724 1.3764469593149187 
5.136513033260444 1.9240236145919667 890.3669794833368 460.78797606770223 163.9373700157164 
29.42366977860379 0.19817040157505547 1498.2353766993692 647.8760254760786 200.3896079338391 
0.07350904362640594 51.30907923384783 3.5850240052567646 255.5780539546799 9.122098148301237 
0.012901599102767225 49.63272630512733 8.029668921083541 15.603802572180086 1.7310877586027278 
1.2352738934662773 47.72363753995178 297.4799528075063 297.9528780884796 0.3296164177741221 
1.7799075147935497 49.62808871408089 27.37062823892778 92.76147519461668 1.6001167765920332 
37.85200853142007 0.058515221331944645 1496.998889169857 790.0993902215093 282.65676068586004 
15.464415474580715 44.982511786238064 458.56265751786907 334.33268606841534 1.8556096753289637 
1.2322935231717822 45.59006724065981 205.99804273285562 311.2860873178713 0.7496497434253651 
2.7482984475871257 2.933384916997177 516.9698187378089 394.59129934841724 167.28034048894244 
1.7054863417330708 0.2724552474891033 1096.9569418039407 460.13165294646825 239.68670112555077 
78.02328297025397 0.38912441445542356 1479.34025332936 1168.164148881703 491.1609292622452 
0.00874531455132141 58.83171940002163 2.7290095534643903 388.41679793125087 14.126974541862333 
0.13578828387051212 61.47646287738545 84.58015944716945 30.57974561065179 0.8128008105442209 
42.5330170914914 0.15812492565492742 1496.998889169857 684.0110320360999 644.5336193202372 
2.1495651390058423 49.660882803569315 0.5358258669560116 358.82615283402265 8.106158420327171 
47.12152679765829 2.195795413303361 1029.11675203833 521.5412419864376 10.98779425786828 
0.07672446116860465 47.63006472509882 397.12843973360975 381.17446138638394 5.67088720723779 
0.13960802885903723 51.33723573228982 64.79222956762833 79.40273049901097 8.30841670643795 
42.49497644777631 0.3249953246713283 1486.9906053905786 1160.6671717839758 485.7434637925211 
5.09824970684954 0.2724552474891033 1306.1428790358682 460.13165294646825 378.25454142893824 
2.0914208210157526 2.4954376460022516 608.1937982409304 355.433491518096 12.795767813316516 
83.0 0.058515221331944645 1494.9320011687785 471.5005333120443 441.44815045368216 
0.07171474177797998 51.33723573228982 4.109115797629471 220.08284854299507 12.698301822790414 
2.9804827990955705 32.094652203288476 479.0586795363454 301.1585677408379 0.6677257289309124 
30.711681800624277 0.21632513576509638 1483.8907498177682 947.5503391110727 691.791089021119 
1.231741036108052 32.54981095221842 67.54741318293699 152.4005285569816 0.28608689192316383 
0.07171474177797998 51.33723573228982 4.109115797629471 245.0200344022927 0.3869905583023261 
0.13784689637797276 57.4281079893138 84.34133096090198 74.0461507658911 14.545463620682597 
