64.76336394471252 0.030831708573726135 1499.8799149343013 1481.49383200331 666.8774741590006 
0.01710274085335743 54.86351407347616 1.8142854357716258 0.32790069929433807 0.17766239913325305 
64.76336394471252 0.030831708573726135 1499.8799149343013 1481.49383200331 666.8774741590006 
0.01710274085335743 54.86351407347616 1.8142854357716258 0.32790069929433807 0.03358195476560838 
0.031841724303431525 37.44071180705012 395.0886986425284 267.3216262770239 5.197451010595519 
83.0 0.08551600234240145 1499.6943158107897 964.9500043627488 463.0516321727939 
0.020653391965241394 54.86351407347616 27.797806312780438 0.32790069929433807 0.17766239913325305 
0.03295475380677487 47.21819067533148 384.49168454933243 260.2915729415864 6.316238634554054 
76.72678633200607 0.4457651757994494 1499.5753055231967 1029.4757453978457 476.2502150086129 
75.77189290447531 0.0512389846323236 1499.577642710662 1113.6222559014507 480.2232120284244 
0.17618571175804737 55.11806520945524 258.1867867426167 317.1615973574147 1.3662874345302316 
57.94514505009832 0.09927297753838094 667.0560588812741 502.6443100859722 0.40301181328089797 
64.08249512032194 0.030776631175854892 1499.4476844010148 1376.0127787010822 598.0268003391122 
0.060026403005484195 49.793860766169054 62.41708518473786 89.30175783994507 0.5003367208620948 
54.5075469972635 0.02233468344053026 1499.6664120079297 874.4210141919415 514.9178511052875 
0.012077421896504667 44.42948142265638 134.19692413578082 221.20379428604954 0.6671506744628524 
0.28235491705830185 46.411711435683785 64.62057675027894 369.19586406840784 0.5253944503569332 
65.8643686119595 0.030259493414096228 1499.8697185785823 1259.1460771338955 462.27414298863386 
0.282846955089983 51.07425980495039 334.64861623547193 369.80667969548773 4.920654162908532 
0.036485522616941546 46.21230551436927 159.55961267413488 328.2540909953943 0.055921292911296216 
0.19466323229611654 54.666419402560884 43.05594282479578 203.5700358117343 0.17699860903405332 
0.18538688743090445 55.11806520945524 258.1867867426167 44.12435048669852 0.6329217579145379 
0.16625857311225967 56.60284472258802 10.765357847825271 322.9960924510672 1.8761671820184596 
76.72678633200607 0.009455889557806352 1499.4825857028923 780.622374191974 440.34729547653336 
27.392043460057565 0.008435633424141442 1449.3096211711368 506.9591071382227 278.2256313705946 
0.1518635839329635 47.06792122429809 210.5525738401811 323.75964671976305 0.07372048409832188 
0.03545655462317171 50.408611817140645 662.6183530185515 468.4282253238165 53.418915370440075 
1.0729150186370244 3.8584978630853914 1119.3822924689919 557.4571884887876 5.125416274495336 
76.72678633200607 0.009455889557806352 1423.5448967055602 780.622374191974 440.34729547653336 
26.525976598097394 0.29260645600545904 1480.3051746532635 555.4586211393477 232.24819006786592 
20.076498008061435 0.055881873436636934 1295.4032276876437 516.5478127150776 214.32721997352485 
0.01210279636170545 54.94478394817955 30.49014959520933 338.7961786063488 0.25051999210142284 
0.1491574241470411 7.559485632643185 519.7203395531071 323.1786971703192 138.57765919274186 
0.06678251605568736 50.408611817140645 750.8767355899912 445.1903079830152 53.418915370440075 
64.08249512032194 0.022051006633433595 1499.4476844010148 1305.2056470426105 600.9052451448708 
0.033318797933957534 46.18244744289352 76.92847095961534 137.86928206626126 0.4412793462010971 
0.01710274085335743 46.63632642668212 43.371124153816645 377.64917854291207 1.044720487592792 
0.017497560959695124 54.78787626495525 362.98786900008747 326.64876905765027 0.3585513906116605 
0.03399622623425319 46.18244744289352 42.34987175621577 28.769428879146034 1.0968763374642942 
42.21556134338656 0.07062097090010258 1499.245522312575 864.1495902106105 486.5519893217227 
2.5223757696167572 50.23707273370278 34.82669941417328 134.7865401398741 0.08542279406183717 
64.46339532727293 2.701389956941142 686.572149160272 377.13962551110774 136.9521682558535 
2.5191575265726387 50.43194735207019 14.724552351161883 20.04014993631207 1.0343667960638 
1.0516490647802383 38.99491985534305 282.9471186629092 256.4898308329516 7.705175435753624 
24.23787155208963 0.007214163899741388 1380.3642076148742 406.67622768579463 249.5855884743354 
27.566435730100483 46.019784750885556 473.2128588443238 386.2575588870245 4.065218322185046 
0.04532665147490622 48.998047780321954 12.995742800011996 250.99469921651587 0.40903682218072546 
0.014635570558544808 46.019784750885556 475.1341613592879 342.05980845010424 4.065218322185046 
24.202033520097768 0.07010086584935801 1480.3051746532635 702.5469438884472 232.24819006786592 
26.562238187644635 0.22083943440940268 1499.9806685427754 515.7455942392039 434.0628639294377 
0.04869352959695025 48.998047780321954 597.4147255390656 321.4807018057797 0.1479866024774964 
0.23895493293732706 0.06435485234893956 876.5235766115715 509.63282859730475 214.13825528690023 
0.06678251605568736 50.408611817140645 662.6183530185515 334.1506719656064 53.418915370440075 
3.1350035665400604 59.80720696723654 4.2369491715703305 368.2386491701516 65.43650196021096 
0.013813276042597387 49.57058224707479 83.35573636771653 268.0667753547713 0.15605985301983752 
62.338619303720066 0.015641889544207782 1499.0232240155306 1263.8582124752272 618.2453746977338 
17.959591984770015 0.07311429863327674 1491.0487060306377 647.0754554300474 239.26215952666587 
0.017098024993105233 54.86351407347616 9.577245175499144 235.356599521422 0.9000835330628913 
0.05349664942450651 54.74061965544983 171.43903815989157 92.54146114742335 0.6348346956264767 
0.19466323229611654 50.82328037716465 45.407182697011805 39.72779676072017 0.1420612323563204 
0.08251163111887294 33.9782441484856 177.27631388829786 52.00503191167866 0.5982675023286498 
26.81588832802767 0.04234632184866999 1045.947014256217 386.8253141237981 13.548999848473848 
0.02890783841871536 70.29874958662671 27.894089338620763 276.28739283401046 3.0775766776789 
0.04169705421496839 41.60233718020054 663.9784984432557 386.43535713732325 2.186363543299649 
26.81588832802767 0.007094267709213675 1045.947014256217 385.8551884513674 256.8587450722753 
14.589714726393346 0.0573741423617831 986.6779712595287 378.3007583875145 27.799419385602732 
0.1732542546190976 54.953165791186386 17.516169718266543 134.7865401398741 3.5536703562861014 
0.14721518435010855 47.05351561196189 361.11909443191894 376.32132600522857 0.9311188214776318 
2.5191575265726387 50.43194735207019 14.724552351161883 20.23401816057989 1.0343667960638 
80.38695626461482 0.0077407394597129725 1110.701982813587 524.7226043271901 563.2276767266892 
1.6222259982971892 54.86351407347616 9.577245175499144 241.91172240976675 0.9000835330628913 
18.02446338881174 0.0717800134457323 1408.0476678871375 406.90227173903173 23.69238638447743 
0.03751776500736164 50.408611817140645 463.0726273489398 334.25283894077154 0.5914278453160726 
0.01710274085335743 54.86351407347616 1.8142854357716258 147.8693320351109 0.17766239913325305 
27.392043460057565 0.0077407394597129725 1008.9861958657877 524.7226043271901 278.2256313705946 
0.01710274085335743 50.404341527025245 1.8142854357716258 3.610064558554285 0.17766239913325305 
0.42841014724325666 3.0227451997220456 665.1436331035602 373.838020213674 3.0942599995071305 
0.0036294057296651448 56.50290659842575 27.732096682460632 91.60052832833479 3.063645724911457 
4.323213805500309 53.44698000946924 602.5766346856902 406.67622768579463 212.56953100700701 
0.38595766999234904 0.02424441325514365 1047.868203337821 340.2252548984818 13.548999848473848 
0.10597557771039656 50.43194735207019 15.333128463583094 90.38317972058417 1.0920402172316832 
16.01722777566328 0.1335630884018343 1499.1929031436496 678.7211470486268 388.0444484701852 
0.112048954430219 56.50290659842575 45.46663043133135 52.00503191167866 0.6148022167443 
43.97305913616112 0.08551600234240145 1499.1929031436496 678.7211470486268 388.0444484701852 
0.4789000614961648 50.82597751168089 61.19595380012508 305.6699151072064 6.259453389555631 
0.01210279636170545 55.651317240920356 30.49014959520933 355.7196972860272 0.25396434218720165 
20.076498008061435 0.04314522930049043 1295.4032276876437 631.7599872345927 133.6221480368128 
0.017497560959695124 54.78787626495525 362.98786900008747 326.64876905765027 0.5946016468684973 
0.014635570558544808 54.87909252844547 468.9798966566825 373.2052069859919 4.065218322185046 
27.392043460057565 0.0077407394597129725 1110.701982813587 524.7226043271901 278.2256313705946 
0.014926326301081065 47.21819067533148 5.525409008170266 268.07498708259726 0.5237645681743965 
65.76451135967311 0.05431272818968064 1499.9205010317178 1145.1652404857366 586.3365372144466 
4.189096102332506 2.701389956941142 686.572149160272 423.51223208285154 136.9521682558535 
81.99977889933275 0.13608144102056202 1498.3143295708176 1429.6559764353497 589.6934475991171 
0.014635570558544808 54.87909252844547 475.1341613592879 374.8989112737973 4.065218322185046 
81.99977889933275 0.13608144102056202 1498.3143295708176 1429.6559764353497 589.6934475991171 
0.05843793052956697 55.5676965697329 1.0696933482995234 92.51493439651223 0.3040737304430914 
0.4789000614961648 50.82597751168089 61.19595380012508 305.6699151072064 6.259453389555631 
76.72678633200607 0.4457651757994494 1499.5745642531153 687.6860154794401 392.20010363293073 
13.965499462903512 0.008142114149334384 963.4203615147245 378.0747143342774 245.02065386710638 
