82.0 0.4597264141568911 1499.0558419430254 1464.4458822899894 1198.2548135372772 
0.18931771734589917 45.034330437795035 2.8235227360780684 0.2475981047216358 1.2105373098617207 
82.0 0.4648260339399286 1499.0558419430254 1464.4458822899894 1198.2548135372772 
82.0 0.467690883098109 1498.6298736417061 1144.7894479255995 682.8198548755297 
77.38431853906758 0.3655146778847914 1499.3361717884802 1241.3342942457998 749.8957092758537 
77.50849314856025 0.4610450379884814 1499.0558419430254 1464.4458822899894 720.2217094329733 
75.73622933141988 0.4093041592825062 1499.0558419430254 1418.0754305439677 1148.4773131536112 
1.1680234429964633 41.49640284135531 113.56098715291381 135.11830021274423 2.723110853400986 
1.2552776704464539 39.730257740854015 74.80503103509285 136.7533060693254 1.1103158015058505 
1.2557433469498989 41.591068924971495 400.44126914969763 322.4383335351205 3.4055699747308594 
79.61653563124547 0.42673900914172347 1487.5125632067209 773.3645049624812 434.9675556694938 
1.2557433469498989 61.06546007974482 337.2130557208801 322.4383335351205 3.4055699747308594 
0.7870146730457357 0.44472583550497546 548.6994527396193 364.8652979311422 46.63880117922258 
82.81248031065336 0.19689772919430548 1499.1453976511193 998.8852461553264 331.84310875268613 
1.2596118405937577 48.4608850361784 489.8273762265903 320.5813437446147 0.46184526060003916 
0.4412451101603713 41.90403279945441 180.17358590696645 351.4058347115669 10.672203427829146 
0.051596164786984255 43.45595023500895 497.24396297999766 450.0922833758015 377.5164773228078 
1.2589715686488523 59.32720059475936 133.50639021217188 350.99484002332423 7.61097790008955 
0.160050927078616 32.070110262492996 13.020962936893975 36.961671768069465 1.504769030326305 
77.76598279986291 0.30150947400384565 1499.3278875072917 1055.5620595543714 672.6465123566154 
0.1900401370781869 53.12664211148766 6.47564680011817 281.5849501425594 7.543998244124797 
81.61833573920467 0.467690883098109 1499.3195004077593 1378.9486402670009 737.6100979989998 
81.80687391381583 0.33910391790286587 1499.193069215398 1340.9364096718418 668.2006990519177 
3.027230636296443 0.4199805151028378 724.9654051466161 344.09454753901406 123.7751076594391 
79.6054475798473 0.020260135446867694 1482.7439489009168 685.7397949254262 449.26361515401925 
1.6898459659410145 43.74204420034937 27.463321179754416 250.40536508198915 2.7667616803915163 
0.1075768105248833 43.10821401574381 2.494087331696992 221.78592637709863 7.864841814688599 
0.1900401370781869 51.90040752023556 89.3222173608971 281.5849501425594 6.116788164757594 
1.2596118405937577 47.41743878966999 545.7375529459578 320.5813437446147 1.4710118454037797 
80.37525710231661 0.46742056292622647 1489.0584902446226 883.2317388198763 470.578882313932 
80.37525710231661 0.36281765270570904 1489.0584902446226 883.2317388198763 325.846852563923 
0.0588934917453106 45.57511313738506 21.84653095091337 20.647507083829083 1.6048655667593343 
1.1680234429964633 41.238313290896656 117.27908160011265 346.2435263326118 2.6275182001644417 
0.04547749944129822 48.0864417794252 11.723959535079041 289.621189468824 2.8081778004176297 
82.0 0.19689772919430548 1498.8636933763494 1078.4880511022557 331.84310875268613 
0.14838679211914174 42.61037705557343 249.8830021326818 326.8416411785219 2.017967442209765 
7.335258976135876 0.19670343019794065 1166.8816112523484 346.546971424891 530.765851062512 
1.6898459659410145 43.685355736616245 77.4067831849884 49.50328177122128 1.382944838059311 
0.10484505799113725 62.318423351263476 103.79787551772306 105.5249435234389 1.6048655667593343 
14.49880062544561 1.7757230818052356 1000.9377458461697 366.15555993810807 34.068461727522234 
2.830035789620788 0.4597264141568911 1000.9377458461697 318.7266510052284 117.54773599040932 
1.2675780273217738 44.06532749780258 49.284583173033354 46.65720752555396 7.61097790008955 
0.43704789398593036 1.1071314384749016 809.7744991903577 345.21638915480213 248.4963678353487 
0.09217926185257996 26.401115811801677 5.7747617403909715 127.8127227255159 0.8541378752442368 
0.16106043399984582 40.07584715785689 58.74559997405129 116.138271422419 2.555910213394234 
0.05749518310563215 45.034330437795035 100.71581504518298 1.120572449489437 1.2566789652267403 
0.03932959913736518 42.61037705557343 2.751432284949084 393.427497350856 2.780439138808439 
0.03878745317997856 48.0864417794252 13.020962936893975 247.7929272958837 2.8081778004176297 
2.340549937532081 51.45438723677999 7.9028064915216305 15.79213302597634 0.33382195927831515 
0.07922617418944933 40.43580036799573 19.15640493008391 314.2937855982897 0.1383164866012072 
0.03878745317997856 48.0864417794252 96.24954559649417 247.7929272958837 0.15473405276870933 
0.18186238604842306 40.43580036799573 408.689853101237 331.82622640151607 1.2136958043142068 
1.5512908716335265 41.312197092515355 56.586285963370926 321.3333968268822 0.7582967920010297 
60.17568499351601 0.006213461519730568 1338.6555432282482 520.931316190601 332.5589570603093 
0.12169561812024998 48.27265573518333 10.18917726725303 346.22151190857886 0.5923917791123385 
0.2085046513556602 44.6503320591872 625.2988087985748 347.9759715811188 1.8873041829364232 
0.30174404658820914 47.13411560726612 372.1869639293995 274.18662775851175 0.30991986210425004 
1.2557433469498989 61.37243037791121 311.7430728029078 175.15695418669952 0.4583294377716731 
12.078145074321888 0.1991260325560481 1497.4153562304011 392.4976398877135 161.96432417793756 
51.71039614236857 0.006213461519730568 1494.5387708804824 395.0093830380296 332.5589570603093 
1.2679907198853346 41.312197092515355 290.18674347822986 347.9759715811188 0.7582967920010297 
1.3892040647673243 42.100066677443856 42.185024092669124 102.35662215666531 3.393622270257251 
0.09217926185257996 43.25085417066979 5.7747617403909715 234.5375617934037 7.83749052749987 
1.6898459659410145 43.685355736616245 27.463321179754416 39.755307599975936 1.382944838059311 
0.12120939469148384 0.1991260325560481 905.7459497111877 525.215396326087 12.361098262312524 
83.0 0.040716613786570904 1482.7385368818116 690.4210692507339 312.54112211819506 
42.739224406575154 0.1991260325560481 926.8992729550147 540.2134337286607 161.96432417793756 
60.48479730118677 1.0626214212254743 883.8334190024274 541.1436471477449 45.6929553902915 
29.85479076183335 57.81050243436353 573.4266201242912 310.0855961254135 0.5846591237606855 
0.06538167269467003 45.034330437795035 24.795263766655893 77.47614172200011 0.13732953015986238 
51.71039614236857 3.2117148881780935 998.9828737753663 397.41488382606633 161.96432417793756 
42.739224406575154 0.008814726724721555 926.8992729550147 540.2134337286607 152.18183295882653 
0.3752060768432516 40.07584715785689 134.68933727418903 311.3650443267376 64.65122005344632 
0.6591051479790986 42.00638044519943 68.33595126695525 71.30554437592272 15.249869805113136 
0.7678507985467462 0.012020778549666045 1417.0441260093598 364.8652979311422 112.85547864980857 
79.4282732014652 0.0017887558416797011 1468.3053560529977 483.46051612673705 313.69188530812704 
0.24063485336762763 54.366279926954455 5.726848630749795 234.5375617934037 1.5888731045756197 
0.9618797720579455 40.07584715785689 53.07611653610002 116.138271422419 2.555910213394234 
51.31640555553918 0.0664295915795694 1471.7588784921054 366.44502466660504 304.442015842087 
83.0 0.37817355089227334 1480.527017690069 579.2372507470719 315.3472607531859 
0.051596164786984255 43.45595023500895 497.24396297999766 450.0922833758015 377.5164773228078 
1.356865492778844 43.28679503204574 470.4488521402069 393.1204355478103 1.9964124637804335 
0.19680798289829188 2.4069322019643486 809.7744991903577 341.89057180189917 217.05418391056855 
0.4356118386781507 1.1071314384749016 1433.5664525770153 345.21638915480213 248.4963678353487 
79.6054475798473 0.040716613786570904 1482.94029012751 599.3833430189316 451.6843193537549 
0.24060336023645812 43.462357005239696 225.4035354445732 348.42054389652844 24.053425699318748 
0.15785719534610676 42.016667973240835 29.07839850509427 159.451015945771 0.4672002237211257 
0.1839134124213638 44.74060947751537 11.893332543066435 253.0806723822977 1.9668897801268104 
0.9788688089214261 0.1991260325560481 905.7459497111877 527.4427538776282 12.361098262312524 
0.1494337898982856 1.0626214212254743 917.3189668030657 318.29720651420155 1.064616424316604 
0.19187014377425782 53.19970867992485 133.59561007262437 281.5849501425594 7.543998244124797 
78.34698995382601 0.19689772919430548 1494.4565675484685 1078.4880511022557 517.3466010550037 
1.2679907198853346 41.312197092515355 290.18674347822986 318.3918774075605 0.7582967920010297 
74.91357716357297 0.19670343019794065 1166.8816112523484 377.8125975058135 530.765851062512 
0.021554073198590734 44.800988631022676 20.988074876617997 1.2570023069466671 2.553968402187416 
82.85537685776876 0.19896914040692087 1498.8636933763494 577.8506200866516 163.61979577467054 
80.37525710231661 0.4635927321626607 1499.3334261387465 935.3020748589169 805.9243389793394 
0.941242614116044 41.21811936746305 158.2232306689923 351.4058347115669 1.357423397873525 
0.941242614116044 41.21811936746305 158.2232306689923 351.4058347115669 1.357423397873525 
79.4282732014652 0.0017887558416797011 1468.6015881001579 483.46051612673705 343.8066443745945 
