-0.566 5952.0 
0.622 2835.0 
0.622 2835.0 
-0.566 5952.0 
0.127 3151.0 
-0.564 5779.0 
0.572 2868.0 
-0.542 4860.0 
-0.437 3928.0 
-0.557 5361.0 
-0.343 3656.0 
0.095 3171.0 
-0.169 3365.0 
-0.561 5622.0 
-0.545 4919.0 
-0.529 4643.0 
-0.455 4002.0 
-0.367 3691.0 
-0.56 5569.0 
0.318 3028.0 
-0.558 5471.0 
0.01 3224.0 
0.595 2853.0 
-0.247 3444.0 
-0.217 3423.0 
-0.552 5146.0 
-0.342 3602.0 
0.519 2903.0 
-0.03 3249.0 
0.256 3065.0 
-0.538 4773.0 
0.395 2987.0 
-0.406 3808.0 
0.485 2926.0 
0.5 2917.0 
-0.537 4754.0 
-0.565 5888.0 
-0.504 4356.0 
-0.489 4217.0 
-0.263 3472.0 
0.437 2954.0 
-0.389 3750.0 
0.286 3047.0 
0.155 3133.0 
-0.13 3327.0 
0.407 2977.0 
-0.559 5490.0 
-0.522 4548.0 
-0.398 3785.0 
-0.532 4677.0 
-0.556 5318.0 
-0.231 3427.0 
0.544 2886.0 
-0.417 3850.0 
0.167 3121.0 
-0.553 5194.0 
-0.328 3572.0 
-0.192 3392.0 
-0.55 5078.0 
-0.03 3249.0 
-0.194 3398.0 
-0.548 5058.0 
0.212 3094.0 
0.341 3012.0 
-0.31 3538.0 
0.018 3214.0 
0.369 3005.0 
-0.154 3345.0 
0.466 2941.0 
0.059 3190.0 
-0.499 4324.0 
-0.114 3314.0 
0.612 2841.0 
-0.475 4122.0 
-0.563 5706.0 
-0.299 3522.0 
-0.058 3266.0 
-0.509 4409.0 
0.371 2999.0 
-0.086 3290.0 
-0.555 5266.0 
0.426 2965.0 
-0.321 3558.0 
0.189 3109.0 
-0.143 3342.0 
-0.272 3489.0 
0.04 3207.0 
-0.465 4051.0 
0.289 3044.0 
-0.493 4261.0 
-0.563 5706.0 
-0.517 4491.0 
-0.485 4171.0 
-0.554 5240.0 
-0.432 3900.0 
-0.07 3279.0 
0.232 3081.0 
0.193 3108.0 
-0.482 4158.0 
-0.381 3721.0 
