0.622 2834.0 
-0.566 5929.0 
0.622 2834.0 
-0.556 5305.0 
-0.553 5206.0 
0.03 3211.0 
-0.469 4099.0 
-0.039 3254.0 
-0.372 3691.0 
-0.126 3324.0 
-0.559 5457.0 
-0.192 3385.0 
0.407 2970.0 
-0.564 5776.0 
-0.563 5706.0 
-0.075 3289.0 
0.549 2880.0 
-0.268 3472.0 
-0.56 5514.0 
-0.158 3347.0 
-0.441 3924.0 
0.378 2993.0 
-0.51 4412.0 
-0.46 4011.0 
-0.323 3561.0 
-0.562 5640.0 
0.341 3019.0 
-0.448 3972.0 
0.357 3006.0 
-0.534 4747.0 
-0.286 3498.0 
-0.519 4548.0 
-0.315 3544.0 
-0.548 5069.0 
-0.385 3741.0 
-0.003 3229.0 
-0.003 3229.0 
-0.543 4883.0 
0.462 2936.0 
-0.43 3889.0 
-0.515 4479.0 
0.441 2952.0 
-0.482 4160.0 
-0.524 4597.0 
-0.214 3408.0 
-0.552 5140.0 
-0.544 4947.0 
-0.497 4275.0 
-0.341 3600.0 
0.118 3151.0 
0.52 2901.0 
0.175 3119.0 
-0.249 3458.0 
0.396 2979.0 
-0.175 3363.0 
-0.546 5008.0 
-0.103 3303.0 
-0.507 4372.0 
0.497 2918.0 
0.562 2873.0 
-0.536 4802.0 
-0.476 4135.0 
0.208 3094.0 
-0.486 4212.0 
-0.062 3270.0 
-0.529 4625.0 
0.264 3062.0 
0.108 3157.0 
0.322 3038.0 
-0.565 5844.0 
0.144 3138.0 
0.475 2931.0 
0.295 3040.0 
-0.557 5374.0 
0.232 3089.0 
0.076 3184.0 
-0.533 4690.0 
0.167 3123.0 
-0.293 3524.0 
0.579 2863.0 
0.058 3190.0 
-0.349 3644.0 
-0.551 5109.0 
0.14 3140.0 
-0.516 4501.0 
0.091 3171.0 
0.519 2902.0 
0.201 3103.0 
-0.561 5588.0 
-0.423 3862.0 
-0.048 3267.0 
-0.418 3844.0 
-0.36 3657.0 
-0.531 4671.0 
0.249 3072.0 
-0.557 5374.0 
0.441 2952.0 
-0.565 5844.0 
0.49 2922.0 
-0.455 4010.0 
