0.623 2834.0 
-0.567 6132.0 
0.623 2834.0 
-0.567 6132.0 
-0.566 5983.0 
-0.56 5543.0 
-0.017 3237.0 
-0.558 5437.0 
-0.419 3843.0 
0.452 2941.0 
-0.565 5874.0 
0.481 2926.0 
0.327 3021.0 
0.506 2912.0 
0.029 3219.0 
0.531 2902.0 
-0.562 5662.0 
0.376 2993.0 
0.416 2973.0 
-0.55 5108.0 
-0.556 5344.0 
-0.54 4821.0 
-0.523 4554.0 
-0.198 3388.0 
0.552 2880.0 
-0.524 4656.0 
-0.564 5798.0 
-0.136 3329.0 
-0.098 3305.0 
0.133 3144.0 
-0.429 3912.0 
-0.401 3780.0 
0.597 2855.0 
-0.536 4748.0 
-0.112 3327.0 
-0.078 3287.0 
-0.45 3966.0 
-0.545 4929.0 
-0.546 4993.0 
-0.549 5044.0 
-0.036 3251.0 
-0.561 5647.0 
-0.233 3444.0 
-0.153 3349.0 
0.161 3124.0 
-0.478 4149.0 
-0.373 3686.0 
0.3 3037.0 
-0.292 3513.0 
-0.554 5265.0 
0.213 3093.0 
-0.174 3379.0 
-0.355 3672.0 
-0.213 3414.0 
-0.501 4322.0 
0.151 3132.0 
-0.053 3263.0 
0.252 3068.0 
0.571 2870.0 
-0.501 4322.0 
0.073 3179.0 
-0.272 3504.0 
-0.475 4112.0 
0.187 3112.0 
-0.064 3270.0 
-0.465 4091.0 
0.619 2839.0 
-0.347 3617.0 
0.352 3005.0 
-0.252 3465.0 
-0.512 4405.0 
-0.551 5187.0 
0.189 3108.0 
-0.515 4437.0 
-0.535 4704.0 
-0.494 4257.0 
0.277 3052.0 
0.035 3206.0 
-0.458 4024.0 
-0.52 4523.0 
-0.166 3366.0 
0.247 3074.0 
-0.488 4195.0 
0.58 2862.0 
-0.553 5191.0 
-0.218 3438.0 
0.097 3166.0 
-0.555 5298.0 
0.223 3086.0 
-0.564 5798.0 
0.086 3178.0 
0.112 3158.0 
-0.493 4255.0 
-0.532 4669.0 
-0.325 3580.0 
-0.463 4052.0 
-0.353 3635.0 
-0.436 3956.0 
-0.252 3465.0 
0.292 3042.0 
