-0.567 6068.0 
0.62 2836.0 
-0.567 6068.0 
-0.095 3297.0 
0.234 3083.0 
-0.43 3896.0 
0.342 3018.0 
-0.294 3511.0 
-0.344 3609.0 
-0.559 5493.0 
0.46 2940.0 
-0.557 5401.0 
0.374 2993.0 
-0.327 3573.0 
0.19 3106.0 
0.424 2966.0 
-0.451 3970.0 
0.079 3177.0 
-0.565 5864.0 
0.314 3031.0 
-0.556 5325.0 
-0.564 5804.0 
-0.563 5719.0 
0.058 3199.0 
-0.272 3479.0 
-0.554 5258.0 
-0.508 4367.0 
-0.172 3368.0 
-0.135 3329.0 
-0.514 4481.0 
0.605 2846.0 
-0.461 4041.0 
-0.486 4191.0 
-0.511 4420.0 
0.476 2930.0 
-0.56 5575.0 
-0.381 3711.0 
0.393 2983.0 
-0.192 3382.0 
-0.373 3710.0 
-0.231 3477.0 
-0.529 4653.0 
-0.398 3767.0 
0.157 3142.0 
-0.566 5955.0 
-0.535 4711.0 
-0.073 3279.0 
0.013 3223.0 
-0.562 5660.0 
-0.468 4083.0 
0.497 2913.0 
-0.538 4783.0 
-0.229 3426.0 
-0.521 4526.0 
0.166 3135.0 
-0.057 3266.0 
0.285 3049.0 
-0.49 4228.0 
0.411 2969.0 
0.26 3079.0 
-0.499 4311.0 
-0.453 3993.0 
0.263 3061.0 
-0.019 3241.0 
0.576 2865.0 
-0.566 5955.0 
-0.553 5190.0 
0.106 3172.0 
-0.544 4911.0 
-0.561 5614.0 
0.127 3146.0 
-0.551 5118.0 
-0.545 4937.0 
-0.215 3408.0 
-0.206 3400.0 
-0.491 4279.0 
0.552 2880.0 
-0.15 3355.0 
0.576 2865.0 
-0.547 4992.0 
-0.54 4842.0 
-0.42 3850.0 
0.528 2898.0 
-0.549 5046.0 
-0.536 4748.0 
-0.373 3710.0 
-0.542 4854.0 
-0.552 5170.0 
-0.55 5086.0 
0.541 2888.0 
0.036 3207.0 
0.107 3161.0 
-0.135 3329.0 
-0.478 4130.0 
-0.331 3577.0 
0.036 3207.0 
-0.033 3249.0 
-0.406 3811.0 
-0.411 3819.0 
0.518 2906.0 
