0.621 2835.0 
-0.567 6104.0 
-0.567 6104.0 
0.621 2835.0 
-0.36 3652.0 
0.023 3211.0 
0.417 2970.0 
0.328 3020.0 
-0.258 3461.0 
0.381 2988.0 
-0.561 5580.0 
0.259 3065.0 
0.36 2999.0 
-0.546 4971.0 
0.196 3116.0 
0.097 3167.0 
-0.563 5698.0 
-0.565 5854.0 
-0.564 5807.0 
-0.522 4549.0 
-0.231 3425.0 
0.444 2949.0 
-0.559 5467.0 
-0.498 4293.0 
-0.379 3706.0 
-0.527 4677.0 
-0.541 4853.0 
0.298 3040.0 
-0.566 5967.0 
0.603 2848.0 
-0.558 5437.0 
0.117 3152.0 
-0.426 3872.0 
0.491 2919.0 
0.212 3092.0 
0.162 3129.0 
0.066 3183.0 
0.579 2862.0 
-0.548 5010.0 
0.461 2939.0 
-0.449 3967.0 
-0.035 3253.0 
0.003 3223.0 
0.554 2880.0 
-0.15 3344.0 
-0.536 4771.0 
-0.555 5265.0 
-0.562 5643.0 
-0.131 3326.0 
-0.517 4472.0 
-0.553 5190.0 
-0.117 3312.0 
-0.511 4441.0 
-0.494 4265.0 
-0.461 4037.0 
-0.566 5967.0 
0.527 2896.0 
0.066 3183.0 
-0.412 3842.0 
-0.164 3359.0 
-0.551 5107.0 
-0.55 5091.0 
0.233 3083.0 
0.3 3037.0 
-0.556 5338.0 
-0.06 3270.0 
-0.305 3534.0 
-0.082 3284.0 
-0.479 4174.0 
0.527 2896.0 
-0.336 3591.0 
-0.198 3388.0 
-0.54 4843.0 
-0.014 3234.0 
-0.298 3519.0 
-0.508 4377.0 
-0.508 4377.0 
-0.519 4541.0 
-0.439 3908.0 
-0.336 3591.0 
0.244 3075.0 
-0.279 3485.0 
0.564 2873.0 
-0.397 3758.0 
-0.098 3297.0 
-0.404 3793.0 
-0.285 3496.0 
-0.554 5220.0 
-0.534 4736.0 
-0.556 5338.0 
-0.533 4700.0 
-0.023 3246.0 
-0.065 3272.0 
-0.438 3907.0 
-0.181 3370.0 
-0.323 3567.0 
-0.32 3560.0 
-0.409 3807.0 
-0.476 4121.0 
-0.209 3403.0 
