-0.566 5952.0 
0.622 2835.0 
0.622 2835.0 
-0.566 5952.0 
-0.237 3431.0 
0.399 2982.0 
-0.554 5220.0 
-0.349 3630.0 
-0.17 3358.0 
0.44 2956.0 
0.173 3120.0 
-0.061 3275.0 
-0.565 5842.0 
-0.406 3795.0 
-0.556 5336.0 
-0.536 4726.0 
-0.208 3400.0 
0.002 3229.0 
-0.373 3687.0 
-0.266 3471.0 
-0.444 3931.0 
-0.564 5788.0 
0.372 2994.0 
-0.543 4890.0 
0.136 3141.0 
0.355 3005.0 
-0.56 5511.0 
-0.387 3737.0 
-0.483 4189.0 
-0.537 4815.0 
-0.332 3593.0 
0.502 2910.0 
-0.45 4002.0 
-0.557 5380.0 
0.197 3107.0 
0.557 2877.0 
-0.479 4130.0 
0.332 3025.0 
-0.29 3502.0 
-0.558 5447.0 
-0.561 5614.0 
-0.209 3403.0 
-0.313 3541.0 
-0.489 4233.0 
-0.026 3243.0 
-0.026 3243.0 
-0.526 4583.0 
0.1 3163.0 
-0.158 3353.0 
-0.434 3903.0 
0.092 3172.0 
0.48 2929.0 
0.621 2837.0 
0.527 2897.0 
-0.549 5064.0 
-0.136 3329.0 
-0.563 5707.0 
-0.561 5614.0 
-0.546 4959.0 
-0.511 4397.0 
-0.53 4637.0 
-0.298 3524.0 
-0.272 3482.0 
-0.414 3835.0 
0.043 3199.0 
0.459 2939.0 
-0.547 4975.0 
-0.54 4837.0 
-0.108 3320.0 
-0.515 4483.0 
-0.52 4528.0 
-0.552 5142.0 
0.067 3186.0 
-0.563 5707.0 
0.26 3062.0 
-0.497 4271.0 
0.019 3215.0 
-0.106 3303.0 
-0.457 4032.0 
-0.076 3283.0 
-0.513 4456.0 
0.225 3089.0 
0.13 3144.0 
-0.336 3601.0 
-0.55 5066.0 
-0.551 5140.0 
0.592 2856.0 
-0.472 4105.0 
-0.501 4333.0 
0.321 3027.0 
0.55 2885.0 
0.493 2926.0 
0.191 3113.0 
0.065 3189.0 
0.584 2861.0 
-0.532 4670.0 
0.285 3053.0 
0.533 2892.0 
0.296 3045.0 
-0.427 3871.0 
