0.624 2833.0 
-0.566 5929.0 
-0.566 5929.0 
0.624 2833.0 
-0.213 3403.0 
-0.258 3458.0 
-0.508 4403.0 
0.088 3171.0 
-0.401 3807.0 
0.394 2979.0 
0.359 3002.0 
-0.384 3728.0 
-0.528 4621.0 
-0.114 3312.0 
0.325 3029.0 
0.169 3129.0 
-0.565 5847.0 
-0.563 5708.0 
-0.553 5184.0 
-0.564 5788.0 
0.241 3076.0 
-0.556 5315.0 
0.057 3189.0 
0.017 3214.0 
-0.543 4878.0 
-0.274 3484.0 
0.132 3143.0 
-0.434 3926.0 
-0.499 4298.0 
-0.562 5647.0 
-0.451 3973.0 
-0.311 3547.0 
-0.366 3666.0 
-0.144 3335.0 
-0.078 3285.0 
-0.523 4532.0 
-0.557 5392.0 
-0.561 5579.0 
-0.078 3285.0 
0.114 3154.0 
-0.54 4829.0 
-0.161 3353.0 
-0.544 4955.0 
-0.56 5533.0 
0.343 3012.0 
-0.548 5050.0 
0.533 2895.0 
0.448 2945.0 
-0.559 5468.0 
-0.349 3620.0 
0.221 3089.0 
-0.043 3255.0 
0.594 2852.0 
-0.524 4566.0 
-0.125 3318.0 
-0.551 5122.0 
0.418 2965.0 
0.478 2928.0 
-0.489 4229.0 
0.446 2955.0 
-0.33 3574.0 
0.271 3061.0 
0.611 2842.0 
0.199 3103.0 
-0.476 4127.0 
-0.346 3613.0 
0.267 3066.0 
0.566 2871.0 
0.579 2861.0 
0.296 3040.0 
0.041 3203.0 
-0.534 4700.0 
-0.534 4700.0 
-0.491 4293.0 
0.512 2906.0 
0.295 3041.0 
0.479 2926.0 
-0.29 3510.0 
-0.513 4447.0 
0.505 2913.0 
-0.558 5430.0 
-0.471 4083.0 
-0.554 5259.0 
-0.55 5091.0 
-0.003 3226.0 
-0.538 4774.0 
-0.517 4464.0 
-0.186 3374.0 
-0.41 3836.0 
-0.452 4013.0 
0.412 2967.0 
-0.547 4984.0 
-0.043 3255.0 
0.209 3097.0 
-0.486 4207.0 
0.178 3113.0 
-0.027 3242.0 
-0.424 3882.0 
-0.431 3890.0 
-0.376 3709.0 
