-0.566 5936.0 
0.622 2835.0 
0.622 2835.0 
-0.566 5936.0 
-0.006 3230.0 
0.336 3016.0 
0.295 3042.0 
-0.437 3920.0 
-0.415 3848.0 
-0.553 5200.0 
-0.047 3259.0 
-0.492 4249.0 
-0.288 3499.0 
0.547 2883.0 
-0.107 3306.0 
-0.485 4176.0 
-0.127 3323.0 
-0.565 5841.0 
0.271 3056.0 
-0.56 5520.0 
0.022 3220.0 
0.421 2968.0 
0.228 3085.0 
-0.5 4317.0 
-0.217 3412.0 
0.53 2900.0 
-0.408 3804.0 
-0.542 4848.0 
-0.551 5111.0 
-0.451 4012.0 
0.207 3095.0 
-0.446 3968.0 
-0.267 3470.0 
-0.564 5797.0 
0.581 2863.0 
-0.561 5610.0 
-0.557 5379.0 
-0.384 3716.0 
0.592 2855.0 
0.449 2945.0 
-0.562 5637.0 
-0.555 5285.0 
0.15 3135.0 
-0.544 4913.0 
-0.514 4458.0 
-0.37 3685.0 
0.189 3112.0 
-0.31 3537.0 
-0.06 3270.0 
0.366 2997.0 
0.047 3198.0 
-0.152 3344.0 
-0.539 4796.0 
-0.525 4563.0 
-0.559 5472.0 
0.404 2974.0 
-0.256 3455.0 
-0.556 5307.0 
0.361 3004.0 
-0.509 4408.0 
0.506 2908.0 
-0.537 4757.0 
-0.519 4492.0 
0.476 2928.0 
-0.53 4662.0 
0.074 3180.0 
-0.234 3430.0 
0.07 3182.0 
0.455 2941.0 
0.039 3207.0 
-0.079 3284.0 
-0.459 4063.0 
-0.548 5026.0 
-0.177 3365.0 
-0.563 5720.0 
0.11 3159.0 
-0.546 4957.0 
-0.242 3436.0 
-0.503 4354.0 
-0.389 3754.0 
-0.361 3666.0 
-0.19 3382.0 
-0.55 5078.0 
0.133 3143.0 
-0.563 5720.0 
0.168 3122.0 
-0.339 3606.0 
0.124 3147.0 
-0.39 3782.0 
-0.527 4621.0 
0.249 3069.0 
-0.331 3581.0 
0.498 2912.0 
0.483 2922.0 
0.099 3167.0 
-0.079 3284.0 
-0.32 3557.0 
0.25 3068.0 
-0.506 4383.0 
-0.471 4104.0 
