-0.566 5943.0 
0.625 2833.0 
0.625 2833.0 
-0.566 5943.0 
-0.363 3660.0 
-0.065 3273.0 
-0.56 5593.0 
-0.559 5477.0 
0.166 3136.0 
0.524 2897.0 
-0.476 4137.0 
-0.545 4947.0 
0.489 2922.0 
-0.564 5769.0 
-0.165 3378.0 
-0.311 3566.0 
-0.536 4723.0 
-0.485 4193.0 
-0.337 3597.0 
-0.151 3350.0 
-0.273 3485.0 
0.288 3045.0 
0.071 3185.0 
0.542 2885.0 
-0.513 4448.0 
-0.539 4793.0 
-0.453 4004.0 
-0.384 3734.0 
-0.556 5346.0 
-0.132 3328.0 
-0.544 4889.0 
-0.222 3435.0 
-0.555 5275.0 
-0.563 5700.0 
0.339 3022.0 
-0.532 4666.0 
-0.553 5198.0 
-0.399 3762.0 
-0.562 5655.0 
0.134 3143.0 
-0.197 3386.0 
-0.506 4399.0 
0.03 3206.0 
-0.413 3821.0 
-0.492 4237.0 
0.27 3063.0 
-0.117 3317.0 
-0.541 4837.0 
-0.302 3529.0 
-0.467 4069.0 
0.244 3075.0 
0.191 3107.0 
-0.031 3248.0 
0.016 3219.0 
-0.549 5045.0 
-0.503 4362.0 
-0.1 3301.0 
-0.254 3462.0 
0.611 2844.0 
-0.495 4278.0 
-0.405 3796.0 
0.222 3090.0 
0.474 2933.0 
0.566 2877.0 
0.092 3170.0 
-0.565 5854.0 
0.309 3032.0 
0.447 2947.0 
0.116 3153.0 
0.432 2959.0 
-0.558 5413.0 
-0.031 3248.0 
-0.565 5854.0 
-0.549 5045.0 
-0.444 3962.0 
-0.462 4042.0 
0.406 2976.0 
-0.524 4582.0 
-0.419 3871.0 
-0.551 5122.0 
-0.554 5232.0 
-0.007 3233.0 
-0.551 5122.0 
0.365 2998.0 
0.254 3067.0 
0.099 3165.0 
0.595 2852.0 
0.588 2862.0 
0.346 3010.0 
-0.244 3445.0 
0.194 3103.0 
-0.519 4529.0 
0.573 2872.0 
-0.557 5394.0 
-0.29 3503.0 
-0.376 3693.0 
-0.002 3226.0 
-0.335 3592.0 
-0.088 3294.0 
-0.521 4560.0 
