-0.567 6090.0 
0.624 2833.0 
-0.567 6090.0 
0.624 2833.0 
-0.566 5995.0 
-0.516 4457.0 
-0.541 4837.0 
0.332 3025.0 
-0.527 4631.0 
-0.338 3593.0 
0.246 3070.0 
-0.503 4359.0 
-0.147 3362.0 
-0.535 4735.0 
-0.128 3320.0 
0.581 2860.0 
-0.386 3721.0 
0.107 3159.0 
0.51 2907.0 
-0.407 3800.0 
-0.565 5845.0 
-0.054 3274.0 
-0.555 5324.0 
0.088 3171.0 
0.307 3035.0 
-0.563 5709.0 
-0.043 3259.0 
-0.557 5378.0 
-0.351 3635.0 
-0.106 3307.0 
-0.564 5787.0 
0.135 3140.0 
-0.521 4538.0 
0.424 2962.0 
-0.394 3756.0 
0.386 2984.0 
0.194 3105.0 
0.279 3054.0 
-0.466 4077.0 
-0.291 3507.0 
-0.543 4956.0 
-0.562 5645.0 
0.404 2973.0 
-0.56 5558.0 
-0.014 3236.0 
-0.538 4775.0 
-0.484 4188.0 
-0.499 4324.0 
-0.457 4040.0 
-0.551 5126.0 
-0.264 3467.0 
-0.455 3993.0 
0.482 2925.0 
-0.304 3528.0 
0.016 3216.0 
-0.01 3230.0 
0.223 3091.0 
0.149 3136.0 
-0.086 3293.0 
0.364 2998.0 
-0.559 5474.0 
-0.558 5462.0 
0.17 3134.0 
-0.22 3428.0 
-0.248 3443.0 
-0.184 3385.0 
-0.176 3365.0 
-0.546 4998.0 
0.613 2842.0 
0.288 3053.0 
-0.554 5236.0 
-0.496 4264.0 
-0.561 5588.0 
0.446 2951.0 
0.529 2895.0 
0.537 2890.0 
-0.314 3551.0 
0.364 2998.0 
-0.477 4156.0 
-0.554 5236.0 
-0.552 5154.0 
-0.496 4264.0 
0.224 3085.0 
-0.207 3404.0 
0.556 2879.0 
0.473 2931.0 
-0.203 3391.0 
0.062 3186.0 
-0.549 5049.0 
0.022 3215.0 
-0.364 3665.0 
0.056 3195.0 
-0.086 3293.0 
0.453 2942.0 
-0.429 3878.0 
-0.413 3859.0 
-0.525 4570.0 
-0.314 3551.0 
0.564 2872.0 
-0.448 3954.0 
