0.624 2833.0 
-0.566 5942.0 
0.624 2833.0 
0.553 2881.0 
-0.37 3681.0 
0.536 2891.0 
-0.172 3364.0 
-0.565 5893.0 
-0.346 3610.0 
0.189 3114.0 
-0.554 5260.0 
-0.536 4827.0 
-0.562 5634.0 
0.481 2924.0 
-0.251 3450.0 
0.35 3007.0 
0.283 3049.0 
0.317 3033.0 
0.162 3125.0 
0.602 2848.0 
-0.52 4512.0 
0.212 3095.0 
-0.273 3479.0 
0.049 3196.0 
0.109 3157.0 
-0.141 3335.0 
-0.523 4554.0 
-0.39 3741.0 
-0.551 5109.0 
-0.515 4441.0 
-0.564 5773.0 
0.255 3073.0 
-0.543 4878.0 
-0.095 3298.0 
0.405 2980.0 
-0.491 4222.0 
-0.535 4744.0 
-0.47 4090.0 
0.144 3136.0 
-0.218 3414.0 
0.127 3147.0 
-0.058 3283.0 
-0.46 4030.0 
-0.549 5038.0 
-0.01 3233.0 
-0.475 4123.0 
-0.553 5175.0 
-0.56 5549.0 
-0.325 3565.0 
-0.44 3932.0 
-0.504 4372.0 
-0.2 3393.0 
-0.45 3963.0 
-0.191 3380.0 
-0.315 3545.0 
-0.338 3593.0 
-0.283 3496.0 
-0.527 4621.0 
-0.047 3271.0 
0.431 2957.0 
-0.563 5727.0 
-0.558 5410.0 
-0.534 4718.0 
-0.531 4660.0 
-0.416 3846.0 
-0.495 4273.0 
-0.548 5006.0 
-0.557 5389.0 
-0.404 3790.0 
-0.561 5582.0 
0.382 2986.0 
-0.427 3894.0 
0.478 2927.0 
-0.462 4043.0 
0.454 2942.0 
-0.482 4167.0 
0.212 3095.0 
0.382 2986.0 
-0.546 4953.0 
-0.486 4180.0 
-0.084 3286.0 
-0.027 3247.0 
0.341 3023.0 
-0.297 3515.0 
-0.12 3318.0 
-0.235 3434.0 
-0.3 3529.0 
-0.033 3251.0 
0.452 2945.0 
0.328 3027.0 
-0.559 5479.0 
0.617 2839.0 
0.602 2848.0 
-0.136 3330.0 
-0.559 5479.0 
-0.552 5157.0 
-0.498 4297.0 
0.029 3210.0 
-0.556 5324.0 
0.029 3210.0 
