-0.566 5948.0 
0.624 2833.0 
0.624 2833.0 
-0.225 3437.0 
0.476 2927.0 
-0.275 3485.0 
-0.4 3781.0 
-0.562 5644.0 
-0.565 5869.0 
-0.376 3726.0 
-0.477 4124.0 
0.585 2860.0 
-0.312 3574.0 
-0.563 5750.0 
-0.516 4489.0 
-0.554 5227.0 
-0.538 4769.0 
0.114 3154.0 
0.156 3128.0 
0.546 2889.0 
0.136 3143.0 
-0.549 5058.0 
-0.493 4244.0 
-0.56 5534.0 
0.622 2836.0 
-0.31 3541.0 
-0.074 3282.0 
-0.564 5780.0 
0.038 3202.0 
-0.337 3613.0 
-0.485 4198.0 
-0.555 5319.0 
0.449 2944.0 
0.369 2998.0 
-0.289 3507.0 
0.51 2907.0 
-0.525 4571.0 
-0.553 5185.0 
-0.425 3862.0 
-0.443 3941.0 
-0.528 4647.0 
-0.467 4087.0 
0.012 3218.0 
0.213 3092.0 
0.51 2907.0 
-0.523 4546.0 
-0.114 3310.0 
-0.557 5361.0 
0.304 3040.0 
-0.543 4920.0 
-0.559 5454.0 
-0.547 4999.0 
-0.558 5438.0 
-0.506 4381.0 
-0.532 4722.0 
0.267 3065.0 
-0.164 3355.0 
0.422 2965.0 
0.249 3069.0 
-0.019 3241.0 
0.441 2953.0 
-0.449 3968.0 
-0.152 3342.0 
0.327 3030.0 
0.283 3061.0 
0.177 3114.0 
-0.373 3682.0 
-0.541 4845.0 
0.337 3019.0 
-0.412 3816.0 
0.093 3168.0 
-0.463 4052.0 
-0.128 3326.0 
-0.54 4840.0 
-0.353 3635.0 
-0.414 3832.0 
-0.093 3298.0 
-0.01 3235.0 
-0.455 4001.0 
-0.139 3330.0 
-0.505 4354.0 
-0.198 3390.0 
-0.212 3409.0 
-0.502 4313.0 
-0.513 4431.0 
0.295 3049.0 
-0.177 3373.0 
0.005 3224.0 
-0.039 3252.0 
0.235 3087.0 
-0.434 3896.0 
-0.057 3268.0 
-0.459 4021.0 
-0.551 5122.0 
-0.561 5578.0 
-0.551 5122.0 
-0.546 4966.0 
0.552 2881.0 
-0.098 3299.0 
-0.487 4221.0 
