0.621 2835.0 
0.621 2835.0 
-0.565 5848.0 
0.36 3011.0 
-0.521 4511.0 
-0.526 4575.0 
0.211 3093.0 
0.305 3034.0 
0.109 3157.0 
0.568 2870.0 
-0.529 4658.0 
0.152 3130.0 
-0.563 5701.0 
-0.558 5460.0 
-0.461 4042.0 
-0.547 5006.0 
-0.473 4105.0 
-0.488 4205.0 
-0.126 3319.0 
0.411 2971.0 
-0.552 5180.0 
-0.554 5238.0 
0.062 3191.0 
-0.242 3441.0 
-0.104 3302.0 
0.149 3134.0 
-0.421 3862.0 
0.276 3053.0 
0.238 3076.0 
-0.562 5633.0 
0.384 2986.0 
-0.33 3579.0 
-0.35 3624.0 
-0.55 5108.0 
-0.436 3928.0 
-0.447 3969.0 
-0.271 3487.0 
-0.26 3468.0 
-0.492 4285.0 
-0.561 5574.0 
0.086 3180.0 
-0.403 3801.0 
-0.39 3759.0 
-0.169 3361.0 
0.551 2883.0 
-0.449 4017.0 
0.211 3093.0 
0.461 2940.0 
0.599 2849.0 
-0.021 3238.0 
0.43 2959.0 
-0.21 3407.0 
-0.178 3373.0 
-0.311 3548.0 
-0.534 4710.0 
-0.509 4399.0 
0.304 3035.0 
-0.504 4330.0 
0.04 3201.0 
0.37 2996.0 
-0.514 4433.0 
-0.006 3228.0 
0.015 3216.0 
-0.557 5378.0 
-0.064 3272.0 
-0.384 3728.0 
-0.037 3252.0 
-0.545 4926.0 
-0.147 3341.0 
-0.357 3637.0 
0.099 3168.0 
-0.289 3516.0 
-0.564 5778.0 
-0.324 3563.0 
-0.535 4742.0 
0.477 2927.0 
-0.479 4142.0 
0.033 3205.0 
-0.542 4858.0 
-0.544 4904.0 
-0.146 3337.0 
-0.402 3794.0 
0.254 3070.0 
-0.43 3889.0 
-0.556 5310.0 
-0.556 5310.0 
0.262 3062.0 
-0.564 5778.0 
0.487 2920.0 
-0.083 3292.0 
-0.222 3427.0 
-0.557 5378.0 
-0.293 3542.0 
-0.081 3289.0 
0.513 2904.0 
-0.498 4299.0 
0.614 2841.0 
0.006 3221.0 
-0.197 3390.0 
-0.375 3695.0 
