-0.565 5899.0 
0.622 2836.0 
-0.565 5899.0 
0.622 2836.0 
0.212 3105.0 
-0.559 5459.0 
-0.363 3654.0 
-0.492 4270.0 
-0.372 3716.0 
-0.313 3547.0 
-0.539 4828.0 
0.454 2943.0 
-0.296 3510.0 
0.591 2856.0 
-0.549 5047.0 
-0.546 4952.0 
0.183 3113.0 
-0.222 3427.0 
-0.508 4372.0 
-0.096 3300.0 
-0.503 4319.0 
0.282 3054.0 
-0.331 3582.0 
-0.278 3485.0 
0.52 2901.0 
0.535 2892.0 
-0.429 3894.0 
-0.562 5664.0 
-0.244 3440.0 
-0.536 4729.0 
-0.26 3463.0 
-0.563 5717.0 
0.013 3215.0 
-0.486 4195.0 
0.492 2918.0 
-0.561 5588.0 
0.481 2926.0 
0.247 3084.0 
-0.551 5128.0 
-0.521 4524.0 
-0.484 4164.0 
-0.203 3399.0 
0.163 3126.0 
0.247 3084.0 
-0.177 3369.0 
-0.553 5201.0 
-0.564 5791.0 
0.328 3027.0 
-0.424 3854.0 
0.354 3006.0 
0.302 3039.0 
-0.459 4005.0 
-0.531 4655.0 
0.128 3147.0 
0.619 2838.0 
0.118 3160.0 
-0.193 3388.0 
0.384 2990.0 
-0.557 5366.0 
-0.555 5285.0 
-0.512 4441.0 
-0.518 4484.0 
0.573 2869.0 
0.051 3194.0 
-0.554 5231.0 
-0.437 3956.0 
-0.072 3275.0 
-0.56 5544.0 
0.097 3166.0 
-0.529 4617.0 
-0.08 3283.0 
-0.162 3357.0 
-0.533 4710.0 
-0.55 5090.0 
-0.556 5321.0 
-0.393 3743.0 
0.404 2981.0 
-0.544 4912.0 
-0.344 3608.0 
0.088 3170.0 
0.321 3028.0 
-0.403 3778.0 
0.563 2875.0 
-0.407 3821.0 
-0.415 3824.0 
-0.564 5791.0 
-0.02 3239.0 
0.373 2998.0 
-0.474 4111.0 
-0.043 3255.0 
-0.344 3608.0 
-0.524 4586.0 
0.414 2972.0 
-0.466 4061.0 
-0.465 4060.0 
-0.474 4111.0 
-0.447 3977.0 
-0.153 3344.0 
-0.12 3325.0 
0.433 2956.0 
