0.8354077165483104
0.8351183774365815
0.8353076010223318
0.835261736579802
0.8352871585850902
0.8349700387253148
0.8355495031963582
0.8355720422938296
0.8353613279407232
0.8345900190586418
0.834621993127148
0.834679127118413
0.835461181384173
0.8351875672241685
0.8349246984478422
0.8353178222409526
0.8354331385535979
0.8346225172922052
0.834998867803476
0.8355985126292329
0.8347346886145057
0.8348796202528995
0.8355791185221068
0.835455415568541
0.8348002092466907
0.8351859947289962
0.8349532654434756
0.8348586536506
0.8350785408922123
0.8349810461915214
