0.4099661228428898
0.4275850826459932
0.4184958616682345
0.47466259662845894
0.38849098068770366
0.40730586717878053
0.43920764432735965
0.38549505435585796
0.5045442351496038
0.4694980886626469
0.46746550086731814
0.40311557883670207
0.40320459273630693
0.45280196045824667
0.38531476996077263
0.4719058009165973
0.4017835344377515
0.37982153023462134
0.40258392043363594
0.4426595928415378
0.48545693265364354
0.47471687290124676
0.4258381820286362
0.4042252475248362
0.4052140236526581
0.4163451533524512
0.4291856321179227
0.41998684905098993
0.37516907119421666
0.40780346788522426
