0.22495896775651658 57.99572464100724 1.4491966652890564 1.3435911519681172 0.9233522164075754 
82.0 0.08965220233939032 1497.6579738916228 1466.1351761675542 889.7283795232258 
0.22495896775651658 57.99572464100724 0.679410541309402 1.3435911519681172 0.9824670185915121 
64.00618921315159 0.10371975340452447 1498.2390943434639 1043.4107579037836 476.1691734555669 
68.09242568561696 0.013684262782714743 1492.8568814132577 945.7723269414267 477.9915282674134 
0.002837376725769891 38.52099995008718 51.378385406950656 321.0288014687238 4.807804764324357 
21.113915209087196 0.9047966502865696 882.064146165556 526.3558517090567 4.299882924691914 
0.25243220120508614 57.99572464100724 110.17357842369253 325.40018279345685 2.7581944523616357 
0.20173037176052647 53.205772508352204 691.4731374842619 338.0051363409489 0.9070130385290924 
0.16502218497417864 57.92681636643377 97.33320903346788 401.227267559774 0.5643025959277562 
72.83333932044009 0.10980853159734251 1498.139050071415 1150.4008736744547 556.0245726373277 
0.24911258692127158 31.650618706080056 287.5606702448714 319.30700022829825 1.3898054754969547 
0.08198350144247074 57.5727851595448 8.094632201779213 123.88200126246491 5.77278020368311 
82.0 0.09043201764580541 1498.2496137914206 1447.905473967874 554.4586741676387 
75.37599775347839 0.09097238193622267 1497.490248981103 1387.8300219114938 554.4586741676387 
1.6391781714302773 30.758830990392212 13.810304579675005 411.8177482526864 1.7411378810857485 
0.2500984525841464 57.99572464100724 6.256055730371486 41.94916158376745 0.24212990689902436 
0.1343439116891607 37.54073556747146 447.72433967528036 296.8606634026966 0.9779153059346113 
73.27667641161247 0.13162623471396806 1493.87122715711 1200.0311255649322 575.5536991724837 
0.20187545192488324 45.37335024479267 243.15131961551583 321.56977196960986 1.3898054754969547 
0.22336586480602572 2.2593863404223806 800.2404474762632 395.20425953108776 98.27158401276438 
0.24840612140843588 44.12250098994978 73.69122172136774 98.32451257518723 3.9246772473329856 
79.88908829759873 0.08565278004226798 1150.2465008399113 470.0938155431524 293.1412343857537 
21.113915209087196 0.22088753461121502 882.064146165556 392.16200362038256 104.718087544524 
8.08069038396447 39.01007023204286 455.2534839184886 351.6560928421371 34.66370469316784 
61.722776185597965 0.136411741158442 1493.884564787371 1322.1383353532242 600.8472719244514 
0.22495896775651658 57.99572464100724 220.30044932124585 25.391654648154656 0.9233522164075754 
21.113915209087196 21.90478084101182 859.3616033615624 409.9773933974514 108.72031719109138 
0.24840612140843588 44.12250098994978 73.69122172136774 110.53507773599631 3.918289533019297 
64.86486248203768 0.9047966502865696 1461.7104801408987 526.3558517090567 479.6381931777775 
0.15849669967263935 38.17663829316723 478.38951918793214 301.4392008853769 0.4056510608564654 
50.79270512742697 0.1103338812297806 1030.1547448893225 731.8485047808649 255.72169580824888 
1.3598811701061955 56.66258023659837 454.00076772210355 359.42249929338857 6.235222134783925 
97.0 0.7781228036310033 1492.8568814132577 826.1481141739581 378.3214197206735 
0.1822808097162001 38.52099995008718 781.0528008679544 321.0288014687238 4.807804764324357 
0.21790659270002033 38.53369925329332 8.303433564882624 370.13418425262415 0.10260869202631184 
0.21790659270002033 38.53369925329332 8.303433564882624 370.13418425262415 0.10523368806200739 
66.59911557037233 0.010663962739610872 1453.0571384005248 690.0924942176698 405.8676207108167 
0.22495896775651658 57.99572464100724 1.4491966652890564 96.33074738058912 6.533392387624872 
0.22336586480602572 19.77256697431789 800.2404474762632 396.73371221559967 98.27158401276438 
1.8378165084504694 0.1407944893954537 1453.1333731864092 408.80927107949344 282.6712269136513 
0.25243220120508614 57.99572464100724 110.17357842369253 37.651955814185186 0.2685801031566035 
7.009148224134583 0.13649883992802775 1030.1547448893225 394.3251887339251 255.72169580824888 
55.12575052544358 0.7781228036310033 1492.8568814132577 404.99672234726336 378.3214197206735 
0.15735823277078617 32.369652753286644 344.8473264097947 302.1385526828334 0.9686655567543776 
64.57095789238794 0.022723843682063868 1492.8568814132577 854.8429171685056 557.2962466417257 
72.83333932044009 0.10980853159734251 1392.2963756502722 731.2606142846737 556.0245726373277 
7.009148224134583 0.13649883992802775 1030.1547448893225 511.0400565092168 255.72169580824888 
8.218863879092222 56.94762296833197 510.27101710559225 351.6560928421371 34.66370469316784 
0.22495896775651658 53.55414664286633 1.7250945656063168 302.4532049841671 0.9821592035958553 
0.24840612140843588 57.92681636643377 76.9870923846971 12.472703402608678 0.5643025959277562 
0.015226332911026708 57.59581891733245 99.1153579570551 203.6344947985649 0.5649100345171482 
8.026012296298193 35.048806408286296 457.4330749490829 263.26658075084094 0.19793832224906005 
0.07975645766986612 53.205772508352204 26.215315223720268 119.87801038708787 1.449948192834287 
0.24911258692127158 56.23096299916493 268.5530033726352 319.30700022829825 1.4357429314510626 
61.49586322635255 0.25375399943630683 1397.964616871183 774.3844013126024 615.5795008744865 
0.16502218497417864 57.92681636643377 68.75609342552636 401.227267559774 0.5643025959277562 
50.79270512742697 0.13649883992802775 1030.1547448893225 559.3312656753984 255.72169580824888 
0.2693141528577733 53.47409123710027 99.93937870736355 10.862166579505782 0.6289169160343949 
0.03883816687064105 46.66350586507374 6.557084312211082 33.07798666996382 0.261311333491445 
73.27667641161247 0.13162623471396806 1493.87122715711 482.3856650614985 646.8695352656383 
21.113915209087196 4.013942023500789 882.064146165556 526.3558517090567 114.23687198544195 
0.03883816687064105 45.15880498335842 6.557084312211082 245.3719426007393 0.261311333491445 
7.078181120344082 0.13649883992802775 990.5358726131532 413.4603966581263 411.97300876416847 
0.20302087495189058 45.42060935480452 5.148207590695444 414.0107629821816 0.4900019083967242 
69.29685262684961 0.013684262782714743 1453.0571384005248 475.80987481597344 300.142437401966 
0.08127483629576382 60.074989000818 27.964806189600594 197.33158456682855 5.002388482280419 
0.22495896775651658 57.99572464100724 10.508214496919248 302.4532049841671 0.9830511813331544 
5.1701006687722835 58.23490267772653 224.23925764182948 25.323931292950192 0.591764052189955 
82.0 0.01849410892573644 1497.516095495701 1468.1714871994395 671.9289587417055 
2.3260264414726106 56.846207954988714 49.539006110793466 252.20167137346857 2.33367258320744 
0.13419654798205016 58.052742519460864 124.62531713782272 6.733155908803653 2.4992267485204414 
0.08127483629576382 57.57792227359943 1.4492522142525206 197.33158456682855 0.5783113907544433 
59.55398852574204 0.22110056852718435 1493.8840594782014 1061.9874625919892 616.9450463087807 
6.521353768809426 57.99572464100724 6.256055730371486 222.05404092166415 1.3875297897803414 
0.27675932652921964 57.99572464100724 6.256055730371486 319.0671115873709 31.866607535488583 
20.665035893722088 0.027374491983494426 1476.1965750119768 570.4721171723875 309.76440889687655 
0.015226332911026708 57.224583803390544 99.1153579570551 208.936360754916 0.5649100345171482 
28.490879073280638 35.048806408286296 457.4330749490829 296.8118957757814 0.40092509231880635 
0.25175217517386556 57.57792227359943 28.430083757283214 8.487958627380799 5.732998813599809 
0.27532460544466597 57.99572464100724 27.892978745550074 319.7533200534326 4.837060101982392 
0.07975645766986612 53.205772508352204 701.0991634932094 285.70676909613013 1.7034433242616558 
64.85175781559931 0.013684262782714743 1492.8568814132577 854.8429171685056 478.86407521075364 
0.003287837572271246 57.59581891733245 99.1153579570551 224.78830703157018 0.17479019372929783 
85.0 0.13649883992802775 1393.3556129562612 394.3251887339251 255.72169580824888 
0.25243220120508614 57.99572464100724 110.17357842369253 247.3638351513 0.2685801031566035 
0.24840612140843588 58.17816241621737 76.9870923846971 12.472703402608678 3.867212357258481 
0.3545112383453725 52.30767939581075 73.98320132647689 204.73268734432472 1.2936762381855254 
72.99894867749884 0.10504487377538574 1493.969081391756 1270.7743694476926 575.5536991724837 
0.7718004376010441 1.8234822228638556 691.4731374842619 448.2021896193443 0.9070130385290924 
1.8732908224491651 30.758830990392212 13.810304579675005 390.66396102867975 0.251517561293753 
1.1345638565449718 1.8234822228638556 671.6007526913013 441.62258071635165 0.9070130385290924 
6.689599116511406 38.063366325400835 465.69890697738845 432.1177411901442 48.02107143427512 
4.318665358303473 0.13749561633287713 1476.1965750119768 570.4721171723875 309.76440889687655 
0.002837376725769891 39.099187731617306 29.519757474093524 203.60688865996795 4.372953866969866 
59.55398852574204 0.22110056852718435 1493.8840594782014 1061.9874625919892 616.9450463087807 
0.25243220120508614 57.99572464100724 110.17357842369253 37.651955814185186 0.2685801031566035 
82.0 0.01849410892573644 1497.516095495701 1468.1714871994395 671.9289587417055 
0.2663099371530202 56.82359561782251 105.64474416062268 10.862166579505782 0.6289169160343949 
1.3598811701061955 1.7309365418600322 972.6515075594216 390.611685137822 16.825814154698115 
