67.2495767664071 0.37977855789797454 1494.0507249290504 1483.102680594 924.6808243366784 
0.4883005599596296 46.70149649328785 0.14730585835364796 0.4655494798908748 0.8024278657833482 
0.4883005599596296 46.70149649328785 0.14730585835364796 0.4655494798908748 0.8024278657833482 
67.2495767664071 0.37977855789797454 1494.0507249290504 1483.102680594 924.6808243366784 
14.10506174328089 48.138773655122996 461.35448794884246 398.59990327080857 128.69814225665291 
0.3711957893082421 56.371973129002264 10.315539829976451 413.28865300340885 1.1860513208906256 
74.82074777298897 0.1408833821404081 1482.385857017864 1356.6666794693942 379.25565277276627 
67.34652938834242 0.2985683039698568 1499.6251423048093 1115.430252301319 708.693539437577 
0.47916642926171465 46.77604542319975 415.4470238102223 0.8761984342777911 0.7603913288149535 
0.48197579257817147 47.63299922445055 2.5099070374416215 58.45695659644652 1.8856294904569122 
0.11762417795231395 0.1408834399718813 1023.6346960164999 472.72501617224196 37.249635776640474 
27.832371013720724 0.3676751242702117 1487.2086566974194 787.8872268690326 354.2102478268798 
0.5134011197337316 47.438764616979675 61.690815206187 38.001138710377134 0.8017970687604368 
67.84445187836954 0.279749108406957 1493.909788279316 1396.7129668152445 713.2797715731174 
6.699699991783654 46.36554964085544 105.8472052007846 428.67436480260426 12.487495297550899 
2.160733681137774 49.661262736498486 626.3374632950088 260.1782189642166 1.9222798197876898 
51.401504034896824 0.402187942007064 1481.2086275653414 550.989603143625 354.1422863735349 
0.11762417795231395 0.1408834399718813 939.3864566226634 472.72501617224196 328.82870945647215 
0.12609116066373283 48.10418002354434 593.967153823064 316.427876138034 0.8813047853587137 
0.5059084471005565 47.63299922445055 126.09709954736047 402.37898567440834 6.13971369992413 
6.6516378591856515 49.164544510006024 461.07413297584486 289.51066347741846 0.8693076389696276 
0.4883005599596296 46.70149661268148 20.52665752156787 188.42619977029966 0.311045413859909 
2.6295344363036293 48.83801965918615 8.167579222103427 322.4991899104072 3.998716171995511 
0.4883005599596296 46.38487600519292 1.1144377317167424 49.34835310379742 0.9620021914016772 
4.179969856955637 0.16237956398717557 1401.0799622095342 403.92354642534445 304.4779751010994 
50.198038719506386 0.4155679454997226 1482.385857017864 618.7674096114669 355.51846333758743 
56.209130285896435 0.1391071961451081 623.8937755715904 484.031668813386 206.76893015666207 
14.143166135379484 0.14135388213306643 487.70351508781584 331.3459081159257 234.50685327745018 
82.10312206352828 0.1408834399718813 1482.385857017864 1113.0514089803664 379.25565277276627 
0.49839596886095816 47.58845073756333 110.95298891142032 395.242982377771 2.0849873128172387 
66.22662123556671 0.3767148935517406 1498.9762005956372 689.840704408102 342.4239199169188 
0.27916776584845904 49.164544510006024 533.2947437287075 204.4937169613111 0.16697155388772833 
46.77760238571291 0.21350156988451643 1494.199916609759 971.9424657630938 636.7919129946127 
81.60787197096391 0.24506477188886144 1494.2766663758487 1346.221838934442 635.5642362277821 
0.468882027799932 46.82028051384492 259.64916816977245 0.4655494798908748 0.8011832097875973 
51.401504034896824 0.402187942007064 1452.7230461458046 549.0333723101228 264.6830410114788 
83.0 0.37773285891541786 1486.3131859793195 973.9981974997056 358.7954282222744 
13.10887835656677 43.24243768268367 603.3292623792037 400.28923023739264 128.69814225665291 
82.0 0.137668277937248 1494.8859260977047 1258.8239844195539 748.7247225576017 
0.4864024631751546 56.0774940036706 61.5485368036542 252.93926976769478 1.035412568573844 
0.22961547507235552 44.812020822252684 277.306672248323 335.0022388976509 1.0900422754366983 
81.60787197096391 0.2574544592381516 929.6062837507534 580.306426862599 366.920538198396 
0.22205031847663345 46.74561058770715 2.675058788069549 354.4846700232722 1.9766277524890374 
13.10887835656677 43.24243768268367 600.1590087190883 426.75515964381253 213.2069630426616 
48.229774823201936 0.3255157831804226 913.8640534966164 471.78296630013864 348.500201143455 
4.256511234413324 44.202516344030286 0.5249668184515304 206.34991372481824 1.929315622753277 
0.5059084471005565 46.69804566836143 81.71003478903543 403.2712680404207 0.7439015181119555 
52.08454865042266 0.1744257219312466 1487.6245324254583 690.586399078956 264.15889339761486 
0.27916776584845904 49.164544510006024 538.0719040065244 289.51066347741846 0.9103593918555744 
56.73663175187673 0.13784025899815447 900.8682116825992 427.06551164729643 30.471126392149813 
0.9334437956709132 38.51802000519228 1.2001794340624405 225.2705201437612 1.9243446944399514 
0.5862125067770463 46.74561058770715 2.675058788069549 255.97287353145725 1.9371242770246861 
0.7145871008215989 48.138773655122996 4.69129494503472 387.5861134542755 5.952203837210952 
1.548962599280399 49.52894496519173 22.972596545329168 346.86043095326966 1.9222798197876898 
72.12109455614664 0.13785728210169412 1499.6251423048093 828.0087436861331 356.5794368641914 
0.24792742279558588 0.9179307525788936 1229.029951006875 422.96546070971226 366.42584727551275 
0.5059084471005565 47.63299922445055 58.32930907235536 404.30353057041776 3.1996709542999198 
0.17685677583392556 49.631732830528414 487.9678927302801 260.1782189642166 1.9222798197876898 
0.2996929749261158 36.648100285705496 0.7387658203524587 6.2278659519976145 0.997744617362032 
4.8533283994524545 0.3255157831804226 944.0042759632051 528.8822627906504 377.447911166101 
35.478041794055024 0.14077152757118622 560.071124451681 402.3873708010874 43.44713682347087 
0.9334437956709132 38.51802000519228 21.023797622008317 225.2705201437612 1.9243446944399514 
1.289973971829749 47.335629478600666 76.2383576523439 37.763537897583944 0.7920317531415564 
0.4866364392191417 32.64411723711728 23.63927634946389 17.132950982434068 1.0314395004373493 
0.48197579257817147 47.63299922445055 80.75223214212158 265.2780524672662 1.8856294904569122 
81.42282282856574 0.280645849856318 1494.2657079827763 1494.6590451715842 636.3651267739126 
0.38159166438379893 48.09545602881074 22.714636298286912 173.99947869148656 0.24523776590164126 
1.4011644596507193 48.029938433135534 22.932340744190732 88.6518678111058 0.30730230898947225 
0.47916642926171465 46.83129010279837 19.98695459282333 290.91680402899306 0.6265459611598957 
0.8366849891008648 44.812020822252684 96.19775725291449 49.55662516636528 1.2557805774568789 
83.0 0.33820999372681815 1499.6251423048093 1036.9903629650685 708.693539437577 
0.7145871008215989 48.138773655122996 4.69129494503472 387.5861134542755 5.952203837210952 
81.42282282856574 0.280645849856318 1494.2657079827763 1494.6590451715842 636.3651267739126 
72.12109455614664 0.13785728210169412 1499.6251423048093 828.0087436861331 356.5794368641914 
0.7183992539930415 0.21623485021650524 648.0172045003665 427.62585235429793 358.7954282222744 
56.209130285896435 0.1391071961451081 681.0465189210587 484.031668813386 206.76893015666207 
1.289973971829749 48.434436974672366 76.2383576523439 79.46609936611685 0.7920317531415564 
0.017744512391424827 0.3821975056236789 1494.7664990175683 462.5903193739955 335.7391830604522 
13.30171220000949 0.9179307525788936 497.55721721825665 422.96546070971226 366.42584727551275 
68.19463778610088 0.36772824069532284 1499.8045789437213 788.7434204671737 663.2346346580312 
62.30528399997142 0.21350156988451643 1494.199916609759 946.3684346547954 557.9459364146026 
0.48775235011297824 46.66676272608376 22.977869487440856 359.6970867165654 18.21250456517114 
68.19463778610088 0.36772824069532284 1499.8045789437213 788.7434204671737 663.2346346580312 
1.1192591007048067 56.36264087639053 0.14730585835364796 154.4688398583014 0.5648800108774721 
0.38159166438379893 48.029938433135534 23.9808683823993 205.73770349140673 0.24523776590164126 
0.25058861639142865 48.10344191470544 10.315539829976451 306.6440332568219 8.28761659341049 
0.4883005599596296 46.38487600519292 1.1144377317167424 17.140889675377018 0.9620021914016772 
0.4866364392191417 32.67885100603728 2.167235176134046 17.966689061900617 1.0272478906316513 
0.5862125067770463 46.74561058770715 2.675058788069549 162.86001575772772 1.9766277524890374 
2.1315956096392776 49.66209663018328 422.14347498858297 286.3002657176727 1.9222798197876898 
0.48891814368540115 46.21581709497582 1.3626343323259693 257.0689960756923 0.648978165172878 
4.035420446790271 0.9179307525788936 1455.3107598872693 423.8260399357582 366.4070160423357 
0.4866364392191417 32.64411723711728 22.144749871608127 13.725946901424432 1.0314395004373493 
81.65505669480842 0.3383069672555122 1499.8078905528894 1036.9903629650685 664.5705142266244 
0.30612024177707925 46.69135886049767 467.77307361630494 313.73146091053206 0.8712465569231158 
14.10506174328089 48.138773655122996 505.62602925657745 398.59990327080857 128.69814225665291 
0.4836738397286804 46.66676272608376 22.977869487440856 359.6970867165654 0.6884249532551421 
0.005850131796081404 48.10418002354434 586.6774661286524 316.427876138034 0.8813047853587137 
0.24792742279558588 46.30003204518024 25.808529323249772 422.96546070971226 0.26936035142219683 
0.7183992539930415 0.21935856745662535 1486.7573101963542 427.62585235429793 379.1314747746389 
