74.32466778567539 0.022771538570360628 1492.6938855650174 1475.2644872753926 1256.723122226077 
0.20377803372364867 46.95396396735809 0.35897785416537076 1.7769516353886559 0.3965479573254247 
0.20377803372364867 46.95396396735809 0.35897785416537076 1.7769516353886559 0.3965479573254247 
74.32466778567539 0.022771538570360628 1492.6938855650174 1475.2644872753926 1256.723122226077 
3.912362492187013 22.5884488116149 377.76746424398095 347.3290424960242 2.196271929770152 
0.28328317344018095 42.60179588210295 448.3020719261204 358.8081145778149 37.225919411979476 
71.23125564314036 0.013079143268732036 1496.884161460204 1068.4177493337595 641.4028570830212 
82.0 0.31438802547634204 1498.9739428051 1191.424123780713 713.143127251565 
35.17228988656096 0.3112746859038829 938.2865421073133 451.9221257631209 200.1414393430879 
6.347176571161171 46.265256498457184 115.88570732775327 384.92350456511736 2.0796701301339255 
82.0 0.31438802547634204 1464.4204719522245 1153.8115365787498 713.143127251565 
0.1068654412629293 54.84076465343892 24.252626077247925 279.523372604757 0.07972043268823814 
3.84994366676762 48.052256095105875 292.48930931686937 256.22936748703603 0.20782557528392764 
6.347176571161171 46.265256498457184 117.11494583520444 347.3290424960242 2.0796701301339255 
0.03440248775506394 52.513079056643804 595.3635577358734 410.906864795426 14.854337544027231 
0.3633427385594159 45.90992411225146 20.43697163902661 141.44293832868073 0.7717789661617633 
0.0957177566687148 47.229193287285575 0.18718042420721703 29.53735019625873 0.3965479573254247 
0.3633427385594159 45.907357352294746 281.06480429417684 213.2417145456293 0.7717789661617633 
0.11982021171636606 47.02010396438309 21.71449216274814 204.2316622971693 0.23040960528106857 
65.84839553601103 0.24030128699973174 1492.7387818200496 976.8864817351262 459.6977317705713 
35.17228988656096 0.38100980092984926 939.491645039359 389.89361893433374 200.1414393430879 
45.657155614198025 0.31438802547634204 1498.3565479867373 1448.4408840345618 710.9151206170593 
78.00093943359337 0.04104931468827879 1496.2501573526245 1392.6512177031193 1225.385322469786 
79.6617546307616 0.31438802547634204 1498.3621799461187 1448.4408840345618 716.2706569110198 
47.813881276071086 0.0026508130285538833 1496.3561012134141 680.4818989345472 322.3842968322834 
1.6056979862622032 45.90992411225146 20.43697163902661 150.3501993985729 0.7717789661617633 
0.18804001287702332 46.95396396735809 19.103844184982414 1.7769516353886559 0.3965479573254247 
0.5235526912272217 46.055290468795874 318.6254354931083 275.20225705600916 22.09336847672556 
66.05090727162826 0.31438802547634204 1374.8872794919198 447.6846689282807 300.3213618011158 
0.30558792159554626 46.73842012997 29.480172084208903 57.960661035724726 0.322688979963953 
2.3389572776300653 61.79896689297813 12.636903555073268 43.93959809542457 30.635569214474174 
0.28328317344018095 0.3670092750013758 1378.0156737469356 356.45016708034063 214.9584820858742 
64.49413417985737 0.00909399007761573 1498.981375697272 552.4321964118951 217.96495306598655 
0.018936260768560587 0.38100980092984926 939.491645039359 389.78312514963625 7.039017900348483 
2.324709812121743 45.939596716561596 577.9209951299969 362.28241000682095 23.516810388855426 
0.19042950323003383 46.268558840348376 340.9188144111076 348.6404121591871 0.1410067305635314 
0.30342338263319774 51.08438366183456 41.590145262690186 160.7048206415348 0.322688979963953 
1.6056979862622032 45.89867593791287 31.71418925791562 289.9763587899756 2.038701674627337 
48.513356739699745 0.3237576338273348 1496.900064208046 770.0610659003023 633.8014531219052 
0.2942690955395044 53.18696890477234 50.80631053836498 5.265771480260241 17.248323482741874 
82.0 0.008012000143565179 1499.0006492597538 1349.9841642957213 608.3255256386998 
0.09773358344968308 48.04100792076728 31.424085786979006 335.2520307829784 1.3781052028476215 
0.7199081207827547 52.513079056643804 618.0388678863097 410.906864795426 37.95735536238618 
47.813881276071086 0.0026508130285538833 1496.3561012134141 754.2471174701847 340.32070765120227 
74.89023528121112 0.1570937278252531 1466.9846628453138 642.2620567873427 217.96495306598655 
4.248737585232779 53.84169618005211 51.64979092474084 5.265771480260241 17.248323482741874 
32.137266948096105 38.38315840511025 359.2569528103825 352.9468879456547 199.59344616227855 
0.022856040329408106 55.220922291668415 30.432196400449705 105.3619306370004 0.3251301268441039 
0.30342338263319774 51.029747497494846 29.480172084208903 160.7048206415348 0.322688979963953 
67.05096605637353 0.24030128699973174 1494.3937359343327 1000.4390396296619 594.1535553008157 
55.10879479088049 0.38100980092984926 939.491645039359 566.5817516914849 200.59930262187396 
81.00525610492545 0.0026508130285538833 1496.3561012134141 796.5798151947429 334.3900998142168 
0.2591816840228871 46.231349733795604 26.636064132780742 222.71576129993832 2.8846245379208835 
0.27008290012850034 55.90151991761268 40.986246273933304 82.72803353016305 0.13459991551364991 
0.1661463682524264 46.89419671440123 4.894169124505629 261.7342895978867 0.08057297446783851 
71.45729074772296 1.0824240601538229 1485.436898171356 500.98283249382825 264.8469087826062 
10.715297733016506 48.04100792076728 302.34839385777315 335.3076201895662 21.593023903407854 
82.0 0.008012000143565179 1499.0006492597538 1349.9841642957213 608.3255256386998 
2.1547739638933585 0.33858745489488484 933.061088998202 557.1003405006661 239.04761640437232 
0.2968564710879351 47.062290742322126 17.7681077369341 310.53232914516514 27.385863436635436 
0.3540633805555302 0.31438802547634204 1380.9575926836155 448.25661261306595 299.7029555492003 
0.03459963377201347 51.874914898766264 6.700991298181094 199.0402591960732 1.8503419183978025 
0.30342338263319774 51.11218297889957 337.06836643794685 160.7048206415348 0.33204341667340437 
66.48867468536028 0.3220182969018531 1492.6948045460933 900.8928474202078 460.6222962106724 
32.729719239019545 0.26727563436449486 872.7651152369874 389.89361893433374 200.1414393430879 
7.170846752092074 4.490300290168712 743.5591055000073 362.1046194651674 94.85354916198986 
39.735482046275905 43.741352968794864 411.839037087001 397.7599277790967 4.062783069094834 
0.03440248775506394 52.513079056643804 595.3635577358734 411.7519553555232 206.42134915415514 
78.00093943359337 0.013222445239479484 1496.2501573526245 1392.6512177031193 1225.385322469786 
0.20377803372364867 47.6112513719831 131.40173110980217 1.7769516353886559 0.3965479573254247 
0.2356061216863951 32.17693991039173 85.36058057401581 283.3779738621859 0.18609513082344564 
0.03440248775506394 1.2429311083518755 595.3635577358734 410.906864795426 17.184716367434135 
48.513356739699745 0.2425763070212468 1488.632454945969 838.2495727605988 633.8014531219052 
71.45729074772296 1.0824240601538229 1409.4040752868548 500.98283249382825 264.8469087826062 
1.7462067311294422 46.676757078434434 27.883411600151476 393.24508217571275 0.8606947121826813 
0.11982021171636606 42.17932190977273 64.16977862127118 203.58746389324295 11.233422285208604 
81.88098553373007 0.22880003134219162 1498.981375697272 640.0292810762453 217.96495306598655 
5.210459833476907 103.06681983926484 885.745886927715 389.89361893433374 27.27667056708151 
1.390768733666679 54.29541302688818 22.98593351014288 252.40425350226857 4.062783069094834 
0.18065919692640509 45.41617257271728 23.180561203156714 268.6406774314775 1.8408645322462305 
80.72233028420766 0.06161940755169559 1480.7815618360123 747.0828034984318 367.56215831111973 
0.2288121378722569 45.62075794312929 26.636064132780742 76.00478481955261 1.8408645322462305 
2.3501969192224985 38.38315840511025 19.18535591902571 352.8363941609572 2.004472695257842 
0.018936260768560587 0.21282597910947132 939.491645039359 429.1034980823959 7.039017900348483 
0.11053844701231177 45.56761341493529 20.654902800903436 116.51926862314693 0.7589885168976189 
11.398897796231847 1.4575337049808725 640.092740471594 395.6896402063499 212.29774045445825 
0.5235526912272217 49.90702169791717 335.8340900456153 281.60242791656043 23.978377697658217 
0.20377803372364867 54.54020927813069 1.3196446009700669 279.523372604757 0.07972043268823814 
1.6056979862622032 44.95260818780818 48.1789050139372 389.78126966091395 2.038701674627337 
0.3596769351311446 55.183075350757115 24.034694915371233 304.44822100953144 0.09409644465623046 
0.09209462670557869 50.76530687632715 33.60960196754763 356.1006774350854 6.285746003056129 
2.1547739638933585 0.3391531801193591 933.061088998202 566.5352774957948 239.04761640437232 
2.346656172599583 0.5727909215011513 863.3434522731445 384.87879096491946 21.345024684774373 
2.3651039472229978 38.38315840511025 359.2569528103825 352.8363941609572 2.004472695257842 
2.3651039472229978 37.91252555404938 5.238577303205261 352.8363941609572 25.414170367729184 
0.019208346798608666 45.52157015630077 85.36058057401581 283.3779738621859 0.18880035370882164 
74.89023528121112 0.1570937278252531 1446.048586373729 465.5032827909479 217.96495306598655 
0.25863980878023185 55.220922291668415 19.98372098641118 126.21758000311138 0.508500929950072 
8.406812401142368 0.31813477276855406 1489.06214021453 346.63282533980674 186.9597335441771 
0.20377803372364867 46.95396396735809 2.543756788978783 1.7769516353886559 0.15844918835147226 
