0.17147277360270752 60.04223799170356 0.8651561697538099 2.3177962607911695 0.00292115938043791 
67.06845910071468 0.26029474416264387 1490.1353431691168 1469.0888864766343 1369.9542230193558 
67.06845910071468 0.26029474416264387 1490.1353431691168 1469.0888864766343 1369.9542230193558 
0.17147277360270752 60.04223799170356 0.8651561697538099 2.3177962607911695 0.00292115938043791 
1.2984345980627943 54.932923317627754 528.9615093155086 412.21607524018555 1.7190406916101533 
0.17882456259152021 59.74984818748809 0.8651561697538099 359.5090433289422 0.062220673147231786 
1.2137529982876003 55.68669962348171 182.8658936602221 2.3177962607911695 0.00292115938043791 
0.06649716421482621 54.93840743543325 16.216071791884673 167.20863201854746 1.7190406916101533 
0.5438209378957879 56.3835451064851 338.7164380890151 362.252284057611 0.9267611827489475 
0.05799169603929566 60.463857710401456 44.04798130531765 117.06142066701419 2.2754568193072418 
59.117794277987144 0.008477054172020076 1492.184270243459 1300.9036168153318 516.7194337561823 
0.05645673179700632 60.463857710401456 44.04798130531765 190.4433541218594 2.2754568193072418 
0.23709320042252746 59.72791287751409 1.3218919402509623 157.8133550541698 0.061612943754139504 
67.42505717436063 0.009514802562242117 1454.9189695688533 768.295209749074 421.0285754129744 
0.5438209378957879 56.67593491070057 338.7164380890151 31.585863568430085 0.8911281216544577 
0.05645673179700632 60.463857710401456 63.212827072934274 274.42548903029945 2.2754568193072418 
67.18725774239698 0.0397649610563704 1496.6745448537072 1308.9698621673917 760.8356626749554 
59.79627134111822 0.2716230667167822 1492.3927779416415 1448.3316013255662 817.1641182266518 
59.33773834791493 0.2576220427003027 1493.515465564955 1409.5728113075268 795.5486096834372 
39.673240313837624 0.46005574152664486 1495.9314121884772 475.61509902086846 107.39957983293414 
0.27287678019709083 55.39989611463742 390.00354183800647 294.73574819591033 0.03353543744855125 
0.22264468869060478 39.30840551545362 0.8651561697538099 107.15139608537288 0.07809393632548123 
69.08698123010306 0.25955451514295236 1490.2537355341663 1167.806157884924 559.4467421501768 
4.4525740296728635 0.43409296230518224 1211.9772351510594 435.64669218278414 174.04427971170975 
0.26304439907045496 44.38757666427263 677.8268356251535 362.2598557735017 0.025212948632280963 
4.59857711626664 3.8834727916693623 1462.3237553013935 498.87717305613296 549.0752521557815 
26.51762640524678 0.054893380904179556 1492.4805413473696 616.732925898721 554.4180473105757 
0.13656855989807878 55.37069941533944 50.613441772917355 161.69142061002205 0.7041882401145892 
59.64815357106773 0.19334067553662898 1488.0642296868577 1462.4847288112064 1069.2463376433839 
1.0533839217334897 60.04223799170356 0.8651561697538099 10.089695153908934 1.7861000761701593 
61.64256713577964 0.27321231533607615 1493.1686617369783 1148.3562285267171 546.8781714980485 
0.018889781505099824 54.18784629058584 1.344113501703486 302.54096310779414 1.001161972919185 
6.513745575097182 2.1446950452462943 723.6778344293205 423.6101847412952 7.435979907908527 
0.16279820293275393 60.09932117473629 47.940761140268485 47.80705399105909 3.2350444178020545 
0.02527295261422513 60.024259171524385 2.2101781388909956 245.76787570491354 0.019882464824496737 
1.5235756055248413 55.45467307437504 113.26192303474812 200.2209570101087 0.7041882401145892 
0.03054466168797619 55.5183174507886 2.0311557791590076 333.24750428630546 1.0990797255414897 
0.17882456259152021 60.04223799170356 0.8651561697538099 27.36117563195026 0.00292115938043791 
59.7771618393068 0.009514802562242117 1492.2193616450813 781.4901926073431 438.14371546939606 
1.3026901385215055 59.85508195322545 17.82003258166425 83.89943876441455 2.815912981595986 
7.311015826038607 0.01853377314881255 891.7758887899197 320.59619932062685 187.33132575487795 
2.112347180516771 62.230349675898694 45.38971145727737 363.609833177934 0.30823895692193837 
0.08125419725687877 57.97515952304437 8.389715492027022 366.7673644288292 0.2892469155657602 
1.0292927114140051 60.04223799170356 2.356025935122716 39.442135055298934 1.9302690887433585 
1.462848686947389 52.813510297580756 178.25335390523793 354.1645410192904 23.435116719665658 
59.324431314702494 1.9371221083897758 1495.120778959359 545.3993338443325 451.30166179472644 
56.298942881951966 0.04726525822807931 1488.1269010580113 992.5091048257119 545.3914265318431 
59.117794277987144 0.05347208687265119 1493.0262755713006 1294.6044685050188 686.5846457094683 
0.03054466168797619 65.81033825997646 194.10900592093125 333.24750428630546 1.0990797255414897 
39.71559063924839 0.46005574152664486 1254.7755188881365 476.33629306607924 347.37981925349123 
56.0421036906596 0.45957403449105866 1491.928834799953 945.5378148534518 472.25446741784435 
0.24255196640985702 55.04606786299437 149.10677251771986 354.1645410192904 0.3804598626933995 
87.0 0.46005574152664486 1254.7755188881365 490.73234902858616 108.37398248115045 
4.4525740296728635 0.43409296230518224 1211.9772351510594 406.76210390343886 174.04427971170975 
1.2984345980627943 0.7440695486704776 896.2087068298176 360.5094891772144 289.31105760454943 
59.64815357106773 0.19334067553662898 1488.0642296868577 1462.4847288112064 1069.2463376433839 
0.18425842521842695 60.09948079070924 47.940761140268485 27.07935226109879 0.9392296947212251 
0.03054466168797619 55.5183174507886 2.0311557791590076 333.24750428630546 1.0990797255414897 
71.73155877566617 47.15953906773704 552.2580882221094 425.0990620283429 174.98555216137453 
0.04893822034437334 53.44266058059104 160.28439473112076 386.6290383843441 13.479709131915948 
59.7771618393068 0.011213147848623428 1490.0604791323772 875.6726576705508 438.14371546939606 
45.200124393164884 0.011213147848623428 1490.0604791323772 875.6726576705508 438.14371546939606 
0.08253487001810278 55.45467307437504 110.14131487719524 161.69142061002205 0.7041882401145892 
5.569338315219372E-4 55.363500217517874 11.450457258437567 186.63762868895603 1.0361838821135887 
63.32797415671054 0.4193477233946302 1463.7605556834214 1093.9936523963784 490.0554881336751 
0.018889781505099824 54.18784629058584 169.0338002478323 299.69382257688267 0.685417447846767 
0.04251182899625454 60.404095858084645 397.983363615782 385.1671569269773 17.168652441103177 
0.04033832788927061 55.3988204614842 109.99063581804073 354.1645410192904 0.3328748431572602 
57.958448161912386 5.339037850390898 866.4866334371524 436.1325315627751 368.59235390381855 
0.18425842521842695 60.09948079070924 47.940761140268485 27.07935226109879 0.9392296947212251 
2.3794339526411115 54.58864639620377 450.46890794416413 376.56476256855433 82.9129651526531 
0.03203642183262273 55.078358882642405 252.93371362519085 354.3708174675247 0.10819842654022083 
26.51762640524678 0.06451899871523328 1496.4142516641948 605.2231176858882 554.4180473105757 
0.061231321339225375 57.58664292129957 10.361351204049257 376.29712973979497 0.7783259189095268 
2.6067434180338154 60.39476680132252 419.67759559148095 356.17356731718473 2.859144763011069 
37.13525798381214 0.46005574152664486 1254.7755188881365 475.61509902086846 115.1358528278603 
39.673240313837624 0.46005574152664486 1254.7755188881365 475.61509902086846 108.37398248115045 
38.226242921793485 0.46005574152664486 1450.7813267535016 543.2558683713053 3.0996460084488007 
4.93012849254923 0.40975603802339794 728.3351461727888 390.1520156101434 163.24340514211812 
2.3794339526411115 54.58864639620377 450.46890794416413 376.56476256855433 82.9129651526531 
0.6389544018130784 55.37506710681417 53.05158657777912 192.15535182615412 0.31062341224803813 
0.27122643044907246 55.399881248899334 418.13356017360786 333.24750428630546 0.00292115938043791 
0.13726421846733589 55.37506710681417 53.05158657777912 2.3610174504276387 0.3402108671329769 
6.764146490807352 45.2942082060717 679.4016082640954 385.1671569269773 42.26625922749929 
0.04033832788927061 55.3988204614842 127.54394659520139 354.1645410192904 0.3328748431572602 
0.04893822034437334 40.313662899035606 715.6840165278835 409.79998530751146 18.424019943190423 
0.2754739985863822 55.399881248899334 421.18744865642446 333.24750428630546 21.47998758630559 
57.17777866492832 0.45957403449105866 1491.928834799953 945.5378148534518 545.3914265318431 
59.324431314702494 1.9371221083897758 1444.7335440400946 545.3993338443325 453.54786916767563 
63.32797415671054 0.4193477233946302 1463.7605556834214 1093.9936523963784 490.0554881336751 
39.456858270584206 0.46005574152664486 1462.3237553013935 498.87717305613296 493.1646768507351 
1.4407549682495973 59.19035110644097 12.26935965432375 374.99347154741594 22.757889541278857 
0.040700200039449214 60.09932117473629 47.940761140268485 384.24011171952645 3.2350444178020545 
4.325987801096737 0.40975603802339794 728.3351461727888 390.1520156101434 163.24340514211812 
0.016278666291947408 60.12627973618724 301.26389182938374 302.54096310779414 1.001161972919185 
0.2754739985863822 55.399881248899334 425.75964938987 392.88626783981545 32.05811505368325 
2.403526913781328 54.516905707913885 484.18203989661265 316.4344984822766 101.53056721068279 
0.04893822034437334 37.76088390368987 715.6840165278835 409.79998530751146 54.96396427197469 
67.29972337314676 0.41054855149208624 863.3233346315304 436.1325315627751 180.56354617656845 
2.6067434180338154 58.045887365364635 258.0585820931659 358.28443716015784 2.812749049593762 
