0.01127475828884795 55.94913972622251 0.33574868834978133 0.0024670676916733747 0.3875289830334143 
81.9504763930058 0.011980037527554359 1499.5988657366943 1470.154614004887 1198.2772394273068 
0.006101264781576021 55.94913972622251 0.2589654277289124 0.0024670676916733747 0.41968206857329315 
0.467478120175144 47.412053422393136 389.55658937704175 256.07026517720044 1.934859587495649 
0.22740547483221302 42.68039880691445 299.7312049893769 350.0480663401326 0.5816319753957657 
10.671768603193485 0.047147055496619204 1496.4594798851738 952.1466672168096 434.4382396195157 
0.120860197739976 56.04232730967883 396.03642367317815 334.2639048144345 4.170998177102102 
75.31521725742115 0.07099148292410006 1499.7949289777966 1492.4239894463567 623.2296538828227 
0.11783299161220503 52.78525344619127 396.15483080130866 374.8824248397193 3.9938047177006517 
0.1175566011970347 47.25327670904885 387.9265852659114 233.4146965970289 1.8577381882483892 
0.014562859726924192 56.31109994510769 382.54460385681637 313.7353723878076 13.199540345397075 
1.5074293789070365 55.332143487214495 89.08127071507725 145.6076891893916 0.15835906524064614 
75.2405965137123 0.027915978615588644 1496.6856655994848 494.3759197893527 291.1342154576159 
13.77022720375934 10.371790766194756 855.271116121309 354.91770997561264 185.83063411008592 
74.17462210599311 0.043382417564674425 1497.7340730981898 689.3186383907773 293.6848503269764 
0.01127475828884795 55.94913972622251 9.144211304083456 415.6776314287713 0.3875289830334143 
62.56084529811466 0.07430541817217692 1495.6979241934005 1080.6158087570059 531.6992457269797 
63.49363044604019 0.07449118336137184 1493.3733786871437 1463.5197895844112 446.13130981911274 
0.1175566011970347 47.139626915459516 381.21201318314075 370.09083183348656 129.64471423055915 
62.67442158193981 0.01277412406855613 1495.7296916912783 1073.771100782915 775.9685235448159 
0.3362285388419074 47.426099115450945 11.623765321431023 239.09850471812575 3.682057996837937 
75.27253522287866 0.010777310643486082 1494.9231132881507 1401.658947626815 1209.8552542249836 
0.5014235268088454 42.68039880691445 14.866422704149784 350.0480663401326 3.951308113046866 
30.334092674085234 0.043382417564674425 1497.8023919412035 880.5237650707744 308.08335623320676 
75.37663434082421 2.989922789177154 1454.8048249444237 759.1085622461545 423.87364129034916 
0.719382219420695 59.16297940771429 1.8093264372894637 296.6162050114624 4.784730126620807 
0.11494174647573424 50.78697906395225 114.09713770025252 298.4817160163283 3.880276075754518 
0.19852533532262306 52.823637654085246 36.57948353550455 305.47688625690336 5.280262376759417 
5.16737647832565 63.16400839221927 587.6366486892738 341.94969231132427 116.3194891948023 
0.18630057393809185 0.30048277743749996 1488.7148366543913 472.3635169227693 96.15998082670357 
22.526050780785148 0.30048277743749996 1482.4405950034375 489.196708990431 330.9700520800076 
2.984932772231531 48.79057602053117 0.33574868834978133 32.419404106423144 0.3875289830334143 
75.31521725742115 0.07099148292410006 1499.7949289777966 514.119896905881 623.2296538828227 
0.11835907092831961 55.93856473867687 13.278184758299101 60.329803032616496 5.280262376759417 
62.56084529811466 0.07430541817217692 1495.6979241934005 1241.9670472188263 523.5386778169784 
62.56084529811466 0.07324708487580137 1495.6979241934005 1334.8944248750986 586.7979731751545 
0.7182561909967866 0.1711991201860854 1091.6202224558 427.0472829808047 291.411217562888 
62.56084529811466 0.07324708487580137 1495.6979241934005 1470.3453631209918 586.7979731751545 
2.9869653751154317 49.01071938336523 0.33574868834978133 93.25181271415057 0.3875289830334143 
0.02096091763578964 55.94913972622251 0.33574868834978133 48.1461268488562 0.3875289830334143 
5.1391620109545935 52.67720793663116 628.9853979202923 363.6773971240872 61.386846694968355 
0.2239862433660607 43.1392233871196 65.56483514346328 302.4019553074684 14.855252048625431 
0.4930663473761357 0.26490968626619615 890.081096561229 421.782980896055 282.48368909316065 
0.357755331172946 46.38156905649393 148.26745050125183 140.39601421035064 1.4131005339882523 
5.16737647832565 61.86578595853189 451.74912238442573 341.41300418383497 116.35222448835538 
0.5271542823558849 51.820473693758174 0.013910537153224774 161.47873112063394 14.367541307620495 
0.49107182411872763 0.26490968626619615 890.081096561229 384.2225096660481 282.48368909316065 
0.4930663473761357 0.07559772793396746 942.385720228812 426.73415886116663 287.8858073901047 
0.35296656421262335 48.20124250507922 8.673998260935406 76.29896836824773 4.5724885414804 
0.05337480165684441 56.42346399463258 75.77546472813171 386.8233088820115 3.880276075754518 
0.1972539697328906 41.43654086961878 41.03132335546925 92.17999259444663 5.6976258903314685 
0.06301212020831876 45.98898329908664 451.74912238442573 343.2679092565036 190.40575817640675 
0.32172940177677006 52.45545280289223 99.33273077951623 414.75260443885514 13.89849545652456 
5.119551583403219 0.07449118336137184 1493.3733786871437 1038.6698805426693 460.9734830310524 
13.77022720375934 10.371790766194756 855.271116121309 318.14426267168216 169.3394569453014 
41.46502660024573 0.30048277743749996 1459.1010521001804 484.5984552218084 191.36277825060247 
0.01127475828884795 47.95899944015682 1.4578692129272355 225.52493262810253 6.489870598718589 
0.46827591381723277 47.4234843728987 8.19353145399549 257.5712314662423 3.963698675532356 
0.4322549760120733 0.047147055496619204 1481.7507997424254 392.9607889606514 446.82700432268274 
0.006794030313497235 52.69206586273494 0.33574868834978133 136.6554914856771 0.25299846998679 
30.351525309256253 0.1711991201860854 964.4710901195822 429.52942526409913 287.8858073901047 
0.7241067594726426 3.3188000699858513 1240.1519697901917 430.8178069967829 315.92326302039567 
0.013554229246717342 48.215497925753255 81.16417586142771 225.52493262810253 4.5880048365838135 
0.1392835593221422 63.16400839221927 587.6366486892738 341.94969231132427 5.390913330753186 
0.11576488012805759 56.432512548961085 14.086995515195014 386.8233088820115 3.880276075754518 
0.35740709170121276 47.96864265519498 11.623765321431023 80.77770450481574 0.7366975934499465 
83.0 0.043382417564674425 1460.22510465862 550.9105363643652 421.3433829784499 
63.49363044604019 0.07449118336137184 1493.3733786871437 1062.1486026030532 460.9734830310524 
45.034164475684726 0.1711991201860854 1091.6202224558 456.68586868391276 410.2469340450939 
0.1111781618545159 47.3456393555131 10.228279624068932 282.16535339011966 10.913703526695599 
0.5204113345176866 47.37315382165438 0.013910537153224774 261.79894232152947 14.367541307620495 
0.357755331172946 48.02567444106801 148.26745050125183 95.19156435164228 1.4131005339882523 
0.357755331172946 46.38156905649393 148.26745050125183 356.7317044730412 1.1414066825692015 
5.16737647832565 11.420663977005887 818.1035870975351 341.41300418383497 116.35222448835538 
0.5201066520890879 48.267127986899666 0.052872619636866625 313.5787335086661 4.4969725519981125 
73.6736643687275 0.02483549054405998 1493.0580448934872 987.451603281332 531.8409230405289 
6.915579818961039 0.043382417564674425 1298.9177120710756 436.0909939441483 24.2701360623019 
0.026520707957228495 34.23341048050245 147.21384382041214 367.42727706559947 4.290607323242183 
5.1391620109545935 64.3432241736761 628.9853979202923 372.6219237662616 178.73481837485673 
0.2540760063801941 0.047200916715385954 631.510891248646 355.42444503723607 217.1081513826789 
0.0559689386495259 55.929516184348365 74.9300824108528 60.329803032616496 5.280262376759417 
0.36338614228669114 48.02567444106801 148.26745050125183 97.94417180348516 1.4131005339882523 
0.6003461812931312 48.267127986899666 0.7229716982129446 313.5787335086661 4.4969725519981125 
62.56029142849578 0.07324708487580137 1496.7128078892251 1334.8944248750986 586.7979731751545 
5.538709443595287 0.047200916715385954 631.510891248646 355.6554294084874 217.1081513826789 
29.07209161705294 0.62742200228519 1214.5196390244387 500.9071069520265 270.70126319403875 
64.0704250606898 0.07430541817217692 1455.7728195843567 1241.9670472188263 523.5386778169784 
0.9223377192695467 55.94913972622251 0.33574868834978133 171.26155853796425 35.21919559457284 
75.27253522287866 0.010777310643486082 1494.9231132881507 1401.658947626815 1209.8552542249836 
0.01822560857047422 46.93077032936108 10.298655843570279 8.516387242984186 0.3875289830334143 
0.4930663473761357 0.07559772793396746 890.081096561229 429.53174226186974 73.24946486582172 
30.488459071743957 0.043382417564674425 1499.8591812873847 850.8852529963768 308.08335623320676 
30.351525309256253 5.520688110724635 959.6358141119433 429.52942526409913 287.8858073901047 
83.0 0.043382417564674425 1460.22510465862 550.9105363643652 421.3433829784499 
0.32172940177677006 52.45545280289223 122.05011183490694 363.8837703436601 13.89849545652456 
29.07209161705294 0.02854251225299432 1214.5196390244387 500.9071069520265 270.70126319403875 
4.892813947941324 0.047200916715385954 642.1343565913799 355.6554294084874 87.2937858488732 
0.9223377192695467 55.94913972622251 0.33574868834978133 171.26155853796425 35.21919559457284 
0.08809530314167158 48.79057602053117 0.2010858454021731 19.09424743863525 26.51082027413966 
0.5342634711038757 52.23791838469261 0.013910537153224774 144.91631452052263 4.031712330761295 
