82.0 0.2685019532982835 1485.7855135449236 1490.852794411138 1192.9671325537752 
0.05230849689154282 55.10407565618306 0.6868389075330348 2.1246074742292085 4.368814869722822 
82.0 0.2685019532982835 1485.7855135449236 1490.852794411138 1192.9671325537752 
2.4507986958607333 55.866586321728754 65.85550201666442 391.77972734137245 2.7498737042227006 
0.028068812066445847 37.14781834364615 69.48751090188883 188.3227706106904 0.801859966343418 
0.945071372153576 52.33962297807182 777.7805526074974 439.4046849437461 86.73082009819515 
0.07655578097767755 55.22361316172144 232.55015780018323 16.095005342156128 0.48776590076568604 
0.09972515382095037 52.794470150363594 490.7350635489943 304.7262093750397 3.7995598765944996 
1.4045900704199 35.14691537863393 563.1625268499768 337.18333265582714 22.078757124286653 
52.09492144849424 0.2308300714781816 1482.5963310642483 1120.7934733926697 802.4039741231289 
0.4580483912503305 55.36225031814843 62.363296518279775 56.60949594035719 6.576597269049148 
83.0 0.23019114949512942 1488.9133128854223 1074.222182954202 602.3737759392588 
0.021849838996599424 52.518318648906686 21.674974505901048 135.1357176103059 5.833983178041093 
19.049251651920056 56.24161273863545 519.2143392112228 315.72789531515286 3.9625462430942555 
0.050972343218765204 55.08870169492988 20.231597713638667 247.38677063724307 0.4952638419183337 
0.623996795398605 52.20569646882544 104.49636256178053 49.4413764224615 4.335497407039066 
18.036776179589708 1.4745852866215827 777.7805526074974 439.4046849437461 85.90912342574532 
0.050972343218765204 55.08870169492988 41.80900985237607 299.13643976990886 0.5017314916279207 
58.10731878574338 0.0017042864195705998 1484.8625234214792 1482.828479883994 766.7400883247724 
0.40330895171710424 51.85870267434788 49.86528460997843 152.99596870607968 2.7498737042227006 
58.10662297792123 0.22993847691245686 1477.8875984293184 999.1923505759287 693.1548112263788 
52.13776190803537 0.03782789685182912 1482.5168915439597 1458.2304032105767 701.4664877137245 
54.95887862148112 0.0017042864195705998 1484.8625234214792 1349.6298768858621 758.5933636087727 
3.3659026401610004 35.79969078672196 68.07466095120174 289.46285439372036 7.803743558168315 
0.41044712559680874 52.56847040601039 466.88677997538997 292.0861826083848 2.2861151378446456 
58.288214342847816 0.23019114949512942 1484.746233837844 977.697129919361 565.685644723986 
49.641028697578136 0.20533948964501944 1113.670707291542 471.5200473079038 317.23514398866627 
2.4392307989699042 52.173014478693496 378.7010105889831 243.45217410383714 3.7995598765944996 
1.0019612946562475 49.25786456878424 153.2800404764214 363.2695581424085 7.422995273016895 
17.927691148510917 1.4818693831478555 1296.607269473881 580.7666358123785 93.89187031010789 
0.01715284730004074 45.804763225095826 0.27938933945044786 11.135840390356726 4.368814869722822 
52.57806908530877 0.2022702714219448 729.885562164116 502.6591591007529 80.45657035777428 
52.57806908530877 0.20533948964501944 887.9737342347281 450.55975934309066 317.23514398866627 
17.927691148510917 0.5475819697681219 1296.607269473881 429.96795964504787 321.9551394924714 
0.4580483912503305 55.131205716761514 85.16122654563553 32.47841477495873 6.576597269049148 
52.887317126234265 0.19832912061768604 1482.5168915439597 1346.3191585223476 418.45387548606857 
1.2853795818266565 55.074378493061204 526.3782215696515 410.2445061898379 161.8820483769368 
0.050972343218765204 37.02083536131228 41.80900985237607 110.16159690147589 0.5017314916279207 
0.07638748084479324 55.223117285176464 239.22122147623105 355.69106645277225 5.259827440194206 
0.5839989292605627 52.173014478693496 490.7350635489943 493.4581635432747 3.7995598765944996 
0.8445445433717751 3.1755509278301046 239.22122147623105 355.69106645277225 14.45990569179466 
84.0 0.12395687066646555 1476.8677153745111 451.02443739669917 349.85319778327255 
4.2959573971687774 53.65144191898726 742.471127882279 349.6683680004735 54.01986338563007 
0.6104568001445178 51.71608465452823 32.29442019433327 247.44020319963283 58.813696827134436 
75.19377949512676 0.2685019532982835 1487.2857444863387 1462.456520831774 1002.8479040858224 
58.05753662702473 0.2683668374332327 1477.8875984293184 536.0815979783831 348.2496180519763 
0.20849263360195838 40.589366399712084 36.58597690539518 395.7930719105879 7.512716094358564 
0.11477115463460874 52.20569646882544 180.99257500049555 247.44020319963283 0.6431321507707017 
58.10731878574338 0.0017042864195705998 1484.8625234214792 1349.6298768858621 604.1217077811484 
52.34409433938964 0.540303398274691 738.3602432365944 450.87476695870527 315.1227482638055 
0.05230849689154282 55.10407565618306 0.6868389075330348 75.07135010561083 4.72637958588755 
52.97722648513334 0.11590383169317586 1470.9886744884393 641.2431926732968 283.68489811950195 
6.161202396030287 55.167404296209824 318.5422621156872 333.9482077686908 0.23250455318119378 
53.29235211107272 0.2813717340252949 1364.0973473525928 430.183368094509 366.8153274028378 
0.11477115463460874 51.71608465452823 25.97858309533256 247.44020319963283 58.813696827134436 
0.050972343218765204 51.22838983456102 41.80900985237607 383.45279179851326 0.5017314916279207 
0.4155640061810183 55.69810241939787 69.48751090188883 158.44278229769887 2.289370004943943 
19.307560019940357 0.20553821741357395 884.1477799592209 531.5869766536441 308.5474263974347 
0.021225033186814235 56.99320462796382 6.358959445111612E-4 126.57490659357492 7.2613274537642 
3.924997375661372 38.49740440483674 271.9309398936244 31.612557915064286 4.418345869873283 
5.664713411326405 0.5475819697681219 1161.8351782226246 429.96795964504787 321.9551394924714 
52.34409433938964 1.4745852866215827 738.3602432365944 450.87476695870527 87.04819423041265 
0.050972343218765204 55.51871040137155 1.8626195812676016 214.15193613854086 7.6370925756812404 
0.3916699070663207 50.99734523317411 84.30610946919572 329.5395787511729 0.5017314916279207 
0.050972343218765204 55.08870169492988 41.80900985237607 2.0758332340277903 0.5017314916279207 
75.19377949512676 0.2685019532982835 1487.2857444863387 1462.456520831774 1002.8479040858224 
52.8864533213569 0.14836758745556594 1482.3055458330741 975.3959742293277 421.7590098334444 
0.11477115463460874 51.71608465452823 83.66557298442706 247.44020319963283 46.301136199673195 
52.58995136724359 0.14438641223067541 1483.220412442015 689.8591352343612 458.63264702411647 
52.114868214665094 0.3064580041930235 1480.8070762836269 1379.6952596678566 434.03837300078885 
0.02807723464820834 55.10407565618306 0.6868389075330348 297.2970655921497 4.146851808097646 
81.09733156142124 0.22973867249248342 1487.0588414835727 863.4228778233968 449.6649738925139 
32.29749215340342 0.0839635163544405 1481.1711493419652 752.1807128313034 423.8102148047043 
4.266407343694487 52.01420497827452 356.63478668022213 294.0313754137815 2.883893236624118 
4.266407343694487 52.01420497827452 343.9279444034667 294.0313754137815 2.883893236624118 
52.57806908530877 0.20533948964501944 737.7762910626587 641.2431926732968 321.33907658960214 
0.04182332459455057 54.893516348295876 41.80900985237607 16.363928715766548 0.6001082866629273 
1.0019612946562475 49.25786456878424 152.1854615470791 358.9111741696849 82.19366836907272 
0.050972343218765204 55.08870169492988 41.80900985237607 2.0758332340277903 0.5017314916279207 
33.08115087869646 0.0839635163544405 1481.1711493419652 803.9034226416755 423.8102148047043 
40.856912597703165 2.0537995980368002 1490.3495680613187 700.6087951035801 283.2324638596049 
1.2871585735932047 3.9255824189983954 626.3736065045152 450.2125854631903 89.50267315082887 
0.623996795398605 52.20569646882544 46.306545171151654 24.96498807272235 4.335497407039066 
78.61194213777391 0.23019714774116626 1478.062640247772 801.7957077940117 449.6649738925139 
52.97722648513334 0.11590383169317586 1414.636772947959 641.2431926732968 296.5021973609579 
0.5839989292605627 52.173014478693496 490.7350635489943 493.4581635432747 3.7995598765944996 
42.01530239163901 0.004973215219651134 1485.92311377544 700.6087951035801 310.4963087892845 
82.47804393901816 0.23035687946323105 1485.4703418985182 913.9135281145678 450.52719439062116 
81.15194764640468 0.040722352650513646 1487.0588414835727 831.7285092776515 449.6649738925139 
0.01443505843985593 45.89162602064384 57.810184965626235 11.135840390356726 4.3813176471997615 
0.5800228577363171 52.173014478693496 60.43490259805628 310.944958978709 3.953187641859224 
0.12056802432732266 52.501298434765594 86.33720164616632 253.09923732630844 0.5922678241482753 
1.0019612946562475 49.25786456878424 153.2800404764214 363.2695581424085 7.422995273016895 
19.307560019940357 0.20553821741357395 884.1477799592209 429.8020265245648 316.4172567611526 
0.09972515382095037 52.77947384666584 490.7350635489943 368.00188758445654 3.7995598765944996 
0.5800228577363171 52.173014478693496 60.43490259805628 310.944958978709 3.953187641859224 
0.3916699070663207 51.22838983456102 61.50817944088308 352.8287821112401 0.5017314916279207 
52.34409433938964 1.4745852866215827 538.0163256370065 398.7531893697544 86.22863582331773 
1.2871585735932047 1.3343648429052022 610.920478130512 450.29780370902137 15.43068994334459 
0.010220282051434548 49.1791619675043 91.76263569519976 2.0758332340277903 7.902135965562451 
