0.16369562447574598 49.91696436283516 0.48455520091768767 1.0436895275257827 0.9898365763126833 
73.51150266420045 0.2630757452241076 1499.229226284764 1460.2166797901154 1430.83707816239 
0.03441045150326208 49.91696436283516 0.48455520091768767 1.0436895275257827 0.9898365763126833 
73.51150266420045 0.2630757452241076 1499.229226284764 1460.2166797901154 1430.83707816239 
73.14410649839581 0.2631942539432276 1489.438580072767 1461.7023079741325 1074.467593529799 
82.3599349206771 0.4703306097117268 1499.9764639675855 1116.9682495651575 830.0556917932677 
0.7921480740921388 46.29611892998746 10.938399241329307 374.8530111439599 3.562766258128555 
53.88175897932195 0.25748370458904407 1489.82229337717 1054.6605347659304 817.107763379486 
2.0146511766556188 1.3543842962446906 603.7759335376925 366.6889585054106 284.420182897129 
0.2551595886990281 58.23175873088155 1.3339028153262902 102.50398793977034 1.007689727191253 
71.64476622554254 0.49976626926061873 1489.438580072767 1461.7023079741325 804.9331833136995 
0.3352944980354066 37.24832667849127 1.3042401048720182 83.79091560043193 0.5563802775624438 
0.17726654585568244 46.88390255864354 10.938399241329307 169.76784654108604 5.3470815486256935 
0.33874739168329915 50.74810566864182 101.12489616668257 4.895925034550032 0.2647267958632281 
0.005611477119756486 28.20355415917753 33.49548993944268 329.6009808574207 1.5277496939132384 
2.00451388298781 33.167008841016276 42.29974851607433 22.41662063628931 0.037833181808999417 
54.02872187770236 0.25730085348699017 1489.82229337717 1299.3313555035086 742.7013189024865 
0.08146459316540544 45.24476999207558 47.090622079733585 117.34426972679637 5.940850537241602 
4.705685126847179 53.36432376462112 0.48455520091768767 114.42708971176359 5.39445757310401 
77.54782392277266 0.121458058176103 1477.941858310775 786.0038307938462 649.6193378747563 
82.3599349206771 0.019906216152107005 1499.9764639675855 1116.9682495651575 330.67518833117094 
83.0 0.2684666355491303 1499.9787774820848 630.4089075561134 278.6462109547254 
70.14310976412251 0.04864942710760989 1360.5820105602704 454.664988275793 336.4288519363334 
0.9835622052073507 49.90387644871259 274.63109326953395 335.98571549471967 0.5899388819266872 
0.4380347013287269 46.4632578484912 46.11344138621493 13.282187712488906 1.015014699991326 
36.12399725393544 55.44627303493444 1496.5622154298949 552.3541438887821 279.16828936899094 
73.14410649839581 0.2631942539432276 1489.438580072767 1461.7023079741325 611.4546252930334 
1.3935866015462386 47.27415090588565 202.47754923384346 329.4292743598399 7.700592090160121 
1.9389840999262553 51.783993299401075 45.14909710267244 411.89142715480426 5.385346402815799 
1.4679846557572702 46.52619096910658 10.938399241329307 285.1499697752233 5.3470815486256935 
0.23229774546221527 45.052532234415764 832.6780497886803 329.5517299447421 313.87238855631574 
0.07807216060980882 42.29731729128857 703.4424860085489 414.84644931201456 0.9636018142340808 
1.838735267692826 49.66166597715197 7.379932324458684 7.142351650581844 5.9904854046383065 
30.39053772074091 0.12564310404638002 1496.5622154298949 552.3541438887821 439.64899244512816 
0.354477077667555 47.27415090588565 249.7654839931963 261.7932974467514 94.8008619156234 
1.9389840999262553 51.783993299401075 20.558325451376692 411.89142715480426 4.981260437478626 
21.8748251975124 0.28419699501886075 683.1403148668528 425.5875145905287 248.16706083135497 
82.78283229994048 0.02754883420062513 1495.4739452949289 677.0019045342249 438.26654321647777 
53.88175897932195 0.7902244855443301 1489.82229337717 780.5922105605955 417.735277747817 
77.54782392277266 0.121458058176103 1495.4739452949289 794.4857790050455 438.26654321647777 
0.16291597119117848 63.9496258593952 26.02984079946063 379.1065558844989 0.7536825310746323 
38.8450952584095 0.2570663705303813 1467.1865944048395 1275.9059451558019 847.2876915037604 
0.0691483532233601 48.290359517128664 516.9090824032253 222.40332024332253 5.480640520404031 
0.06448161018767158 48.278041325233 367.4917615909452 236.99111613919246 2.936155187411251 
0.27514090708365413 49.620105632966414 2.0717258478542 276.4261388086144 1.9936683079569155 
1.1380123797785089 0.21712594313732403 1048.4970019563934 467.1145414795308 36.17284428924904 
0.08217880735585245 44.818828549411734 613.6901331302604 386.252951343029 1.6121770762744152 
0.3451303234554763 49.97857249998086 1.8399859996191168 193.43280486366763 0.6463397242189663 
0.06448161018767158 48.95012448070345 369.8438577793238 391.1676201063858 2.936155187411251 
54.16658814680454 0.204711129070124 1499.7778821674192 885.1109363031599 807.7209736442248 
0.3432745932091459 48.290359517128664 19.322931471183352 234.3152227840772 1.0216454160278987 
0.33874739168329915 48.181425448177265 142.9928277025716 422.4588948142068 0.06449552584311558 
0.009713587061157103 0.11781651953024275 366.12820380120615 404.1949940090472 159.5362969234459 
0.33667476056544515 49.91696436283516 230.12221971809106 388.5343931651837 14.44720724276956 
0.009713587061157103 0.1184603600116094 1211.2382742924033 471.8961110953757 171.0664004797062 
0.19861925840031003 52.21367877784393 10.472829561574674 276.4261388086144 5.39517197694642 
0.7921480740921388 46.29611892998746 8.310046273313528 402.3578231816472 3.562766258128555 
0.08194839616422286 57.57668856755991 46.74405473135354 191.53611097216597 1.0307825386338547 
0.7921480740921388 46.94607149280506 26.80050035535855 12.48747620159412 0.717676904583842 
0.009713587061157103 0.11781651953024275 1211.2382742924033 471.8961110953757 171.0664004797062 
0.26499541412046757 49.97857249998086 1.8696487101989923 328.8265942456202 1.0316601806366865 
4.787437620286767 36.99706446369754 310.0085216185025 333.69461101689564 208.89566664873252 
0.009713587061157103 0.11781651953024275 914.0733664973804 471.8961110953757 171.0664004797062 
0.030286509235981862 38.679283167017175 29.947893334005016 241.05907944891905 5.63235365555325 
0.2551595886990281 58.27470110866351 105.24867030719543 344.7749179978012 0.2966110920238645 
1.091914141851241 9.385646635597674 1084.0264475276222 415.1696112167813 6.1172524358664475 
0.8247221551602673 49.78143179373864 0.48455520091768767 1.0436895275257827 3.4488260028700624 
2.0146511766556188 30.15520189651928 500.3440927385803 387.4741946988889 5.529448475856507 
0.38117241566902815 46.88390255864354 10.938399241329307 155.0777428220696 5.3470815486256935 
2.0146511766556188 32.03686150306953 287.77805718096533 391.3026654404925 6.337464111185964 
21.8748251975124 0.28419699501886075 1235.4666073059793 481.6817393617195 248.16706083135497 
42.25468396324217 1.451286046949484 1495.5135306670998 983.4810094734048 401.6873196623592 
0.030286509235981862 47.99732165734902 29.947893334005016 241.30350019938894 0.5761970385048629 
38.975186313319476 0.10800659035692162 1219.5124145244251 485.4273238610815 302.036778021809 
38.65325654768668 0.12564310404638002 1496.5622154298949 552.3541438887821 304.6608742876564 
1.1380123797785089 0.21712594313732403 1048.4970019563934 468.1245333622848 304.6608742876564 
0.26499541412046757 50.213267038522226 1.8696487101989923 206.74307680662622 0.689836276903927 
0.24184907200608738 45.24476999207558 47.090622079733585 320.9153792601421 5.940850537241602 
1.091914141851241 9.228296739655638 906.0947301603712 415.1696112167813 154.96500671142252 
3.8467115191307784 0.21744136230123118 1384.805760317381 467.1145414795308 364.83344603358705 
0.33874739168329915 48.181425448177265 142.9928277025716 410.2408635928283 0.06449552584311558 
0.16291597119117848 63.9496258593952 52.11946858900809 191.53611097216597 0.9904029043137067 
45.07130166250778 0.070520427310415 972.346345987205 408.7493437326201 302.5578693098175 
0.16369562447574598 49.403334967699855 0.48455520091768767 27.197349324084115 0.9898365763126833 
43.952394252888126 0.07646019070215722 1495.5135306670998 983.4810094734048 401.6873196623592 
0.7512984517303745 44.654989484067556 272.9075381035736 300.2696465025458 226.25369633536062 
0.7921480740921388 46.78941305514721 24.074057576914527 297.81643509178076 3.562766258128555 
54.02872187770236 0.25748370458904407 1489.82229337717 924.1110431586732 809.3061422767189 
0.3432745932091459 48.290359517128664 10.283874346739907 234.3152227840772 0.6463397242189663 
73.14410649839581 0.2631942539432276 1489.438580072767 1461.7023079741325 611.4546252930334 
0.7512984517303745 44.71066505530535 25.116745774861577 300.2696465025458 25.973043317794634 
0.7921480740921388 46.78941305514721 10.938399241329307 297.81643509178076 3.562766258128555 
30.712467486341637 0.08078466265259765 977.1046571252375 429.3330990898908 437.0248961414625 
37.71825514192084 0.023142952372501746 1495.9578271156176 556.8519666067143 209.65967968826223 
0.06448161018767158 48.95012448070345 400.1076201216565 367.8726851140997 173.86876624509569 
1.091914141851241 9.228296739655638 947.0466479450322 415.1696112167813 150.8621615604648 
1.7149751440842067 30.15520189651928 600.0067882906319 334.8882780431075 5.691461363092755 
22.862838588749174 174.57944465893914 697.7040152887892 425.5875145905287 248.16706083135497 
2.0146511766556188 32.03686150306953 287.77805718096533 391.3026654404925 6.337464111185964 
0.3451303234554763 49.97857249998086 8.891763153098715 193.43280486366763 0.6463397242189663 
