-9.309 4995.2118825762045 
-9.309 4995.2118825762045 
-4.883 4115.2118825762045 
-5.586 4251.2118825762045 
-6.499 4427.257871170161 
-6.084 4346.2118825762045 
-8.996 4929.2118825762045 
-8.356 4796.2118825762045 
-5.464 4227.2118825762045 
-8.089 4742.2118825762045 
-5.827 4297.2118825762045 
-6.649 4456.2118825762045 
-5.329 4202.2118825762045 
-6.169 4363.2118825762045 
-5.634 4260.434445364237 
-9.182 4968.2118825762045 
-8.283 4781.257871170161 
-6.016 4333.572411146103 
-5.376 4210.2118825762045 
-4.994 4137.2118825762045 
-5.059 4149.2118825762045 
-9.108 4952.2118825762045 
-5.724 4278.2118825762045 
-7.175 4559.2118825762045 
-6.269 4383.2118825762045 
-7.108 4545.2118825762045 
-5.243 4185.2118825762045 
-9.226 4978.257871170161 
-8.846 4898.2118825762045 
-6.713 4468.526422552148 
-6.211 4371.2118825762045 
-6.425 4413.2118825762045 
-8.663 4859.2118825762045 
-6.861 4498.257871170161 
-7.64 4651.572411146103 
-5.713 4275.572411146103 
-6.861 4498.257871170161 
-5.447 4224.434445364237 
-7.913 4706.2118825762045 
-8.426 4810.2118825762045 
-7.851 4694.2118825762045 
-9.068 4944.932939716 
-6.939 4513.2118825762045 
-7.974 4719.2118825762045 
-6.35 4397.2118825762045 
-7.851 4694.2118825762045 
-7.974 4719.2118825762045 
-6.323 4393.2118825762045 
-7.266 4576.2118825762045 
-6.581 4443.2118825762045 
-6.581 4443.2118825762045 
-4.942 4127.2118825762045 
-5.911 4313.2118825762045 
-9.283 4990.572411146103 
-8.744 4877.2118825762045 
-8.539 4833.2118825762045 
-7.757 4674.4804339581915 
-7.441 4612.2118825762045 
-4.919 4123.2118825762045 
-5.204 4177.2118825762045 
-8.896 4909.2118825762045 
-8.471 4819.2118825762045 
-7.515 4626.257871170161 
-8.16 4757.2118825762045 
-5.11 4159.2118825762045 
-7.68 4659.2118825762045 
-7.384 4601.2118825762045 
-6.758 4477.434445364237 
-7.064 4537.201491097987 
-8.795 4887.2118825762045 
-6.758 4477.434445364237 
-5.863 4303.2118825762045 
-7.489 4621.2118825762045 
-8.585 4844.2118825762045 
-8.573 4841.4804339581915 
-8.795 4887.2118825762045 
-5.946 4321.2118825762045 
-8.235 4772.2118825762045 
-8.626 4851.4804339581915 
-6.981 4520.303859764115 
-5.88 4307.434445364237 
-7.352 4595.2118825762045 
-7.758 4675.257871170161 
-7.758 4675.257871170161 
-8.928 4915.2118825762045 
-8.928 4915.2118825762045 
-7.293 4582.2118825762045 
-8.102 4747.201491097987 
-8.513 4829.2118825762045 
-7.591 4641.2118825762045 
-7.015 4528.2118825762045 
-7.22 4567.2118825762045 
-8.436 4812.2118825762045 
-7.591 4641.2118825762045 
-7.293 4582.2118825762045 
-7.352 4595.2118825762045 
-5.127 4164.2118825762045 
-7.22 4567.2118825762045 
-7.41 4605.257871170161 
-6.751 4476.2118825762045 
