-9.309 4995.2118825762045 
-4.873 4114.876559643827 
-6.495 4426.2118825762045 
-5.996 4330.257871170161 
-8.005 4725.2118825762045 
-5.607 4256.2118825762045 
-4.917 4122.2118825762045 
-7.55 4633.60800826184 
-8.068 4739.2118825762045 
-5.513 4236.2118825762045 
-7.155 4555.2118825762045 
-8.397 4804.572411146103 
-8.774 4883.2118825762045 
-9.028 4936.2118825762045 
-6.295 4388.434445364237 
-9.137 4961.2118825762045 
-8.172 4758.2118825762045 
-5.059 4149.2118825762045 
-9.106 4952.257871170161 
-5.928 4317.2118825762045 
-6.083 4346.2118825762045 
-7.787 4681.2118825762045 
-8.606 4849.257871170161 
-5.173 4174.014525425693 
-6.576 4441.434445364237 
-8.49 4824.2118825762045 
-7.41 4606.572411146103 
-7.473 4619.303859764115 
-7.858 4695.572411146103 
-7.932 4709.2118825762045 
-5.307 4198.572411146103 
-8.328 4791.572411146103 
-6.809 4487.2118825762045 
-9.046 4941.2118825762045 
-8.124 4750.2118825762045 
-5.784 4288.2118825762045 
-7.33 4590.2118825762045 
-6.194 4367.572411146103 
-7.005 4526.434445364236 
-8.816 4891.434445364236 
-5.674 4268.2118825762045 
-9.207 4974.2118825762045 
-6.654 4456.2118825762045 
-5.373 4211.2118825762045 
-5.003 4139.6183997400585 
-7.835 4692.2118825762045 
-7.923 4708.257871170161 
-5.373 4211.2118825762045 
-8.257 4777.2118825762045 
-5.902 4311.2118825762045 
-6.267 4382.257871170161 
-5.821 4296.526422552148 
-7.727 4670.303859764115 
-7.613 4646.247479691943 
-5.003 4139.6183997400585 
-8.903 4910.2118825762045 
-6.621 4450.2118825762045 
-8.941 4919.2118825762045 
-6.696 4465.257871170161 
-8.851 4898.6183997400585 
-7.677 4658.2118825762045 
-8.55 4835.6183997400585 
-5.65 4263.2118825762045 
-7.598 4643.2118825762045 
-5.106 4158.2118825762045 
-8.257 4777.2118825762045 
-7.662 4657.247479691943 
-8.941 4919.2118825762045 
-8.439 4813.2118825762045 
-6.376 4403.2118825762045 
-6.421 4411.2118825762045 
-6.376 4403.2118825762045 
-6.145 4359.434445364237 
-8.707 4869.572411146103 
-8.707 4869.572411146103 
-8.548 4835.2118825762045 
-8.303 4785.2118825762045 
-6.421 4411.2118825762045 
-5.106 4158.2118825762045 
-6.853 4496.257871170161 
-8.878 4905.2118825762045 
-7.261 4575.2118825762045 
-6.977 4520.2118825762045 
-6.132 4356.2118825762045 
-7.228 4569.4804339581915 
-7.077 4539.4804339581915 
-5.455 4226.257871170161 
-5.455 4226.257871170161 
-6.757 4477.4804339581915 
-7.056 4535.572411146103 
-8.633 4855.2118825762045 
-7.228 4569.4804339581915 
-6.773 4480.2118825762045 
-5.26 4189.699985449751 
-6.094 4348.303859764115 
-7.261 4575.2118825762045 
-5.741 4281.2118825762045 
-5.231 4183.2118825762045 
-5.858 4303.2118825762045 
-7.745 4672.6183997400585 
