0.623 2834.0 
-0.567 6057.0 
0.623 2834.0 
-0.567 6057.0 
-0.563 5703.0 
-0.566 5933.0 
-0.275 3498.0 
-0.242 3450.0 
0.515 2904.0 
-0.546 5010.0 
-0.526 4599.0 
0.119 3152.0 
-0.551 5137.0 
-0.538 4786.0 
-0.449 3975.0 
0.546 2886.0 
0.239 3085.0 
-0.008 3234.0 
-0.564 5797.0 
-0.485 4171.0 
-0.475 4114.0 
-0.386 3728.0 
-0.533 4713.0 
-0.455 4039.0 
-0.04 3252.0 
-0.497 4268.0 
-0.561 5578.0 
-0.565 5849.0 
0.059 3191.0 
-0.211 3403.0 
0.483 2924.0 
-0.531 4657.0 
-0.127 3321.0 
0.415 2974.0 
-0.226 3419.0 
0.039 3203.0 
-0.543 4867.0 
-0.468 4068.0 
-0.104 3302.0 
-0.328 3570.0 
0.433 2961.0 
0.589 2860.0 
0.6 2848.0 
0.086 3171.0 
-0.545 4951.0 
0.288 3049.0 
0.314 3030.0 
-0.17 3359.0 
-0.519 4489.0 
0.021 3219.0 
-0.356 3654.0 
-0.556 5306.0 
-0.557 5383.0 
-0.297 3514.0 
-0.073 3280.0 
0.209 3105.0 
-0.089 3297.0 
-0.553 5183.0 
0.147 3137.0 
-0.554 5234.0 
0.217 3096.0 
0.392 2981.0 
-0.424 3876.0 
0.475 2931.0 
-0.19 3381.0 
-0.505 4357.0 
-0.509 4405.0 
-0.513 4435.0 
-0.487 4231.0 
-0.31 3561.0 
0.265 3068.0 
0.005 3222.0 
-0.56 5569.0 
-0.375 3688.0 
-0.544 4900.0 
0.171 3127.0 
0.183 3110.0 
-0.559 5491.0 
-0.558 5408.0 
0.081 3179.0 
-0.353 3638.0 
-0.154 3343.0 
0.36 3003.0 
0.453 2943.0 
-0.559 5491.0 
0.34 3012.0 
-0.437 3918.0 
-0.059 3272.0 
-0.406 3794.0 
-0.555 5279.0 
0.37 2996.0 
-0.429 3910.0 
0.565 2874.0 
-0.341 3602.0 
-0.184 3376.0 
0.28 3053.0 
0.383 2988.0 
-0.142 3332.0 
0.45 2944.0 
-0.051 3261.0 
