74.27219454961869 0.11583420151794438 1496.2266236281655 1481.7455847770855 1172.3462533627971 
0.3077954605204296 55.198957082427675 7.002046328560769 1.1402775071197837 0.7336077540783141 
0.3077954605204296 55.198957082427675 7.002046328560769 1.1402775071197837 0.7336077540783141 
0.3077954605204296 55.198957082427675 19.89715050161641 307.08783289344234 0.7336077540783141 
1.5071818585169954 54.80530946628951 15.357081967419305 175.99779505113867 10.563008434985534 
0.27500922304339664 47.85023260587669 356.1359872596107 308.878979921079 52.13238410318908 
82.0 0.1108207085674723 1487.566565503287 1488.111476081041 878.3756615508098 
82.12208468481467 5.2223073722979585 471.5709292469892 383.967429384262 406.5718444142667 
1.0654738882473902 55.569589733221584 23.00664423674693 383.37871058347355 14.433915322201834 
10.908759357744499 47.39815173524695 355.3406800970339 387.43966575908627 112.35431287038121 
0.9461568209488256 40.865279826778675 173.00110739773123 375.3199556562738 2.7791766885501814 
0.24017845328404624 55.29807269603847 81.94718068681124 80.64062481063985 13.876565250232517 
62.82278157161806 0.17917224435412232 1486.9823029033842 1465.5855693508067 820.5228892299859 
67.31659023137172 0.1488312948179562 1481.558681533401 1334.7857510934248 370.9085049680126 
14.94604031402115 0.1532630245013209 667.7450493886658 294.9199577491718 1.1866053381563089 
0.14588184051433994 54.66741484401041 7.002046328560769 113.76283670819203 7.312202946282248 
15.830801757680987 0.08432346113310943 667.7450493886658 395.42189506705546 1.1866053381563089 
0.5606110556115358 59.916513420103726 478.37859608717935 298.5929094210592 4.644854513219367 
1.524476957063049 55.039480470463104 56.94304961438047 249.346938893119 12.32221896391622 
11.54202029269311 43.19398418699559 541.4483240962581 335.87763323478305 6.333986831769828 
0.24017845328404624 55.29807269603847 240.46303368729968 59.65406437852084 13.040177443752963 
0.2727277316448977 44.37758317183435 339.5540197624125 305.7328259749576 3.128739201223066 
7.466730912179795 53.798941988361804 189.28260691797664 383.37871058347355 2.7110177408674043 
0.2533175216865517 55.35375683827846 88.67224249812428 297.6906525984186 2.4262699453502403 
64.34225410674176 0.10818294715730777 1486.5692250067425 1354.7295849513164 557.0490687308172 
39.574162622135496 0.13327812378387807 901.4233974665299 381.4229327237332 233.09183000579924 
60.48953849935844 0.1796662829670126 1483.9173130713152 1463.903522094413 557.3152740063528 
44.43568943352366 0.019087558983809753 1045.0300935516007 416.6496831953913 237.49016422210724 
61.57934649594456 2.0015996704405623 1420.9170134700512 497.87727943231835 368.3283639627864 
47.02653532088769 0.2996039750830154 1483.9173130713152 1207.948248587451 557.3152740063528 
2.0427552693840862 50.330093865650866 59.68024667022718 209.24852928694716 0.6896725730669098 
2.054647816051952 54.48460931460608 376.362474140516 191.01253781478147 9.17026805620608 
77.68070745135925 0.09430514714713362 1494.1743972183108 1051.408517697239 492.0552142887408 
39.574162622135496 0.13327812378387807 901.4233974665299 336.22770679523774 233.09183000579924 
17.323232695099534 0.16411928809285284 694.5989996192425 327.17530112896975 1.1866053381563089 
2.1253591849250704 48.509132174225336 134.24942572548937 289.3035172086775 3.07885610590178 
61.84055911211678 0.17917224435412232 1499.8597620839498 1465.100771688463 572.1656181121356 
42.699264948909274 0.019087558983809753 1004.1066725148709 408.0407240290393 233.98264872847787 
0.18024267528003823 55.15220782450631 23.00664423674693 309.0750588882102 18.35703000669092 
26.69855924845541 0.08432346113310943 667.7450493886658 374.6057041830053 284.29062463202126 
76.29173110082061 0.10200477056303951 1479.4960458301398 1100.136128069768 506.1088290322449 
11.54202029269311 43.448301191929595 541.4483240962581 335.87763323478305 111.1714733949465 
69.00342326824828 0.03147825838677207 1465.8089127808514 790.7968467454928 366.2568936933505 
1.6580723844462186 55.07499277880787 372.19296969911005 335.87763323478305 6.440894133718128 
82.0 0.10823625988909313 1486.5771047721905 1204.8370007707247 369.37118748368346 
0.26728774713639425 54.80675731211077 74.01809585673828 383.37871058347355 2.7110177408674043 
0.15567929018487484 54.07250906598652 7.002046328560769 62.1586437209284 0.7336077540783141 
3.0360502735785135 50.07438621499625 26.533985470828178 86.00759655280484 0.7009112159945499 
2.637362810427881 55.942775973605265 288.2580624649645 383.3530531213514 79.87001149377525 
0.270071938188881 55.29807269603847 74.2490880048794 2.5239006088470717 13.410705361889367 
34.36451381491542 0.13327812378387807 1194.9095130455837 384.54402007963637 233.09183000579924 
0.2731512281922881 54.77044805861177 247.1863335323745 290.05496977142207 3.595945004442974 
0.2676420429433727 54.75096340067276 28.45098264760819 398.1711815044924 2.265924613639072 
0.34511365250699066 54.59460998287525 5.1197132561502094 232.09366988641324 12.793727781577672 
61.84055911211678 0.03732292275276744 1485.3971294626435 1409.112385435427 362.1416998691062 
0.2533175216865517 55.29029391448289 259.7337321735221 297.6906525984186 3.5880852648322685 
0.3077954605204296 54.66741484401041 7.002046328560769 16.700174267111407 3.2716934743546435 
82.42743937985155 0.11341139373224368 1487.6509497855657 779.5018444026426 584.3967028881017 
45.198938366838235 0.1796662829670126 1483.9173130713152 618.3626929902186 559.715249959166 
2.2365681505671944 2.983602476975957 1491.2093531797036 627.366156999251 224.8191793368798 
72.3909640243324 0.03147825838677207 1465.8089127808514 1018.102113703053 385.30327944585775 
28.43885556818413 0.03147825838677207 913.1203732315519 622.4276315292923 220.7863286171805 
1.5245523671217498 54.80530946628951 50.60153054691244 6.430761535845207 14.047940423228086 
3.0360502735785135 51.028022175850765 10.378801771997278 86.00759655280484 0.7009112159945499 
0.2729192888491373 40.84637763529412 84.08445774471758 283.09062247264796 13.350366864727032 
72.3909640243324 0.03147825838677207 1465.8089127808514 953.4569636435768 366.75466769977874 
0.4360119383315535 1.8335858248193517 1470.2307369815019 427.1992216827142 258.7523096676433 
0.4343908836156537 54.80530946628951 50.60153054691244 175.99779505113867 3.427226078717169 
71.66456813037146 0.056214943955524066 1157.8212408876852 427.1992216827142 280.0611498444288 
81.42840759340751 0.4099922528523343 1157.1206955669008 541.3228973656549 414.6335194175847 
1.0274100077786845 55.172878429880996 106.75873261763702 1.3296211261540236 0.8146329413155522 
2.9328881047585504 51.43423038287079 456.0603672534761 362.0007475013078 168.70302656325612 
0.1446617458247689 54.989872303218775 15.143352354319386 71.52606489762817 1.8869835142576674 
25.63196418969936 0.14727688138466177 1157.8212408876852 541.5236326726173 286.78218556630776 
2.9328881047585504 51.43423038287079 605.2563186184458 417.0872570106355 168.70302656325612 
60.87050700757343 0.03359802848331413 1463.9793688862046 778.4253878441516 578.1979854168756 
8.000684776765407 55.29807269603847 39.77651134591764 383.3209999950047 13.876565250232517 
0.3077954605204296 54.66713776191318 620.4086204616026 365.7304017021738 3.2716934743546435 
0.3077954605204296 54.66741484401041 7.002046328560769 16.700174267111407 3.2716934743546435 
0.2727277316448977 44.37758317183435 324.85750133525585 305.7328259749576 3.128739201223066 
0.29041575916022455 49.372410606811215 388.27780191464126 382.7334319962034 19.93819793473717 
72.3909640243324 0.03147825838677207 1465.8089127808514 963.0091370689797 385.30327944585775 
0.2729192888491373 41.03506091253745 84.08445774471758 282.0955991332865 13.350366864727032 
1.4157406442622729 3.254283455385089 987.6682071715495 424.5236452650661 238.2147391221251 
61.822063061101154 0.14193019985948624 1499.7636522709986 968.4735270975066 553.7307412281165 
2.994958408816899 54.80530946628951 212.4430824346533 1.9062371964674867 36.161378545000616 
0.2729192888491373 40.84637763529412 244.24521794507427 298.7338339925557 13.350366864727032 
0.8623671394234922 48.509132174225336 134.24942572548937 289.3035172086775 3.07885610590178 
0.2697966864784035 53.56681487430466 36.375028987386216 242.64662918096985 13.356232811328177 
2.1311978367250077 57.3842192833729 128.4047158979722 87.3399498341251 0.5355725119886143 
3.1303018229347486 55.29807269603847 39.77651134591764 1.3834690765178408 13.876565250232517 
0.2697966864784035 53.60656794111227 36.375028987386216 242.64662918096985 2.4729810775906342 
25.63196418969936 0.14727688138466177 1157.8212408876852 541.5236326726173 286.78218556630776 
51.60318494704486 0.023889221443093238 1486.1763925639839 792.8985070967356 258.4734916313906 
1.4157406442622729 0.019087558983809753 987.6682071715495 424.5236452650661 232.02251067580573 
0.22594441091435624 55.23429855026081 74.2490880048794 315.9383548228065 13.410705361889367 
2.5363859178371646 50.88396168800587 15.143352354319386 71.52606489762817 1.8869835142576674 
72.83391082156851 0.19541874986466146 1470.2307369815019 427.1992216827142 275.8398405711886 
0.2533175216865517 55.29029391448289 250.22351093266332 4.020377492334518 3.5880852648322685 
0.37999505855457905 55.073799324867124 388.27780191464126 389.1868990109732 22.315678553215882 
