82.0 0.37808305443270257 1488.8093585045847 1464.4236321000194 1339.6494231852876 
0.20990662295968318 57.27207443509903 2.0383165634044182 1.2941517168098624 0.36698286116852064 
0.20990662295968318 57.27207443509903 2.0383165634044182 0.6628204636778343 0.36698286116852064 
82.0 0.37808305443270257 1488.8093585045847 1464.4236321000194 1339.6494231852876 
0.12158309494283825 46.00759634874859 22.95064434491743 331.18201305197977 4.812646150910716 
65.51261245333177 0.25918590640016714 1492.3939911524758 1408.3321416081183 554.2205937818101 
0.0478528989844266 57.09401889379089 13.398797790964622 308.9126475044585 2.3684642331647234 
0.051976720235153095 2.490138813692937 805.4761823834683 342.70153967588504 142.00436154603568 
0.55183049177211 47.57535419253503 55.59567155580902 376.63476456966396 9.351485653538628 
0.013717953613198608 92.48925883168218 85.0558835532641 20.06525360268921 52.30760262957648 
0.04241560864978304 48.209906585909785 61.006828238576986 36.82515989925837 0.3431660015078821 
67.34209830497828 0.5367071368896398 1484.7751560583476 706.6562096201715 343.1003841612652 
0.05838791569396007 13.396722958097634 735.6706071930394 396.0837116200081 55.015146634364235 
0.2181287835846637 48.209906585909785 186.6843922622545 36.82515989925837 0.6717276092568545 
65.13109665684065 0.23007399145057705 1492.193043697623 748.3765894959638 451.16091346001804 
77.01795660601675 0.1359598027983253 1492.3939911524758 1256.7850519350445 1308.9365479456324 
80.86928433373652 0.37808305443270257 1488.8171310445055 1429.459315566732 1198.6657919329768 
65.13109665684065 0.23007399145057705 1492.193043697623 1281.1721965482382 452.2142540758034 
0.05838791569396007 46.432312185583186 2.1067594946036023 398.20771506142194 3.028486523682986 
51.51420713096716 2.490138813692937 805.4761823834683 342.70153967588504 142.00436154603568 
5.134360555201316 0.2692732863016971 1320.4624972716483 426.7168092687251 270.4813061577498 
66.19643213904912 0.15132261851352322 1477.4244932179856 850.47610025254 633.5186530857893 
65.3347620974098 0.3563467789317113 1487.4123395462914 530.8094118525166 291.88158333607055 
64.4445098303116 0.38077080151012305 1483.1673569699863 426.7168092687251 247.84052571527536 
0.4854496179821033 38.97641687054418 28.169894455882186 126.17560352502277 1.9994680868193804 
64.43276086164715 0.3817377353301124 1470.652457586991 1395.2633425729757 1228.7192725937703 
67.77933674478729 0.38098489517515227 1476.267311015252 820.7578030379489 414.4168909659378 
0.44038725266460665 48.1064445097732 11.44017215944356 28.114256100498437 0.08166732522894894 
66.21198993655912 1.0093809944176932 1433.6823573918014 609.8750784707411 364.7896387871965 
2.4304679463230894 37.684814735141934 377.6920082133271 366.31023738436403 11.595383718541385 
0.2181287835846637 48.11285939966875 34.692056727240924 36.82515989925837 0.03915589733039093 
0.12158309494283825 44.28938136450658 305.4226830960654 300.999950865367 4.93191057462843 
0.720497867445073 45.532197422126885 32.3500051489971 414.2142689536331 2.432341323667348 
0.4379754556295299 47.57535419253503 2.2562369331463934 178.94895005415782 7.803939595084557 
0.05838791569396007 13.396722958097634 494.4776879194358 396.0837116200081 55.015146634364235 
7.022601247688149 0.307596760786808 809.9951336085184 413.3027199172432 289.00982947074056 
0.09734652736044407 55.80916996100828 0.5122034989032542 243.44410791059718 0.4482864058591031 
37.943217528669535 0.06361025565852743 1477.4244932179856 843.2795143950186 633.5186530857893 
2.5591804622578787 37.71168280985046 409.4636499076287 366.81651093193955 4.786156972906905 
0.03689639557656621 43.944360105939985 139.43933050834679 387.8191219886143 0.06377720150986654 
67.77933674478729 0.22809026564592216 1475.377302080802 1186.438284331701 468.11508616033905 
3.75680195784987 46.05682417771796 482.9052978264816 334.82391378235604 4.8760427081251265 
64.99480958344054 0.1610799936285332 1479.510640360083 1356.632835898263 470.92781588592493 
0.2217974577508657 52.88692390220596 210.9546618321453 395.2130208750872 54.783285377820306 
0.20990662295968318 57.27207443509903 26.058642721672133 1.2941517168098624 0.36698286116852064 
82.00528328517888 0.18970735729745886 1290.7786673984938 439.7543926978497 220.91147679244887 
0.06560886644898031 44.331715318299445 82.05177493168547 80.72468932950417 1.3085992692531256 
3.75680195784987 17.32441575617328 482.9052978264816 334.82391378235604 4.8760427081251265 
0.015759042207089707 44.54606511317372 14.087556450237003 165.1805962036849 0.5243370239781457 
2.329084494415362 13.879640142466958 669.0091118862276 406.8823371491628 55.015146634364235 
2.4436146031156802 44.32683286049686 322.04851676145086 366.31023738436403 0.6610092105513772 
0.0478528989844266 57.09401889379089 34.55569272825224 288.36797164054894 0.33333611069389385 
0.18331104522266184 45.77481385504865 16.47966072562088 198.88982842962054 0.04448054193884504 
27.339405481936616 0.22740804848723906 1061.129487022918 340.1892037505337 263.93531596688183 
67.8361209142811 0.376308799366465 1488.4874632685683 1039.810871736836 566.2683022836391 
68.71134511729028 0.376308799366465 1488.4874632685683 1059.5251047636687 566.2683022836391 
0.0979661456476196 55.68015174255422 19.30891342309864 349.81097962794433 0.5314031376578612 
0.2217974577508657 43.665106612161175 138.9691316357312 140.01657882334965 0.3134223359119738 
65.13109665684065 0.23007399145057705 1492.193043697623 1215.9194331981305 452.2142540758034 
0.03689639557656621 43.963711200275284 89.66367528975628 47.02571406588475 0.10402682642413641 
65.82309686428174 0.376308799366465 1488.4874632685683 964.8610922521268 566.2683022836391 
56.82979089757723 0.9316263810698224 1061.129487022918 484.9561851549855 0.3785538669215951 
10.62495111254107 47.5625896172361 672.9580510377841 342.70153967588504 142.00436154603568 
2.4436146031156802 37.684814735141934 322.04851676145086 366.31023738436403 68.4730300022363 
62.803342769115076 0.3563467789317113 889.1955495731763 529.8383446672435 328.54248118650156 
3.555046007002013 45.722807548250124 590.860119731775 399.7772243017673 61.72348501768583 
0.18833501536005204 46.14804864227741 80.35588610569724 229.59869935898206 0.04448054193884504 
67.77933674478729 0.1957870579359934 1492.2876509781602 1381.4128172117942 466.63619306063464 
0.05838791569396007 38.42123163898931 494.4776879194358 400.50557415421144 55.015146634364235 
0.4854496179821033 46.37888908161029 28.169894455882186 35.494043769589915 0.5501311128415938 
0.09495123695570262 38.43543397976769 593.7276204504809 415.372645850513 0.49626076300098204 
2.4304679463230894 28.98341363664352 496.91484665026445 366.31023738436403 11.595383718541385 
9.203637329855201 0.3783484575228186 1463.5998647033127 426.7145007498669 270.4813061577498 
28.32416367310278 45.60838705050952 1129.908454548975 340.1892037505337 263.93531596688183 
61.95120362872565 0.22740804848723906 1061.129487022918 483.6565597335063 270.4813061577498 
0.720497867445073 43.939244680737595 80.35588610569724 396.8022648233272 53.24592167483421 
0.11513529260072268 57.02874756250184 90.41652938540742 196.9309694268087 0.37655812549284506 
0.0478528989844266 57.087593776420356 46.69156004019693 267.03508633964077 0.03609436088698359 
0.12861663694538011 45.53491475826991 19.809438605435584 102.68680988806068 3.259270553150989 
77.01795660601675 0.1359598027983253 1492.3939911524758 1256.7850519350445 1308.9365479456324 
66.21198993655912 1.0111386321073077 1433.6823573918014 662.4082555354948 364.7896387871965 
65.82309686428174 0.376308799366465 1488.4874632685683 964.8610922521268 566.2683022836391 
0.05838791569396007 38.42123163898931 494.4776879194358 400.50557415421144 4.2121234323849635 
0.2217974577508657 43.665106612161175 138.9691316357312 140.01657882334965 0.3325055630653008 
65.3347620974098 0.3563467789317113 1487.4123395462914 471.9270521090412 291.88158333607055 
0.1368122773695219 44.88545710341149 2.994300816241024 267.65768032824633 2.481510619641697 
67.78780775128075 0.4321623509608772 1484.7751560583476 460.4633302922166 289.32727041930116 
53.744499184131776 1.2689743039164583 809.9951336085184 413.3027199172432 289.00982947074056 
1.524910960251003 43.89498310043986 152.74340468266578 388.78534482628055 0.06433992960000018 
0.1860894037259454 16.359111598448912 662.5753032439753 406.8823371491628 11.516251705692305 
0.1278153677307834 45.63092239951234 20.13137938955961 1.2941517168098624 0.36698286116852064 
0.03354970218405473 37.6076336271822 32.2673761634083 366.29469370278093 0.8829498171410508 
2.443303021533448 37.888733678332244 238.7159144381772 347.95705843429823 150.43707618236328 
0.7939793494080263 3.7188125746288385 809.9951336085184 441.48330307865325 172.98270295894957 
0.11513529260072268 57.03517267987238 86.98326545547368 196.9309694268087 1.7262514846181738 
10.951066111607108 3.7188125746288385 809.9951336085184 413.8278119594767 172.98270295894957 
0.4379754556295299 48.203200126512435 2.2562369331463934 194.80185907966833 7.589504782359557 
0.18331104522266184 45.77481385504865 16.47966072562088 198.88982842962054 0.04395826722603419 
0.22581714034519434 45.83080479531497 139.37256045050256 197.00453878762346 0.10484960555243045 
0.2217974577508657 44.87543963844918 200.61348717483082 395.2130208750872 0.3431660015078821 
