0.08183782821544816 50.334850518162916 1.0672817744372054 0.5467659575566906 0.0935603886128511 
75.97988243619048 0.26899118931874366 1484.7298101005672 1497.203343095498 880.5543765061022 
0.08183782821544816 50.334850518162916 1.0672817744372054 0.5467659575566906 0.0935603886128511 
0.08601243875644103 35.27298092446585 117.09548167687313 128.3207674289925 3.27407304272357 
0.5118883845445508 49.79941039608642 70.82041391171839 365.795821235399 7.526827544946769 
0.08314642173480417 47.3832905297828 23.161562925468843 218.09275415820736 11.198089657630362 
57.147385612694045 0.20378479954805762 627.487768617844 393.4598721682271 161.03978301861008 
0.05252088298976701 45.56848004722852 179.09310110575257 25.06750602078523 2.251484043721007 
0.29119061980983885 0.4984348382377064 317.29718811494575 398.98175710414995 120.05723268775907 
0.11554667181546549 121.0194120640678 219.49750527060854 365.2313951197526 24.282410338117074 
4.637554470072985 0.4984348382377064 951.239595487809 398.98175710414995 120.05723268775907 
2.374454392027369 2.359088745658454 835.6019389860229 398.98175710414995 111.52734901010541 
68.48931276293058 0.4614962888334482 1484.7594005221063 1082.8775071985851 844.3147160101468 
69.36729610210017 0.22660781794130858 1497.715094739815 1060.5578709336964 551.7454311661592 
27.608985440641902 0.1460112209681711 1090.5886530974103 514.4243296009201 311.1147105731584 
0.08183782821544816 50.323242050804055 208.62241741725666 305.1185795420515 3.5063473565490044 
0.4736133547996513 29.71538844206993 162.50300562441583 319.442554809816 0.1655354458621301 
0.11894254127551451 47.63419665588751 229.99523138486026 343.14634986459373 1.192342248944124 
0.5118883845445508 38.68055886664719 70.82041391171839 341.1639246817126 6.287532553069888 
82.0 0.28853017620589394 1489.5710220968192 1343.0419000106867 863.6203557514923 
67.1677280415414 0.15106873129310044 1484.7594005221063 1308.6105268462707 880.5543765061022 
0.08314642173480417 47.3832905297828 58.576802998464466 218.09275415820736 2.9396118954350374 
0.12359177564847401 47.63419665588751 180.30289517227385 343.14634986459373 2.5765688212269025 
2.366518278232128 1.295778240238984 891.4615141798124 398.98175710414995 119.06653463135655 
80.63410387597946 0.2963426605102626 1479.1463910184052 1142.4575052958783 503.8008261517606 
8.298719847901417 0.1301802224213745 1034.7029875141457 527.6258006065364 265.0998489619274 
85.0 0.13541281460219617 1389.027494199763 503.1355664071714 236.13631944775238 
56.65601567897387 0.2936542640186598 1494.7952094437426 771.193235538423 333.70285650506446 
0.08183782821544816 50.323242050804055 1.0672817744372054 305.1185795420515 0.09389213248557615 
8.298719847901417 0.1301802224213745 1034.7029875141457 489.2936892009021 274.42181609774525 
0.08194758109660277 50.334850518162916 158.45457811457112 12.211958540321682 0.0935603886128511 
0.08183782821544816 47.33489829911107 1.0350035965057043 283.8694076081965 0.06394264573706909 
0.2134040993485935 50.93032762347111 453.69489928662637 299.8194109793126 3.40991175788256 
0.5603716968248047 47.02539875472944 760.1685239044372 350.9715662338849 127.57026003984268 
0.0451754382264883 47.05675091333281 0.5724411317464435 9.241903775388195 1.813068499145535 
68.4520360183658 0.2655374225322011 1484.7594005221063 855.1969676205254 526.1885640798176 
5.404755565125143 47.33489829911107 1.0350035965057043 285.5256220472561 0.06394264573706909 
74.07193793096799 0.14854079794999475 951.115916409337 398.98175710414995 274.09878275723855 
27.517559971852318 0.1460680736104923 1475.831332195126 533.5773389472927 236.13631944775238 
71.46787310029072 0.13541281460219617 1362.730327913705 462.5566404335755 233.16412370062082 
0.17548647219176317 51.06520890099001 3.7762731735169903 19.983967268512046 3.4240691624018362 
0.11554667181546549 47.63425611778328 4.030999380090066 178.82644671278032 0.9193298283811107 
67.84180959504666 0.2840895021923274 1363.7728994592237 760.0786319421538 312.9799536775481 
0.08430636417833111 47.38301220238635 47.03222652409665 128.89097302554654 2.6019235183021623 
27.563378070696615 0.1461039091535554 1090.5886530974103 357.42799583394697 297.2716540324331 
0.05331777063713753 49.55875813543641 434.4869333619689 341.88931823934763 3.2420283652037463 
57.147385612694045 0.20378479954805762 598.2628746797208 332.62918311892736 234.06633246540918 
45.05822867986985 0.027539495166166716 1495.7096869909315 990.939033981854 601.759453190864 
1.6633219895732387 47.038881781321344 66.38040673907689 123.83867586358417 7.185707337680292 
6.17766100377267 40.86056456826765 358.7004542697745 328.0402289507466 15.578677150055853 
2.5357393305410127 47.02808088983265 630.8238492920436 292.85061899109 221.81162556097678 
31.38335602456352 0.42216070413825885 1496.1865818599636 843.1000409961983 375.0917598334025 
0.13979967986385486 47.322171186407374 3.19402359433138 349.77088849158383 13.511896197295995 
0.14034875498273505 47.385143323585766 743.7236566840676 364.08548740141066 7.288892144621495 
35.29108421024202 0.1460112209681711 1161.470339263837 570.8891242832991 315.5650223446926 
80.45374462590028 0.6125367921687257 1492.423315980476 1264.7316516451644 551.4964142066675 
71.88658913170445 0.24876330897657506 951.2380587206583 398.98175710414995 120.05723268775907 
46.550174826032205 0.7816401840361253 1470.7368817235329 607.7714818689075 300.73371847136394 
0.08183782821544816 47.02808088983265 672.4321432242723 283.8694076081965 0.2498797229477061 
0.08956455434689398 54.759012610310364 3.962287629602603 61.07448548661789 3.682478737980629 
63.97498667440035 0.2492215231939765 1470.7368817235329 610.5778663135086 293.8299509266627 
0.5380205114782193 45.66228124603332 366.2776996375634 285.6977600932536 25.604259224993825 
67.12256137709583 0.2673358958406915 1484.7594005221063 1439.7846968412828 880.5543765061022 
67.12256137709583 0.2655374225322011 1484.7594005221063 1359.2737276290504 528.5806491813182 
0.11894254127551451 47.63419665588751 200.76465426149045 343.14634986459373 3.282525477574185 
0.11894254127551451 47.83408362674032 467.35467441531875 343.14634986459373 3.8472572416326187 
3.8410048744132954 55.23227591682378 10.136541909970727 308.976546541368 2.538856878286143 
0.05252088298976701 47.69212217158401 50.51535014929189 12.187188231682853 2.664521176450526 
1.6918854350794503 54.8061315233545 7.217307969416066 308.976546541368 2.4369636716764713 
0.08976797981729374 54.759012610310364 3.962287629602603 127.26117613028822 3.299377085627077 
7.495695203209703 47.12466369837901 712.1658034890022 332.62918311892736 152.8758308198931 
0.08183782821544816 50.334850518162916 158.45457811457112 0.5467659575566906 0.0935603886128511 
0.2213004500602494 49.84582943658396 2.2165421344526806 267.3380604767963 15.729336669936213 
0.05193278262371817 41.85716195835893 476.3424334537882 279.27889581491485 67.03716088258986 
0.10672030308326617 41.186306783380275 37.28607032792118 338.8780722303378 9.128512851995175 
0.17807452662179643 33.2967065165848 91.55615190727907 128.3207674289925 7.544016882640055 
45.05822867986985 0.027539495166166716 1496.678359862422 976.2659288201162 601.759453190864 
53.708040742923316 0.13901258823099866 1473.1080503531362 847.284344871364 532.4533077462652 
0.11894254127551451 47.63419665588751 2.3328926523367244 343.14634986459373 0.0425860358254333 
49.93603278771475 0.19587409970738934 1482.7490365157298 1004.2188924417028 383.77781260830426 
67.84180959504666 0.22588558987550442 1494.4682495226239 760.0786319421538 562.2986789650283 
0.5603716968248047 47.41355584405709 751.9984437851526 283.28841782726715 127.57026003984268 
0.054527626872568784 47.47524214056866 180.33825391226708 364.08548740141066 7.739169693494986 
80.45374462590028 0.22660781794130858 1492.423315980476 1264.7316516451644 551.4964142066675 
0.14103982321140826 55.13792182139558 16.61378668719601 65.70214917575211 3.229036919283158 
0.11554667181546549 47.386703921234385 4.030999380090066 235.2771529321609 24.282410338117074 
35.29108421024202 0.1460112209681711 1161.470339263837 514.4243296009201 315.5650223446926 
71.88658913170445 1.295778240238984 951.239595487809 398.98175710414995 120.05723268775907 
0.08956455434689398 54.759012610310364 3.962287629602603 61.07448548661789 3.682478737980629 
0.14034875498273505 3.271650104477999 751.5723930039587 383.70903930201564 7.288892144621495 
4.627298949016707 2.0182341585149572 490.3958037261149 319.442554809816 83.52680474539216 
0.5118883845445508 52.332690871187026 658.2285082425396 334.5821834035423 7.526827544946769 
0.14103982321140826 55.13792182139558 16.61378668719601 65.70214917575211 3.229036919283158 
0.2213004500602494 49.84582943658396 2.2165421344526806 267.3380604767963 3.204232742817018 
0.08956455434689398 54.759012610310364 59.148004946118945 61.07448548661789 3.682478737980629 
0.45114728821645333 47.038881781321344 5.4345336968440545 88.66906857083177 0.3460428419783397 
6.416763064839831 40.86056456826765 361.6412847590268 318.24491078375064 15.627873960359928 
67.12256137709583 0.2655374225322011 1484.7594005221063 1359.2737276290504 528.5806491813182 
0.5118883845445508 47.745424224416126 70.82041391171839 327.35209116632825 7.494174256365538 
67.12256137709583 0.2673358958406915 1484.7594005221063 1439.7846968412828 880.5543765061022 
