82.0 0.015937420488735338 1489.7899863401215 1447.0809964970094 771.2022866661489 
0.20883745695328682 57.08285043311596 0.009699082276801274 0.13605835260237198 2.188337376591717 
82.0 0.015937420488735338 1489.7899863401215 1447.0809964970094 771.2022866661489 
0.18061841688559338 57.08404544108727 0.009699082276801274 0.13605835260237198 1.159273933750843 
0.279261568790238 55.276486776023184 0.09865994301010872 55.17828181823538 5.075711092153026 
0.15234892913361842 56.47639842909501 112.8177023010725 18.115197332999458 3.494506877351361 
23.386265358874027 0.2063479049191562 1455.1761872829786 490.47993695783236 341.3440212360854 
0.279261568790238 55.276486776023184 0.09865994301010872 24.044365646237395 5.075711092153026 
0.21374743946352745 54.91345798215204 302.3482646332901 125.74448935959792 2.3527999632358596 
0.09858429205992392 56.426713883032455 9.428778019028375 164.55935481405822 3.7575584601162353 
0.279261568790238 55.276486776023184 4.9184733217139165 395.4960641785833 4.2785690973936115 
0.3396067169458271 56.47639842909501 192.1653442682627 356.60521939982755 2.2614808279222474 
4.508698242071722 79.61219789804059 693.9995874372812 366.4104927315784 4.216965140354098 
0.8411285711391228 54.91345798215204 501.37586905936644 358.55864545307077 29.298335293923316 
0.26621056732514675 57.14852549047061 14.755443562032031 335.9376489197516 1.1456869025785261 
0.6024974623589952 0.08485911320132544 908.1297168045691 434.5464709615286 4.275816754655466 
2.2794043966659587 54.2511519321876 21.366852355163132 468.9594461833994 1.2012732308993406 
0.21374743946352745 54.91345798215204 302.3482646332901 51.20061473188615 2.2751737668089413 
69.0140879748133 0.4106837388550554 1468.3359954479752 667.2892933243605 498.6512990493669 
0.279261568790238 55.276486776023184 37.62720463075372 395.4960641785833 4.2785690973936115 
54.27469763392226 2.2938214628838582 1490.1520064526956 835.750347279265 256.7989827707997 
54.061053885380716 0.13530552804703103 1262.9888659156802 466.6349316664684 428.86217232200823 
0.20798822342874693 57.08285043311596 0.009100899763778258 1.1134019594994982 5.0102859122726775 
0.04831050117003788 53.616808755428735 333.32640247075665 359.17044075857774 3.5273282036706703 
53.9948650801359 0.4076634405176813 1497.2860289180057 835.750347279265 597.9220472055661 
4.890206454848432 2.9984858018368072 738.8339833360563 368.4042329175706 63.43812371527801 
0.3588747982603966 2.268727763112903 743.4642749643659 412.26040699311756 232.53332753242333 
0.5618690274142873 57.13172028593673 341.37542735845386 126.2960994338207 1.2228608205876508 
54.06075163419222 0.40767570920977514 1481.1107379429889 476.73855579036604 399.37492553233267 
0.2319619400973605 54.926447966925565 12.750727141023258 194.13043457157363 0.6942063051571964 
0.183191488149686 54.91345798215204 302.51070099656545 357.2816355369362 1.5884515048829926 
80.36237734716474 0.4034081436863152 1496.0401178450118 1412.1916353280094 516.1613942021246 
0.5646239205771857 34.66080362816133 333.32640247075665 374.9897054200404 2.999340465943195 
0.18168245763836147 57.029405017844844 859.7984304343563 357.83497144414366 152.07983112377096 
80.36237734716474 0.4034081436863152 1496.0401178450118 1366.0781852906923 516.1613942021246 
55.17258787574811 0.14055593048729326 951.0632092744696 476.31419339056254 341.3440212360854 
0.15232576786855312 57.026790762557525 434.3029198175692 328.6320796833786 1.2403916941505235 
0.014534939815010639 30.21473642341836 450.99282969095236 327.5656632529346 1.8522151748915392 
2.6534901728583504 17.269227984514956 578.6979264657602 309.6402505037209 4.338804771917605 
0.36080885606535096 55.82628275691742 0.5155559786506636 232.23104538340976 1.65227777089601 
0.8321577394522346 57.138189164025526 33.39101606079858 92.78580302479541 1.1756633398942782 
55.02174578027579 57.08763934621981 743.4642749643659 485.80767249682407 281.8712263288761 
53.87443410063322 0.4071139852355619 1438.7867645586296 1115.412569517723 682.6572721405455 
0.07427951274627809 55.02314174233669 703.8967679111322 379.8172366521831 98.97516909715421 
54.05222971155202 0.40757479578870814 1490.064438260729 1013.9684155430373 398.38047081814614 
47.62871436169317 0.2308180011917765 1190.368800238623 491.0177958015468 341.3440212360854 
15.764433479359584 58.39607744310993 438.261426624528 328.6320796833786 61.874201398005084 
51.723369377277834 0.09890699240369288 1496.3820070032593 975.083912440925 761.2117849797896 
0.13061682785170048 57.13316068347289 37.252070572019655 192.3871346365912 1.8522151748915392 
0.07389477367276723 57.09118335602673 34.11636873928917 242.42960236658894 1.1347333856077366 
2.2627264358309844 0.14579091605443922 1071.5411374059 468.9594461833994 0.07973470341133737 
0.279261568790238 55.276486776023184 0.23587241155544314 43.40152077352357 4.2785690973936115 
0.3224469577881067 57.130757111954686 2.0380782411113265 237.05955399436965 1.1981435336954946 
54.082093345435084 0.339065109915731 1467.3871894411393 1127.7572900382409 676.3988914638156 
54.30178950466782 0.14233950931152026 1496.3807312739325 1310.2959677775139 395.97013149983457 
0.20883745695328682 56.56870069461641 54.08965414751632 0.13605835260237198 2.188337376591717 
0.3588747982603966 2.268727763112903 743.4642749643659 375.8644517692656 232.53332753242333 
0.20883745695328682 57.08285043311596 0.8573899656703645 313.4087969728592 2.152753757187936 
0.0248756509016847 57.00299403677324 578.5527398250879 379.8172366521831 98.97516909715421 
0.22577356376469773 57.09118335602673 33.388587637502454 86.43261043470903 1.1347333856077366 
53.9948650801359 0.4076634405176813 1496.3370855871729 835.750347279265 399.37492553233267 
0.0627057790326381 55.100961734628605 588.8345149594633 362.23578500468227 1.5210822966047548 
0.3226391868774803 54.84909638778324 13.948086747191795 358.85259336382745 5.118688721258833 
54.59510507778405 0.4117905901115271 1462.8556191149296 667.2892933243605 406.8189734154148 
0.33001515609255794 56.158608633290044 32.61612790609644 277.19118249422957 2.2642507665735225 
10.453729371792022 2.3239480354348494 1096.9631516216718 471.3594799512531 356.45856736080236 
45.058943555055905 0.21006151762907382 1494.8257601436953 578.167312190238 283.40348859989507 
2.4204137390309532 41.352892236996176 38.44992391007313 357.1093004838712 5.163850150893299 
0.14838004610782551 0.2558763007521412 1039.3982013654872 439.3387688961776 321.31293215245523 
0.8321577394522346 57.138189164025526 34.118797162585295 164.55935481405822 0.8345448616238813 
0.771728320727873 5.939347485629 743.4642749643659 375.8644517692656 2.3273207754475465 
0.021232442889574876 54.91345798215204 24.553353599471222 125.74448935959792 2.3366950368275443 
51.872633687497576 0.40366299859464927 1462.3261607159047 974.0221295645201 761.7345147301984 
0.20394928355551117 22.2230183946426 290.6899673452433 322.4013467896325 10.797975169372455 
53.9948650801359 0.4075556376313651 1497.3380204055657 870.6365228005982 609.6156652256233 
0.15234892913361842 56.47639842909501 192.1653442682627 322.21071288210226 3.4589232519213975 
0.36080885606535096 55.820246434881284 0.5155559786506636 144.9458117854075 1.656186862364856 
0.2031580786699537 57.7616762342005 149.9977066738751 334.40441089556634 2.384999041267204 
0.8221130120419944 57.138189164025526 54.33191720533127 248.7816253424782 1.1756633398942782 
0.3263501574222478 54.91345798215204 321.7916992007878 309.26990774767626 64.36752148231267 
0.8321577394522346 57.138189164025526 34.118797162585295 164.55935481405822 1.1756633398942782 
0.5075679325284526 57.7616762342005 160.68237306420565 334.40441089556634 2.384999041267204 
0.70098476528584 54.91345798215204 5.631774386804864 374.9897054200404 2.999340465943195 
19.66812977613769 0.14055593048729326 927.4310374822737 475.98242909141953 4.779257716226027 
48.66610756282475 0.08077155544776832 1451.6290672217524 578.167312190238 527.7680691693819 
0.518933536963205 56.43705020947754 14.096627941670775 145.72389878990072 3.7314184592367945 
0.6899202297070415 54.511178851111566 50.23147105566927 177.95869012937604 1.2002429654099345 
48.9672441985237 1.9614248065212356 1154.5814556876444 471.3594799512531 340.79041877924146 
56.060213198094374 0.5024623085361835 922.8471659495591 553.6209528748956 31.833575035068208 
2.4228427873301754 54.57002029175413 122.75716234697103 339.6735788225034 6.455470733250138 
82.0 0.14843567069022037 1476.8053526981414 1392.7985487570897 771.2022866661489 
0.8411285711391228 56.349767110597824 616.770792016396 358.4284044349727 2.2563717724162164 
0.1587471767347627 57.026790762557525 434.3029198175692 328.6320796833786 122.5910149321755 
0.6982298721228171 57.13172028593673 2.51143650725412 126.2960994338207 1.2228608205876508 
47.62871436169317 0.4192497496450614 1190.368800238623 410.8912102002332 398.12842608465513 
54.154330489324025 0.40102676819359795 1496.3807312739325 1371.8811930674347 395.97013149983457 
54.32712335993007 0.4080186316257155 1487.2032782095112 1285.0251451353101 398.38047081814614 
0.6244345950589197 57.00244081303001 0.9891590151717374 126.2960994338207 1.6769950578387192 
24.19806973028212 0.44529778988372876 1455.1761872829786 490.47993695783236 624.5135321738019 
82.0 0.14843567069022037 1476.8053526981414 1392.7985487570897 771.2022866661489 
