1.504 28781.0 
1.504 28781.0 
5.335 14673.0 
4.975 14712.0 
5.298 14705.0 
4.846 14722.0 
1.606 26284.0 
2.601 18138.0 
2.681 17947.0 
1.77 24130.0 
2.46 18799.0 
2.403 19108.0 
4.708 14740.0 
3.586 15680.0 
3.302 16173.0 
1.799 23845.0 
1.629 25842.0 
1.688 25356.0 
3.536 15834.0 
3.9 15323.0 
1.602 26727.0 
4.004 15252.0 
3.389 16090.0 
2.562 18368.0 
2.729 17751.0 
1.92 22581.0 
1.7 24955.0 
1.525 28184.0 
1.737 24457.0 
3.67 15575.0 
4.151 15096.0 
2.121 20881.0 
2.825 17423.0 
1.541 27838.0 
2.525 18471.0 
1.579 26825.0 
2.169 20653.0 
2.275 19902.0 
1.508 28496.0 
4.332 14919.0 
1.568 27514.0 
2.98 17004.0 
3.857 15368.0 
4.532 14815.0 
4.433 14901.0 
4.639 14800.0 
2.925 17197.0 
2.249 20128.0 
1.843 23364.0 
3.766 15475.0 
2.061 21349.0 
1.818 23584.0 
3.698 15525.0 
4.261 15073.0 
2.174 20557.0 
2.875 17257.0 
4.513 14818.0 
3.42 15992.0 
2.773 17615.0 
3.794 15420.0 
2.043 21660.0 
4.195 15074.0 
3.035 16887.0 
2.305 19724.0 
1.957 22283.0 
3.093 16653.0 
4.305 15026.0 
3.254 16354.0 
2.947 17060.0 
1.857 23144.0 
1.866 23056.0 
1.571 27159.0 
4.407 14902.0 
4.066 15133.0 
2.11 20966.0 
2.047 21453.0 
1.664 25514.0 
3.14 16582.0 
1.523 28349.0 
2.212 20359.0 
2.005 21827.0 
1.572 27138.0 
2.099 21188.0 
3.257 16344.0 
1.73 24736.0 
1.886 22859.0 
2.852 17380.0 
3.069 16736.0 
3.176 16447.0 
2.212 20359.0 
2.344 19446.0 
1.711 24845.0 
3.475 15960.0 
1.649 25722.0 
1.886 22859.0 
2.252 20045.0 
1.985 22031.0 
2.497 18653.0 
4.653 14791.0 
1.976 22163.0 
