1 1.0461694390022251
2 1.0806582451321585
3 0.8825240524147736
4 0.9548831602900011
5 0.8362826946800523
6 0.7467152868947666
7 0.7502499062733041
8 0.724952061395728
9 0.6841548658155071
10 0.7167255662204884
11 0.7141157335666592
12 0.6521862489151767
13 0.5832279444739888
14 0.5850511791688822
15 0.5227549552899178
16 0.45871416965173445
17 0.5064424341683166
18 0.4269185992635973
19 0.4248559184647448
20 0.4481316159594779
21 0.4143087418971183
22 0.4350167387501496
23 0.4276962910667903
24 0.49258443451024225
25 0.5110081821514257
26 0.5237980000757935
27 0.4898258239517738
28 0.4773859825939145
29 0.45061593677948514
30 0.42822092278378265
31 0.4310012778189723
32 0.4775900401682129
33 0.4288922655598408
34 0.4638557957219716
35 0.5044943314055208
36 0.49332960388595165
37 0.4218156817150871
38 0.3805634370705598
39 0.3925651873900155
40 0.39062421533682634
41 0.36875408197726633
42 0.358569517131334
43 0.3838666351573251
44 0.41744986163239634
45 0.42205851088720936
46 0.46703765968894007
47 0.4282892689269119
48 0.459919709208862
49 0.4614515049930341
50 0.4290759621516707
51 0.4513708740321169
52 0.4292104812318636
53 0.4382953487933113
54 0.4562988055391135
55 0.49801663806999813
56 0.44294755531761365
57 0.4367072513381839
58 0.41305753933222467
59 0.4342545028218387
60 0.39185597187646604
61 0.4140286717010282
62 0.4168340897954312
63 0.42950809672876744
64 0.4111965008070853
65 0.37340778095953
66 0.39802788523001176
67 0.39256883440855056
68 0.4144772075459539
69 0.4270263159365894
70 0.44726268804650765
