1 0.7485407328849845
2 0.7975393619276048
3 0.7740732701379891
4 0.7546343179942065
5 0.8023047063966445
6 0.7921549650938841
7 0.7817271782906411
8 0.884241479327959
9 0.8192138619428001
10 0.8282638195393355
11 0.8352586017393274
12 0.7521386481430289
13 0.7502515045409679
14 0.6649449013806945
15 0.7334036805863692
16 0.6818484069523896
17 0.6785665782586281
18 0.6294032483407597
19 0.6338702684952462
20 0.664199248869064
21 0.5102892646394702
22 0.5016920214485661
23 0.48147584874087807
24 0.4591511069188931
25 0.42663416991767084
26 0.44058067799776407
27 0.4492447303658528
28 0.4340316712849457
29 0.45201674836163636
30 0.4750503238493441
31 0.43623527120031036
32 0.38270985625607973
33 0.324261398437907
34 0.34906952965749144
35 0.3904255794194913
36 0.3860837305289378
37 0.4369975726108772
38 0.40485484245139775
39 0.4231341183028555
40 0.3490532192764789
41 0.3201128059963153
42 0.3929160167722495
43 0.41593381834519816
44 0.38927062382294286
45 0.3374808638394017
46 0.36641447607017885
47 0.40105533843666413
48 0.41063934675917874
49 0.3390714870421882
50 0.37336264198860597
51 0.4529073820630017
52 0.4226272475136716
53 0.3928626121588301
54 0.35872691468034695
55 0.3462675150128793
56 0.3773641712911762
57 0.35093777216778255
58 0.3236741649524639
59 0.386172091724332
60 0.4132356972464289
61 0.44585770407048525
62 0.40097134364171483
63 0.4550398508832111
64 0.4153544092016534
65 0.3808855931133875
66 0.41786066417521667
67 0.39685929315177965
68 0.3683356623333991
69 0.36541886036197024
70 0.41204782188762934
