1 0.7538903725516303
2 0.7683282819185456
3 0.7803300257661314
4 0.7911358765314139
5 0.8013149341749749
6 0.8088254873244733
7 0.8133406950851173
8 0.8186468995799628
9 0.8221178872294491
10 0.8242188580930978
11 0.825965838339064
12 0.827300351641123
13 0.8288264793335791
14 0.8295357658440824
15 0.8302695915271977
16 0.8310650261968714
17 0.8316563158348141
18 0.8325517345801318
19 0.8326846115892766
20 0.8332396145783563
21 0.8329456666170656
22 0.8337985333928535
23 0.8340293060374191
24 0.8343308245945161
25 0.8346315599865292
26 0.8346498338384746
27 0.8344227159642978
28 0.8346537496638916
29 0.8349226363425145
30 0.8348837391433743
31 0.8347566053448412
32 0.835117122338218
33 0.8350763977538828
34 0.8351539310971358
35 0.8352672289791966
36 0.8354215125006201
37 0.8355288061170416
38 0.8354374368573156
39 0.8353330148461994
40 0.8357394775244675
41 0.8357882948146639
42 0.8360070589279512
43 0.8356522851451855
44 0.8355951140940999
45 0.8353679962199233
46 0.8353541603034502
47 0.8355110543751517
48 0.8352077084328602
49 0.835218150633972
50 0.8353531160833395
51 0.8356481082647412
52 0.835495130018457
53 0.8357825516040527
54 0.8359504099869209
55 0.8361464623127908
56 0.8361516834133468
57 0.8361305379560958
58 0.8361929301077375
59 0.8358668723780285
60 0.8358449437556941
61 0.8358008254559977
62 0.8359423172810596
63 0.8359305698048091
64 0.8361417633222907
65 0.8362960468437144
66 0.8359052474671141
67 0.8359775597098112
68 0.8359258708143091
69 0.8358747040288627
70 0.8358997653115305
