1 0.6803673880379311
2 0.7386642031926874
3 0.7481160593199515
4 0.7550474553338501
5 0.7729902454377111
6 0.7780086848959558
7 0.7830736543168825
8 0.791007797167005
9 0.7999661220046991
10 0.8015429126501897
11 0.8097227755279581
12 0.8130663977339385
13 0.8156150895100555
14 0.8198707512654586
15 0.8218393869337596
16 0.8249242188978567
17 0.8265982519372671
18 0.8286479229338342
19 0.8300592446670912
20 0.8311801462400132
21 0.8317416426436127
22 0.8321700842662855
23 0.8323624778198464
24 0.8332732103478455
25 0.8340485354563545
26 0.8343039274425355
27 0.834190739387248
28 0.8342579202884237
29 0.8342333482856589
30 0.8343316362967168
31 0.8343836557493777
32 0.8346170897756422
33 0.8347728867293412
34 0.8348050394563628
35 0.8348382378005234
36 0.8350078891813134
37 0.8350659209325232
38 0.835061215655398
39 0.8352520407832507
40 0.8355259924736482
41 0.8355003748537444
42 0.8357131579415142
43 0.8357330246671535
44 0.8358553618724076
45 0.836198585698258
46 0.8360265816789055
47 0.8360195237632178
48 0.8356287243575464
49 0.8358093547182949
50 0.8356138243133174
51 0.8357670072241692
52 0.8358127529739969
53 0.8357215228786258
54 0.835830789869643
55 0.8358788882580336
56 0.8357855669283847
57 0.836067883555893
58 0.8359604463948688
59 0.8358109231440035
60 0.8357434808385428
61 0.835706361430111
62 0.8356982578972848
63 0.8359769148648067
64 0.8358381091896151
65 0.8353879710113108
66 0.8355576223921003
67 0.8355759206920312
68 0.8356653209574093
69 0.8358943111108323
70 0.8360982064529218
