2 0.6325761967562082
3 0.6738632458349123
4 0.6996397247606146
5 0.7428631809308792
6 0.7594929248818395
7 0.7666667665999429
8 0.7838715844778589
9 0.7949915177687151
10 0.7996373105830499
11 0.8060328088309037
12 0.8101707196973644
13 0.8144902829615979
14 0.8169157056504275
15 0.8186615768019314
16 0.8210941263112431
17 0.8242579507177472
18 0.8256603985360087
19 0.826281852022381
20 0.8288368460931823
21 0.8301624189238698
22 0.8324814600104369
23 0.8330242291909723
24 0.8338872319250418
25 0.8342166014838723
26 0.8348697285591313
27 0.8364694762223495
28 0.8369473887066775
29 0.8377955329404801
30 0.8381509535265034
31 0.8386995924720999
32 0.838986059097594
33 0.8390069346330128
34 0.8393817159763748
35 0.8396970107222094
36 0.8401883721216455
37 0.8404367483899959
38 0.8412857289075308
39 0.8416548298330921
40 0.8418903883438673
41 0.8424843759582421
42 0.8429253815058004
43 0.8465781531341755
44 0.8476463925191843
45 0.8630288797700646
46 0.8668873403789447
47 0.8693252179097684
48 0.8695075488018896
49 0.8712630608847168
50 0.8808183388712147
Required evolution to reach 90% Hypervolume: 1200