2 0.5486091759996454
3 0.5744230510092053
4 0.6014753307344367
5 0.6335676084904577
6 0.6485209559554083
7 0.6758485150388537
8 0.6905521818432176
9 0.7037202265897622
10 0.7169643573769638
11 0.7306635685247209
12 0.7455598751275858
13 0.7681415029943696
14 0.7907695051609228
15 0.7954625716745124
16 0.7989331123440423
17 0.801288828942949
18 0.8082140208911038
19 0.8099813303601605
20 0.8112610864135659
21 0.8128698543698661
22 0.813988176105154
23 0.8154020373554791
24 0.8175609379968722
25 0.8195691339982157
26 0.8200381419016756
27 0.8203433223480364
28 0.8208558327844897
29 0.821874010857803
30 0.822033167749154
31 0.8226982710386102
32 0.8230692286192488
33 0.8233450181631361
34 0.823548508611566
35 0.8236520026681134
36 0.8238899017214085
37 0.8243303655254184
38 0.824769319810994
39 0.825481728357582
40 0.8255593712534883
41 0.8258175462425454
42 0.8258136278061924
43 0.8259362932728184
44 0.8259895577089953
45 0.8260579541470365
46 0.8261818871883749
47 0.8261992387608988
48 0.8262709224777602
49 0.8275270311622461
50 0.8277639203634877
Required evolution to reach 90% Hypervolume: 1900