-0.519 4494.0 
-0.55 5097.0 
-0.344 3610.0 
-0.507 4363.0 
-0.551 5134.0 
-0.414 3814.0 
-0.465 4056.0 
-0.32 3555.0 
-0.54 4807.0 
-0.565 5850.0 
-0.459 4030.0 
0.11 3161.0 
-0.218 3410.0 
-0.531 4654.0 
-0.516 4460.0 
-0.546 4951.0 
-0.458 4010.0 
0.554 2891.0 
-0.512 4421.0 
-0.471 4079.0 
-0.526 4602.0 
-0.421 3842.0 
0.065 3186.0 
-0.549 5039.0 
0.385 2987.0 
-0.43 3875.0 
-0.497 4263.0 
0.156 3132.0 
-0.521 4521.0 
-0.406 3790.0 
-0.533 4678.0 
-0.559 5487.0 
-0.054 3264.0 
-0.324 3592.0 
-0.171 3361.0 
-0.53 4631.0 
-0.088 3292.0 
0.196 3112.0 
-0.437 3904.0 
0.266 3063.0 
-0.539 4779.0 
-0.509 4394.0 
-0.197 3389.0 
0.241 3090.0 
-0.544 4899.0 
-0.535 4717.0 
0.026 3211.0 
-0.537 4746.0 
-0.524 4575.0 
-0.479 4139.0 
-0.558 5437.0 
-0.14 3342.0 
-0.564 5774.0 
-0.483 4166.0 
0.591 2866.0 
-0.486 4186.0 
-0.489 4207.0 
-0.351 3634.0 
-0.445 3935.0 
-0.553 5189.0 
-0.394 3751.0 
-0.542 4858.0 
-0.372 3681.0 
-0.548 5009.0 
-0.545 4927.0 
-0.006 3236.0 
-0.556 5325.0 
-0.239 3437.0 
-0.562 5654.0 
-0.502 4311.0 
0.435 2957.0 
-0.547 4977.0 
-0.4 3770.0 
0.35 3009.0 
-0.56 5542.0 
-0.534 4697.0 
-0.523 4550.0 
0.496 2916.0 
-0.494 4239.0 
-0.541 4828.0 
-0.378 3708.0 
-0.504 4338.0 
-0.118 3314.0 
-0.5 4287.0 
-0.261 3465.0 
-0.451 3965.0 
-0.554 5250.0 
-0.476 4111.0 
0.293 3042.0 
-0.552 5155.0 
-0.456 3990.0 
-0.363 3657.0 
-0.388 3730.0 
-0.557 5365.0 
0.471 2934.0 
-0.292 3510.0 
0.621 2837.0 
-0.278 3491.0 
-0.561 5585.0 
-0.563 5712.0 
