-0.532 4668.0 
-0.554 5241.0 
-0.461 4031.0 
-0.543 4871.0 
-0.553 5182.0 
-0.469 4070.0 
0.357 3008.0 
-0.435 3896.0 
-0.327 3571.0 
-0.496 4251.0 
-0.108 3333.0 
-0.031 3248.0 
-0.348 3631.0 
-0.42 3843.0 
-0.519 4507.0 
0.255 3076.0 
-0.381 3707.0 
-0.555 5276.0 
-0.389 3729.0 
-0.391 3746.0 
-0.548 5018.0 
-0.484 4165.0 
-0.535 4743.0 
-0.562 5665.0 
-0.515 4473.0 
-0.492 4223.0 
-0.511 4411.0 
-0.563 5748.0 
0.128 3144.0 
-0.534 4695.0 
-0.415 3821.0 
-0.398 3767.0 
-0.529 4624.0 
-0.51 4387.0 
-0.528 4602.0 
0.32 3028.0 
-0.549 5049.0 
0.097 3164.0 
-0.544 4913.0 
-0.373 3688.0 
-0.55 5090.0 
-0.514 4432.0 
-0.507 4369.0 
-0.559 5454.0 
-0.526 4586.0 
0.398 2980.0 
-0.545 4941.0 
-0.556 5319.0 
-0.53 4640.0 
-0.302 3528.0 
-0.204 3399.0 
-0.09 3292.0 
0.591 2854.0 
-0.564 5802.0 
-0.473 4087.0 
0.562 2874.0 
-0.552 5147.0 
-0.48 4142.0 
0.531 2897.0 
-0.525 4565.0 
-0.522 4531.0 
-0.455 3992.0 
-0.448 3950.0 
0.437 2955.0 
-0.565 5847.0 
-0.427 3872.0 
0.176 3118.0 
-0.557 5362.0 
-0.407 3793.0 
-0.486 4183.0 
-0.365 3659.0 
-0.185 3381.0 
-0.503 4327.0 
-0.497 4277.0 
-0.169 3359.0 
-0.094 3314.0 
-0.489 4200.0 
0.061 3189.0 
-0.313 3556.0 
-0.441 3917.0 
-0.506 4346.0 
-0.292 3506.0 
0.024 3216.0 
-0.558 5424.0 
-0.551 5121.0 
-0.477 4112.0 
-0.547 4982.0 
0.215 3094.0 
-0.541 4833.0 
-0.263 3465.0 
-0.56 5540.0 
-0.277 3484.0 
-0.561 5612.0 
-0.539 4793.0 
0.477 2929.0 
-0.343 3608.0 
-0.227 3422.0 
-0.501 4309.0 
-0.246 3444.0 
0.296 3052.0 
