-0.518 4476.0 
-0.436 3900.0 
-0.322 3564.0 
-0.525 4567.0 
0.045 3200.0 
-0.432 3883.0 
-0.437 3919.0 
-0.517 4462.0 
0.412 2974.0 
-0.396 3758.0 
-0.424 3857.0 
-0.402 3771.0 
-0.262 3467.0 
-0.559 5484.0 
-0.492 4230.0 
-0.502 4330.0 
-0.499 4287.0 
0.562 2878.0 
-0.521 4515.0 
-0.458 4007.0 
-0.551 5123.0 
-0.537 4750.0 
-0.365 3662.0 
-0.488 4218.0 
-0.305 3540.0 
-0.546 4965.0 
-0.522 4538.0 
-0.557 5392.0 
0.36 3004.0 
-0.556 5343.0 
-0.55 5091.0 
-0.406 3787.0 
-0.514 4430.0 
0.163 3133.0 
-0.246 3447.0 
-0.412 3808.0 
-0.529 4622.0 
0.08 3179.0 
-0.235 3432.0 
-0.541 4857.0 
-0.539 4791.0 
-0.543 4923.0 
0.202 3112.0 
-0.487 4195.0 
-0.446 3948.0 
-0.535 4718.0 
-0.472 4092.0 
-0.375 3690.0 
-0.478 4117.0 
-0.141 3337.0 
-0.56 5550.0 
-0.495 4258.0 
0.008 3223.0 
-0.463 4048.0 
0.124 3157.0 
-0.54 4826.0 
0.267 3066.0 
-0.553 5281.0 
0.54 2899.0 
-0.453 3981.0 
-0.486 4175.0 
-0.519 4488.0 
-0.561 5635.0 
0.49 2918.0 
-0.383 3715.0 
0.457 2952.0 
0.47 2934.0 
-0.353 3634.0 
-0.51 4386.0 
-0.345 3615.0 
-0.532 4659.0 
-0.089 3295.0 
-0.483 4156.0 
-0.065 3276.0 
-0.417 3832.0 
-0.289 3510.0 
-0.04 3259.0 
-0.47 4071.0 
-0.221 3416.0 
-0.388 3735.0 
-0.179 3375.0 
-0.507 4361.0 
-0.554 5313.0 
-0.549 5050.0 
-0.533 4697.0 
-0.338 3594.0 
-0.562 5678.0 
0.589 2863.0 
-0.163 3357.0 
-0.526 4583.0 
-0.501 4304.0 
-0.547 5017.0 
-0.523 4550.0 
-0.106 3313.0 
0.242 3084.0 
-0.2 3395.0 
0.334 3021.0 
-0.275 3485.0 
0.301 3046.0 
-0.009 3241.0 
