3.1369780862558217E-4
2.8157286159286103E-4
3.1497087459819126E-4
3.1291424326941353E-4
2.5965875108903755E-4
2.9936234970857374E-4
3.281360805950703E-4
4.1240127473424703E-4
3.79875044666373E-4
3.0397912004906586E-4
2.7905580535190756E-4
2.642347842867586E-4
2.922018946731695E-4
3.0827110319548513E-4
2.4764263963124837E-4
3.74466169804131E-4
2.977725928774245E-4
3.2227563139551575E-4
3.02877279593764E-4
3.131137686581887E-4
3.657350965288109E-4
3.281791476691851E-4
2.9497588030370103E-4
2.938127145578525E-4
4.527125830018551E-4
2.7107539908741515E-4
2.2891931379587203E-4
3.2479473459461457E-4
4.1561742802745036E-4
2.7333945930150253E-4
