0.010452975557092173
0.007999366447761527
0.008757956792606802
0.007904307678687715
0.01069163073294883
0.008275601874886712
0.008864985099552372
0.024438675612559756
0.009548404644152082
0.01011225412484582
0.008549188914671263
0.009745132453001163
0.008541133738864885
0.010061750856307372
0.010205846574506319
0.012203565337971546
0.008643055308716724
0.011281723578848423
0.009502245743067567
0.009400026469303933
0.010185460856207713
0.00863622773525935
0.008619732923755447
0.010290635125829327
0.014044732624771827
0.008366174757081683
0.009275888304818304
0.009919838539944673
0.008540962328114179
0.008102438516509047
