0.9942188453898311 0.17395607274448216 1032.1771131621704 498.8279862819387 225.88111336001754 
7.612602969758633 0.2507746258239085 708.9992969243507 364.15876028756566 228.03608207451126 
17.939008440102665 0.31289401229778 748.2134354252636 481.88014735170725 187.98516689455315 
2.4149072684573065 0.17178579027940086 797.7135132759832 418.624675954696 225.74292527441605 
1.0603553162096668 46.6608175363006 0.6315571634082029 418.19255636355774 7.3362862141996175 
54.91110374865787 0.07668520244745372 1477.128560031813 1439.1189973468956 583.0823767871761 
0.5377463699683034 63.611263194116596 145.61459538808032 38.91328677728329 10.26737369646613 
8.503164728009057 45.00847761168549 515.3522213564323 306.3207577025823 236.8984761826928 
40.707776624938255 0.3000172582211485 749.6660177701574 482.0288495012637 236.5793330672699 
8.43696126529677 50.69708682486963 515.3522213564323 324.0199796726472 9.488632996674042 
76.17485338675793 0.08479746157252967 1499.8991208525392 1078.270886555265 486.3700661446567 
70.89768486387308 0.17395607274448216 1470.8130071806027 885.2926291874028 509.7537751701053 
5.839400893321131 18.564772811603444 528.5036832448263 475.54576835743296 166.75277553401196 
9.140061949258536 0.21836765641479644 1071.9540035080536 490.2291091000972 209.29042207336974 
32.988621481232656 0.19488314727867984 1189.740608079689 553.0726609753253 225.90883974007693 
4.971504855729828 71.81834220960008 21.41061293533587 2.438655924701294 10.015507562014964 
5.839400893321131 18.564772811603444 501.8664911396562 379.694016511188 166.75277553401196 
36.15304324143513 0.14742734034106675 1168.4220466655145 478.5451935291879 248.89174545541744 
5.0679935288595335 55.557607684564516 173.9341065296587 242.46784118032957 10.206920195316398 
42.44265447692463 0.024263120051500317 1472.702024719353 539.4536652240001 378.3863290795975 
26.99350634769842 0.0065313965661553675 1329.8299853512412 472.58598524611654 229.03354582620545 
7.523760613859162 3.3875723633774264 779.8186548462346 371.25822977948934 176.6767005409485 
40.52799671723452 0.10517062591663057 1376.138279160346 602.3765541876985 252.81186541218855 
48.89238911922263 0.04435985512837659 1492.905743048203 615.6555783350357 368.67089083807076 
21.02679948069198 0.3157232702274271 779.8186548462346 370.2110101374739 197.8800094793824 
57.581446939268574 0.03182039364070932 1488.627156784775 800.1618738571972 476.3012520217977 
2.172471988803588 54.081727510453405 74.83404181934145 49.38629653579562 1.037677961536927 
36.15304324143513 0.14742734034106675 1111.0717895255696 476.0165724053713 250.9758975185357 
2.730887676277507 32.358044752770404 212.39558399800762 356.8260653255031 0.9599896673372257 
12.007712265713328 0.17297861970891493 543.7840981031469 459.65474947247003 13.761319475375132 
7.429446274624869 27.68517216424737 543.7840981031469 384.75693596977374 56.362142347051275 
36.35310918595161 0.09953523261004217 1374.5980852976963 441.660858765545 239.2325176376454 
7.677931169630586 5.469560124054837 774.8474804780792 306.4270717759704 232.11660669511332 
5.299410552705642 60.12644949508936 156.73571489238685 53.21664992547093 14.004335822045547 
9.530526310287778 60.02591138932992 469.6274100228327 379.5742119850812 0.3276371708736967 
71.80602366203178 0.2685312082708551 1478.2888161701467 988.9126203462863 545.6347852910703 
37.67879963450166 0.07641493923778366 1390.3577269025266 463.0335214167677 236.5793330672699 
7.616975063063244 3.4423872907923787 661.9058275659733 332.73149673824656 228.13289904944955 
1.801457604004832 34.26350431283987 331.3295438538823 339.4518643455131 6.81752679101133 
36.15304324143513 0.14742734034106675 1142.9532310307516 476.0165724053713 249.4441714715621 
1.329156159298555 45.87777714791802 326.2457200218327 345.69769831324186 67.59471724289887 
65.70691105713978 0.2685312082708551 1478.2888161701467 1064.46641954322 485.9571287024628 
1.3023100524799687 44.82847431074978 201.34443573194193 63.19154203566622 10.164407798079079 
2.730887676277507 32.358044752770404 198.99475630727366 243.2816056335122 0.9599896673372257 
6.462964649045999 45.97334450113971 93.82609916314834 67.41694777493649 24.45640728494294 
9.76874761007248 50.568619483928835 133.70989488234986 241.01571221488558 3.4143138366122 
76.17485338675793 0.26597805248993617 1499.3239137902674 1303.1281132938745 482.4814140571201 
49.39855897462923 0.13913349251029744 1486.6391270200577 543.0406128932417 242.86763274018196 
11.0057480294 0.15172339841807178 938.4882600523771 462.18976067580724 247.12614964809634 
37.67879963450166 0.07641493923778366 757.7249741454775 463.0335214167677 236.5793330672699 
70.0412117118056 0.020292722108512552 1499.956595697332 539.4536652240001 370.46673353093286 
58.22805037102679 0.03246797752095695 1497.8407646909127 802.7839188020013 374.92300029715625 
33.25117400507582 0.33991328061965476 1487.432862751093 867.7375643242876 504.11427152935494 
24.85216530593351 0.17395607274448216 1016.8657507235985 370.62449053466946 225.88111336001754 
27.711943203312778 0.12615899656295734 1024.8136558488054 472.58598524611654 83.78607468530817 
4.535805296257195 50.568619483928835 296.1755316546129 246.14950733973708 7.281847756125956 
76.17485338675793 0.14701992265177144 1498.3274254128676 1224.983961215083 535.1133295630322 
26.37216042224685 0.03182039364070932 1488.627156784775 462.4478492559124 235.32719250422792 
7.431025296507053 50.568619483928835 301.677680969729 323.4578154998396 8.85212749480094 
1.0761842929939505 45.00847761168549 500.20928096573505 306.3237623371923 0.881673177511562 
13.721254562134678 0.1906635911876915 1014.8499089374419 378.94997033751963 188.53316770635507 
5.239430273476545 31.5337901540409 2.071962633216799 262.5904091298833 84.50447236489362 
7.431025296507053 50.568619483928835 418.8793476652857 323.4578154998396 8.85212749480094 
7.74835804319004 28.171094345288186 0.05915907594204217 303.4421862413915 3.473575805592418 
1.2553703660104167 45.28011106438526 328.31681062426077 63.763180950049446 4.69041923109854 
26.92253577807564 0.15120274068858386 1182.6188493365162 536.3924920276021 247.12614964809634 
27.201018941011217 0.15120274068858386 1086.2910794361183 462.4478492559124 247.12614964809634 
76.17485338675793 0.07668520244745372 1499.3239137902674 1081.9599278576977 583.0823767871761 
1.801457604004832 34.26350431283987 194.44706410601327 339.4518643455131 6.975587509911578 
2.4395408185152023 68.20619638873387 0.6315571634082029 42.53780190467481 1.037677961536927 
59.70638031962379 0.1904561432975289 1448.9325836433975 501.37478574485914 246.5239854704653 
64.60211251403607 0.14701992265177144 1487.1720962636193 1182.1659643011653 535.1133295630322 
49.37690200971939 0.02440719310054551 1472.702024719353 543.0406128932417 412.48831714310654 
7.616975063063244 58.361896605447 694.1313373599559 337.3175114980478 178.50576691550867 
71.80602366203178 0.2685312082708551 1477.49360582463 743.9219943451171 387.58913771887535 
37.67879963450166 0.07649981931113112 1017.1399795334959 525.3806463194913 245.89946512456282 
82.0 0.09029784969556442 1492.5613858453016 1488.4114668155412 578.0179906418288 
5.0679935288595335 54.903902742293404 26.740025507668975 39.82903563107101 10.015507562014964 
5.8910066077406515 69.09736695915572 570.6848694138873 379.5633348171578 152.55614986055093 
8.503164728009057 45.00847761168549 513.1287660256384 306.3207577025823 2.0796812980210815 
76.17485338675793 0.1468496716823661 1499.3239137902674 1310.2021763128398 611.0352354271763 
61.64565105379225 0.15035562933484486 1488.928655636744 869.9488321382801 655.2863866876904 
7.616975063063244 0.44338986823361637 694.1313373599559 346.13754675878505 178.50576691550867 
10.072102186436535 60.02591138932992 469.6274100228327 386.77706548823363 37.318999613350485 
70.27683794347644 0.07641493923778366 1498.4733033706093 757.9243665065942 374.90248345435396 
9.179633615390877 0.21836765641479644 1000.1685547622676 490.2291091000972 201.32214872838102 
1.0603553162096668 71.39893532279287 0.6315571634082029 1.0597967942508868 7.3362862141996175 
37.67879963450166 0.07641493923778366 1451.3562509046528 448.3888489191364 236.5429136313585 
49.34871330075748 0.04699605294733805 1493.967196444685 657.3853371378245 373.7024508947583 
0.5377463699683034 63.611263194116596 105.9912079212226 56.375687374600574 0.9599896673372257 
5.246167355671734 34.26350431283987 532.1814226643363 384.75693596977374 57.69736029405475 
71.80602366203178 0.2685312082708551 1478.2888161701467 988.9126203462863 485.9571287024628 
48.595301608332974 0.04319713408745573 1492.9591793381767 737.557354226076 379.2295247218782 
18.151101944323067 0.30472220909942394 748.2134354252636 481.88014735170725 64.30394384857381 
5.8910066077406515 18.564772811603444 570.6848694138873 379.694016511188 166.75277553401196 
26.44705640018172 0.04137489041062725 1487.6366338146854 737.557354226076 390.72578432966554 
4.12969663918589 61.76038842047937 212.29447433186226 92.51159475840876 11.226616994812218 
7.74835804319004 28.171094345288186 0.4595320392265876 239.04360263567133 16.788493483457607 
19.810113817079255 0.15612043138124831 1409.736461698181 543.9599566393325 246.87000549188855 
5.008062667417882 28.01037337796963 203.71030109191915 63.188248947891196 9.893944457495554 
