17.27338361804727 50.46425388243927 226.64468825619252 179.6126299201062 12.881987519781134 
50.839321098592364 0.005696294427277593 1464.126167164821 906.5412515605924 447.97362270470654 
0.5211119869971732 53.61233233203633 783.474280767341 378.5708503826148 190.36047255910103 
3.51415663268061 0.9370444923142243 1463.0250041640204 429.5994844789102 251.9609069250892 
34.80334189630429 0.29063321649870577 1488.3936780496515 772.4770385852487 319.8219635364994 
1.1273363807157146 53.84900098850449 242.36410907238644 336.25984167423667 0.4935995846818697 
50.83728858963422 0.17234750322941053 1478.2807393233056 1120.064918309047 549.015175302513 
39.25814269871486 0.3159449087990341 1449.255002285083 1004.9975905129274 362.54871641496976 
49.938306904062145 0.14460461603634212 1106.0838003404656 545.9664679487823 366.9715680852553 
46.79166525172818 0.05782857354884685 1355.825191336977 545.9664679487823 360.2833707125279 
4.937589975549052 55.71589849552228 541.3284242575205 339.89011027659257 158.20549831387387 
61.94267330075173 0.29063321649870577 1488.3936780496515 440.8162999049175 262.19131901300904 
40.155527808520176 0.43188325631945984 1455.825873587274 410.54186767194506 365.9524290201833 
0.5680604084967484 0.16729049796565032 938.9136457671837 447.1665741923461 149.1929866903381 
57.693851688063724 0.29063321649870577 1481.2017901866548 755.4858944464927 262.19131901300904 
74.37928714992077 0.2854166025939753 1450.9720128397848 855.4015385251038 400.9089435920093 
0.4603652666683137 53.9486626438301 3.968566294604692 170.2770068679066 0.1369929404176662 
3.1352855842939817 0.7724705591267274 529.9143952846456 412.50805564883643 166.09953192577748 
0.07719281020768776 6.174322367140423 884.4925664177063 430.16689997528937 199.1473640386067 
0.0657737036183032 61.882430894160855 258.45682133638167 304.021071688966 8.464666063785302 
48.45974496970993 0.9316016963174528 997.3398888944589 467.6165393241476 340.8664540001834 
1.1555990921250476 48.26095574660416 403.1539166658164 392.54689056734105 65.39660493849462 
49.62183898666986 0.19534373514962872 1478.2807393233056 1119.4390039153202 856.8855477170935 
47.25343907255806 0.0938341180338218 1453.0433005149112 583.5020584057833 356.219273022842 
2.9286732971339617 54.87098596692951 242.68451371132133 14.852778323078468 0.9037268282556429 
0.6232206993481573 55.73770325333196 478.37687569998764 339.78804994288356 0.44180940871515917 
0.13515701323681384 0.9451868375330726 1267.1487413825794 413.29314941947985 193.7353728975674 
46.68645604001261 0.05782857354884685 1300.7790852421751 545.9664679487823 204.4967654068301 
47.415054999041324 0.005696294427277593 1497.727140056494 1499.4562944222257 631.1439225795789 
7.065715707685504 0.6590764073403059 1048.9928569532224 406.37858243542826 201.46670924247496 
0.10856484602327532 53.61233233203633 679.9812064771178 412.5256695465687 205.79799483078324 
2.4972910611483634 0.4918683045132225 781.2116425182734 452.3113927439388 136.8614392972626 
51.40629651601865 0.9584032317455531 997.3398888944589 429.4574449063876 175.90366819027847 
1.4712701045575454 60.1862882651963 8.413708290058366 123.4724319357922 60.9084352616744 
2.379170010221511 53.9486626438301 220.54300142597435 184.04381252695885 14.02858389344101 
50.84069197031935 0.051114890662103285 1449.255002285083 1124.2722090641555 450.9759740218956 
0.3121536189492544 25.495231100604578 226.46468457684892 70.89358974961735 0.9037268282556429 
3.837623270045528 0.2910360904123668 611.9517055667671 405.91736210894356 199.401865682328 
0.7368248111154168 53.61233233203633 391.48554715685407 381.3366704661823 1.5217502726430858 
16.6562147984025 56.68570918222168 415.9871663818985 438.9630894478909 13.44475250399934 
1.1273363807157146 59.07218604402287 16.314343892588855 5.228574183765609 0.4935995846818697 
0.5818217392045459 37.26973897466971 228.81274231098732 227.92842549265214 18.403202347567277 
3.07111660156157 2.217162044165411 709.5874681881744 413.098588266141 154.21463616030394 
9.505084858039922 0.15393213235651482 1441.088532308259 1492.8640564862121 612.352019703441 
0.19214512093738545 73.19722101261513 95.04776658540538 13.470041417914096 18.465433176510203 
0.514054894448189 39.314747309875806 365.1870464559943 378.6761726053342 263.52638815236855 
2.9286732971339617 54.87098596692951 226.24785282867754 46.66595528871759 0.9037268282556429 
28.415896079023177 0.11386880449567913 1117.7057523753122 405.91736210894356 201.22353827955118 
75.84919173130476 1.0359703781650313 1451.0293501731155 650.3965980898557 247.85735222694058 
80.61043039604968 0.11242531993077082 1457.2752409554028 684.7664548546641 344.85596937364517 
47.19897292703598 0.03053664852726179 1038.9233918705936 413.1531900742101 201.54700125288636 
28.415896079023177 0.2910360904123668 799.3886679189411 405.91736210894356 199.401865682328 
0.8795425712095654 53.61233233203633 378.700067086901 348.7381886683644 14.139989475594174 
4.937589975549052 55.73770325333196 363.8219822461344 339.78804994288356 0.44180940871515917 
23.927134550632495 0.13845489428251145 788.9411174023483 388.5184544235767 149.7198009723424 
0.10856484602327532 53.61233233203633 692.0762839937871 391.03399979660304 205.79799483078324 
2.196382873040458 44.70968836542445 388.16313319121645 305.81104927373434 3.367344461678563 
57.693851688063724 0.29063321649870577 1488.3936780496515 814.1690685171088 262.19131901300904 
37.50318169210031 1.8157518596251556 1297.103364775245 412.526660241013 200.80714577949394 
0.5827728249436963 59.874902003776995 242.51950335325728 122.3426850565275 0.08745002087406917 
82.0 0.29437378463593367 1498.272233747714 1499.8890685518727 632.4397483814067 
0.4603652666683137 53.9486626438301 220.54300142597435 170.2770068679066 0.12713431477492426 
40.20165439449413 0.3167609040034233 1449.255002285083 847.9951094246849 365.9524290201833 
0.25925965381058436 53.61233233203633 72.68553212770064 399.91108368728976 8.105659315853643 
1.1998725781950834 48.26095574660416 415.5850792137951 389.790062999685 95.16504465443768 
0.45956499391857975 0.9370444923142243 1006.0302055227864 429.5994844789102 194.12999218654164 
38.12121722709267 0.5306846385640744 1116.3809705331591 450.8244705930997 342.4554313852614 
38.88696796813747 0.43032448082322544 1315.5603991956552 414.1226193567022 259.2731829850704 
0.7262756718773825 53.9486626438301 379.0352756518105 170.2770068679066 0.3777388017097971 
1.1273363807157146 59.07218604402287 47.57417395295644 5.228574183765609 0.4935995846818697 
75.69013790877267 0.16761023089740795 1408.9337068242946 554.2137816433847 247.31707304673523 
55.1349742121268 0.2381297504059118 1453.0433005149112 516.4375639525911 371.54543102559796 
7.489467233449751 55.34960038038219 529.9143952846456 381.7692021707181 166.06179250053333 
50.94716594274971 0.3160017940645643 1449.255002285083 998.227393131079 491.93076057554106 
0.32222592912459963 53.61233233203633 239.37561143156785 381.3366704661823 24.63291330821793 
97.0 4.315876723307442 1444.174620607308 1485.0862879933816 612.352019703441 
0.5211119869971732 53.61233233203633 586.1786352051341 378.27501232044926 263.4790440596718 
53.80512516714826 0.2854166025939753 1449.255002285083 855.4015385251038 400.9089435920093 
51.96878957693271 0.8752615446076478 1104.0290411271587 435.0811292040527 175.90366819027847 
0.32621054330809596 95.43785919729817 5.519218941319622 38.88625802517346 1.9681282900694916 
0.25925965381058436 53.61233233203633 19.152581906070594 400.70212875075964 0.9748861829003346 
0.5827728249436963 59.874902003776995 242.51950335325728 54.806637819710616 0.08745002087406917 
56.36821220406262 0.29063321649870577 1480.8809373130061 791.3581216044624 262.19131901300904 
50.839321098592364 0.3160017940645643 1449.255002285083 998.227393131079 399.4602804080912 
38.88696796813747 0.43032448082322544 1315.5603991956552 414.1226193567022 200.71554130425838 
2.278619725614291 38.85204347325711 82.75610282847941 46.99135314727341 0.5047982968820219 
7.489467233449751 53.61233233203633 701.1665450100986 332.72471946167934 56.05535935898331 
3.0622725835438813 0.11603919559977527 697.8032203842654 413.098588266141 201.26756715362762 
17.27338361804727 0.16729049796565032 946.2159521640949 447.1665741923461 149.1929866903381 
50.881301945487394 0.3160017940645643 1449.255002285083 998.227393131079 596.0803621489109 
6.918896448711122 1.2317794504062753 884.4925664177063 432.54193745999237 199.15908108991383 
0.6232206993481573 55.73770325333196 423.8730533224785 339.78804994288356 0.44180940871515917 
7.489467233449751 23.95449464128722 702.3121497377324 346.1211210188028 199.7129748740494 
47.5531505641529 0.19504055247082863 1463.5852490377022 726.3986255174359 198.28184871766263 
97.0 1.0063767632368794 1484.5465856825533 1461.9132866044877 1310.5092200834142 
0.10856484602327532 53.61233233203633 239.80971769628286 342.6476698746204 59.14970977891576 
3.0487990245961534 2.0479632363794353 781.2116425182734 406.62710431825434 136.8614392972626 
1.0913802409758717 60.3668194240921 162.20958741519496 17.035835180715992 2.045898026668823 
2.129673010426277 42.995177280347804 228.8326801284096 107.97723410561866 0.4935995846818697 
2.210845814948903 61.74395756863164 11.51276238917119 38.41601540068879 55.432741054574365 
