15.548917840029118 0.018209058969781575 923.5474803616706 357.0249848259362 366.98773839856625 
0.6388566534850639 55.11265510571923 552.5062837873468 431.2538554424171 117.73816307775799 
3.8092806393802494 84.62668199814843 45.57375373342117 401.6090114233423 6.916842598484166 
3.9067106537454586 57.93802062908259 22.41052817444427 293.88339378198305 26.010305666849014 
3.517644573054504 0.13863433869214767 995.8725469788648 409.052858445775 219.7036063160524 
1.0321486614554036 33.64712715680233 359.0057256108907 335.65989564554764 7.953297159167455 
37.069825861489235 0.34482765411585903 626.0747302786485 390.05561319915944 206.38549037810807 
1.2421075567163902 1.7298126219238092 574.8676896554935 335.57378409446875 67.41932004787276 
73.78305721316949 0.22017581320012933 1493.951193764992 891.7806938446905 371.875170697485 
0.012099238333879825 0.018209058969781575 711.3255510533179 355.1548253443869 206.44908500986983 
0.6108626855362984 26.86076927905727 533.8665710880304 335.1431872840393 214.47180510570706 
6.143535692950142 58.19427363490847 206.27439419190108 274.0974293762259 0.4058339157779116 
0.661610750396834 0.0922805084481988 645.7678833417816 401.6300456599794 117.73816307775799 
1.7279837372898967 57.51722201931698 327.0254210019579 277.3830403021154 1.8247916172832532 
83.0 0.3402948590585809 1499.855060753384 1111.4386512570345 661.9512882508463 
1.3249254580278045 57.51722201931698 107.06516765165634 112.33719581994714 5.326646172899677 
4.019486585699914 80.92727534035144 301.3380319009236 401.6090114233423 6.916842598484166 
14.591497484262767 0.0922805084481988 644.0338445396666 401.6300456599794 321.2054291029207 
0.23386420655714524 57.47934752788653 150.96359912085558 193.83880800414022 5.39295393687484 
2.3764543741298088 38.65704610621495 717.5153866440992 380.55018375678276 141.662715396436 
2.379373452355024 60.242559796885544 45.071084835472064 129.37789559084973 0.1631578030149181 
49.6615215147857 0.023031135222068344 1499.942974131936 1029.3785969299333 772.3767049224634 
41.951594397923216 0.11612109366525747 1497.7108914411351 721.0973872097014 400.71370951580707 
34.79872626983607 0.0041462015718580865 1499.9949961635416 1411.3483309890673 696.9773869074288 
1.0221524966471658 59.81995168944573 80.68458345370777 360.3038040375004 169.62532026784817 
53.874465795715444 0.0041462015718580865 1499.9836062048885 533.5401001476171 288.9127090998942 
3.3281291850636663 19.11802426123274 692.0377415894645 355.1525931017577 123.17094796790231 
5.034861281582529 19.505779219932304 408.29222090882007 382.10929983382135 12.881113121326166 
52.014970026744436 2.8097547078420604E-4 1491.5995981199055 1274.5918707107 639.8703007528534 
33.23853110442576 0.020836780329951565 1402.3649325736535 412.2220423004438 203.12578594881333 
59.036866473629445 0.025250172943517002 1499.945867199111 1274.5918707107 742.1071211627866 
0.23386420655714524 57.47934752788653 124.69102709546326 188.79030698144345 5.39295393687484 
36.03107872720929 0.1395023787891673 1049.321120721267 412.4095194767824 204.94765838923905 
4.921183301798467 44.0798992622533 417.7064813446119 382.10929983382135 0.3684506703479604 
19.26300990620557 0.4796137671092569 796.4587411402682 435.25417701578226 207.4682733636205 
16.393709420558586 0.3576031793045181 767.5648081629843 414.51684500404093 129.69984234522195 
15.548917840029118 0.018209058969781575 880.0051503124379 357.0249848259362 206.44908500986983 
47.93433926326778 0.3501404188179258 1499.9453793997814 883.0492940331208 398.1264461734556 
2.0608744728769732 61.97540998674492 386.2581140461053 293.504353707298 0.307271016521681 
54.77528703980731 0.0041462015718580865 1499.9836062048885 1411.3483309890673 704.2161731236455 
16.772466003125896 0.0922805084481988 736.0868530463727 355.1525931017577 201.0142667611081 
37.334765828430655 0.34482765411585903 1474.7991264815287 495.3051872805843 207.3726016171527 
44.41004064042305 0.34738245198163364 1496.112730792854 788.3947088994056 372.4468471254553 
50.61661459728589 0.004144123752719331 1499.32152274199 842.7025942349869 639.8703007528534 
26.00620857633277 0.4569496565224078 1245.4252352722037 399.9167300417974 296.30578798635275 
28.691542904460924 0.06642099322309208 1402.424511606082 466.9442221038363 232.3886923175647 
16.740382051405064 0.019224128511203142 1214.6892711629544 571.4844049200557 245.17077452753313 
64.69515887195 0.06454245498653924 1276.1016565429472 500.1915932898846 233.93001845442728 
4.921183301798467 44.05532997239426 11.567506694634602 382.10929983382135 0.3684506703479604 
26.01547653300164 0.0645956878556438 1276.1016565429472 465.5094123231229 233.93001845442728 
41.951594397923216 0.11612109366525747 1497.6979759407002 652.3448410523295 394.7489648120331 
1.2421075567163902 33.64712715680233 574.8676896554935 335.57378409446875 67.41932004787276 
0.8911500812918218 33.64712715680233 609.9612560943675 328.7713494550535 67.41932004787276 
82.27291356205902 0.061068517270877476 1491.3193719595085 676.6415442208825 380.2662683622923 
37.334765828430655 0.34482765411585903 980.0744976356631 495.3051872805843 207.3726016171527 
75.68687209162404 0.1078962739690322 1493.951193764992 656.8614558312566 371.875170697485 
2.379373452355024 60.242559796885544 132.39462112693582 128.2471174514292 0.1631578030149181 
49.23500189479515 0.009246140207989126 862.2781926914865 469.8862822713929 236.4956318129356 
1.9053354875329918 45.409906015938574 46.52821304531534 83.62123380143564 0.2887945402876455 
37.64549521626655 0.3576031793045181 767.5648081629843 414.51684500404093 129.69984234522195 
25.268459766566338 0.011426124103759566 841.2062984653148 404.3293286929546 235.4083426904754 
26.01506499877326 0.2814929925992775 1277.6111253039967 395.8553824096788 156.34676307108526 
50.69727979727018 0.3564832555731897 1479.88842531731 1129.679867157493 609.0952890215148 
4.921183301798467 43.19905491903104 376.2812106694583 382.10929983382135 9.920616039129458 
50.84612415872809 0.42261463904388125 1499.942974131936 836.1515664089702 368.55772237179485 
0.45649654644485516 62.693598294144515 7.319545500375565 1.9165916436011479 1.3437205340282796 
3.690756965018815 41.83551812470984 14.23437289027499 2.612756418298778 0.14474109936280222 
1.0446493567318764 49.985268496557545 42.16714458617941 58.82925476718005 7.331300090991683 
37.334765828430655 0.34482765411585903 895.4178767148395 495.3051872805843 207.3726016171527 
54.33005532782768 0.004144123752719331 1008.8242685023632 490.4488717050977 192.92010089641855 
2.0608744728769732 61.97540998674492 23.17649701609182 124.9036669103571 0.307271016521681 
1.0446493567318764 41.72245813573594 42.16714458617941 338.82938386038984 1.238116060964515 
28.126013715839893 0.13863433869214767 1474.2672261974797 500.37833033633495 419.2432074313789 
54.77528703980731 0.004144123752719331 1499.9836062048885 1489.2714557019294 704.2161731236455 
0.23386420655714524 57.51722201931698 356.3527731284174 296.36931904452206 5.326646172899677 
1.0446493567318764 49.985268496557545 7.319545500375565 58.82925476718005 1.3437205340282796 
34.64264101902114 0.004144123752719331 1499.7076119726773 1262.147679661457 606.2699379755436 
1.0446493567318764 49.985268496557545 8.512796231978172 335.64133856907637 1.0583264767184617 
41.951594397923216 0.11612109366525747 1496.5315862564976 751.3885019265687 394.7489648120331 
1.7279837372898967 57.51722201931698 356.3527731284174 275.9123722842907 5.326646172899677 
3.3281291850636663 19.11802426123274 724.7176098051737 355.1525931017577 9.296256486634093 
43.62448727254312 0.04996918772366038 1445.2494754430932 460.1849626377989 246.84460982959519 
34.72507936103512 0.22211632098460943 1497.0988278090092 676.6415442208825 283.79528749732356 
1.4239772907403483 50.95267017466111 537.6377253796428 335.1431872840393 32.04921131770534 
47.430340434406546 0.3501404188179258 1499.9453793997814 883.0492940331208 644.0432241741474 
18.263056194593652 0.019224128511203142 1237.136852013089 466.206483422946 245.17077452753313 
43.62448727254312 0.09804063418412948 1445.2494754430932 518.8282541486859 246.7259260191132 
33.909830943772455 0.04773898907811586 1415.8123514739293 643.8746174427763 312.4852867289891 
51.32791514752361 0.0236808172311479 1499.852048281038 999.8099452630908 661.1197689723846 
75.68687209162404 0.22017581320012933 1493.951193764992 1037.160225485002 390.4827605199674 
44.66849514128124 0.04763768310255778 1415.7315828521532 494.98313125880446 432.73952283838446 
33.23853110442576 0.004207074227785879 1480.146769005585 643.8746174427763 319.7256490024952 
2.4752082173099446 50.95267017466111 537.6377253796428 333.6205526679721 89.58665618831247 
49.6615215147857 0.023031135222068344 1499.942974131936 883.1318101007797 772.3767049224634 
28.126013715839893 0.13863433869214767 1049.321120721267 500.37833033633495 219.7036063160524 
75.68687209162404 0.22017581320012933 1493.951193764992 788.9598837573707 371.875170697485 
2.379373452355024 41.741914048614596 60.28410216251049 199.1237763007552 0.1631578030149181 
42.41921348529399 0.3535283947653296 892.6484507581808 411.37791357968945 145.8376822556771 
25.754816362888025 0.4569496565224078 1245.4252352722037 572.2753311366962 296.30578798635275 
10.549680789245723 57.87609621600582 14.23437289027499 2.612756418298778 0.14474109936280222 
