4.920316384 183295.0 
45.491203000000006 146297.0 
31.256406180000003 156854.0 
28.6108233 159029.0 
37.666751652 152188.0 
33.649054324 155171.0 
4.958039368000001 181270.0 
4.951328148 183078.0 
34.478102444 154500.0 
19.029364444000002 166103.0 
15.77758796 168633.0 
5.269203000000001 179304.0 
16.876677816 168428.0 
30.672999759999996 157395.0 
39.959111016 150459.0 
27.614114208 159812.0 
32.094650032000004 156335.0 
19.61148102 165674.0 
6.387990124 176488.0 
40.806262884 149760.0 
18.353888504 166551.0 
24.410606168 162121.0 
17.224029672 167400.0 
38.246367696 151757.0 
5.592402988 178460.0 
22.259317388 163613.0 
40.603995504 149969.0 
5.848626504 177419.0 
39.569158072 150739.0 
6.146244676 177137.0 
25.012361251999998 161750.0 
33.161242548 155524.0 
5.04800514 181010.0 
7.003133420000001 175625.0 
26.691303496 160410.0 
20.047863912000004 165405.0 
16.879166584 167768.0 
34.857672496 154240.0 
5.676461808000001 178176.0 
13.886030736000002 169952.0 
41.51445968 149270.0 
42.464436152 148575.0 
43.453424388 147920.0 
24.024990124 162372.0 
5.227714232 180104.0 
14.537972980000001 169743.0 
9.9666842 172987.0 
21.248375144000004 164410.0 
20.416958024 165045.0 
30.184685324 157655.0 
39.14039016 151160.0 
13.316391164 170549.0 
7.239393292000001 175057.0 
44.655959148 146969.0 
9.356463876 173426.0 
15.203424328 169190.0 
21.714340916000005 164019.0 
36.889019032 152819.0 
35.7501602 153599.0 
26.275663924 160599.0 
32.751056452 155767.0 
22.622096 163348.0 
25.997129164 160799.0 
36.330589083999996 153257.0 
20.761061772 164809.0 
36.455043624 152986.0 
11.151323772000001 172091.0 
42.18177305199999 148807.0 
30.0814757 157961.0 
23.315952704000004 162972.0 
45.06027252 146663.0 
36.889019032 152819.0 
35.9955078 153551.0 
25.248768736 161467.0 
7.47080184 174781.0 
42.999820107999994 148274.0 
29.731685324 158137.0 
10.770136612000002 172382.0 
5.2497142320000005 180060.0 
6.538260696 175914.0 
18.10814412 166792.0 
14.684204004000003 169408.0 
23.703510992000002 162641.0 
27.159975168 160035.0 
12.541403992 171003.0 
35.255974103999996 153899.0 
42.945343103999996 148313.0 
32.557647904 155981.0 
32.264125972 156110.0 
12.980473512 170702.0 
38.904344168 151224.0 
9.226126976000002 173534.0 
45.392934556 146430.0 
12.376903460000001 171228.0 
11.45621896 171852.0 
6.652517376000001 175896.0 
13.670970852 170192.0 
10.007893824 172887.0 
17.819398672 167105.0 
21.47458264 164333.0 
8.829267080000001 173850.0 
25.695000824 161061.0 
35.255974103999996 153899.0 
7.910848896000001 174528.0 
38.614159136000005 151537.0 
10.43055586 172704.0 
28.896232912 158681.0 
10.881161204 172262.0 
29.44739548 158239.0 
29.155045752 158519.0 
12.100670308000002 171444.0 
7.981208260000001 174518.0 
15.337332344000002 168967.0 
8.464894888 174111.0 
22.978189048000004 163128.0 
41.58162224800001 149264.0 
8.871638208 173798.0 
17.892167648 166962.0 
8.253766548000002 174209.0 
44.136179471999995 147339.0 
5.3368661 179695.0 
45.549680004 146511.0 
14.392915224 169666.0 
5.905069280000001 177515.0 
5.857981612 179252.0 
9.069627508 173834.0 
8.189488468 174284.0 
33.014266076000006 155673.0 
15.172448920000003 169071.0 
23.162954831999997 163262.0 
6.720087427999999 176132.0 
19.778377272 165688.0 
21.263004016000004 164632.0 
9.373766548 173522.0 
18.284947324 166672.0 
20.736225404000002 164966.0 
37.223008332 152650.0 
35.911229719999994 153828.0 
6.015640396 177157.0 
26.393780500000002 160596.0 
33.767545219999995 155314.0 
7.1370532 175538.0 
32.647022224 155997.0 
34.472938812 154797.0 
24.653186920000003 162126.0 
39.282670368000005 151136.0 
35.312881056 154067.0 
22.147560176000002 163885.0 
16.717703472 167974.0 
42.103820107999994 148965.0 
36.698752716 153038.0 
33.806928112 155134.0 
13.78383394 170186.0 
43.559271456000005 147866.0 
29.602290668000002 158209.0 
6.309722744 176612.0 
38.545368759999995 151683.0 
43.127691768000005 148231.0 
17.787771928 167262.0 
29.335173027999996 158512.0 
22.622654288 163477.0 
24.835641459999998 161786.0 
45.28137733199999 146706.0 
27.945919540000002 159570.0 
17.787982616 167167.0 
7.305314136000002 174952.0 
41.589599784 149389.0 
31.225731316 157144.0 
29.969672496 157961.0 
28.173931304 159344.0 
26.961522756 160300.0 
7.702488468 174783.0 
13.659007208 170351.0 
15.908017908 168711.0 
12.375658544 171504.0 
27.443476764 160074.0 
30.701708852 157385.0 
36.243206192 153582.0 
18.660632888000002 166496.0 
31.394580511999997 156981.0 
17.237413628 167752.0 
27.486687451999998 159790.0 
39.845226528000005 150800.0 
16.22651844 168261.0 
40.814878928000006 150114.0 
8.113104512 174656.0 
25.86937408 161047.0 
31.834800836 156719.0 
5.780760224 179544.0 
23.596141992000003 162795.0 
21.680305624000002 164210.0 
41.71949497200001 149269.0 
41.087692832 149724.0 
6.6133163239999995 176583.0 
22.446329151999997 163697.0 
10.848242488 172416.0 
38.789739888 151372.0 
20.27560936 165168.0 
35.036381588 154261.0 
38.008738824 152005.0 
32.386369824000006 156329.0 
44.949351676 147033.0 
21.66429386 164339.0 
37.59990352 152290.0 
40.22006502400001 150393.0 
23.80068958 162709.0 
12.03217084 171616.0 
44.134375204 147640.0 
19.223656416000004 165925.0 
28.9641281 158711.0 
7.229998636000001 175371.0 
20.189457492000003 165324.0 
10.679578324 172575.0 
39.877703532 150713.0 
44.787316384 147066.0 
30.212651096000002 157737.0 
43.80279658 147703.0 
12.584974044 171128.0 
24.103177284000004 162347.0 
16.403344108 168208.0 
12.645811475999999 171027.0 
17.237413628 167752.0 
11.771312007999999 171744.0 
25.703582640000004 161320.0 
10.394661736 172760.0 
39.0225185 151280.0 
13.067113083999999 170844.0 
25.295802964000003 161633.0 
36.39736875999999 153287.0 
9.804893824 173048.0 
38.155646839999996 151912.0 
41.064506736 149783.0 
34.900287476 154501.0 
40.462728124 150194.0 
44.36508748800001 147264.0 
15.434215768000001 168920.0 
18.991201875999998 166319.0 
42.801703532000005 148445.0 
11.214440348 172218.0 
42.50709925200001 148604.0 
