-0.535 4722.0 
-0.509 4395.0 
-0.497 4277.0 
-0.068 3289.0 
-0.565 5931.0 
-0.034 3268.0 
-0.546 4947.0 
-0.399 3772.0 
-0.37 3677.0 
-0.515 4444.0 
-0.538 4779.0 
-0.355 3635.0 
-0.528 4608.0 
0.091 3176.0 
-0.031 3248.0 
-0.343 3610.0 
0.246 3076.0 
-0.416 3824.0 
-0.527 4590.0 
-0.559 5486.0 
0.528 2899.0 
-0.491 4211.0 
-0.459 4004.0 
-0.532 4666.0 
0.223 3091.0 
-0.383 3714.0 
-0.518 4475.0 
-0.332 3579.0 
-0.506 4347.0 
-0.558 5464.0 
-0.54 4809.0 
-0.53 4638.0 
-0.544 4898.0 
-0.551 5123.0 
-0.364 3659.0 
-0.563 5746.0 
-0.548 5004.0 
-0.407 3798.0 
-0.545 4930.0 
-0.104 3317.0 
-0.522 4535.0 
-0.283 3499.0 
-0.304 3530.0 
-0.481 4147.0 
-0.56 5587.0 
-0.556 5344.0 
-0.138 3335.0 
0.176 3117.0 
-0.455 3983.0 
0.578 2871.0 
-0.549 5041.0 
-0.542 4854.0 
-0.496 4260.0 
-0.562 5660.0 
-0.464 4031.0 
-0.557 5382.0 
-0.564 5775.0 
0.305 3036.0 
-0.423 3857.0 
-0.319 3557.0 
-0.479 4127.0 
-0.552 5180.0 
-0.488 4192.0 
-0.485 4173.0 
0.353 3006.0 
-0.441 3926.0 
-0.265 3472.0 
-0.391 3741.0 
-0.554 5242.0 
-0.494 4236.0 
-0.503 4317.0 
-0.191 3389.0 
-0.513 4416.0 
-0.524 4558.0 
-0.22 3419.0 
-0.55 5077.0 
-0.471 4074.0 
0.124 3153.0 
-0.561 5616.0 
-0.449 3953.0 
0.442 2954.0 
0.064 3193.0 
-0.537 4752.0 
0.62 2839.0 
-0.555 5266.0 
-0.468 4054.0 
-0.169 3363.0 
-0.249 3451.0 
0.478 2928.0 
-0.436 3904.0 
-0.521 4510.0 
-0.431 3880.0 
0.406 2983.0 
-0.475 4101.0 
0.006 3225.0 
-0.5 4293.0 
-0.534 4697.0 
-0.543 4873.0 
-0.508 4370.0 
-0.547 4982.0 
-0.338 3597.0 
-0.092 3292.0 
-0.495 4268.0 
-0.546 4952.0 
-0.552 5157.0 
0.349 3008.0 
-0.365 3661.0 
-0.448 3958.0 
-0.527 4604.0 
-0.38 3707.0 
0.448 2945.0 
-0.533 4685.0 
-0.526 4582.0 
0.53 2919.0 
-0.427 3863.0 
-0.565 5879.0 
-0.535 4722.0 
-0.452 3984.0 
-0.437 3909.0 
-0.537 4747.0 
-0.538 4773.0 
-0.373 3684.0 
-0.487 4207.0 
-0.458 4004.0 
-0.519 4512.0 
-0.502 4305.0 
-0.185 3375.0 
-0.443 3931.0 
-0.057 3265.0 
-0.554 5222.0 
-0.505 4351.0 
-0.557 5394.0 
-0.476 4109.0 
-0.138 3330.0 
-0.158 3348.0 
-0.545 4929.0 
-0.41 3801.0 
-0.43 3886.0 
0.319 3032.0 
-0.525 4564.0 
-0.513 4428.0 
-0.555 5277.0 
-0.532 4657.0 
-0.265 3468.0 
-0.53 4632.0 
0.544 2888.0 
-0.311 3543.0 
0.002 3226.0 
0.377 2990.0 
-0.486 4177.0 
-0.482 4155.0 
-0.301 3520.0 
-0.523 4534.0 
-0.563 5748.0 
-0.561 5580.0 
-0.246 3446.0 
-0.286 3496.0 
-0.464 4037.0 
-0.113 3310.0 
-0.467 4065.0 
-0.473 4086.0 
0.613 2842.0 
-0.541 4831.0 
-0.544 4904.0 
-0.4 3772.0 
-0.543 4871.0 
-0.229 3424.0 
-0.328 3573.0 
-0.556 5324.0 
-0.553 5181.0 
-0.56 5558.0 
-0.54 4807.0 
-0.422 3844.0 
-0.562 5638.0 
0.292 3049.0 
-0.549 5045.0 
0.14 3147.0 
0.11 3171.0 
-0.551 5120.0 
-0.558 5424.0 
-0.559 5470.0 
-0.479 4137.0 
-0.494 4238.0 
-0.51 4394.0 
-0.504 4330.0 
0.21 3100.0 
0.173 3126.0 
0.051 3195.0 
0.25 3075.0 
-0.515 4457.0 
-0.394 3744.0 
-0.352 3628.0 
-0.508 4369.0 
-0.518 4492.0 
0.405 2973.0 
-0.55 5080.0 
-0.416 3823.0 
-0.548 5009.0 
-0.208 3402.0 
-0.564 5785.0 
-0.545 4934.0 
-0.452 3982.0 
-0.517 4463.0 
-0.552 5187.0 
-0.476 4126.0 
-0.561 5649.0 
-0.501 4312.0 
-0.457 4000.0 
-0.443 3933.0 
-0.307 3547.0 
-0.524 4566.0 
-0.473 4093.0 
-0.557 5405.0 
-0.483 4183.0 
-0.559 5514.0 
-0.563 5744.0 
-0.077 3302.0 
0.586 2861.0 
-0.505 4344.0 
0.008 3222.0 
-0.521 4522.0 
-0.368 3667.0 
-0.437 3915.0 
0.322 3067.0 
-0.008 3240.0 
-0.448 3950.0 
-0.541 4853.0 
-0.284 3502.0 
0.082 3193.0 
-0.536 4734.0 
-0.495 4267.0 
-0.348 3620.0 
-0.042 3257.0 
-0.125 3322.0 
-0.55 5101.0 
0.505 2928.0 
-0.393 3766.0 
-0.518 4485.0 
-0.181 3371.0 
0.383 2989.0 
-0.53 4638.0 
-0.525 4587.0 
-0.556 5344.0 
-0.528 4619.0 
-0.555 5309.0 
0.446 2947.0 
-0.383 3721.0 
-0.513 4439.0 
-0.42 3835.0 
-0.544 4909.0 
-0.463 4036.0 
-0.543 4879.0 
0.361 3007.0 
-0.428 3874.0 
-0.538 4761.0 
-0.54 4828.0 
-0.491 4214.0 
-0.508 4371.0 
-0.551 5122.0 
0.56 2882.0 
-0.539 4783.0 
-0.067 3281.0 
-0.257 3469.0 
-0.554 5252.0 
-0.423 3854.0 
0.328 3032.0 
-0.412 3812.0 
-0.376 3691.0 
-0.549 5082.0 
0.145 3144.0 
-0.531 4658.0 
-0.467 4053.0 
0.218 3092.0 
0.617 2840.0 
-0.565 5893.0 
-0.482 4150.0 
-0.494 4248.0 
-0.223 3417.0 
-0.461 4018.0 
-0.47 4074.0 
0.421 2969.0 
-0.546 4958.0 
-0.39 3744.0 
-0.407 3792.0 
0.183 3121.0 
0.1 3171.0 
-0.205 3397.0 
-0.548 5016.0 
-0.533 4680.0 
-0.246 3446.0 
-0.434 3891.0 
-0.511 4416.0 
-0.328 3573.0 
-0.499 4284.0 
-0.535 4713.0 
-0.359 3644.0 
-0.145 3344.0 
0.522 2906.0 
-0.333 3591.0 
-0.509 4398.0 
-0.538 4772.0 
-0.521 4536.0 
-0.52 4504.0 
-0.391 3739.0 
0.253 3096.0 
-0.178 3368.0 
-0.554 5218.0 
-0.379 3711.0 
-0.544 4897.0 
-0.5 4296.0 
0.103 3165.0 
-0.549 5049.0 
-0.376 3693.0 
-0.06 3272.0 
-0.495 4277.0 
-0.138 3337.0 
-0.543 4881.0 
-0.541 4826.0 
-0.386 3725.0 
-0.546 4950.0 
-0.453 3982.0 
0.589 2862.0 
-0.552 5163.0 
0.177 3116.0 
-0.491 4227.0 
-0.537 4742.0 
-0.483 4164.0 
-0.542 4845.0 
-0.547 4981.0 
0.002 3229.0 
-0.423 3849.0 
-0.458 4004.0 
0.146 3136.0 
0.552 2884.0 
-0.479 4136.0 
-0.494 4252.0 
-0.301 3525.0 
-0.551 5109.0 
-0.548 5030.0 
-0.512 4409.0 
-0.435 3894.0 
-0.039 3252.0 
-0.401 3769.0 
-0.467 4065.0 
-0.55 5084.0 
-0.339 3595.0 
-0.506 4342.0 
-0.54 4805.0 
-0.558 5427.0 
-0.557 5371.0 
-0.535 4711.0 
-0.564 5855.0 
0.446 2952.0 
-0.45 3962.0 
-0.249 3451.0 
-0.563 5740.0 
-0.516 4448.0 
-0.533 4677.0 
-0.509 4376.0 
-0.503 4322.0 
-0.23 3425.0 
-0.531 4647.0 
-0.084 3288.0 
0.507 2912.0 
-0.35 3635.0 
0.41 2975.0 
-0.267 3474.0 
-0.285 3495.0 
-0.559 5472.0 
-0.328 3577.0 
-0.41 3805.0 
-0.565 5927.0 
-0.518 4481.0 
0.254 3066.0 
-0.364 3656.0 
-0.486 4199.0 
-0.446 3939.0 
-0.474 4098.0 
-0.21 3401.0 
-0.556 5317.0 
-0.545 4924.0 
-0.349 3615.0 
-0.529 4617.0 
-0.561 5577.0 
0.355 3010.0 
-0.555 5275.0 
0.314 3037.0 
-0.109 3307.0 
0.39 2992.0 
-0.553 5184.0 
-0.43 3875.0 
-0.461 4037.0 
0.049 3200.0 
-0.316 3551.0 
-0.527 4593.0 
-0.525 4563.0 
0.478 2931.0 
-0.56 5525.0 
-0.441 3916.0 
0.619 2840.0 
-0.338 3593.0 
-0.444 3935.0 
-0.475 4112.0 
-0.326 3567.0 
-0.55 5090.0 
-0.479 4140.0 
-0.377 3699.0 
-0.485 4196.0 
-0.386 3724.0 
-0.538 4796.0 
-0.483 4162.0 
-0.548 5014.0 
-0.539 4809.0 
-0.199 3393.0 
-0.399 3762.0 
-0.558 5488.0 
-0.261 3462.0 
-0.554 5291.0 
-0.415 3824.0 
-0.066 3276.0 
-0.527 4599.0 
-0.519 4502.0 
-0.416 3849.0 
-0.429 3867.0 
-0.41 3804.0 
0.161 3129.0 
-0.279 3492.0 
-0.463 4034.0 
-0.166 3360.0 
0.203 3110.0 
-0.437 3906.0 
-0.473 4094.0 
-0.516 4451.0 
-0.297 3518.0 
-0.356 3640.0 
-0.368 3683.0 
-0.563 5735.0 
-0.092 3303.0 
0.365 3005.0 
-0.555 5305.0 
-0.517 4487.0 
-0.477 4125.0 
-0.562 5717.0 
-0.523 4541.0 
-0.363 3656.0 
-0.451 3967.0 
0.012 3223.0 
0.33 3022.0 
-0.244 3440.0 
-0.552 5167.0 
-0.525 4571.0 
-0.564 5801.0 
-0.392 3739.0 
-0.501 4302.0 
-0.557 5395.0 
-0.143 3333.0 
-0.533 4679.0 
-0.347 3618.0 
-0.565 5906.0 
-0.042 3260.0 
-0.505 4339.0 
-0.545 4920.0 
-0.534 4708.0 
-0.536 4731.0 
-0.546 4977.0 
-0.468 4059.0 
-0.497 4279.0 
-0.315 3545.0 
-0.502 4321.0 
0.046 3203.0 
-0.513 4434.0 
0.398 2981.0 
0.488 2929.0 
-0.456 4002.0 
-0.532 4658.0 
-0.494 4258.0 
-0.561 5649.0 
-0.492 4229.0 
-0.018 3246.0 
-0.541 4838.0 
-0.521 4522.0 
-0.543 4894.0 
-0.56 5541.0 
0.525 2902.0 
-0.542 4864.0 
0.096 3172.0 
-0.529 4635.0 
-0.508 4389.0 
0.265 3065.0 
-0.455 3987.0 
0.224 3089.0 
0.576 2873.0 
-0.537 4783.0 
-0.406 3786.0 
0.131 3147.0 
0.305 3044.0 
-0.551 5118.0 
-0.553 5238.0 
-0.459 4018.0 
0.441 2955.0 
-0.532 4660.0 
-0.362 3657.0 
-0.553 5192.0 
-0.482 4158.0 
-0.519 4523.0 
-0.512 4415.0 
-0.518 4484.0 
-0.544 4890.0 
-0.354 3634.0 
-0.545 4936.0 
-0.504 4331.0 
-0.175 3384.0 
0.004 3230.0 
-0.457 4002.0 
0.578 2872.0 
-0.52 4546.0 
-0.146 3340.0 
-0.559 5467.0 
-0.462 4021.0 
-0.442 3919.0 
-0.324 3570.0 
-0.469 4063.0 
-0.478 4132.0 
-0.416 3825.0 
-0.541 4837.0 
-0.562 5701.0 
-0.41 3803.0 
-0.4 3766.0 
0.378 2997.0 
-0.391 3739.0 
-0.552 5171.0 
-0.507 4359.0 
-0.334 3596.0 
-0.45 3973.0 
-0.525 4564.0 
-0.168 3362.0 
0.027 3210.0 
0.298 3046.0 
0.149 3146.0 
-0.549 5041.0 
0.065 3190.0 
0.265 3068.0 
0.52 2904.0 
-0.51 4389.0 
0.608 2853.0 
-0.494 4242.0 
-0.538 4767.0 
-0.315 3547.0 
-0.56 5518.0 
-0.514 4444.0 
-0.556 5323.0 
-0.543 4865.0 
-0.489 4197.0 
-0.527 4593.0 
-0.446 3943.0 
-0.476 4104.0 
-0.301 3520.0 
-0.282 3495.0 
-0.535 4713.0 
-0.498 4272.0 
-0.068 3274.0 
-0.406 3785.0 
0.33 3027.0 
-0.472 4083.0 
-0.265 3469.0 
-0.385 3715.0 
-0.217 3427.0 
-0.55 5075.0 
-0.246 3448.0 
-0.54 4813.0 
-0.371 3678.0 
-0.207 3408.0 
-0.378 3696.0 
-0.548 5008.0 
-0.517 4463.0 
-0.558 5448.0 
0.204 3100.0 
-0.534 4692.0 
-0.53 4627.0 
-0.551 5123.0 
0.179 3127.0 
-0.5 4291.0 
0.415 2973.0 
-0.555 5269.0 
-0.554 5228.0 
-0.547 4988.0 
-0.097 3298.0 
-0.043 3254.0 
0.482 2927.0 
-0.466 4044.0 
0.095 3167.0 
-0.425 3852.0 
-0.127 3320.0 
-0.429 3873.0 
-0.537 4741.0 
0.453 2951.0 
-0.561 5578.0 
-0.435 3892.0 
-0.563 5730.0 
-0.557 5359.0 
-0.373 3684.0 
-0.522 4527.0 
-0.487 4187.0 
0.59 2865.0 
0.0 3231.0 
-0.553 5224.0 
-0.355 3640.0 
-0.518 4494.0 
-0.565 5865.0 
0.25 3070.0 
-0.424 3878.0 
-0.56 5542.0 
0.616 2842.0 
-0.386 3735.0 
-0.532 4655.0 
-0.392 3755.0 
-0.3 3521.0 
-0.556 5317.0 
-0.536 4725.0 
0.372 3000.0 
-0.402 3782.0 
-0.53 4637.0 
-0.499 4288.0 
-0.549 5041.0 
-0.334 3589.0 
0.037 3210.0 
-0.559 5456.0 
-0.538 4772.0 
0.222 3097.0 
-0.263 3464.0 
-0.504 4332.0 
-0.477 4125.0 
-0.566 5938.0 
-0.527 4589.0 
-0.206 3406.0 
-0.546 4949.0 
-0.482 4156.0 
-0.563 5739.0 
-0.465 4038.0 
-0.413 3815.0 
0.192 3129.0 
-0.374 3711.0 
-0.459 4008.0 
-0.472 4084.0 
-0.498 4271.0 
-0.564 5790.0 
-0.24 3439.0 
-0.076 3287.0 
-0.542 4842.0 
-0.178 3379.0 
0.552 2890.0 
-0.501 4306.0 
-0.454 3986.0 
0.07 3187.0 
-0.496 4253.0 
-0.544 4899.0 
-0.55 5073.0 
-0.423 3850.0 
-0.558 5429.0 
-0.032 3252.0 
0.511 2914.0 
-0.469 4065.0 
-0.537 4750.0 
-0.446 3948.0 
-0.529 4619.0 
-0.533 4676.0 
-0.124 3322.0 
-0.365 3662.0 
0.445 2953.0 
-0.344 3608.0 
-0.524 4561.0 
-0.32 3569.0 
-0.451 3968.0 
0.298 3049.0 
-0.514 4435.0 
-0.516 4476.0 
-0.551 5099.0 
-0.552 5149.0 
-0.555 5274.0 
0.332 3026.0 
0.397 2976.0 
-0.561 5615.0 
-0.441 3919.0 
-0.543 4869.0 
-0.493 4235.0 
-0.54 4807.0 
-0.491 4215.0 
-0.311 3539.0 
-0.534 4694.0 
-0.541 4824.0 
-0.548 5016.0 
-0.545 4917.0 
-0.162 3355.0 
-0.285 3497.0 
0.122 3161.0 
-0.562 5668.0 
-0.509 4376.0 
-0.511 4395.0 
-0.547 4990.0 
-0.557 5404.0 
-0.437 3916.0 
-0.096 3311.0 
-0.55 5086.0 
-0.475 4103.0 
-0.515 4447.0 
-0.324 3565.0 
-0.539 4780.0 
-0.5 4310.0 
0.066 3187.0 
-0.543 4883.0 
-0.281 3508.0 
-0.563 5729.0 
-0.491 4237.0 
-0.407 3791.0 
-0.413 3821.0 
-0.333 3584.0 
-0.545 4945.0 
-0.075 3286.0 
-0.56 5542.0 
0.313 3035.0 
-0.504 4326.0 
-0.377 3717.0 
-0.52 4502.0 
-0.304 3526.0 
-0.04 3255.0 
-0.496 4265.0 
-0.314 3543.0 
-0.485 4182.0 
-0.522 4526.0 
0.601 2853.0 
0.044 3211.0 
-0.54 4823.0 
-0.358 3642.0 
-0.498 4283.0 
-0.398 3768.0 
-0.533 4690.0 
-0.45 3984.0 
-0.559 5502.0 
-0.251 3454.0 
0.145 3146.0 
-0.552 5142.0 
-0.389 3739.0 
0.485 2936.0 
-0.422 3847.0 
-0.376 3694.0 
-0.371 3676.0 
-0.481 4150.0 
0.533 2893.0 
0.456 2957.0 
-0.444 3938.0 
-0.556 5348.0 
0.276 3056.0 
-0.226 3434.0 
-0.525 4562.0 
-0.558 5417.0 
-0.536 4738.0 
0.568 2876.0 
-0.513 4413.0 
-0.561 5621.0 
0.003 3230.0 
-0.489 4205.0 
-0.36 3659.0 
0.179 3116.0 
-0.342 3621.0 
-0.517 4484.0 
0.241 3081.0 
0.099 3172.0 
-0.428 3868.0 
-0.527 4590.0 
-0.449 3957.0 
-0.532 4657.0 
0.346 3010.0 
-0.471 4075.0 
-0.554 5257.0 
-0.535 4715.0 
-0.466 4049.0 
0.495 2918.0 
-0.214 3412.0 
-0.548 5012.0 
-0.461 4026.0 
-0.557 5386.0 
-0.555 5327.0 
-0.165 3361.0 
-0.192 3392.0 
-0.547 4983.0 
-0.136 3334.0 
-0.507 4356.0 
-0.542 4852.0 
-0.263 3472.0 
-0.433 3894.0 
-0.553 5198.0 
-0.549 5046.0 
-0.51 4387.0 
-0.459 4009.0 
-0.529 4624.0 
-0.562 5652.0 
-0.564 5784.0 
-0.544 4906.0 
-0.276 3490.0 
0.415 2974.0 
0.113 3165.0 
-0.417 3835.0 
-0.269 3474.0 
0.158 3138.0 
-0.394 3765.0 
-0.356 3637.0 
0.615 2840.0 
-0.56 5549.0 
-0.52 4529.0 
-0.23 3424.0 
-0.472 4101.0 
0.374 3005.0 
-0.535 4714.0 
-0.386 3721.0 
-0.329 3572.0 
-0.082 3285.0 
-0.479 4130.0 
-0.446 3949.0 
-0.536 4737.0 
-0.556 5316.0 
-0.519 4483.0 
-0.45 3963.0 
-0.549 5047.0 
-0.489 4210.0 
-0.483 4172.0 
-0.544 4892.0 
0.02 3213.0 
-0.305 3528.0 
0.407 2979.0 
-0.561 5595.0 
0.233 3086.0 
-0.457 4000.0 
-0.542 4845.0 
0.513 2916.0 
-0.548 5019.0 
0.423 2962.0 
-0.241 3448.0 
-0.468 4063.0 
-0.106 3307.0 
-0.365 3661.0 
-0.506 4346.0 
-0.39 3743.0 
-0.532 4667.0 
-0.516 4453.0 
-0.292 3514.0 
-0.564 5780.0 
-0.311 3554.0 
0.277 3062.0 
-0.503 4318.0 
-0.453 3981.0 
0.312 3035.0 
-0.558 5427.0 
-0.527 4591.0 
-0.531 4647.0 
-0.539 4780.0 
-0.538 4763.0 
-0.552 5154.0 
-0.426 3859.0 
-0.19 3379.0 
0.063 3186.0 
-0.555 5256.0 
-0.431 3882.0 
-0.207 3398.0 
-0.148 3338.0 
-0.003 3229.0 
-0.547 4987.0 
-0.044 3256.0 
-0.499 4279.0 
0.578 2875.0 
-0.529 4620.0 
-0.524 4563.0 
-0.463 4032.0 
0.477 2936.0 
-0.336 3594.0 
0.546 2896.0 
-0.534 4691.0 
-0.495 4247.0 
-0.54 4805.0 
-0.511 4394.0 
-0.514 4427.0 
-0.28 3492.0 
-0.563 5719.0 
-0.169 3359.0 
-0.554 5226.0 
-0.55 5078.0 
-0.566 5968.0 
-0.557 5350.0 
-0.349 3618.0 
-0.546 4949.0 
-0.439 3913.0 
-0.553 5175.0 
-0.551 5110.0 
-0.509 4374.0 
-0.373 3682.0 
-0.562 5653.0 
0.196 3109.0 
-0.559 5463.0 
-0.407 3791.0 
-0.413 3812.0 
-0.444 3932.0 
0.33 3025.0 
-0.542 4855.0 
-0.543 4883.0 
-0.456 3998.0 
-0.189 3379.0 
-0.511 4405.0 
-0.493 4232.0 
0.162 3142.0 
-0.464 4046.0 
-0.545 4925.0 
-0.269 3488.0 
-0.55 5076.0 
-0.41 3806.0 
-0.496 4256.0 
0.417 2990.0 
0.062 3193.0 
0.093 3178.0 
0.558 2884.0 
0.355 3010.0 
-0.505 4349.0 
-0.552 5158.0 
-0.447 3945.0 
-0.486 4175.0 
-0.128 3325.0 
-0.547 4994.0 
-0.478 4123.0 
-0.541 4828.0 
-0.531 4654.0 
0.54 2910.0 
-0.56 5569.0 
-0.557 5369.0 
0.273 3069.0 
-0.524 4553.0 
0.419 2969.0 
-0.335 3588.0 
0.131 3161.0 
-0.348 3616.0 
-0.554 5235.0 
-0.559 5471.0 
-0.549 5047.0 
-0.357 3636.0 
-0.298 3516.0 
0.23 3094.0 
-0.389 3738.0 
-0.516 4452.0 
-0.566 5977.0 
-0.404 3782.0 
-0.534 4701.0 
-0.432 3885.0 
0.297 3044.0 
-0.381 3713.0 
-0.461 4017.0 
-0.5 4289.0 
-0.533 4680.0 
-0.322 3567.0 
-0.44 3912.0 
-0.527 4592.0 
-0.553 5197.0 
-0.556 5330.0 
-0.517 4479.0 
-0.451 3982.0 
-0.426 3868.0 
-0.522 4528.0 
-0.366 3662.0 
-0.537 4745.0 
0.473 2934.0 
-0.472 4084.0 
-0.52 4499.0 
-0.372 3688.0 
-0.565 5871.0 
-0.538 4775.0 
-0.101 3299.0 
-0.563 5751.0 
-0.311 3547.0 
-0.027 3253.0 
0.189 3116.0 
-0.53 4629.0 
-0.162 3352.0 
-0.243 3443.0 
-0.509 4382.0 
-0.562 5662.0 
-0.551 5136.0 
-0.398 3761.0 
-0.418 3832.0 
-0.515 4435.0 
-0.49 4212.0 
-0.564 5807.0 
-0.54 4803.0 
-0.201 3396.0 
-0.259 3462.0 
-0.561 5605.0 
-0.558 5416.0 
-0.503 4319.0 
-0.555 5279.0 
-0.567 6093.0 
-0.225 3419.0 
-0.536 4723.0 
-0.422 3850.0 
0.031 3226.0 
-0.066 3277.0 
