0.11883570092229098 3.146899406340416 
0.8654662884653124 2.1381420057802627 
0.10799531266420126 3.442441524604123 
0.43514821224015765 2.6614895492670287 
3.0729961301337316E-4 4.605402731217051 
0.3739417915440412 2.6809123368948278 
0.38357403217950414 2.7605062205453104 
0.866536490518563 2.137846399106293 
0.09693736833613835 3.4904217521175775 
0.7543632544208012 2.255625674649746 
0.866536490518563 2.240656914253867 
0.2605717820141218 3.123438153358117 
0.10717711771664479 3.468510959698001 
0.11506200477392625 3.4646419122056127 
3.0729961301337316E-4 4.365900190107436 
0.3751680812466161 2.8480895818757976 
0.37181522513453324 2.894660866035446 
0.39001814410803776 2.8005834769865117 
0.8554512783081125 2.0898357839866564 
0.37181522513453324 2.6241816490547 
0.37119649347456274 2.923806032771549 
0.37181522513453324 2.687136250456796 
0.10717711771664479 3.5910224925325855 
0.843942147971082 2.2462044292144046 
0.866536490518563 2.2936818703558965 
0.13034068679129096 3.6162500192419795 
0.11878446646719715 3.6176458202917607 
0.3860993234225896 2.8948979331255096 
0.3858965887831567 2.903788859884877 
0.866536490518563 2.199281754891363 
0.42592785388591536 3.073415824077762 
0.36864404820188135 2.9124190494005386 
0.3751680812466161 3.003430617856553 
0.37381496750329224 2.965577805379383 
0.375452107683632 2.924336121611344 
0.00510275080637711 4.064756644479224 
0.005594317446568392 3.7914762452763084 
0.00558360288197865 3.7406000325808346 
0.10717711771664479 3.694567085696952 
0.10717711771664479 3.680387934934486 
0.7543632544208012 2.40131684846281 
0.8928079176094494 2.27928337320128 
0.8443326212984188 2.3515046693503914 
0.2564929034243366 3.385459204585269 
0.11883570092229098 3.6673576717752336 
0.28798365364019796 3.270628012639136 
0.3751680812466161 2.8942476326474678 
0.37119649347456274 3.076263953406212 
0.3751680812466161 2.8514228253338945 
0.38045353491683775 3.036036449125193 
0.37937193007886943 3.0808010287327976 
0.0013560891880840253 4.48607897346568 
0.0045799676877338324 4.549770770463687 
0.0045799676877338324 4.3393235435355155 
0.03823833855107689 3.5698079505039546 
0.005490730578341792 3.7586270612298063 
0.03249055817791213 3.9988689024198885 
0.11822472400674401 3.8064153870852455 
0.8587751337571206 2.3258054571035225 
0.8977863731258425 2.239876474061834 
0.906576846980914 2.2419345086393663 
0.866536490518563 2.2930491078989146 
0.866536490518563 2.4371581322833515 
0.8550608049807757 2.356345771548785 
0.11679718993908561 3.688436516311083 
0.37181522513453324 2.983654583973823 
0.36961043656337933 3.15347428623811 
0.36864404820188135 3.095342949810905 
0.37138144991333194 3.2315006707649663 
0.0013560891880840253 4.90250926867752 
0.004807853293850119 4.818228691377632 
0.10714499123726504 3.56890002241771 
0.00558360288197865 3.825653442533926 
0.03823833855107689 3.6834880006926634 
0.05167234043402694 3.684700517253583 
0.03823833855107689 3.845150054494844 
0.843942147971082 2.4949383896506894 
0.843942147971082 2.499550967743389 
0.8977863731258425 2.2426470391125433 
0.8977863731258425 2.241816139479398 
0.866536490518563 2.409957306501948 
0.8977863731258425 2.4951575126333574 
