3.8960658589668565E-10 1.1658382661293998 
0.9988393222044312 0.019464179724961037 
0.9958926592310513 0.03249393869578649 
0.9877100902125481 0.05009796826071545 
0.2924369557760591 0.5593854241965381 
0.444410152346819 0.44518885947888454 
0.22593999030155063 0.700660182216841 
0.23107708522601694 0.6064347516189077 
0.39306004885131873 0.5331444755560861 
0.38849406175569257 0.46798340080431844 
0.8411532083152539 0.18065604390132503 
0.5282600808341416 0.4000479953206438 
0.8173720251477616 0.1554361242335711 
0.6593449828752036 0.3062470246570237 
0.7505846621534251 0.24718764183393863 
0.33889647964298686 0.5258802988441774 
0.41067798720277837 0.44685786599730765 
0.8218967539244898 0.1433694814603071 
0.7967865830073861 0.21332434646821183 
0.6879627252154962 0.26358113177614767 
0.035229798890117105 0.9572713939682855 
0.13888714182623402 0.7296043509868457 
0.6390094094630699 0.27911824240696553 
0.5686843691400386 0.3885093618433078 
0.9914312083604869 0.08754788212263676 
7.100639768238826E-4 1.0206226455530332 
0.0053189445401119195 0.9807106290826296 
0.7131897737641153 0.2840769787685093 
0.575487197900819 0.34537257404026844 
0.11227275805063539 0.8637321683418954 
0.2303414392334876 0.5611157475938021 
0.7936397660619685 0.2051743569695317 
0.13859684911310283 0.7157396351951197 
0.3876289170655523 0.45093114732152845 
0.09782216186971762 0.7797869319431797 
0.16692776934025494 0.6925087961543482 
0.3307796536451102 0.5310806057158367 
0.32123206394094467 0.5209597181629986 
0.416367329414233 0.4104122864977993 
0.7071065168725423 0.21707705937447075 
0.9478101123171386 0.09602437258047616 
0.1872990821764476 0.6467430943398482 
0.9708704715662406 0.07918043539357103 
0.019001374814414523 1.0473494961931806 
0.010684372854036839 0.9395587935996319 
0.3851213880685889 0.4240523074210714 
0.3050791916589945 0.5496396607427062 
0.7434173267347592 0.18750149926990686 
0.40401358318138 0.41151197435107206 
0.5697607201750556 0.31893648105190375 
0.026525493099996578 0.9259527644809011 
0.07681123439633519 0.8557887071221405 
0.561699774634276 0.33984905318946684 
0.14027784663909548 0.7238948443885841 
0.1990280536620465 0.6595615921340519 
0.9196176296624559 0.07428391960474214 
0.03864193958315422 0.851196312286363 
0.7997079383440866 0.16822510626149112 
0.018980557604376863 0.9050254813059007 
0.9020117535239442 0.07789638145875642 
0.05739195669306091 0.9091004044035681 
0.004299193472785012 0.9899743566901468 
0.7217243326176914 0.17964255320345904 
0.9167848272457304 0.12288535326020558 
0.5352642673071392 0.3468504781254834 
0.12633400477378862 0.7415118029156433 
0.05321137583036479 0.840637007536456 
0.50439107344444 0.3630575679930332 
0.04362027914171407 0.8550614221808344 
0.08053762377302184 0.796232907198133 
0.9658619322763865 0.05937734958696603 
0.9419138517633749 0.06192921979788356 
0.08407753343523885 0.7646675805913732 
0.2883693713736044 0.5449059586235333 
0.5335742387794598 0.338358796483802 
0.27041735983725473 0.5400697181724657 
0.5016095607053982 0.32532994825305883 
0.7056723450606293 0.2576474165310291 
0.4888125480565194 0.3319991429358712 
1.3569875367616668E-4 1.0581327458345764 
0.35083839609168577 0.49462919016505796 
0.20469227121440503 0.733742775639365 
0.07119223534555741 0.8974718063445886 
0.17645990666067166 0.6394028876022484 
0.9404715299814214 0.12820122723056673 
0.6301265090711179 0.2901108585949771 
0.1986269398633113 0.5914299770971772 
0.7768139582441564 0.24494873451159074 
0.8547806586664694 0.0994864021163329 
0.9350281118570701 0.09814658079257892 
0.8100008396955982 0.12834939911554408 
0.0024915488744240155 1.0057041307140413 
0.5974180708325499 0.2671219613582785 
0.002291211984255165 1.0007894560621569 
