0.9840542562034544 0.050354371079390337 
3.8960658589668565E-10 1.1658382661293998 
0.986161592232204 0.1418742516941627 
0.502236635354302 0.4394424511124184 
0.39306004885131873 0.5331444755560861 
0.46647614006002597 0.49016381548122245 
0.33889647964298686 0.5258802988441774 
0.11227275805063539 0.8637321683418954 
0.026525493099996578 0.9259527644809011 
0.19320188360171353 0.6578418323588072 
0.019001374814414523 1.0473494961931806 
0.07119223534555741 0.8974718063445886 
0.6593449828752036 0.3062470246570237 
0.9270821209833231 0.13018980037295744 
0.32123206394094467 0.5209597181629986 
0.8173720251477616 0.1554361242335711 
0.05488065518349733 0.8690416226019647 
0.9914312083604869 0.08754788212263676 
0.2924369557760591 0.5593854241965381 
0.7131897737641153 0.2840769787685093 
0.3307796536451102 0.5310806057158367 
0.3038167012215697 0.5439256695146335 
0.9708704715662406 0.07918043539357103 
0.8328772988735706 0.23528016976530183 
0.09782216186971762 0.7797869319431797 
0.5686843691400386 0.3885093618433078 
0.2668345252753185 0.6630196582525396 
0.05739195669306091 0.9091004044035681 
0.9432541291266385 0.06983123428568311 
0.3208166512162428 0.49535854307091276 
0.20469227121440503 0.733742775639365 
0.1284797272771755 0.8467072005708896 
0.9478101123171386 0.09602437258047616 
0.05251488176051233 0.8699552727161755 
0.04001843028169591 0.8781890264024821 
0.22593999030155063 0.700660182216841 
0.008668485461658215 1.0003336688902467 
0.02024004955415848 0.9880000971278047 
0.7768139582441564 0.24494873451159074 
2.3390311446343584E-4 1.0947224065793564 
0.23512675525077012 0.6224687791446293 
0.9202553185763327 0.09986800843915093 
0.9021232883661148 0.20248951349713398 
0.575487197900819 0.34537257404026844 
0.7505846621534251 0.24718764183393863 
0.16692776934025494 0.6925087961543482 
0.13888714182623402 0.7296043509868457 
0.6879627252154962 0.26358113177614767 
0.7967865830073861 0.21332434646821183 
0.9925860811196472 0.068177506591618 
0.1990280536620465 0.6595615921340519 
0.6444534739158344 0.32989516377337846 
0.5352642673071392 0.3468504781254834 
0.5282600808341416 0.4000479953206438 
0.017114708825602676 0.9672281110926891 
0.07681123439633519 0.8557887071221405 
0.14027784663909548 0.7238948443885841 
0.41067798720277837 0.44685786599730765 
0.8411532083152539 0.18065604390132503 
0.5712493452342295 0.3104327858487862 
0.5385460373018928 0.4303435556552755 
0.9708704715662406 0.061525277665699186 
0.7056723450606293 0.2576474165310291 
0.47881497976142595 0.42102178578114186 
0.9167848272457304 0.12288535326020558 
0.004129416617867365 1.0358840428634006 
0.49904785927730066 0.3688216138930632 
0.7936397660619685 0.2051743569695317 
0.45338011453094396 0.3922322685323316 
0.16889597100684856 0.6900201030252047 
0.4364444134944487 0.43413580464346857 
0.6399014142916022 0.2923722961843955 
0.18156981397485442 0.6579135403596511 
0.444410152346819 0.44518885947888454 
0.23107708522601694 0.6064347516189077 
0.6711591097842271 0.2461858676429058 
0.23796454363217223 0.5640551160855516 
0.7878397642084551 0.1767689165724032 
0.6014970845847877 0.2785859242221189 
0.6635979439840947 0.24167661935618848 
0.7997978874122365 0.16276902977514737 
0.5781245072822977 0.3954640681004807 
0.00681195419093128 1.027664895404021 
0.36636258066723504 0.48055886324032 
0.7267472551852155 0.22328366058122873 
0.1296911285103034 0.7338262189813545 
0.002463688446502965 1.071630629709443 
0.799382491574758 0.1521431779564465 
0.7818686300423459 0.20659692661005274 
0.03473208150877019 0.885456641550346 
0.13728821501043073 0.6962039779322413 
0.4001376540195729 0.43461254324599075 
0.14216401512609467 0.6927632977560798 
