0.9987290906471263 0.007166678321166612 
3.8960658589668565E-10 1.1658382661293998 
0.1990280536620465 0.6595615921340519 
0.5058738967221557 0.36981790216305355 
0.9783691427623391 0.019153982195217335 
0.6879627252154962 0.26358113177614767 
0.575487197900819 0.34537257404026844 
0.9960408482320229 0.03392013009577863 
0.052208776360433584 0.8413186508717279 
4.5131413564931423E-4 1.0430234982911797 
0.6301265090711179 0.2901108585949771 
0.16692776934025494 0.6925087961543482 
0.4278132291284621 0.41344292881892375 
0.8411532083152539 0.18065604390132503 
0.07681123439633519 0.8557887071221405 
0.23107708522601694 0.6064347516189077 
0.13888714182623402 0.7296043509868457 
0.006662606330145593 0.9296055522167462 
0.3307796536451102 0.5310806057158367 
0.95957923970019 0.044400443013924255 
0.282826802417638 0.5353195803728661 
0.02347685507248848 0.8645134267552237 
0.5282600808341416 0.4000479953206438 
0.23880713472656018 0.5631123861699584 
0.7967865830073861 0.21332434646821183 
0.228491007805109 0.5447327481780662 
0.9272047551009983 0.07092689523344829 
0.6357062410459893 0.2574714253175229 
0.004741929150444246 0.9493642982920251 
0.12646041503939054 0.7029089377680875 
0.16507110953739446 0.6332620057822004 
0.2924369557760591 0.5593854241965381 
0.5698933554581778 0.30652407046121755 
0.05735830494152494 0.783631068612147 
0.9167848272457304 0.12288535326020558 
0.014958841231589175 0.9223838239512525 
0.016101671302508558 0.8889431228570273 
0.46577701711729524 0.382194025747465 
0.863707967198227 0.10429727559715884 
0.9814447116396259 0.040801052049593806 
0.33889647964298686 0.5258802988441774 
0.41067798720277837 0.44685786599730765 
0.561699774634276 0.33984905318946684 
0.08423453003787783 0.7752228064686951 
0.38849406175569257 0.46798340080431844 
0.06639816086059958 0.7768847083087922 
0.5352642673071392 0.3468504781254834 
0.7936397660619685 0.2051743569695317 
0.948297103992678 0.08393347917218784 
0.3050791916589945 0.5496396607427062 
0.6538506321334776 0.22187911248099812 
0.6214830446056606 0.21902229565779535 
0.948297103992678 0.05266479215057013 
0.7345205691885591 0.20223089362853613 
0.03625017859618692 0.8525568643363629 
0.9914312083604869 0.08754788212263676 
0.5599468805619352 0.2849639111903018 
0.14657903680237985 0.6302033864276686 
0.444410152346819 0.44518885947888454 
0.8076023801464549 0.12640444746945576 
0.534739970106924 0.29662495543967776 
0.45308710062317636 0.3466017108621566 
0.1079252728472321 0.7517662785327913 
0.8090730636800721 0.1179898506000949 
0.41564302330897024 0.42952747172778827 
0.09782216186971762 0.7797869319431797 
0.401147658854057 0.3994354804452422 
0.14027784663909548 0.7238948443885841 
0.8173720251477616 0.1554361242335711 
0.09149117119165097 0.7140951076734442 
0.10850959309119906 0.7044722720876117 
0.8442386694198116 0.10769484782808231 
0.7179799769072935 0.1763511371970509 
0.3158235033074508 0.5030663913127569 
0.3691507796576985 0.4472282973615629 
0.13927180570731718 0.6616876546216235 
0.7958257678885303 0.15419314479077786 
0.2760267249983002 0.5562759257057126 
0.7759667202542635 0.1273930253149212 
0.37376562764081944 0.44636382140999414 
0.2760267249983002 0.5133773482702887 
0.7584201879397707 0.1472139577319504 
0.032346081358951215 0.8566832995523689 
0.9147059386709464 0.06085202966252971 
0.7505846621534251 0.24718764183393863 
0.22448396889978087 0.5768343530538997 
0.6525420493864212 0.21668997200742504 
0.6217542499065437 0.2688173664889065 
0.6593449828752036 0.3062470246570237 
0.08079310774408588 0.7268486740676612 
0.5773633585200011 0.27354546059489393 
0.16340643944068656 0.6038429266000384 
0.8221675715852607 0.09976427029443834 
0.28634519316037316 0.47588603010476027 
0.04114197105447592 0.8215389138110928 
