0.9021605135478203 0.4891318121450279 
0.7445847309220128 0.6593271017508487 
0.07965998366256247 1.5788589523550705 
0.9543260442032033 0.41828855930482584 
0.6064964277172872 0.8643895208522753 
0.3551027268982875 1.0362949851662207 
0.043676602626641 1.5012804210772317 
0.9590327685655969 0.42746131658984643 
0.09866943670594625 1.3075084818762088 
0.07744597040067942 1.5510877777775858 
0.08594499903542302 1.3983088649503632 
0.17737413461972706 1.2206369899487541 
0.38311829878495907 0.887241666725964 
0.05235755598935721 1.620383505579378 
0.008073954078450019 1.6122890822994165 
0.6205192336921389 0.714999675928301 
0.9543260442032033 0.4220697615243657 
0.6196141104657877 0.7727847412141268 
0.006756249606415132 1.612717826252054 
0.11630261303691858 1.24644028192195 
0.34649181724297884 1.1344521966846128 
0.018094791624039055 1.521460283789125 
0.3869150619509811 0.8361776988355075 
0.7333052575798017 0.5977997741994415 
0.8008864073887898 0.6167552437257863 
0.7258709727332746 0.5846114451947191 
0.07876194531965403 1.4699892651448696 
0.5890221023130161 0.8134836433142801 
0.9288693783628903 0.5207952516135611 
0.37842646654468814 0.8955397583485069 
0.8931544400101689 0.4672958476210485 
0.17928277611912702 1.149740707889175 
0.5363710416708758 0.9002678621184957 
0.618179505453205 0.846244791295208 
0.8427938868224505 0.5279602694936172 
0.1692520113656935 1.2239123639777456 
0.09959502458522115 1.3225892637340906 
0.7245585465070317 0.734760744362093 
5.605565570054871E-8 2.170733062039344 
0.7245585465070317 0.7762644684146099 
0.8434592114959895 0.5011364352703893 
5.605565570054871E-8 1.8193225841495515 
0.8840106972352002 0.4764992848013343 
0.09959502458522115 1.3383696457439693 
0.3525313980661585 0.9879816225531401 
0.17928277611912702 1.1308162510150594 
0.5647593430057514 0.7943793122706049 
5.605565570054871E-8 2.0326660136635084 
0.38725957078296447 0.8965771851932711 
5.043352503332067E-8 1.959089982756566 
0.7168194121059202 0.7701743522955339 
0.37756862263532504 0.8954821864255327 
0.616109795516365 0.782257776009476 
0.019560728048719167 1.625346122113239 
0.5940022540459573 0.800405557629237 
0.8671460612806067 0.6516464387040838 
0.8675355957148109 0.6399674847986812 
0.01239214959925855 1.5994408404696256 
0.13495222741006535 1.2211845496012206 
0.09860138325524226 1.3085068778571087 
0.038591723368180286 1.4541021064309296 
0.90159130544353 0.48458896083680164 
1.262095147905526E-4 1.815044088905168 
0.7212851458764968 0.7535049909209027 
0.07744597040067942 1.6460763003954009 
0.8286993127719434 0.603847831047682 
0.9380918587437278 0.42817778334256973 
0.5940022540459573 0.7992864765665731 
0.8300012111327599 0.6608636507432629 
0.8023963120294166 0.6349632253518162 
0.17478323557742081 1.1395841177401622 
0.8981478607174714 0.5071685754528259 
0.8977367339032015 0.5024727229821451 
0.8798313425068254 0.49717973519274006 
0.16668623732330348 1.4147700246220178 
0.901576672520098 0.5409105263563408 
0.8970271862298715 0.5279272444857993 
0.1685359173252079 1.391988106339294 
0.0881079182660573 1.3278722796281368 
0.9041942656466421 0.5195344933485869 
0.17478323557742081 1.1730813058301854 
0.1611798011702254 1.2682602356013617 
0.7235335359480454 0.6333437797255478 
0.007786688773164721 1.8674342481356163 
