0.9963345586570245 0.04091787472932489 
3.8960658589668565E-10 1.1658382661293998 
0.03447200535646009 0.8771151662703676 
0.7505846621534251 0.24718764183393863 
0.33889647964298686 0.5258802988441774 
0.05097376145987079 0.8733960145332611 
0.11227275805063539 0.8637321683418954 
0.39306004885131873 0.5331444755560861 
0.014110731851660833 0.9817628486263554 
0.8328772988735706 0.23528016976530183 
0.07681123439633519 0.8557887071221405 
0.1284797272771755 0.8467072005708896 
0.9708704715662406 0.07918043539357103 
0.7131897737641153 0.2840769787685093 
0.8173720251477616 0.1554361242335711 
0.026525493099996578 0.9259527644809011 
0.4528092321827034 0.40664614341767336 
0.05739195669306091 0.9091004044035681 
0.502236635354302 0.4394424511124184 
0.09782216186971762 0.7797869319431797 
0.0015669272955178837 1.0449888129330878 
0.7768139582441564 0.24494873451159074 
0.6593449828752036 0.3062470246570237 
0.2924369557760591 0.5593854241965381 
0.986161592232204 0.1418742516941627 
0.8411532083152539 0.18065604390132503 
0.9914312083604869 0.08754788212263676 
0.9167848272457304 0.12288535326020558 
0.3307796536451102 0.5310806057158367 
0.07119223534555741 0.8974718063445886 
0.20469227121440503 0.733742775639365 
0.22593999030155063 0.700660182216841 
2.3390311446343584E-4 1.0947224065793564 
0.13888714182623402 0.7296043509868457 
0.9659042336461979 0.0571234551538408 
0.004129416617867365 1.0358840428634006 
0.5686843691400386 0.3885093618433078 
0.23512675525077012 0.6224687791446293 
0.46647614006002597 0.49016381548122245 
0.9404715299814214 0.12820122723056673 
0.9021232883661148 0.20248951349713398 
0.888550597608819 0.11334808016169716 
0.9307487768552554 0.09988344463603742 
0.1990280536620465 0.6595615921340519 
0.41067798720277837 0.44685786599730765 
0.5282600808341416 0.4000479953206438 
0.6444534739158344 0.32989516377337846 
0.8094998250708556 0.1586669307803692 
0.2668345252753185 0.6630196582525396 
0.19320188360171353 0.6578418323588072 
0.7056723450606293 0.2576474165310291 
0.444410152346819 0.44518885947888454 
0.575487197900819 0.34537257404026844 
0.5385460373018928 0.4303435556552755 
0.1725572086965819 0.6846522365350668 
0.25887902131533264 0.554454657247328 
0.12633400477378862 0.7415118029156433 
0.18398086944803832 0.6558784003423946 
0.14027784663909548 0.7238948443885841 
0.15347787691007714 0.6790948788735333 
0.08053762377302184 0.796232907198133 
0.32123206394094467 0.5209597181629986 
0.5697607201750556 0.31893648105190375 
0.23107708522601694 0.6064347516189077 
0.38849406175569257 0.46798340080431844 
0.019001374814414523 1.0473494961931806 
0.5781245072822977 0.3954640681004807 
0.23964734285410486 0.5595750261198869 
0.3064755795646647 0.503818232229351 
0.9877100902125481 0.05009796826071545 
0.16692776934025494 0.6925087961543482 
0.6879627252154962 0.26358113177614767 
0.5378887567851243 0.3093397694197136 
0.9478101123171386 0.09602437258047616 
0.3851213880685889 0.45254240673811336 
0.6301265090711179 0.2901108585949771 
0.00681195419093128 1.027664895404021 
0.9840542562034544 0.050354371079390337 
0.50439107344444 0.3630575679930332 
0.6767324054875008 0.24931549437430378 
0.8983003735800196 0.09788435272197744 
0.3038167012215697 0.5439256695146335 
0.5352642673071392 0.3468504781254834 
0.7967865830073861 0.21332434646821183 
0.4704624605992426 0.3632499964730814 
0.7878397642084551 0.1767689165724032 
0.5823919707511872 0.29291846991367687 
0.7936397660619685 0.2051743569695317 
0.4482054198071638 0.40254945555551624 
0.7398498166026389 0.18890362400562988 
0.7818686300423459 0.20659692661005274 
