0.9960408482320229 0.005798779431044882 
3.8960658589668565E-10 1.1658382661293998 
0.16692776934025494 0.6925087961543482 
0.1990280536620465 0.6595615921340519 
0.9167848272457304 0.12288535326020558 
0.41067798720277837 0.44685786599730765 
0.7980532641945779 0.14101491484137063 
0.04314117006514856 0.8101197038065985 
0.575487197900819 0.34537257404026844 
0.967021857053795 0.03560609462142484 
0.2924369557760591 0.5593854241965381 
0.38849406175569257 0.46798340080431844 
0.5352642673071392 0.3468504781254834 
0.8442386694198116 0.10769484782808231 
0.12646041503939054 0.7029089377680875 
0.6538506321334776 0.22187911248099812 
0.029265884636632544 0.8767396196284613 
0.010660079033865899 0.9432711683231045 
0.021021822757558123 0.8983983275318155 
0.1143338765003736 0.749338050971845 
0.9914312083604869 0.08754788212263676 
0.13888714182623402 0.7296043509868457 
0.5282600808341416 0.4000479953206438 
0.8411532083152539 0.18065604390132503 
0.2760267249983002 0.5562759257057126 
0.444410152346819 0.44518885947888454 
0.6920270211506511 0.20035349838112634 
0.6357062410459893 0.2574714253175229 
0.013231934274484658 0.9044531312877826 
0.06865481340586799 0.7896460416636945 
0.3691507796576985 0.4472282973615629 
0.5058738967221557 0.36981790216305355 
0.23107708522601694 0.6064347516189077 
0.052208776360433584 0.8413186508717279 
0.9491780995123296 0.04465468356251382 
0.4278132291284621 0.41344292881892375 
0.7311096249111451 0.1837038392449808 
0.7936397660619685 0.2051743569695317 
0.07681123439633519 0.8557887071221405 
0.03625017859618692 0.8525568643363629 
0.4329979039248858 0.37289484556389757 
0.967021857053795 0.024080246438685914 
8.128793075255492E-4 0.9799154777418139 
0.21031264432495847 0.5875112011755241 
0.07780825488243281 0.7554149640577447 
0.6879627252154962 0.26358113177614767 
0.3307796536451102 0.5310806057158367 
0.561699774634276 0.33984905318946684 
0.8173720251477616 0.1554361242335711 
0.6301265090711179 0.2901108585949771 
0.4943550642292869 0.3293025455849557 
0.7967865830073861 0.21332434646821183 
0.09782216186971762 0.7797869319431797 
0.41564302330897024 0.42952747172778827 
0.5698933554581778 0.30652407046121755 
0.7958257678885303 0.15419314479077786 
0.5308771918125117 0.29536738802880025 
0.33889647964298686 0.5258802988441774 
0.23880713472656018 0.5631123861699584 
0.07375756343160755 0.7579101842884028 
0.9783691427623391 0.019153982195217335 
0.948297103992678 0.05266479215057013 
0.6217542499065437 0.2688173664889065 
0.9272047551009983 0.07092689523344829 
0.3050791916589945 0.5496396607427062 
0.22448396889978087 0.5768343530538997 
0.9100583975992209 0.0724917790906263 
0.45171833230255065 0.3704783267471061 
0.004791327817090352 0.9505533432322565 
0.5773633585200011 0.2897722601014205 
0.9393148689335207 0.05719010310635375 
0.25209367180598696 0.5632120815148156 
0.7311096249111451 0.19150187247717815 
0.774340778562479 0.14812533015860516 
0.6236267747842799 0.24026347311802013 
0.616347715264892 0.22199730777884244 
0.9093406125930139 0.0894073308414405 
0.8160463232511717 0.10833467819928976 
0.8783407929088655 0.08023588346319797 
0.2368403021562115 0.5232658477438454 
0.6153027460861827 0.2354045158262929 
0.4103396584207152 0.39029720453354216 
0.057812556729652964 0.7804566280602898 
0.032050707649733695 0.8383308372038364 
0.3158235033074508 0.5030663913127569 
