0.07965998366256247 1.5788589523550705 
0.8427938868224505 0.5279602694936172 
0.8977367339032015 0.5024727229821451 
0.9041942656466421 0.5195344933485869 
0.9288693783628903 0.5207952516135611 
5.605565570054871E-8 2.170733062039344 
0.7168194121059202 0.7701743522955339 
0.38725957078296447 0.8965771851932711 
0.14793906139529095 1.2431733511473981 
0.7168194121059202 0.7997808516955506 
0.7212851458764968 0.7535049909209027 
0.009022718703790789 1.7180834864268155 
0.05235755598935721 1.620383505579378 
3.3441521714001853E-7 1.7239460301077598 
0.3782462932150549 1.1002066017197893 
0.5579091449647824 0.8087128521805204 
5.699182146799875E-8 1.8878712186918618 
0.030317304488614527 1.7882200623442814 
0.6221713149746901 0.7514135606044874 
0.3551027268982875 1.0362949851662207 
0.17737413461972706 1.2206369899487541 
0.7245585465070317 0.734760744362093 
0.028277065640877553 1.583654939875645 
0.1446688832289615 1.2963753834626799 
0.9005071931132185 0.4697892499440245 
0.018513393208346468 1.8610208679776867 
0.8300012111327599 0.6608636507432629 
0.3743208484517747 1.0473412035195533 
0.15899042395376062 1.3516122103978296 
0.8286993127719434 0.5436358041105119 
0.5890221023130161 0.8134836433142801 
0.019560728048719167 1.625346122113239 
0.20221999933782409 1.3921478521077835 
0.34649181724297884 1.1344521966846128 
0.07744597040067942 1.6460763003954009 
0.07744597040067942 1.5510877777775858 
0.8981478607174714 0.5071685754528259 
0.901576672520098 0.48602447471131555 
0.7500000566564137 0.7947192363861834 
0.6720813987774755 0.6917985220780187 
0.7245585465070317 0.7762644684146099 
0.3767126776997247 0.9050366499939524 
0.7168224789833155 0.796085656642493 
0.04596649758501681 1.5698757336249163 
0.370051069487744 1.004006082665263 
5.605565570054871E-8 2.0326660136635084 
5.605565570054871E-8 2.0102464076837983 
5.605565570054871E-8 1.9891597445713813 
0.616109795516365 0.782257776009476 
0.3619008414407259 1.0356415147541385 
0.3723721109492865 1.1070635712408305 
0.8346609193099677 0.7002675441553187 
0.7146324929404952 0.7454441318494051 
0.7445847309220128 0.6593271017508487 
0.027580114831777122 1.6211734527324693 
0.17124577830178977 1.4015488963738072 
0.17110010827843428 1.3291595311063216 
0.1685359173252079 1.391988106339294 
0.901576672520098 0.5035901999029985 
0.8285398504947131 0.6276913561377773 
0.8671460612806067 0.6516464387040838 
0.8675355957148109 0.6399674847986812 
0.7245585465070317 0.6164019930077429 
0.16668623732330348 1.4147700246220178 
0.901576672520098 0.5409105263563408 
0.5363710416708758 0.9002678621184957 
0.618179505453205 0.8373641797590199 
0.6064964277172872 0.8643895208522753 
0.6420523606558945 0.9184056636126471 
0.019386373174600804 1.816702123212906 
0.019386373174600804 1.8751062625263977 
0.32303486584670893 1.0479631350229341 
5.605565570054871E-8 1.9583279355415062 
0.90159130544353 0.48458896083680164 
0.1692520113656935 1.2239123639777456 
0.34165381936222017 0.9759598353455026 
0.8286993127719434 0.603847831047682 
0.618179505453205 0.846244791295208 
0.6727836651841915 0.6576841257026715 
0.8777035899588628 0.6885663825277601 
0.8970271862298715 0.5279272444857993 
0.6550874421379494 0.8518808740684918 
0.14553692191451573 1.536434340980021 
0.08999496189692759 1.6153051785181378 
0.05008058177322724 1.4788239827007206 
0.7235335359480454 0.6333437797255478 
0.6213431266342974 0.9433228127940475 
0.6196141104657877 0.7727847412141268 
