0.9987290906471263 0.007166678321166612 
3.8960658589668565E-10 1.1658382661293998 
0.8442386694198116 0.10769484782808231 
0.16692776934025494 0.6925087961543482 
0.6301265090711179 0.2901108585949771 
0.7936397660619685 0.2051743569695317 
0.022092346768405897 0.8863130573867809 
0.9914312083604869 0.08754788212263676 
0.6593449828752036 0.3062470246570237 
0.016101671302508558 0.8889431228570273 
0.010432487258702605 0.9462148526357195 
0.9167848272457304 0.12288535326020558 
0.5282600808341416 0.4000479953206438 
4.5131413564931423E-4 1.0430234982911797 
0.1990280536620465 0.6595615921340519 
0.012496803171252152 0.9104600921480788 
0.7505846621534251 0.24718764183393863 
0.6879627252154962 0.26358113177614767 
0.6538506321334776 0.22187911248099812 
0.00204151495101609 0.964020627118267 
0.8411532083152539 0.18065604390132503 
0.7179799769072935 0.15795172438464974 
0.948297103992678 0.05266479215057013 
0.07681123439633519 0.8557887071221405 
0.33889647964298686 0.5258802988441774 
0.03625017859618692 0.8525568643363629 
0.23107708522601694 0.6064347516189077 
0.7967865830073861 0.21332434646821183 
0.23880713472656018 0.5631123861699584 
0.4278132291284621 0.41344292881892375 
0.8592190991358346 0.0914170426683339 
0.12646041503939054 0.7029089377680875 
0.9272047551009983 0.07092689523344829 
0.6750976328017266 0.2033766851445656 
0.6357062410459893 0.2574714253175229 
0.5698933554581778 0.30652407046121755 
0.9814447116396259 0.040801052049593806 
0.2924369557760591 0.5593854241965381 
0.41067798720277837 0.44685786599730765 
0.22448396889978087 0.5768343530538997 
0.8173720251477616 0.1554361242335711 
0.3307796536451102 0.5310806057158367 
0.2760267249983002 0.5562759257057126 
0.7958257678885303 0.15419314479077786 
0.5352642673071392 0.3468504781254834 
0.9780247270190826 0.031678456733066115 
0.052208776360433584 0.8413186508717279 
0.1079252728472321 0.7517662785327913 
0.561699774634276 0.33984905318946684 
0.575487197900819 0.34537257404026844 
0.9783691427623391 0.019153982195217335 
0.9711703058543838 0.020389652177041896 
0.38849406175569257 0.46798340080431844 
0.6217542499065437 0.2688173664889065 
0.09782216186971762 0.7797869319431797 
0.08423453003787783 0.7752228064686951 
0.04114197105447592 0.8215389138110928 
0.8705181578378247 0.09104474384286709 
0.5058738967221557 0.36981790216305355 
0.46577701711729524 0.3266174889433112 
0.08058593188378699 0.7288149371316882 
0.932867308611024 0.04770286252196394 
0.10037363128981593 0.723753470095122 
0.06865481340586799 0.7896460416636945 
0.7480557580851306 0.1503960346656431 
0.444410152346819 0.44518885947888454 
0.9960408482320229 0.010948841979388621 
0.16507110953739446 0.6332620057822004 
0.6236267747842799 0.24026347311802013 
0.05925396830664979 0.7805990945265762 
0.3050791916589945 0.5496396607427062 
0.21926656642038655 0.543442604674834 
0.8090730636800721 0.1179898506000949 
0.41564302330897024 0.42952747172778827 
0.46577701711729524 0.382194025747465 
0.3158235033074508 0.5030663913127569 
0.3691507796576985 0.4472282973615629 
0.3905391782070017 0.4396790972027691 
0.7847004225186267 0.13471588909566784 
0.004741929150444246 0.9493642982920251 
0.16455882293043594 0.682761731300129 
0.03872021267085063 0.8383887498685307 
0.745034987432001 0.1527446675064088 
0.37376562764081944 0.44636382140999414 
0.13888714182623402 0.7296043509868457 
0.4369949633248332 0.38646896108159773 
0.9559038840472066 0.02807310222378391 
0.5075837815190932 0.3003113983748685 
0.9015129426999456 0.060080742889398145 
0.31575730301286553 0.44863513454577236 
0.10037363128981593 0.7212308281288867 
0.6679637850591201 0.20048442141421724 
