3.8960658589668565E-10 1.1658382661293998 
0.9988339205459902 0.011729385071665063 
0.3307796536451102 0.5310806057158367 
0.33889647964298686 0.5258802988441774 
0.0012818478376831644 1.0029211780411948 
0.8411532083152539 0.18065604390132503 
0.575487197900819 0.34537257404026844 
0.7936397660619685 0.2051743569695317 
0.13888714182623402 0.7296043509868457 
0.23880713472656018 0.5631123861699584 
0.7330317600855891 0.20933817575978286 
0.444410152346819 0.44518885947888454 
0.41067798720277837 0.44685786599730765 
0.7505846621534251 0.24718764183393863 
0.8173720251477616 0.1554361242335711 
0.7330536641894788 0.17305457716835393 
0.5282600808341416 0.4000479953206438 
0.948297103992678 0.08393347917218784 
0.5352642673071392 0.3468504781254834 
0.2924369557760591 0.5593854241965381 
0.1079252728472321 0.7517662785327913 
0.007888973002593013 0.934967278061526 
0.8989786578875077 0.07234344602476758 
0.6879627252154962 0.26358113177614767 
0.5058738967221557 0.36981790216305355 
0.9167848272457304 0.12288535326020558 
0.9807611894505626 0.023909276759275448 
0.9914312083604869 0.08754788212263676 
0.7958257678885303 0.1262179729581377 
0.3050791916589945 0.5496396607427062 
0.38849406175569257 0.46798340080431844 
0.01755401100376586 0.9190261994667301 
0.1990280536620465 0.6595615921340519 
0.45868611450602736 0.3537370461706963 
0.7958257678885303 0.15419314479077786 
0.01075985938034063 0.9159909128149412 
0.561699774634276 0.33984905318946684 
0.0038062980273104036 0.9656832745286325 
0.7967865830073861 0.21332434646821183 
0.03625017859618692 0.8525568643363629 
0.44081161682765824 0.3792141630848885 
0.02387540620354156 0.8829830721349736 
0.16692776934025494 0.6925087961543482 
0.23107708522601694 0.6064347516189077 
0.7975304686079269 0.1379670802808067 
0.9814447116396259 0.040801052049593806 
0.955260970281163 0.045644397489408996 
0.030567200551191553 0.875400261314452 
0.6357062410459893 0.2574714253175229 
0.07681123439633519 0.8557887071221405 
0.6217542499065437 0.2688173664889065 
0.6538506321334776 0.22187911248099812 
0.09782216186971762 0.7797869319431797 
0.19948655133579507 0.6031346024759183 
0.8378773063840754 0.11802800099337417 
0.9867837787960294 0.033719148874537176 
0.4278132291284621 0.41344292881892375 
0.08423453003787783 0.7752228064686951 
0.4150267308917805 0.40801490618119785 
0.948297103992678 0.05266479215057013 
0.1662038460097859 0.6463313876369666 
0.6593449828752036 0.3062470246570237 
0.3158235033074508 0.5030663913127569 
0.3691507796576985 0.4472282973615629 
0.932098196934982 0.08708223066691101 
0.06866345019398495 0.777688329956356 
0.15291831058878066 0.635939670068514 
0.1818243931154638 0.612636514451454 
0.31027841084896524 0.45424110331593054 
0.23001337893582308 0.5663169650758362 
0.5698933554581778 0.30652407046121755 
0.14027784663909548 0.7238948443885841 
0.10037363128981593 0.7394392294936789 
0.6301265090711179 0.2901108585949771 
0.39306004885131873 0.5331444755560861 
0.8132637955393934 0.1137282261888548 
0.20548444869146254 0.5737036062838504 
0.12646041503939054 0.7029089377680875 
0.11970821263022485 0.6701827384458268 
0.015494322697857332 0.9178215794905857 
0.41564302330897024 0.42952747172778827 
0.6368957003736173 0.23943455912420486 
0.6103444599828013 0.2289949919969794 
0.4298938006350908 0.4185506108798208 
0.5666167442508611 0.2722397971362961 
0.1803412560159452 0.6106675675164319 
0.052208776360433584 0.8413186508717279 
0.0776943928861697 0.7529452478230118 
0.047950400233987334 0.8115516658153926 
