0.005446004653152092 1.28398391087582 
0.9352018656921772 0.2930982931892041 
0.7932675181458015 0.4668885750111063 
6.107989205824116E-4 1.305209084455877 
0.9175157172052261 0.24291722956727285 
0.5235606467290926 0.6495854111986238 
0.6784397944911127 0.48916997810090873 
0.3947168978427149 0.7856013737510797 
0.78966249435852 0.414602871229155 
0.048418619263098595 1.152885020287103 
0.268965672873954 0.7249673052060033 
0.9294487178437408 0.2314148908949266 
0.3427478808370616 0.7454777516698625 
0.3563042981808048 0.7389679906896197 
0.21320218556693588 0.8183658324111361 
0.6888674387762654 0.48286900275030004 
0.4198273289370462 0.6837042873889113 
0.7494509024862774 0.4132596077036214 
0.46918762030587263 0.5663821864582523 
0.9155328124967683 0.27206082873217635 
0.27855539285481623 0.7308185668096526 
0.8040349330309619 0.37765234944772363 
0.1194597933749194 0.9911511515474091 
0.842691310139368 0.301072442076444 
0.4325113678692474 0.6867573658632737 
0.6493499783355887 0.43838657366082007 
0.9177169624400564 0.23758769380873776 
0.10534709726976493 1.036065841742762 
3.8960658589668565E-10 1.3514745707654734 
0.33510274330975476 0.7343714509289393 
0.27787963588050935 0.7337573878195877 
0.6027705595150987 0.4673943659743498 
0.6784397944911127 0.49444314462410094 
0.23101742670957331 0.8094595737125425 
0.30762170965156566 0.8673446194485626 
0.370314732264681 0.7116307998565267 
0.5093102855083678 0.5794569262564617 
0.5636665523451447 0.6108127884433234 
0.05362250502146748 1.2039290922020576 
0.023291493040985045 1.2680796794419036 
0.3317775084391631 0.7075234308008989 
0.887694393514754 0.371810112948763 
0.5850629514463027 0.5222769626086554 
0.4067877933874542 0.7578996897916104 
0.21424900612464529 0.8836998181152609 
0.8082783941858431 0.4084707329228052 
0.12585348029466792 1.0865192201729788 
0.7867825957937218 0.32902915968102925 
0.8917833699670658 0.26085001516182954 
0.13020790431509224 0.9729947611762964 
0.8053133805343181 0.34863731004872867 
0.8095099285307416 0.38511275708822507 
0.6926509195504189 0.4222246807230961 
0.43397030986520896 0.5667047361959259 
0.9190232318841102 0.21093518904133302 
0.028194480318753656 1.1902725758439903 
0.4139993115467506 0.7035627408339412 
0.1558456288973361 0.8605334551371632 
0.1767346027557628 0.9330942601240144 
0.8053133805343181 0.40255462744452314 
0.09926418160037832 1.0005380251800364 
0.06058493783839064 1.0735155344775078 
0.2547549849488769 0.7703316980436566 
0.9053376888654863 0.27283877485947367 
0.015250622931780866 1.2400742538932115 
0.5850629514463027 0.537800801044088 
3.8960658589668565E-10 1.3635893978490286 
0.9190232318841102 0.1995498008164967 
0.8512575844381768 0.29302498601554017 
0.5451393729519127 0.5769088555615086 
0.6213100281506372 0.5113968397827553 
0.5106754848514206 0.6715676949766118 
0.008325531994045399 1.2286731017801547 
0.7577733426764993 0.3705841223118099 
0.37149433267277127 0.7008058531827663 
0.019481657183031742 1.1692771581863117 
0.6997389012707574 0.44442937306827013 
0.2125522476062198 0.8492833622437992 
0.03253579465399997 1.2223517119495442 
0.32037598088789376 0.7129437170871262 
0.8489781819749627 0.3923302938640522 
0.34466661890320904 0.661120680966675 
0.09738261446100704 1.0346739914834109 
0.9600706538325101 0.32864594527216384 
0.6709399450477396 0.41490063804850436 
0.05177962810447373 1.0637768378942773 
0.12328865335187739 0.9919751716824184 
