0.9992013197258077 0.0029033250037388053 
3.8960658589668565E-10 1.1658382661293998 
0.16692776934025494 0.6925087961543482 
0.33889647964298686 0.5258802988441774 
0.5352642673071392 0.3468504781254834 
0.11388916433086752 0.6993892894000101 
0.3307796536451102 0.5310806057158367 
0.2924369557760591 0.5593854241965381 
0.4278132291284621 0.41344292881892375 
0.7967865830073861 0.21332434646821183 
0.9992013197258077 0.02379253081432313 
0.12646041503939054 0.7029089377680875 
0.7936397660619685 0.2051743569695317 
0.23107708522601694 0.6064347516189077 
0.9372243290870192 0.036788959488230924 
0.5058738967221557 0.36981790216305355 
0.38849406175569257 0.46798340080431844 
0.6879627252154962 0.26358113177614767 
0.6217542499065437 0.2688173664889065 
0.09782216186971762 0.7797869319431797 
0.6301265090711179 0.2901108585949771 
0.14645873957086963 0.6632043618842076 
0.027731843189078453 0.8636362799349983 
0.6538506321334776 0.22187911248099812 
0.040613986830270676 0.8488973653599363 
0.45042144421681746 0.34939911938804435 
0.13888714182623402 0.7296043509868457 
0.9039919684743942 0.07541815915348343 
0.1990280536620465 0.6595615921340519 
0.23880713472656018 0.5631123861699584 
0.575487197900819 0.34537257404026844 
0.8442386694198116 0.10769484782808231 
0.005865560927485691 0.9649027488223083 
0.058032040269457186 0.7736590169315427 
0.561699774634276 0.33984905318946684 
0.3061877254448019 0.4718170153213136 
0.03625017859618692 0.8525568643363629 
0.915916555189135 0.05331508391867902 
0.8411532083152539 0.18065604390132503 
0.04817839246347627 0.804113659742628 
0.948297103992678 0.05266479215057013 
0.5698933554581778 0.30652407046121755 
0.6357062410459893 0.2574714253175229 
0.2782982739354453 0.5283442343027362 
0.5194424022955284 0.2889348643376877 
0.7811979322992988 0.1701313604030574 
0.016146249622699144 0.8953773244054227 
0.7007251222005503 0.19197676023098767 
0.9992013197258077 0.018622426322884595 
0.07681123439633519 0.8557887071221405 
0.5899509743194584 0.2581620044747207 
0.9167848272457304 0.12288535326020558 
0.010940818739662905 0.92212339728265 
0.41067798720277837 0.44685786599730765 
0.019365442976201103 0.8717349909155369 
0.5168855976213681 0.2906335417995926 
0.41564302330897024 0.42952747172778827 
0.21294205223917198 0.5669881185166661 
0.03429617500180768 0.8198859320217644 
0.9181207321917402 0.07236635419165223 
0.8173720251477616 0.1554361242335711 
0.7811979322992988 0.1331352591925627 
0.20563630638449282 0.5915746798211315 
0.6683256400593627 0.22738585051543922 
0.9914312083604869 0.08754788212263676 
0.9514569179139454 0.04646685154548667 
0.8547931851127706 0.07799605781247908 
0.6210597832956372 0.25306526448719496 
0.06865481340586799 0.7896460416636945 
0.07238640448072714 0.7439898860970264 
0.8826673921393832 0.06402085253625213 
0.07238640448072714 0.805094944089274 
0.0030359489230449843 0.9611450695321397 
0.7958257678885303 0.15419314479077786 
0.9916119293618804 0.008183869185688452 
0.22459065096324715 0.563450865310987 
0.3921110840265101 0.38606945663305803 
0.6819593925057768 0.2185580121581842 
0.24407956636855319 0.5892488465115019 
0.3691507796576985 0.4472282973615629 
0.05459452644294582 0.7868639091826725 
0.019527020831380283 0.8754228168008262 
0.7543843179526205 0.1510087416195765 
3.0919381908767717E-4 0.9900051698819909 
0.7679498111714772 0.14735609639536346 
0.24491463069616154 0.5135964452118765 
0.7938655243350048 0.11915490091995277 
0.3745838065929495 0.4324264210216214 
