0.822888099336381 0.9737549120129483 
0.025222003690394814 2.3197289047322136 
0.003290634094130676 2.2833356247111447 
0.2062298157976699 1.720841933183088 
0.3830946854949675 1.4052742774740266 
0.3830946854949675 1.3801268780086358 
0.9054313062725223 0.8526201127231824 
0.6801474349439453 1.1554567963447564 
0.7117105004973101 1.0599252161883406 
0.0232949693764799 2.3640140019997724 
0.22121293356791608 1.737195138799456 
0.37453534636824437 1.4868851579243985 
3.287840953103416E-7 2.8867152864266816 
0.6970973742514436 1.148917660286255 
0.822888099336381 1.0150317023200042 
0.00391445988469194 2.6440100328868152 
0.1866997871518008 1.7883231025400979 
0.36243260721811466 1.389572865719864 
0.4140339014962684 1.4286416794723895 
0.9389563182321696 1.0183623121287753 
0.9141760505322095 0.9912003626544529 
0.7091001924384495 1.1314926307054116 
0.7130674695189971 1.154698816988734 
0.04845205271916647 2.2279523908952537 
0.04716234812237602 2.3367692995923544 
0.00161756824660232 2.5091093594626415 
0.00161756824660232 2.394405860446 
0.0012296061391559505 2.4634143598113605 
0.6943376008451634 1.309498483865225 
6.80730480552616E-4 2.824730096052406 
3.287840953103416E-7 2.8143757076029274 
0.7053242624282348 1.1649086017302455 
0.7024626699314427 1.1560794249796034 
0.822888099336381 1.0013525728002548 
0.8219903581690982 1.126966151504424 
0.003290634094130676 2.4450771757568743 
0.22811107468000125 1.8039014624129075 
0.19375579431510534 1.7452145920054443 
0.20290645644655508 1.8414701495537587 
0.348773124625843 1.6334119269530503 
0.018325481036876035 2.1821111030029043 
0.37363763176029235 1.5694839518303254 
0.4247201449621707 1.4560714943711939 
0.9111465668452963 1.0046303452463452 
0.8974689353753895 0.8706957706459311 
0.8974689353753895 0.9189709403860382 
0.8122005994395579 1.2180375257337217 
0.7895728157087765 1.1443295336707373 
0.8408671245478101 1.1397223106966368 
0.8554674948130657 1.0954933167668577 
0.04428406881512024 2.2177694725926287 
0.1339059066021651 2.201338048784343 
0.11502067126912419 2.1191342568131724 
0.10715850824904644 2.0208527286629505 
0.0012242198724073394 2.470203162161236 
0.0012242198724073394 2.869685769452261 
0.7053242624282348 1.2426198926191303 
3.287840953103416E-7 2.84344570648051 
0.6543978375171097 1.3300728722492796 
0.7210402795823434 1.2166226262830118 
0.8219903581690982 1.2603421342242667 
3.287840953103416E-7 2.6839977776556956 
3.287840953103416E-7 2.7534242455997116 
0.6565383452826936 1.342931238556022 
0.42421208759777324 1.383700551750306 
0.37363763176029235 1.7607165698182041 
0.8675654829376883 1.1261050427745516 
0.8924896327347259 1.0029626057009797 
0.7256110804540578 1.3447559664044952 
0.0012242198724073394 2.803672113096508 
0.2063883083272297 1.9469168185564985 
0.046322862505987106 2.101820657182591 
0.3830946854949675 1.5300780888090342 
0.09258027483049408 2.2206751612148796 
0.2063883083272297 2.0699437671398204 
0.0038450237902835083 2.732702407873442 
0.11577888662243764 1.9745679372778766 
0.4247201449621707 1.6043096474828322 
0.02631503605967888 2.5143640598650787 
