0.10692445307475479 1.2824671928141396 
0.473069967297662 0.8151591746980004 
0.11630261303691858 1.24644028192195 
0.7445847309220128 0.6593271017508487 
0.17928277611912702 1.1308162510150594 
0.6659913104004778 0.6228451335677339 
0.8981478607174714 0.5071685754528259 
0.5158455931308953 0.729224285981418 
0.11630261303691858 1.2179403717350323 
0.06573084295454104 1.2975089729517308 
0.6607636630400758 0.6291847043312865 
0.9600706538325101 0.32864594527216384 
0.3947168978427149 0.7856013737510797 
0.7975255033909204 0.5580269075593127 
0.8427938868224505 0.5279602694936172 
0.0017038597680980594 1.530484495497008 
0.9187405419793474 0.4310482315070999 
0.3036001363253382 0.9266241363313056 
0.9555143978267872 0.3333152194156372 
0.3525313980661585 0.9879816225531401 
0.5248067361259863 0.7283021946929854 
0.7168163319893557 0.5498374421021408 
0.9673738443298969 0.353789978188231 
0.5727003004477479 0.6361299240293063 
0.5711797619408348 0.6904695381788045 
0.46444777620627786 0.7318596617802549 
0.5207945051260378 0.674138845173781 
0.7235335359480454 0.6333437797255478 
0.1817023100442297 1.120359276198459 
0.730576952156817 0.533466191862082 
0.013273677350985058 1.440863160827322 
0.9545479770096136 0.4149224504031236 
0.6956018578062004 0.5496962699382909 
0.8256191557116066 0.4168983170561245 
0.4688355989991884 0.7017597367940176 
0.14783940705931486 1.1715227919181583 
0.06869381258568083 1.2772160395182084 
0.4151791549789164 0.7990163315899556 
0.15193035592180382 1.1140683309837531 
0.7932675181458015 0.4668885750111063 
0.29015809042555635 1.0091488380264808 
0.822232749653959 0.5381058047710803 
0.08221941315321124 1.2038500098635125 
2.5523505635768466E-9 1.835919718718445 
0.9630048714554683 0.3301538724757335 
0.31852514701556556 0.8954320895635602 
0.7977557707332296 0.5644956974926839 
0.2035114224920157 0.9918101474065601 
0.07513301151579405 1.3267457033960373 
0.9213143005153164 0.441308310729311 
0.043676602626641 1.5012804210772317 
0.6205192336921389 0.714999675928301 
0.17677203861197804 1.0084885870078977 
0.4888486822674656 0.7635810724556489 
0.6036081618612352 0.659020538847084 
0.1751262123739849 1.1661352275369046 
0.5235606467290926 0.6495854111986238 
0.38311829878495907 0.887241666725964 
0.1452296250644493 1.1141537379922875 
0.4688355989991884 0.7690287602099015 
0.8374212017023891 0.3998604079214821 
0.14212701304734404 1.1654519177135527 
0.8931544400101689 0.4672958476210485 
0.006756249606415132 1.612717826252054 
0.42914849453772297 0.8280923015613141 
0.7759283530544048 0.6042208286389009 
0.013900782814997768 1.4369164289881748 
0.6956018578062004 0.6039002306789916 
0.3931054248540603 0.7932839882667816 
0.38725957078296447 0.8965771851932711 
0.6957357059595595 0.5610767358335241 
0.13971561492760254 1.213128403664953 
0.8977367339032015 0.5024727229821451 
0.9201343521165788 0.4359387928057126 
0.9590327685655969 0.42746131658984643 
0.6953003510310272 0.607073006009155 
0.37756862263532504 0.8954821864255327 
0.11267727999809413 1.2934588767430593 
0.3557941470640868 0.9181334902942228 
0.9412650506794399 0.3487733143116406 
0.043676602626641 1.4526003086037023 
0.9233362052590962 0.3756882786182413 
0.030936669049185905 1.3406246152349093 
0.6205456771654749 0.607588923429529 
0.1010638074014697 1.20133724449706 
0.02913387239730152 1.4252282274008323 
0.887694393514754 0.39224521315257127 
0.35465582544024055 0.8663521216939188 
0.01493400355780114 1.390046485661348 
