0.9981595118386014 0.011949776205040523 
3.8960658589668565E-10 1.1658382661293998 
0.33889647964298686 0.5258802988441774 
0.3307796536451102 0.5310806057158367 
0.5282600808341416 0.4000479953206438 
0.575487197900819 0.34537257404026844 
0.5686843691400386 0.3885093618433078 
0.6879627252154962 0.26358113177614767 
0.011174785704047716 0.9334503248939063 
0.16692776934025494 0.6925087961543482 
0.4278132291284621 0.41344292881892375 
0.8173720251477616 0.1554361242335711 
0.0038062980273104036 0.9656832745286325 
0.41067798720277837 0.44685786599730765 
0.6301265090711179 0.2901108585949771 
0.006480576295105805 0.9500179444096698 
0.9167848272457304 0.12288535326020558 
0.39306004885131873 0.5331444755560861 
0.7967865830073861 0.21332434646821183 
0.5352642673071392 0.3468504781254834 
0.03625017859618692 0.8525568643363629 
0.09782216186971762 0.7797869319431797 
0.444410152346819 0.44518885947888454 
0.5058738967221557 0.36981790216305355 
0.8378773063840754 0.11802800099337417 
0.38849406175569257 0.46798340080431844 
0.8411532083152539 0.18065604390132503 
0.1990280536620465 0.6595615921340519 
0.07681123439633519 0.8557887071221405 
0.3050791916589945 0.5496396607427062 
0.7505846621534251 0.24718764183393863 
0.23880713472656018 0.5631123861699584 
0.08423453003787783 0.7752228064686951 
0.1079252728472321 0.7517662785327913 
0.7936397660619685 0.2051743569695317 
0.8929282195451711 0.06817573861214365 
0.6593449828752036 0.3062470246570237 
0.019357163316070278 0.8866229667520034 
0.7743605067180298 0.1497286952617159 
0.561699774634276 0.33984905318946684 
0.8420622590673913 0.09793537441590162 
0.001614211368297501 0.984889404259333 
0.44081161682765824 0.3792141630848885 
0.6217542499065437 0.2688173664889065 
0.2924369557760591 0.5593854241965381 
0.6054349313651093 0.2851549412583707 
0.7330317600855891 0.20933817575978286 
0.19948655133579507 0.6031346024759183 
0.23107708522601694 0.6064347516189077 
0.034781575038834396 0.8860510495419768 
0.9914312083604869 0.08754788212263676 
0.3582104052992868 0.42243111002498096 
0.932098196934982 0.08708223066691101 
0.27045524757344 0.5328536832533518 
0.1680881342816253 0.6482428214897965 
0.2027915532133432 0.5700344531133108 
0.6460020792153609 0.2262483455867951 
0.8014060892792696 0.17238682336126007 
0.6357062410459893 0.2574714253175229 
0.8202796812351327 0.12923990426759 
0.37417054968400115 0.4731322557170443 
0.04703191888514233 0.8431099302985435 
0.1662038460097859 0.6512801087928652 
0.1973110804002594 0.6094987853719196 
0.12646041503939054 0.7029089377680875 
0.41564302330897024 0.42952747172778827 
0.05303112304219243 0.8157385507661274 
0.7722340930036553 0.14857373522664802 
0.9329974897127279 0.06121314879910664 
0.8722577936772998 0.09473280796398797 
0.06446558751889497 0.7785197381619353 
0.23127056757060685 0.5565099882205949 
0.028601982288788547 0.8754302777030105 
0.30814190399209995 0.5177500439075137 
0.5698933554581778 0.30652407046121755 
0.9800108887385961 0.041010116796304605 
0.348535610412688 0.45729084851932633 
0.13888714182623402 0.7296043509868457 
0.2676016331655976 0.5153592498197784 
0.14027784663909548 0.7238948443885841 
0.948297103992678 0.061573320037310156 
0.7475394146767423 0.18357521378342542 
0.948297103992678 0.05266479215057013 
0.948297103992678 0.08393347917218784 
0.019001374814414523 1.0473494961931806 
0.7274464632129722 0.16293103183712368 
0.7986972529247589 0.13274312128115814 
0.1891929633158625 0.5851364035606142 
0.0012818478376831644 1.0029211780411948 
0.9687884650722434 0.04709950486694873 
0.793669668245146 0.1301049982217229 
0.6702215734124917 0.1970409975954578 
0.9955136720508433 0.027321456267112715 
