0.8777035899588628 0.6885663825277601 
0.005207864881297458 2.1586690697834943 
1.0207215932456909E-4 2.3044150216869785 
0.20290645644655508 1.5733792042276513 
0.8595746282616659 0.8996062248597098 
0.5807259687940085 0.9953102492870257 
0.01745496528255558 2.081762946052879 
0.17871090467226874 1.7558157533350316 
0.08999496189692759 1.6153051785181378 
0.8593267235529856 0.7336908467918433 
0.19970078400863048 1.4243045580226041 
0.901576672520098 0.7645986391301332 
0.8798169251606874 0.7566204533350676 
0.031405227946504743 1.844174376482197 
0.6500633453152699 0.9524457671862352 
0.6233334903870121 0.9565216727404204 
0.38113636843082277 1.1604247692312324 
0.031405227946504743 1.7852032334440757 
0.3604404114209322 1.181588824687775 
3.287840953103416E-7 2.3705681507437437 
0.2040460659238366 1.4940779694288586 
0.3743208484517747 1.2194726339408244 
0.00158039984463592 2.131186493313656 
0.8731422598476305 0.8799201828516212 
0.8298953000963856 0.9450767427572467 
0.6770608362273596 1.0584345992864899 
0.003290634094130676 2.2804126408862126 
0.018325481036876035 2.1821111030029043 
0.022930273230417908 2.046722962913246 
0.2062298157976699 1.720841933183088 
0.17225436013046802 1.7717043885770325 
0.9096327890276044 0.7430671050714722 
0.19788376993457193 1.5056392969530246 
0.038811320655320364 1.96528419423712 
0.035945939043679986 1.9611278125865876 
0.04551264370226776 1.755279999899231 
0.08999496189692759 1.6902371905490257 
0.07744597040067942 1.7879683746336137 
0.6913294876781806 1.062555726886091 
0.6226522909507181 1.050932922692965 
0.7235899524958417 0.9437245488566768 
0.7235899524958417 0.973126324263335 
0.3743208484517747 1.1451123570805337 
2.002274049058561E-4 2.320472149225029 
0.0275979040327812 2.022826874765754 
0.3743208484517747 1.2225900690096443 
0.3679151310119631 1.2228865200820973 
3.287840953103416E-7 2.3359157644822486 
0.1959476926781566 1.3847496733425477 
0.1944486847319165 1.4165420276546243 
0.3739913159517859 1.1514498000669413 
0.9063826151391635 0.6356096070946962 
0.822888099336381 0.9737549120129483 
0.6801474349439453 1.1554567963447564 
0.6770608362273596 1.0654103763445197 
0.016709559314113137 1.952092150192087 
0.012093800892473167 2.1162839880082394 
0.003861722429199299 2.1160500276526215 
0.027255810393068847 2.1149425726133915 
0.020597638946113606 1.905059039987689 
0.1866997871518008 1.7883231025400979 
0.9185293752759521 0.8019599761154352 
0.9185293752759521 0.793208400711894 
0.38031601694145517 1.3393847159866787 
0.035945939043679986 1.8169736341361231 
0.03584521922250661 1.9408047328561662 
0.035945939043679986 1.8142835433983904 
0.07744597040067942 1.9371924170239807 
0.08999496189692759 1.6390538349916297 
0.7220375176309239 0.9649838853965625 
0.8322554595567001 0.9010017570848194 
0.7241294679049057 0.9812565386421431 
0.7244617229381392 0.986944757211094 
0.3743208484517747 1.2395903732650493 
0.6264854908131241 1.1838895147610127 
2.002274049058561E-4 2.193432413788049 
0.3663190822717025 1.306989214793137 
0.34764245563881613 1.3314279671405824 
0.3743208484517747 1.5040518849436169 
3.287840953103416E-7 2.507718328731917 
0.1944486847319165 1.3580137051512942 
0.36298703737964877 1.1662288196696196 
0.901576672520098 0.6770114944814266 
3.287840953103416E-7 2.5752497373855423 
0.901576672520098 0.7082141020478693 
0.6228679713782006 1.0496669290254723 
0.4140339014962684 1.4286416794723895 
0.3743208484517747 1.2706892458745342 
0.9389563182321696 1.0183623121287753 
