3.8960658589668565E-10 1.1658382661293998 
0.9992013197258077 0.0029033250037388053 
0.41067798720277837 0.44685786599730765 
0.4278132291284621 0.41344292881892375 
0.5352642673071392 0.3468504781254834 
0.10289327444753671 0.6934148362543342 
0.9039919684743942 0.07541815915348343 
0.005865560927485691 0.9649027488223083 
0.561699774634276 0.33984905318946684 
0.8173720251477616 0.1554361242335711 
0.8442386694198116 0.10769484782808231 
0.16692776934025494 0.6925087961543482 
0.41564302330897024 0.42952747172778827 
0.06865481340586799 0.7896460416636945 
0.9167848272457304 0.12288535326020558 
0.6879627252154962 0.26358113177614767 
0.7007251222005503 0.19197676023098767 
0.1496324372859229 0.6261689465301344 
0.12646041503939054 0.7029089377680875 
0.2782982739354453 0.5283442343027362 
0.09782216186971762 0.7797869319431797 
0.022619050392335305 0.8710771441270734 
0.09862882580441704 0.7207743011717413 
0.5058738967221557 0.36981790216305355 
0.027731843189078453 0.8636362799349983 
0.9514569179139454 0.04646685154548667 
0.40012458906348364 0.40051742829253417 
0.2924369557760591 0.5593854241965381 
0.3047110238542502 0.5114999407538008 
0.7936397660619685 0.2051743569695317 
0.8350493788981194 0.09137508139236718 
0.07681123439633519 0.8557887071221405 
0.03625017859618692 0.8525568643363629 
0.45042144421681746 0.34939911938804435 
0.38849406175569257 0.46798340080431844 
0.1990280536620465 0.6595615921340519 
0.7967865830073861 0.21332434646821183 
0.24920416775226162 0.5073368161419541 
0.8411532083152539 0.18065604390132503 
0.6217542499065437 0.2688173664889065 
0.948297103992678 0.05266479215057013 
0.7958257678885303 0.15419314479077786 
0.9992013197258077 0.018622426322884595 
0.05459452644294582 0.7868639091826725 
0.784518524697416 0.1289758803704958 
0.9405406442862634 0.06214357317660018 
0.575487197900819 0.34537257404026844 
5.083012546399056E-4 1.0185171119012908 
0.6538506321334776 0.22187911248099812 
0.33889647964298686 0.5258802988441774 
0.08231366084241237 0.7324307959360616 
0.6357062410459893 0.2574714253175229 
0.3691507796576985 0.4472282973615629 
0.23107708522601694 0.6064347516189077 
0.4080764202959837 0.3743704827221113 
0.23880713472656018 0.5631123861699584 
0.21294205223917198 0.5680595300670335 
0.6301265090711179 0.2901108585949771 
0.0030359489230449843 0.9611450695321397 
0.9267824867480394 0.053574305377098945 
0.017949775727262696 0.892119664499738 
0.24407956636855319 0.5892488465115019 
0.9914312083604869 0.08754788212263676 
0.869464942432356 0.08455113496818971 
0.7543843179526205 0.1510087416195765 
0.13888714182623402 0.7296043509868457 
0.0026689104600416402 0.9574744466311917 
0.6210597832956372 0.25306526448719496 
0.14645873957086963 0.6632043618842076 
0.9554527137391935 0.028104658140175827 
0.14128635864478473 0.6394068499114551 
0.5698933554581778 0.30652407046121755 
0.5898118570908678 0.28087361561432705 
0.04817839246347627 0.804113659742628 
0.6819593925057768 0.2185580121581842 
0.12895217624438515 0.6919139489371139 
0.22459065096324715 0.563450865310987 
0.5899509743194584 0.2581620044747207 
0.20563630638449282 0.5915746798211315 
0.6683256400593627 0.22738585051543922 
0.3307796536451102 0.5310806057158367 
0.9992013197258077 0.02379253081432313 
0.058032040269457186 0.7736590169315427 
0.9415686002183485 0.03314436399385499 
3.0919381908767717E-4 0.9900051698819909 
0.33466899933494576 0.4534065878005238 
0.3061877254448019 0.4718170153213136 
0.8342656870171796 0.09572531279701689 
0.6210597832956372 0.21917046293951079 
0.9863847842783349 0.011782592534506347 
