0.887694393514754 0.371810112948763 
0.14783940705931486 1.1715227919181583 
0.9172220166625802 0.3806801732578637 
0.008086746661121247 1.4576648170485293 
0.0920958265521526 1.1412072876195862 
0.18089942525740826 1.0971063427308811 
0.13971561492760254 1.213128403664953 
0.8095099285307416 0.38511275708822507 
0.020537877775029273 1.4147450927892855 
0.4067877933874542 0.7578996897916104 
0.6888674387762654 0.48286900275030004 
0.3947168978427149 0.7856013737510797 
0.4888486822674656 0.7635810724556489 
0.11630261303691858 1.24644028192195 
0.12585348029466792 1.0865192201729788 
0.023291493040985045 1.2680796794419036 
1.4097069245163489E-9 1.4907434639840258 
0.2900801902218908 0.8878209831886066 
0.6956018578062004 0.6039002306789916 
0.17928277611912702 1.1308162510150594 
0.05362250502146748 1.2039290922020576 
0.1817023100442297 1.120359276198459 
0.9630048714554683 0.3301538724757335 
0.6784397944911127 0.48916997810090873 
0.03948429780580964 1.246747146642677 
0.17985824604934686 0.9690792812574335 
0.019104292329140987 1.3786092922994544 
0.5964909600124942 0.6194819875824603 
0.6851758975575387 0.5260313010880917 
0.6784397944911127 0.49444314462410094 
0.01837331457471586 1.4042485552614676 
0.1767346027557628 0.9330942601240144 
0.46444777620627786 0.7152460218548823 
0.11794360023399614 1.037080161201801 
0.4198273289370462 0.6837042873889113 
0.7414122505503236 0.446048298140477 
4.079801045983182E-10 1.6060014162290073 
0.15193035592180382 1.1140683309837531 
0.9352018656921772 0.2930982931892041 
0.4151791549789164 0.7990163315899556 
0.9600706538325101 0.32864594527216384 
0.9122063069095854 0.2994153381585369 
0.11630261303691858 1.2179403717350323 
0.8489781819749627 0.3923302938640522 
0.7932675181458015 0.4668885750111063 
0.013273677350985058 1.440863160827322 
0.8738813136967764 0.35177581413493525 
0.6682509255516667 0.5230086408960843 
0.3563042981808048 0.7389679906896197 
0.8986363299105327 0.30231466995841194 
0.5093102855083678 0.5794569262564617 
0.6659913104004778 0.6228451335677339 
0.6213100281506372 0.5113968397827553 
0.10692445307475479 1.2824671928141396 
0.2857603450488399 0.9330732325440008 
0.8082783941858431 0.4084707329228052 
4.079801045983182E-10 1.6092515328083852 
0.8874410259557675 0.3008257726556685 
0.6018903990668653 0.5347157766643019 
0.20032300770495398 0.9601313899039017 
0.5207945051260378 0.674138845173781 
0.31852514701556556 0.8954320895635602 
0.4325113678692474 0.6867573658632737 
0.30762170965156566 0.8673446194485626 
0.1745204995832023 1.0046050721132231 
0.7414122505503236 0.40936521072312154 
0.38311829878495907 0.887241666725964 
0.8875436530488359 0.35607194703574374 
0.1213849060042721 1.1552768241359828 
0.6757964098324174 0.5185952528065981 
0.0920958265521526 1.122621978992426 
0.7168163319893557 0.5498374421021408 
0.78966249435852 0.414602871229155 
0.023671415479250668 1.26807576393976 
0.17384455254926123 1.0467833599110417 
0.004104088408120877 1.3975454027561591 
0.5235606467290926 0.6495854111986238 
0.9201343521165788 0.4359387928057126 
0.05362250502146748 1.1717428359422963 
0.6786802423154915 0.4353485306008208 
0.3580801427129537 0.8083488685486779 
0.002013034366241895 1.4332475430665108 
0.47631608848792384 0.7728326819278455 
0.8986441291176894 0.3359558081426951 
0.043676602626641 1.2972318918152286 
0.5052511470361796 0.6823217094989135 
0.019104292329140987 1.3421313383560056 
0.2890400605269178 0.8690519293450937 
1.3913332812628547E-9 1.6530265543135234 
0.9187405419793474 0.4310482315070999 
0.5106754848514206 0.6715676949766118 
0.4968514695786557 0.5787513943162987 
0.5636665523451447 0.6108127884433234 
