0.2130945674705922 2.0773784510030873 
0.11023998454459233 2.7721092884596468 
0.7517537855058988 1.6728360549888441 
0.7363733253637275 1.5918127377855316 
0.019837887359494433 3.33304236050371 
0.22830189187458214 2.347467990469074 
0.2045215064970115 2.234338618603313 
0.026052811460940184 3.031870517558603 
4.35655677397645E-4 3.272531229778799 
5.376647207453247E-5 3.7345194143109897 
0.8931394013416525 1.5212951421543208 
0.11769662808016738 3.0173395074661333 
3.0729961301337316E-4 3.5233132352648497 
0.11883570092229098 3.0715970629995484 
0.7264350592696821 1.687020802182656 
0.9164877878493961 1.4208861783496487 
0.74812443619494 1.6211045058389635 
0.7314136742865661 1.5755275271576832 
0.20290645644655508 2.3737108891353764 
0.22332326794339485 2.3720876640285233 
0.20290645644655508 2.2780996836391836 
0.1098051727916615 2.8436520182545824 
0.1091348757545777 2.9664779947210547 
0.01085826314317595 3.042663040484055 
4.35655677397645E-4 3.4365229689046286 
0.8929037021000454 1.5857978474280705 
0.1098051727916615 2.8984800050434516 
3.0729961301337316E-4 3.5825661126457455 
0.11883570092229098 3.146899406340416 
0.4071584095871954 2.2033265467422543 
0.3667510988034314 2.2502351011825987 
0.7363733253637275 1.7527132199167972 
0.7314136742865661 1.6746477058180127 
0.7376033711269994 1.723452427368377 
0.718947018198825 1.7954023856702073 
0.8578387769145577 1.498802750354047 
0.8853592200733487 1.6711994450785983 
0.20290645644655508 2.826889446612197 
0.21768752969309751 2.880986263268892 
0.20290645644655508 2.42003379327228 
0.20290645644655508 2.424339254246356 
0.2605717820141218 2.1981363683110806 
0.10974771099089553 3.0656907153538797 
0.016279694488079977 3.38141408199795 
0.10799531266420126 3.442441524604123 
4.35655677397645E-4 3.521685016009033 
0.913416002601859 1.6078020155587798 
0.8855949193149557 1.6207208524554106 
0.11036494040070584 3.0758246859991534 
3.085611180068553E-4 3.9311729498496484 
0.1098051727916615 2.74332500668061 
0.11379893211894032 3.202275222908814 
0.3786810479173918 2.080929709409482 
0.37607535743199705 2.354580145554949 
5.376647207453247E-5 3.724499761895922 
0.8064552811703801 1.904293522654365 
0.7316404325126833 1.8560519608467831 
0.8064552811703801 1.5870844713656849 
0.8578387769145577 1.489204488312784 
0.8554497092017715 1.567653804736598 
0.8940794375130101 1.6739918889711256 
0.37766031594020555 2.174998547292493 
0.3701063958807008 2.0623628391599795 
0.10799531266420126 3.3269147455130175 
0.10850336533227617 3.0975373084367215 
0.11346247935266304 3.2773400929563348 
0.016157442240591624 3.3528144438463867 
0.005038768894378827 3.350324468671158 
4.35655677397645E-4 3.338089725376856 
0.8970359491171689 1.4573813811502863 
4.35655677397645E-4 3.5466445599411878 
3.0729961301337316E-4 3.485501420403468 
0.1098051727916615 2.9676794984342125 
0.10974771099089553 2.7896020053223 
5.376647207453247E-5 4.152800823373371 
5.376647207453247E-5 3.7349915876369097 
0.872548801783692 1.6724928206722354 
0.8615872840054019 1.6870798991881493 
0.742680852255477 1.942236111575931 
0.3701063958807008 2.072219289659127 
0.1098051727916615 2.8595326672628736 
0.8578387769145577 1.4922910842421295 
0.36849134583025583 2.2356385440126902 
0.016990636490901323 3.22727582204086 
5.376647207453247E-5 3.749839106046245 
0.11506200477392625 3.4646419122056127 
4.6239956452582415E-4 3.8602158673801434 
0.8554512783081125 1.8480015935769345 
5.376647207453247E-5 4.397366372563195 
