0.005446004653152092 1.28398391087582 
0.048418619263098595 1.152885020287103 
0.9246650189685913 0.22797288020264234 
0.37149433267277127 0.7008058531827663 
0.21320218556693588 0.8183658324111361 
0.8489781819749627 0.3923302938640522 
0.1194597933749194 0.9911511515474091 
0.9352018656921772 0.2930982931892041 
0.9155328124967683 0.27206082873217635 
0.23101742670957331 0.8094595737125425 
0.9294487178437408 0.2314148908949266 
0.05362250502146748 1.2039290922020576 
0.023291493040985045 1.2680796794419036 
0.5850629514463027 0.537800801044088 
0.4067877933874542 0.7578996897916104 
0.8095099285307416 0.38511275708822507 
0.43397030986520896 0.5667047361959259 
0.028194480318753656 1.1902725758439903 
0.06058493783839064 1.0735155344775078 
0.5850629514463027 0.5222769626086554 
0.08172628477076721 1.0250601871250797 
0.2125522476062198 0.8492833622437992 
0.5451393729519127 0.5769088555615086 
0.5636665523451447 0.6108127884433234 
0.014375825566304401 1.1933273123698553 
0.9190232318841102 0.1995498008164967 
0.40533782126322415 0.5764151619215557 
0.887694393514754 0.371810112948763 
0.4325113678692474 0.6867573658632737 
0.9177169624400564 0.23758769380873776 
0.007003029023994023 1.2408082418340192 
0.8928989334726337 0.2605195255356436 
0.12585348029466792 1.0865192201729788 
0.32037598088789376 0.7129437170871262 
0.7812006158225708 0.33961147000014436 
3.8960658589668565E-10 1.3514745707654734 
0.4198273289370462 0.6837042873889113 
0.1767346027557628 0.9330942601240144 
0.6661554235028467 0.40538030759928245 
0.2547549849488769 0.7703316980436566 
0.9818325290540482 0.17956285694746316 
0.9053376888654863 0.27283877485947367 
0.5110003552747902 0.4936721725268819 
0.6493499783355887 0.43838657366082007 
0.05177962810447373 1.0637768378942773 
0.370314732264681 0.7116307998565267 
0.47003457806703897 0.5463689579951273 
0.8053133805343181 0.34863731004872867 
0.16629216770097185 0.8449936598375836 
0.8512575844381768 0.29302498601554017 
0.9818325290540482 0.19287879361368562 
0.13020790431509224 0.9729947611762964 
0.8082783941858431 0.4084707329228052 
0.9818325290540482 0.19379178147596585 
0.06014777081316086 1.03640683677421 
0.7867825957937218 0.32902915968102925 
0.06379066187503984 1.0155850673595688 
0.6213100281506372 0.5113968397827553 
0.12328865335187739 0.9919751716824184 
0.677543196901763 0.38440501951499945 
0.03899461999366374 1.102143012424645 
0.1558456288973361 0.8605334551371632 
0.4139993115467506 0.7035627408339412 
3.8960658589668565E-10 1.3635893978490286 
0.5093102855083678 0.5794569262564617 
0.09481190570638415 0.9803954454856156 
0.8040349330309619 0.37765234944772363 
0.842691310139368 0.301072442076444 
0.12184706717413993 0.9734392975486659 
0.27787963588050935 0.7337573878195877 
0.43397030986520896 0.5622141579963443 
0.1423813412947495 0.8574341149406801 
0.7577733426764993 0.32883962276434053 
0.9175157172052261 0.24291722956727285 
0.3675585449440712 0.6507627634755964 
0.7577733426764993 0.3165172073604364 
0.21424900612464529 0.8836998181152609 
0.5028130000760503 0.49215855306222567 
0.057398887763226325 1.0611255156002197 
0.6027705595150987 0.4673943659743498 
0.6657431584342275 0.4022410029826004 
0.9249575675190329 0.18802370766156998 
0.6888674387762654 0.48286900275030004 
0.8775695919586912 0.2639417975607011 
0.12184706717413993 0.9667112245110723 
0.21383467313537444 0.8186229002926961 
0.9190232318841102 0.21093518904133302 
0.8917833699670658 0.26085001516182954 
0.19471784672477255 0.8213761213532651 
0.6926509195504189 0.4222246807230961 
