0.9988393222044312 0.019464179724961037 
0.999739064276032 0.020185893875290892 
3.8960658589668565E-10 1.1658382661293998 
0.9404715299814214 0.12820122723056673 
0.32123206394094467 0.5209597181629986 
0.019001374814414523 1.0473494961931806 
0.7131897737641153 0.2840769787685093 
0.7505846621534251 0.24718764183393863 
0.1990280536620465 0.6595615921340519 
0.04385148080122697 0.8326299507805106 
0.23107708522601694 0.6064347516189077 
0.33889647964298686 0.5258802988441774 
0.5282600808341416 0.4000479953206438 
0.07681123439633519 0.8557887071221405 
0.1872990821764476 0.6467430943398482 
0.7967865830073861 0.21332434646821183 
0.5686843691400386 0.3885093618433078 
0.41067798720277837 0.44685786599730765 
0.444410152346819 0.44518885947888454 
0.6879627252154962 0.26358113177614767 
0.43664785274939677 0.36900217083425957 
0.38849406175569257 0.46798340080431844 
0.9708704715662406 0.07918043539357103 
0.09782216186971762 0.7797869319431797 
0.7936397660619685 0.2051743569695317 
0.5352642673071392 0.3468504781254834 
0.011542977351809841 0.998596769887845 
0.8411532083152539 0.18065604390132503 
0.7071065168725423 0.21707705937447075 
0.05739195669306091 0.9091004044035681 
0.16692776934025494 0.6925087961543482 
0.8218967539244898 0.1433694814603071 
0.7516134817808964 0.17058140270041516 
0.2924369557760591 0.5593854241965381 
0.8547806586664694 0.0994864021163329 
0.026525493099996578 0.9259527644809011 
0.2449036840387101 0.5657726873900107 
0.732003094459396 0.1761501535433108 
0.9161059909852971 0.0633398231528965 
0.39306004885131873 0.5331444755560861 
0.100936762800106 0.7281342265795337 
0.6993054547992357 0.20537454012661893 
0.3050791916589945 0.5496396607427062 
0.23880713472656018 0.5631123861699584 
0.15389887601269725 0.6546535615005102 
0.4639353355020415 0.39032576518826667 
0.8947853147803297 0.09240581240813099 
0.2684796549475384 0.5320738173232938 
0.11921887000709208 0.7089406852461301 
0.13888714182623402 0.7296043509868457 
0.6593449828752036 0.3062470246570237 
0.575487197900819 0.34537257404026844 
0.9662473544057213 0.04718455466416173 
0.5697607201750556 0.31893648105190375 
0.9914312083604869 0.08754788212263676 
0.3307796536451102 0.5310806057158367 
0.06405759253426721 0.8063428932185922 
0.14027784663909548 0.7238948443885841 
0.38918148808088626 0.4109018730234653 
0.9658619322763865 0.05937734958696603 
0.12156307874222888 0.7006311527826153 
0.9167848272457304 0.12288535326020558 
0.9891393845019942 0.03690007707266714 
0.055173036285743327 0.8052098098683141 
0.005605872643836718 0.9979211478734834 
0.0014696722486518335 1.0456297333411757 
0.5927740753993337 0.29881051369639633 
0.031390302918091535 0.8613083025299882 
0.7056723450606293 0.2576474165310291 
0.561699774634276 0.33984905318946684 
0.35083839609168577 0.49462919016505796 
0.7768139582441564 0.24494873451159074 
0.6301265090711179 0.2901108585949771 
0.025739525943969832 0.8740165864565277 
0.1344954722806198 0.6908747841053378 
0.3433476424131431 0.4974885857927636 
0.10123567854465317 0.7525078030983798 
0.7217243326176914 0.2457115147201741 
0.38202837822159175 0.43448052710191803 
0.08053762377302184 0.796232907198133 
0.5335742387794598 0.3475100402439797 
0.8173720251477616 0.1554361242335711 
0.38469312061946637 0.4342959976762603 
0.9958926592310513 0.03249393869578649 
0.8722577936772998 0.0883582087312382 
0.7982889620276912 0.14939193725242964 
0.5058738967221557 0.36981790216305355 
0.8398459756014407 0.1159418396774759 
0.9653001939628166 0.041172518836735235 
7.100639768238826E-4 1.0345931665719041 
0.3732877547931235 0.42698395956460594 
