3.8960658589668565E-10 1.1658382661293998 
0.9925860811196472 0.05980793383697956 
0.33889647964298686 0.5258802988441774 
0.502236635354302 0.4394424511124184 
0.986161592232204 0.1418742516941627 
0.7131897737641153 0.2840769787685093 
0.9319697683981414 0.10211293118629744 
0.2668345252753185 0.6630196582525396 
0.46647614006002597 0.49016381548122245 
0.39306004885131873 0.5331444755560861 
0.19320188360171353 0.6578418323588072 
0.7365424373441241 0.3110880151317222 
0.16692776934025494 0.6925087961543482 
0.7768139582441564 0.24494873451159074 
0.8650058737965995 0.14865568627849882 
0.026525493099996578 0.9259527644809011 
0.23107708522601694 0.6064347516189077 
0.05739195669306091 0.9091004044035681 
0.9021232883661148 0.20248951349713398 
0.019001374814414523 1.0473494961931806 
0.5686843691400386 0.3885093618433078 
0.20469227121440503 0.733742775639365 
0.36636258066723504 0.48055886324032 
0.2924369557760591 0.5593854241965381 
0.7505846621534251 0.24718764183393863 
0.04166041578299384 1.0118403573108352 
0.9708704715662406 0.07918043539357103 
0.9478101123171386 0.09602437258047616 
0.07119223534555741 0.8974718063445886 
0.32123206394094467 0.5209597181629986 
0.3307796536451102 0.5310806057158367 
4.1361061248847836E-4 1.0615165954376906 
0.8411532083152539 0.18065604390132503 
0.22593999030155063 0.700660182216841 
0.07681123439633519 0.8557887071221405 
0.002463688446502965 1.071630629709443 
0.09782216186971762 0.7797869319431797 
0.7967865830073861 0.21332434646821183 
0.9925860811196472 0.068177506591618 
0.6444534739158344 0.32989516377337846 
0.7936397660619685 0.2051743569695317 
2.3390311446343584E-4 1.0947224065793564 
0.7056723450606293 0.2576474165310291 
0.575487197900819 0.34537257404026844 
0.3038167012215697 0.5439256695146335 
0.5385460373018928 0.4303435556552755 
0.9914312083604869 0.08754788212263676 
0.07621981889303092 0.834738124703528 
0.008133554744951421 1.0064579203381527 
0.11227275805063539 0.8637321683418954 
0.6879627252154962 0.26358113177614767 
0.1990280536620465 0.6595615921340519 
0.02024004955415848 0.9880000971278047 
0.9270821209833231 0.13018980037295744 
0.13888714182623402 0.7296043509868457 
0.6593449828752036 0.3062470246570237 
0.550014970114387 0.3081704552586406 
0.7809660140716015 0.1762476313617811 
0.23512675525077012 0.6224687791446293 
0.11018060171931647 0.7610010855720902 
0.9796510874470177 0.1276521204572124 
0.01688710549641506 0.974179794776275 
0.05251488176051233 0.8699552727161755 
0.9202553185763327 0.09986800843915093 
0.1284797272771755 0.8467072005708896 
0.19067778371374228 0.6463130014702428 
0.5282600808341416 0.4000479953206438 
0.5388442485561394 0.31188857826295385 
0.09786829248983187 0.7675172303887637 
0.47881497976142595 0.42102178578114186 
0.8328772988735706 0.23528016976530183 
0.004129416617867365 1.0358840428634006 
0.7818686300423459 0.18180033289663453 
0.04295519650642027 0.9594399389438172 
0.49904785927730066 0.3688216138930632 
0.45338011453094396 0.3922322685323316 
0.5781245072822977 0.3954640681004807 
0.7267472551852155 0.22328366058122873 
0.7997978874122365 0.16276902977514737 
0.1296911285103034 0.7338262189813545 
0.41067798720277837 0.44685786599730765 
0.00681195419093128 1.027664895404021 
0.14027784663909548 0.7238948443885841 
0.13728821501043073 0.6962039779322413 
0.444410152346819 0.44518885947888454 
0.6399014142916022 0.2923722961843955 
0.14216401512609467 0.6927632977560798 
0.4364444134944487 0.43413580464346857 
0.5352642673071392 0.3468504781254834 
0.04767026446921126 0.8693786141970632 
0.30308062391151025 0.5280317846052774 
0.26589071020802035 0.5411186414103532 
0.9167848272457304 0.12288535326020558 
0.6553163718570585 0.24712313639299052 
