0.10692445307475479 1.2824671928141396 
0.018094791624039055 1.521460283789125 
0.38311829878495907 0.887241666725964 
0.9574935675594921 0.39347288571682076 
0.3869150619509811 0.8328686172316487 
0.11630261303691858 1.2179403717350323 
0.1692520113656935 1.2239123639777456 
0.7445847309220128 0.6593271017508487 
0.3869150619509811 0.8361776988355075 
0.3525313980661585 0.9879816225531401 
0.09959502458522115 1.3383696457439693 
0.6659913104004778 0.6228451335677339 
0.8008864073887898 0.6167552437257863 
0.9575363025705708 0.36828499844422163 
0.37756862263532504 0.8954821864255327 
0.17737413461972706 1.2206369899487541 
0.9187405419793474 0.4310482315070999 
0.7235335359480454 0.6333437797255478 
0.5158455931308953 0.729224285981418 
3.856522521968747E-5 1.6796209853384323 
0.9726628306325228 0.3637184957873155 
0.7977557707332296 0.5131057174006292 
0.1741746287847254 1.1328664625700138 
0.5248067361259863 0.7283021946929854 
0.2985268372302775 0.9243750530647357 
0.8931544400101689 0.4672958476210485 
0.03711469871560802 1.449047592415164 
0.473069967297662 0.8151591746980004 
0.8427938868224505 0.5279602694936172 
2.5523505635768466E-9 1.9825453619497502 
0.5711797619408348 0.6904695381788045 
0.08594499903542302 1.3983088649503632 
0.043676602626641 1.5012804210772317 
0.11630261303691858 1.24644028192195 
0.006756249606415132 1.612717826252054 
0.9213143005153164 0.38706166636806977 
0.07876194531965403 1.4699892651448696 
0.1817023100442297 1.120359276198459 
0.38725957078296447 0.8965771851932711 
0.6607636630400758 0.6291847043312865 
0.37842646654468814 0.8955397583485069 
0.11267727999809413 1.2934588767430593 
0.019560728048719167 1.625346122113239 
0.1020255437829855 1.2068363081072726 
0.7975255033909204 0.5580269075593127 
0.3557941470640868 0.9181334902942228 
0.3551027268982875 1.0362949851662207 
0.31852514701556556 0.8954320895635602 
0.29845411161797847 0.9472616082683756 
0.3036001363253382 0.9266241363313056 
0.017492598121263317 1.5048301327707203 
0.7245585465070317 0.734760744362093 
3.856522521968747E-5 1.6444459023899742 
0.9673738443298969 0.353789978188231 
0.822232749653959 0.4891985621349405 
0.17928277611912702 1.1308162510150594 
0.1751262123739849 1.1661352275369046 
0.34649181724297884 1.1344521966846128 
0.9021605135478203 0.4891318121450279 
0.03798285141438301 1.4873729792907087 
0.043676602626641 1.4526003086037023 
0.4688355989991884 0.7690287602099015 
0.4888486822674656 0.7635810724556489 
0.822232749653959 0.5381058047710803 
0.7977557707332296 0.5644956974926839 
0.8981478607174714 0.5071685754528259 
2.5523505635768466E-9 1.959449497581752 
5.605565570054871E-8 1.8193225841495515 
0.6205192336921389 0.714999675928301 
0.616109795516365 0.782257776009476 
0.043676602626641 1.408061303440977 
0.13971561492760254 1.213128403664953 
0.14212701304734404 1.1654519177135527 
0.006756249606415132 1.6079855627075117 
0.006432355744862062 1.6145766632086538 
0.008073954078450019 1.6122890822994165 
0.9590327685655969 0.42746131658984643 
0.9545479770096136 0.4149224504031236 
0.8977367339032015 0.5024727229821451 
0.9201343521165788 0.4359387928057126 
0.9069914357256477 0.4121625883796575 
0.07513301151579405 1.3267457033960373 
0.09959502458522115 1.3225892637340906 
0.09860138325524226 1.3085068778571087 
0.0881079182660573 1.3278722796281368 
0.6953003510310272 0.607073006009155 
0.6243650783427452 0.6238577756563516 
0.37789267632980794 0.840941733548189 
0.9673738443298969 0.35772507185743635 
2.5523505635768466E-9 1.851364153162372 
0.17928277611912702 1.149740707889175 
0.6953003510310272 0.5560556986982158 
0.5647593430057514 0.7943793122706049 
