3.8960658589668565E-10 1.1658382661293998 
0.7936397660619685 0.2051743569695317 
0.8173720251477616 0.1554361242335711 
0.8442386694198116 0.10769484782808231 
0.9914312083604869 0.08754788212263676 
0.16692776934025494 0.6925087961543482 
0.9960408482320229 0.03392013009577863 
0.9910003211315108 0.02059030232591687 
0.14027784663909548 0.7238948443885841 
0.948297103992678 0.05266479215057013 
0.2924369557760591 0.5593854241965381 
0.282826802417638 0.5353195803728661 
0.9272047551009983 0.07092689523344829 
0.444410152346819 0.44518885947888454 
0.032346081358951215 0.8566832995523689 
0.021535161681151938 0.8860313294832333 
0.33889647964298686 0.5258802988441774 
0.03625017859618692 0.8525568643363629 
0.41067798720277837 0.44685786599730765 
0.9814447116396259 0.040801052049593806 
0.5698933554581778 0.30652407046121755 
0.6538506321334776 0.22187911248099812 
0.3307796536451102 0.5310806057158367 
0.575487197900819 0.34537257404026844 
0.6879627252154962 0.26358113177614767 
0.8411532083152539 0.18065604390132503 
0.7330317600855891 0.20933817575978286 
0.9167848272457304 0.12288535326020558 
0.5352642673071392 0.3468504781254834 
0.13888714182623402 0.7296043509868457 
0.4278132291284621 0.41344292881892375 
0.3050791916589945 0.5496396607427062 
0.38849406175569257 0.46798340080431844 
0.6301265090711179 0.2901108585949771 
0.13897537274326413 0.6672187945634382 
0.3691507796576985 0.4472282973615629 
0.7397980820154745 0.16766726108131086 
0.12646041503939054 0.7029089377680875 
0.7958257678885303 0.15419314479077786 
0.019595272303127145 0.9221967195840138 
0.8378773063840754 0.11802800099337417 
0.04114197105447592 0.8215389138110928 
0.561699774634276 0.33984905318946684 
0.7505846621534251 0.24718764183393863 
0.7967865830073861 0.21332434646821183 
0.41564302330897024 0.42952747172778827 
0.948297103992678 0.08393347917218784 
0.5012903304009726 0.3038761470137603 
0.1990280536620465 0.6595615921340519 
0.6593449828752036 0.3062470246570237 
0.08423453003787783 0.7752228064686951 
0.060564617921367414 0.7726345965772017 
0.16507110953739446 0.6332620057822004 
0.7738166364115089 0.1357822069521627 
0.5419335754474317 0.273127612133572 
0.33102350598838426 0.4504163510724771 
0.23107708522601694 0.6064347516189077 
0.3925156888940597 0.38462396430815443 
0.052208776360433584 0.8413186508717279 
0.3158235033074508 0.5030663913127569 
0.1079252728472321 0.7517662785327913 
0.9432400338836775 0.042751649934849555 
0.13897537274326413 0.6584615104328665 
0.19948655133579507 0.6031346024759183 
0.5058738967221557 0.36981790216305355 
0.19903336550362283 0.5802026799401724 
0.09782216186971762 0.7797869319431797 
0.6357062410459893 0.2574714253175229 
0.6217542499065437 0.2688173664889065 
0.09774063819226461 0.7102570317313472 
0.015494322697857332 0.9178215794905857 
0.23880713472656018 0.5631123861699584 
0.9988339205459902 0.011729385071665063 
0.5708613549708983 0.2590209718932905 
4.5131413564931423E-4 1.0430234982911797 
0.07681123439633519 0.8557887071221405 
0.047950400233987334 0.8132470489243611 
0.44081161682765824 0.3792141630848885 
0.22448396889978087 0.5768343530538997 
0.08040665465903102 0.7578048473956699 
0.5282600808341416 0.4000479953206438 
0.4697286196690767 0.3466144331209443 
0.047950400233987334 0.8118646193454673 
0.2513486108210323 0.5370139671690697 
0.0557314404418722 0.7778308966248819 
0.4894158430260448 0.32486773008889863 
0.932098196934982 0.08708223066691101 
