0.9992013197258077 0.003362073390023724 
3.8960658589668565E-10 1.1658382661293998 
0.04671687717303569 0.8065301213826761 
0.23107708522601694 0.6064347516189077 
0.6879627252154962 0.26358113177614767 
0.41067798720277837 0.44685786599730765 
0.5352642673071392 0.3468504781254834 
0.3307796536451102 0.5310806057158367 
0.23880713472656018 0.5631123861699584 
0.9167848272457304 0.12288535326020558 
0.16692776934025494 0.6925087961543482 
0.06865481340586799 0.7896460416636945 
0.4278132291284621 0.41344292881892375 
0.9352094677045578 0.038074591879090354 
0.2924369557760591 0.5593854241965381 
0.575487197900819 0.34537257404026844 
0.2541855496510887 0.5027279428880156 
0.13888714182623402 0.7296043509868457 
0.05459452644294582 0.7763869643911031 
0.8442386694198116 0.10769484782808231 
0.5058738967221557 0.36981790216305355 
0.8173720251477616 0.1554361242335711 
0.03027629791201858 0.8416372241324601 
0.948297103992678 0.05266479215057013 
0.9039919684743942 0.07541815915348343 
0.12646041503939054 0.7029089377680875 
0.09782216186971762 0.7797869319431797 
0.33889647964298686 0.5258802988441774 
0.16646306130381444 0.6330733284022071 
0.6301265090711179 0.2901108585949771 
0.9914312083604869 0.08754788212263676 
0.6819593925057768 0.2185580121581842 
0.1990280536620465 0.6595615921340519 
0.9595494104034221 0.03439902279630777 
0.7936397660619685 0.2051743569695317 
0.07681123439633519 0.8557887071221405 
0.6217542499065437 0.2688173664889065 
0.8472867733390047 0.12419849272768516 
0.11388916433086752 0.6993892894000101 
0.011533651651429971 0.9026212677905897 
0.10714993985083626 0.6952595194607549 
0.14645873957086963 0.6632043618842076 
0.9595494104034221 0.027752967875098986 
0.38849406175569257 0.46798340080431844 
3.0919381908767717E-4 0.9900051698819909 
0.3089065483971678 0.4548347148818123 
0.41564302330897024 0.42952747172778827 
0.005865560927485691 0.9286309993418519 
0.01866154601019862 0.8809798511892007 
0.42928200856801657 0.38148137616567335 
0.12781774660608358 0.687069541057999 
0.7958257678885303 0.15419314479077786 
0.3691507796576985 0.4472282973615629 
0.6538506321334776 0.22187911248099812 
0.016146249622699144 0.8953773244054227 
0.17397589479847186 0.6312931823917645 
0.3745838065929495 0.4324264210216214 
0.03625017859618692 0.8525568643363629 
0.5698933554581778 0.30652407046121755 
0.20563630638449282 0.5915746798211315 
0.8881851660065184 0.07738963841580303 
0.803665691205971 0.11740349014098832 
0.8650885827633172 0.10131507204708214 
0.6357062410459893 0.2574714253175229 
0.5665280674878997 0.2929966599801563 
0.8183451874690932 0.11233208689980582 
0.561699774634276 0.33984905318946684 
0.9916119293618804 0.008183869185688452 
0.18929355611669174 0.5777096487951621 
0.4528464220821836 0.3529305378715511 
0.0013488044387686884 0.9767444608670102 
0.529577682099359 0.32398575068518404 
0.058032040269457186 0.7736590169315427 
0.8411532083152539 0.18065604390132503 
0.7007251222005503 0.19197676023098767 
0.7479892754403056 0.168115969602227 
0.08380478045063827 0.7176226787762888 
0.022645088184640394 0.8647031363282042 
0.5696058439891244 0.2885668401869247 
0.6037606121085758 0.23685099289064943 
0.7967865830073861 0.21332434646821183 
0.554352204329937 0.2758756883833044 
0.4161388059616251 0.3641010083891046 
0.9716547062136711 0.01843317740782545 
0.3089065483971678 0.46237200404410206 
