0.42592785388591536 3.073415824077762 
0.38740928776522204 3.23841011280156 
0.9522194999800003 2.716206453607348 
0.8998363424485634 2.7067067385617753 
0.36961043656337933 3.5290061537881727 
0.9522194999800003 2.688517146718671 
0.866536490518563 2.783620697129622 
0.7837097251740301 2.917120678749174 
0.12204297573057543 4.397951852590839 
0.21804941253516955 4.229482830384776 
0.32651823801685864 4.139905089604277 
0.4087427380594244 3.8336468298193065 
0.42592785388591536 3.5331640005397116 
0.006398746381556575 5.7459852758202015 
0.9307429612706862 2.91999551384189 
0.9672833767384112 2.7704474924098075 
0.5497582253626051 2.8539723507374375 
0.006398746381556575 5.9253191975031045 
0.07066432149773205 4.677456945736284 
0.11008809874804426 4.516045566737421 
0.12204297573057543 4.642815122121186 
0.07066432149773205 5.254313835901693 
0.11684739368844865 4.4320799589407 
0.11684739368844865 4.232443800144369 
0.2904153661828356 4.416516796281832 
0.36889146646536114 3.854587119344643 
0.36889146646536114 3.981737170777231 
0.3714291523561081 3.885386270385388 
0.37581225839383103 3.6901108545242955 
0.006027807938284058 5.817317723852945 
0.9307429612706862 2.9551185106081843 
0.8758929260090956 2.71063972687442 
0.8635518337652988 2.7415810727794985 
0.9144109275445254 2.9770281996308325 
0.07066432149773205 4.8260684083784655 
0.12204297573057543 4.771246170878598 
0.12470602339269118 4.714806124093334 
0.25668396274550453 4.454844977831296 
0.11684739368844865 4.5485705925748965 
0.29896038130732083 4.039447928988462 
0.37110319168493305 3.4655455898871375 
0.3626802630526191 3.9971021196286167 
0.39905215281242834 4.08362784705209 
0.36961043656337933 4.209743405811724 
0.36864404820188135 3.542824722289151 
0.006027807938284058 5.738140795476136 
0.9144109275445254 2.76606140936772 
0.5352989008178075 2.9719792755753773 
0.07066432149773205 4.830759911893201 
0.1251845939695697 4.7808664878676925 
0.11684739368844865 4.643918998602388 
0.11292091373637166 4.930928945828735 
0.32356181753147895 4.1931386869612375 
0.3614323502588616 4.138622760192651 
0.39905215281242834 4.356889793329308 
0.3897542152556752 4.052091722390241 
0.006027807938284058 6.11626742752106 
0.8489052680185571 2.7317085819260774 
0.5406886318366192 2.957481188745373 
0.42246174566721933 4.020677116879089 
0.45038415850781255 3.0254153504514654 
0.023776646972040072 5.318535870445642 
0.5258728744740527 3.398067740653865 
0.36327396434300196 4.083748483164187 
0.42592785388591536 3.941330912806225 
0.11008809874804426 5.225004831886613 
0.1954618205768569 4.489486748855711 
0.6346734254629921 3.232427636860059 
0.12204297573057543 4.860090556735576 
0.3604920762718038 3.7811887040218233 
0.27806260160465024 4.583237997633447 
0.13813394129717 4.691244551798846 
0.25511668333932236 4.516593306640167 
0.22847007703838795 4.9237386888523424 
0.008042226939027897 5.26549880742136 
0.29369563093512363 4.666026529975415 
0.1151122085232893 5.046554626145497 
