0.020537877775029273 1.4147450927892855 
0.5158455931308953 0.729224285981418 
0.473069967297662 0.8151591746980004 
0.013273677350985058 1.440863160827322 
0.887694393514754 0.371810112948763 
2.462108815928614E-5 1.5795670070352725 
0.2900801902218908 0.8878209831886066 
0.08221941315321124 1.2038500098635125 
0.7235335359480454 0.6333437797255478 
0.5711797619408348 0.6904695381788045 
0.019104292329140987 1.3786092922994544 
0.10692445307475479 1.2824671928141396 
0.30762170965156566 0.8673446194485626 
0.38311829878495907 0.887241666725964 
0.5727003004477479 0.6361299240293063 
0.9213143005153164 0.441308310729311 
0.07513301151579405 1.3267457033960373 
0.9600706538325101 0.32864594527216384 
0.06869381258568083 1.2772160395182084 
0.008086746661121247 1.4576648170485293 
0.013273677350985058 1.3977754608825568 
0.6953003510310272 0.607073006009155 
0.1817023100442297 1.120359276198459 
0.9201343521165788 0.4359387928057126 
0.1745204995832023 1.0046050721132231 
0.17928277611912702 1.1308162510150594 
0.31852514701556556 0.8954320895635602 
0.47631608848792384 0.7728326819278455 
0.4888486822674656 0.7635810724556489 
0.4999240448350545 0.6433069001157469 
0.4151791549789164 0.7990163315899556 
0.29015809042555635 1.0091488380264808 
0.09895499124764301 1.1599002374525833 
0.043676602626641 1.4526003086037023 
0.0017038597680980594 1.530484495497008 
0.720186951040451 0.4741019973939382 
0.7759283530544048 0.6042208286389009 
0.08996604677168862 1.1980810898840837 
0.0017038597680980594 1.4813487815356643 
0.9172220166625802 0.3806801732578637 
0.8489781819749627 0.3923302938640522 
0.5235606467290926 0.6495854111986238 
0.18089942525740826 1.0971063427308811 
0.7977557707332296 0.5644956974926839 
0.5052511470361796 0.6823217094989135 
0.11630261303691858 1.2179403717350323 
0.6659913104004778 0.6228451335677339 
0.3947168978427149 0.7856013737510797 
0.3836643841534174 0.8380289067045358 
0.7755474766653969 0.43438509651741253 
0.14783940705931486 1.1715227919181583 
1.3913332812628547E-9 1.6530265543135234 
0.46444777620627786 0.7318596617802549 
0.9630048714554683 0.3301538724757335 
0.17384455254926123 1.0467833599110417 
0.30838918530965015 0.9384096864783156 
0.043676602626641 1.2972318918152286 
0.8875436530488359 0.35607194703574374 
0.013589823181741012 1.3836270366095154 
0.9187405419793474 0.4310482315070999 
0.46444777620627786 0.7152460218548823 
0.6607636630400758 0.6291847043312865 
0.06869381258568083 1.2228732105617557 
0.5964909600124942 0.6194819875824603 
0.7168163319893557 0.5498374421021408 
0.4688355989991884 0.7690287602099015 
0.15193035592180382 1.1140683309837531 
0.13971561492760254 1.213128403664953 
0.35946725200446467 0.836395705878704 
0.5248067361259863 0.7283021946929854 
0.008086746661121247 1.4327830432166684 
0.7932675181458015 0.4668885750111063 
0.7975255033909204 0.5580269075593127 
0.3557941470640868 0.9181334902942228 
0.3769839634641432 0.7912889447023822 
0.6956018578062004 0.5496962699382909 
0.6956018578062004 0.6039002306789916 
0.37756862263532504 0.8954821864255327 
0.8427938868224505 0.5279602694936172 
0.11630261303691858 1.24644028192195 
0.1751262123739849 1.1661352275369046 
0.4067877933874542 0.7578996897916104 
0.8931544400101689 0.4672958476210485 
0.7748480381703081 0.4466191366111059 
0.1010638074014697 1.20133724449706 
0.40619658874018444 0.7450770732751866 
0.5207945051260378 0.674138845173781 
0.8053133805343181 0.4044971272090127 
0.4592268851438088 0.6875956836364677 
0.3947168978427149 0.7379650469644926 
0.7748480381703081 0.4404910028040095 
0.6957357059595595 0.5610767358335241 
0.822232749653959 0.5381058047710803 
0.7419360980377718 0.47151767202470823 
