3.8960658589668565E-10 1.1658382661293998 
0.9352094677045578 0.038074591879090354 
0.9960408482320229 0.02591983107269947 
0.7936397660619685 0.2051743569695317 
0.8173720251477616 0.1554361242335711 
0.33889647964298686 0.5258802988441774 
0.8411532083152539 0.18065604390132503 
0.23107708522601694 0.6064347516189077 
0.5698933554581778 0.30652407046121755 
0.4278132291284621 0.41344292881892375 
0.948297103992678 0.05266479215057013 
0.7967865830073861 0.21332434646821183 
0.3307796536451102 0.5310806057158367 
0.5352642673071392 0.3468504781254834 
0.9039919684743942 0.07541815915348343 
0.1990280536620465 0.6595615921340519 
0.41067798720277837 0.44685786599730765 
0.23880713472656018 0.5631123861699584 
0.6301265090711179 0.2901108585949771 
0.008406556100252621 0.9191191727037429 
0.07681123439633519 0.8557887071221405 
0.052208776360433584 0.8413186508717279 
0.9826542636169965 0.014153910560829047 
0.2760267249983002 0.5562759257057126 
0.16692776934025494 0.6925087961543482 
0.09186439340421415 0.7426263294548073 
0.9914312083604869 0.08754788212263676 
0.0066210792671278496 1.004693207065767 
0.7089313646763381 0.16350928405303744 
0.8442386694198116 0.10769484782808231 
0.0013488044387686884 0.9767444608670102 
0.7958257678885303 0.15419314479077786 
0.16831048153864347 0.6211369884192536 
0.8454058442857233 0.09303715211524025 
0.13888714182623402 0.7296043509868457 
0.6879627252154962 0.26358113177614767 
0.5058738967221557 0.36981790216305355 
0.38849406175569257 0.46798340080431844 
0.3691507796576985 0.4472282973615629 
0.9167848272457304 0.12288535326020558 
0.018692261879454497 0.8874781939758183 
0.6538506321334776 0.22187911248099812 
0.06865481340586799 0.7896460416636945 
0.14645873957086963 0.6632043618842076 
0.12646041503939054 0.7029089377680875 
0.3179209589285642 0.46459245554895434 
0.03625017859618692 0.8525568643363629 
0.41564302330897024 0.42952747172778827 
0.6357062410459893 0.2574714253175229 
0.4441571258202586 0.33727503185801627 
0.6037264266890562 0.27110200730084305 
0.575487197900819 0.34537257404026844 
0.799044550359467 0.11094930316019593 
0.1340904730908297 0.6807807310386231 
0.1143338765003736 0.749338050971845 
0.8347230034813079 0.1067378846115265 
0.03083811197128833 0.8378542050220383 
0.561699774634276 0.33984905318946684 
0.6570991103205068 0.21452608172706789 
0.09782216186971762 0.7797869319431797 
0.10087599132438142 0.7045265459935246 
0.3691192191205227 0.4439277529945255 
0.1861422148076346 0.6250761875284161 
0.8816762531983384 0.08401650653400576 
0.9136580612122338 0.06242140977132906 
0.04466590054272557 0.8175841823187905 
0.17397589479847186 0.5900000469192819 
0.013227844382048035 0.8935113146276495 
0.4195281293068287 0.3695304688147081 
0.022645088184640394 0.8647031363282042 
0.2924369557760591 0.5593854241965381 
0.029265884636632544 0.8767396196284613 
0.5080933447746943 0.3129529852158542 
0.33815452430093207 0.4240980280110382 
0.25209367180598696 0.5632120815148156 
0.09532604443724574 0.7124540167601628 
0.3050791916589945 0.5496396607427062 
0.6217542499065437 0.2688173664889065 
0.33815452430093207 0.44478132382622665 
0.6469452315023089 0.22963750733649574 
0.2703477771776383 0.5228832596068889 
0.2413979537482967 0.5704609931638579 
0.003132661453997871 0.9939494161954201 
0.5927765428076018 0.2369169761686276 
0.8703685432653459 0.08426064162122064 
0.556993847585776 0.29817613015229955 
0.11471027949042226 0.6916601470493835 
0.6101224100860354 0.26105101953541027 
0.003030507866242481 0.9557540387955099 
