0.038811320655320364 1.96528419423712 
0.7235899524958417 0.973126324263335 
0.3743208484517747 1.2225900690096443 
0.8798169251606874 0.7566204533350676 
0.3743208484517747 1.2395903732650493 
0.005207864881297458 2.1586690697834943 
0.7235899524958417 0.9437245488566768 
0.17590003143754263 1.6142934313333706 
0.8595746282616659 0.8996062248597098 
0.0275979040327812 2.022826874765754 
3.287840953103416E-7 2.507718328731917 
0.3743208484517747 1.2706892458745342 
0.6770608362273596 1.0584345992864899 
0.035945939043679986 1.9611278125865876 
0.01745496528255558 2.081762946052879 
0.20290645644655508 1.5733792042276513 
0.08999496189692759 1.6902371905490257 
0.3743208484517747 1.2194726339408244 
0.7261113323288548 0.9770842486556336 
0.8887957281653527 0.8094362260982537 
0.035945939043679986 1.8169736341361231 
0.3663190822717025 1.306989214793137 
2.002274049058561E-4 2.320472149225029 
0.00161756824660232 2.5091093594626415 
0.2062298157976699 1.720841933183088 
0.8298953000963856 0.9450767427572467 
0.034582353295967594 1.9112703475612776 
3.287840953103416E-7 2.8143757076029274 
0.38031601694145517 1.3393847159866787 
0.34724799768172404 1.3431516480576429 
0.7091001924384495 1.1314926307054116 
0.7241294679049057 0.9812565386421431 
0.6770608362273596 1.0654103763445197 
0.6228679713782006 1.0496669290254723 
0.03584521922250661 1.9408047328561662 
0.003290634094130676 2.2804126408862126 
0.07744597040067942 1.9371924170239807 
0.018325481036876035 2.1821111030029043 
0.022930273230417908 2.046722962913246 
0.21560431009087544 1.6293463018129482 
0.1043096009578007 1.8202007620424712 
0.3743208484517747 1.1451123570805337 
0.6264854908131241 1.1838895147610127 
0.822888099336381 0.9737549120129483 
0.6913294876781806 1.062555726886091 
0.9185293752759521 0.793208400711894 
0.9069595891926779 0.8228560289352614 
0.9185293752759521 0.8019599761154352 
0.3739913159517859 1.1514498000669413 
2.002274049058561E-4 2.283526902525431 
0.00158039984463592 2.131186493313656 
0.17871090467226874 1.7558157533350316 
3.287840953103416E-7 2.5752497373855423 
0.3743208484517747 1.3346333473786625 
0.4140339014962684 1.4286416794723895 
0.3830946854949675 1.4052742774740266 
0.42421208759777324 1.383700551750306 
0.36243260721811466 1.389572865719864 
0.37363763176029235 1.5694839518303254 
0.3592073381793296 1.2487897914942805 
0.7220375176309239 0.9649838853965625 
0.6228679713782006 1.019312143260698 
0.012093800892473167 2.1162839880082394 
0.003290634094130676 2.2833356247111447 
0.07744597040067942 1.7879683746336137 
0.027255810393068847 2.1149425726133915 
0.20290645644655508 1.6609484111406416 
0.2040460659238366 1.4940779694288586 
0.37453534636824437 1.4868851579243985 
0.17225436013046802 1.7717043885770325 
0.08999496189692759 1.933228789476843 
0.3743208484517747 1.159352388182399 
0.6226522909507181 1.050932922692965 
0.6226522909507181 1.0863870312760338 
0.822888099336381 1.0150317023200042 
0.822888099336381 1.0013525728002548 
0.7195510485928718 0.9320118939467683 
0.8731422598476305 0.8799201828516212 
0.901576672520098 0.7645986391301332 
0.9054313062725223 0.8526201127231824 
0.9185293752759521 0.7863764887347698 
3.287840953103416E-7 2.5903406398148117 
3.287840953103416E-7 2.4915665694570106 
0.8950106614408582 0.8476539733724184 
0.6801474349439453 1.1554567963447564 
0.3743208484517747 1.5040518849436169 
0.9389563182321696 1.0183623121287753 
0.1866997871518008 1.7883231025400979 
0.8554674948130657 1.0954933167668577 
