3.8960658589668565E-10 1.1658382661293998 
0.9986283355766061 0.02354256867474837 
0.41067798720277837 0.44685786599730765 
0.5385460373018928 0.4303435556552755 
0.575487197900819 0.34537257404026844 
0.2668345252753185 0.6630196582525396 
0.6593449828752036 0.3062470246570237 
0.8411532083152539 0.18065604390132503 
0.39306004885131873 0.5331444755560861 
0.7967865830073861 0.21332434646821183 
0.9963345586570245 0.04091787472932489 
0.444410152346819 0.44518885947888454 
0.5697607201750556 0.31893648105190375 
0.3307796536451102 0.5310806057158367 
0.38849406175569257 0.46798340080431844 
0.035229798890117105 0.9572713939682855 
0.09782216186971762 0.7797869319431797 
0.9167848272457304 0.12288535326020558 
0.6879627252154962 0.26358113177614767 
0.2924369557760591 0.5593854241965381 
0.7768139582441564 0.24494873451159074 
0.8592408468924309 0.10426720390956462 
0.05097376145987079 0.8733960145332611 
0.9404715299814214 0.12820122723056673 
0.7505846621534251 0.24718764183393863 
0.13888714182623402 0.7296043509868457 
0.0023232494781228953 1.0320834677101178 
0.07681123439633519 0.8557887071221405 
0.05739195669306091 0.9091004044035681 
0.9478101123171386 0.09602437258047616 
0.20469227121440503 0.733742775639365 
0.7071065168725423 0.21707705937447075 
0.026525493099996578 0.9259527644809011 
0.7131897737641153 0.2840769787685093 
0.12633400477378862 0.7415118029156433 
0.7936397660619685 0.2051743569695317 
0.4528092321827034 0.40664614341767336 
0.7997079383440866 0.16822510626149112 
0.3876289170655523 0.45093114732152845 
0.22593999030155063 0.700660182216841 
0.5686843691400386 0.3885093618433078 
0.9914312083604869 0.08754788212263676 
0.9708704715662406 0.07918043539357103 
0.1990280536620465 0.6595615921340519 
0.8173720251477616 0.1554361242335711 
0.8798902104824947 0.11129589418520235 
0.50439107344444 0.3630575679930332 
0.1284797272771755 0.8467072005708896 
0.33889647964298686 0.5258802988441774 
0.23107708522601694 0.6064347516189077 
0.23512675525077012 0.6224687791446293 
0.3050791916589945 0.5496396607427062 
0.40401358318138 0.41151197435107206 
0.7056723450606293 0.2576474165310291 
0.16692776934025494 0.6925087961543482 
0.9326272980818269 0.07576729100487947 
0.707558345619935 0.20243769351789753 
0.27041735983725473 0.5400697181724657 
0.11227275805063539 0.8637321683418954 
0.5352642673071392 0.3468504781254834 
0.32123206394094467 0.5209597181629986 
0.00681195419093128 1.027664895404021 
0.6301265090711179 0.2901108585949771 
0.00772465805425579 0.9809311526328722 
0.019001374814414523 1.0473494961931806 
0.6390094094630699 0.27911824240696553 
0.1725572086965819 0.6846522365350668 
0.9350281118570701 0.09814658079257892 
0.6183451905511675 0.24731973401097232 
0.014110731851660833 0.9817628486263554 
0.02380743739690644 0.8996097856918531 
0.35083839609168577 0.49462919016505796 
0.5106702343895304 0.32089675673345736 
0.14027784663909548 0.7238948443885841 
0.3169063903033525 0.51401101952341 
0.9623410106704248 0.051204511861660966 
0.1872990821764476 0.6467430943398482 
0.5282600808341416 0.4000479953206438 
0.9877100902125481 0.05009796826071545 
1.3569875367616668E-4 1.0581327458345764 
0.0016658690777457963 1.032513986998548 
0.08053762377302184 0.796232907198133 
0.07119223534555741 0.8974718063445886 
0.11171752821017489 0.7056226051805703 
0.4704624605992426 0.3632499964730814 
0.10501282113910398 0.7333228396025274 
0.9432541291266385 0.06279526782422006 
0.9836501162747182 0.04918553023146938 
0.8218967539244898 0.1433694814603071 
0.7850091404006602 0.15108063805661687 
0.044513068642939635 0.8540795816468217 
