0.9988393222044312 0.019464179724961037 
3.8960658589668565E-10 1.1658382661293998 
0.026525493099996578 0.9259527644809011 
0.5282600808341416 0.4000479953206438 
0.444410152346819 0.44518885947888454 
0.0024915488744240155 1.0057041307140413 
0.007291108634698659 0.956530297169702 
0.019001374814414523 1.0473494961931806 
0.39306004885131873 0.5331444755560861 
0.6593449828752036 0.3062470246570237 
0.38849406175569257 0.46798340080431844 
0.04385148080122697 0.8326299507805106 
0.09782216186971762 0.7797869319431797 
0.9958926592310513 0.03249393869578649 
0.8411532083152539 0.18065604390132503 
0.575487197900819 0.34537257404026844 
0.41067798720277837 0.44685786599730765 
0.05739195669306091 0.9091004044035681 
0.38469312061946637 0.4342959976762603 
0.23107708522601694 0.6064347516189077 
0.6879627252154962 0.26358113177614767 
0.7768139582441564 0.24494873451159074 
0.4070724849645825 0.4196190798431962 
0.13888714182623402 0.7296043509868457 
0.035229798890117105 0.9572713939682855 
0.416367329414233 0.4104122864977993 
0.7505846621534251 0.24718764183393863 
0.39971651926663 0.40183181159348536 
0.7936397660619685 0.2051743569695317 
0.12633400477378862 0.7415118029156433 
0.3307796536451102 0.5310806057158367 
0.7131897737641153 0.2840769787685093 
0.100936762800106 0.7281342265795337 
0.7056723450606293 0.2576474165310291 
0.7967865830073861 0.21332434646821183 
0.9167848272457304 0.12288535326020558 
0.8218967539244898 0.1433694814603071 
0.07119223534555741 0.8974718063445886 
0.7071065168725423 0.21707705937447075 
0.2924369557760591 0.5593854241965381 
0.16692776934025494 0.6925087961543482 
0.3050791916589945 0.5496396607427062 
0.32123206394094467 0.5209597181629986 
0.9708704715662406 0.07918043539357103 
0.5686843691400386 0.3885093618433078 
0.05223611586790672 0.8208396070102304 
7.100639768238826E-4 1.0345931665719041 
0.5927740753993337 0.29881051369639633 
0.9658619322763865 0.05937734958696603 
0.2449036840387101 0.5657726873900107 
0.42987913230157104 0.38399506604205247 
0.9513811093820941 0.0440534286154988 
0.5352642673071392 0.3468504781254834 
0.9404715299814214 0.12820122723056673 
0.9914312083604869 0.08754788212263676 
0.5697607201750556 0.31893648105190375 
0.561699774634276 0.33984905318946684 
0.5335742387794598 0.3475100402439797 
0.9891393845019942 0.03690007707266714 
0.8173720251477616 0.1554361242335711 
0.8286987166070974 0.11454913973527561 
0.33889647964298686 0.5258802988441774 
0.9196176296624559 0.07428391960474214 
0.7217243326176914 0.2457115147201741 
0.1990280536620465 0.6595615921340519 
0.9419138517633749 0.06192921979788356 
0.7434173267347592 0.18750149926990686 
0.07681123439633519 0.8557887071221405 
0.6301265090711179 0.2901108585949771 
0.35083839609168577 0.49462919016505796 
0.010684372854036839 0.9395587935996319 
0.2883693713736044 0.5449059586235333 
0.18754877823629218 0.6120607096546407 
0.3433476424131431 0.4974885857927636 
0.14027784663909548 0.7238948443885841 
0.9478101123171386 0.09602437258047616 
0.1872990821764476 0.6467430943398482 
0.7336541039763478 0.1754141319265063 
0.8398459756014407 0.11758126100581184 
0.20469227121440503 0.733742775639365 
0.08053762377302184 0.796232907198133 
0.15436436977685086 0.6742782127292755 
0.1789438749311419 0.651494013579828 
0.9350281118570701 0.09814658079257892 
0.1344954722806198 0.6908747841053378 
0.5972902948851165 0.2519071433999189 
0.7997079383440866 0.16822510626149112 
0.8547806586664694 0.0994864021163329 
0.0843713231970687 0.7541813116562486 
0.8947853147803297 0.09626193557077348 
0.10123567854465317 0.7525078030983798 
0.22593999030155063 0.700660182216841 
0.0014696722486518335 1.0456297333411757 
0.9795480884422294 0.04279512618250886 
