0.9925860811196472 0.068177506591618 
0.9925860811196472 0.0652339186415551 
3.8960658589668565E-10 1.3514745707654734 
0.46647614006002597 0.49016381548122245 
0.2668345252753185 0.6630196582525396 
0.4787656905086223 0.4870578542731565 
0.7365424373441241 0.3110880151317222 
0.7768139582441564 0.24494873451159074 
0.31222985411344034 0.6796155263535654 
0.4055505510938748 0.5711722016089364 
0.16071379162388663 0.7151086311782713 
0.07119223534555741 0.8974718063445886 
0.1558456288973361 0.8605334551371632 
0.3347809779449732 0.6416942249189769 
0.22780574597600814 0.7635517259707975 
0.3614602380776619 0.5616528761890125 
0.9021232883661148 0.24822342685928328 
0.57213601169834 0.4221538545726624 
0.20469227121440503 0.733742775639365 
0.5686843691400386 0.3885093618433078 
0.9021232883661148 0.20248951349713398 
0.5385460373018928 0.4303435556552755 
0.1284797272771755 0.8467072005708896 
0.09481190570638415 0.9803954454856156 
0.3800324040522688 0.5819348691416105 
0.6549508927941461 0.37868514005995874 
0.986161592232204 0.1418742516941627 
0.5781245072822977 0.3954640681004807 
0.9077933398783262 0.15024307755945746 
0.1894562892897223 0.6838364873241264 
0.988345611238872 0.0847183683192751 
0.12318277275020151 0.8243186647663155 
0.7144305094336741 0.34098369647310817 
0.9728071158952197 0.19361924809597786 
0.504233326414423 0.4090148935894066 
0.719215526474426 0.33257333232918673 
0.03602518679775345 0.9546063608355415 
0.07038486158275631 0.8998537770252258 
0.22593999030155063 0.700660182216841 
0.9796510874470177 0.1276521204572124 
0.007431603530070718 1.089221366168949 
0.47881497976142595 0.42102178578114186 
0.11227275805063539 0.8637321683418954 
0.9270821209833231 0.13018980037295744 
0.39306004885131873 0.5331444755560861 
0.9646478344441483 0.17613182960162968 
0.022503379291112638 1.0593454472156874 
0.19619221355789782 0.6645206765325281 
0.9478101123171386 0.09602437258047616 
0.6444534739158344 0.32989516377337846 
0.6593449828752036 0.3062470246570237 
0.9925860811196472 0.07458396120574992 
0.34898447721685 0.5745350196627931 
0.7131897737641153 0.2840769787685093 
0.06780699928014855 0.9185389338759894 
0.7689598800678724 0.32059224059435065 
0.3567280156195357 0.5294532593808274 
0.8509740299749284 0.18379726082085812 
0.04166041578299384 1.0118403573108352 
0.10187548564936506 0.8705348267476819 
0.9270821209833231 0.12487026386266799 
0.2021164317302746 0.6421173192282114 
0.015904339971631376 1.0727437042496037 
0.8328772988735706 0.23528016976530183 
0.7299935635081773 0.23479160435047078 
0.006580463122974584 1.0797429599835549 
0.04295519650642027 0.9594399389438172 
0.05336813089047926 0.9194095790483592 
0.8650101533287913 0.15006319099050133 
0.019001374814414523 1.0473494961931806 
0.8411532083152539 0.17715942888598257 
0.8623904277763051 0.1583535388150183 
0.8917833699670658 0.26085001516182954 
0.9899433950761811 0.08706125277280927 
0.34603949395508354 0.5226274402916601 
0.3215749860764756 0.566216855018266 
0.0032064661983724485 1.1004941152538155 
0.003109171771012543 1.1464440012982315 
0.02024004955415848 0.9968053386125287 
0.11690023417079648 0.7960870879410055 
0.8602944728708275 0.15036491416817444 
0.502236635354302 0.4394424511124184 
0.628869960716813 0.30037711044400867 
5.315929039370337E-4 1.1591490026109161 
0.13350924215622095 0.7868614489919402 
0.986161592232204 0.07198597737249943 
0.677543196901763 0.38440501951499945 
0.013802576061874017 1.0674460635290464 
5.315929039370337E-4 1.126716912326008 
