3.8960658589668565E-10 1.0065658075691974 
0.9960408482320229 0.005114461511576782 
3.8960658589668565E-10 1.0065658075691974 
0.9642344651189589 0.021887891399055587 
0.15410197170857273 0.6237299826930603 
0.9352094677045578 0.03694333294935809 
0.4567280577732582 0.32927530908740077 
0.06463287590651737 0.7521394053292891 
0.33815452430093207 0.42364572393054584 
0.8194341509597234 0.09851790485607151 
0.7089313646763381 0.16167361634037022 
0.001156435825015012 0.9746259912906683 
0.799044550359467 0.10975857453357457 
0.3878155795860512 0.3820784103358565 
0.9826542636169965 0.014153910560829047 
0.17397589479847186 0.5900000469192819 
0.034954143291397316 0.8202774962697839 
0.25922356083814885 0.4994402278811601 
0.022645088184640394 0.8579723649039235 
0.1861422148076346 0.5719088924366479 
0.003030507866242481 0.9533614120775069 
0.6829704758333436 0.17814411712529796 
0.2413979537482967 0.5142883553210164 
0.017251652233637116 0.8801031542579051 
0.11925123881138738 0.6614756885953498 
0.49887378006564304 0.29983269151173214 
0.13402620438916996 0.6405395921412836 
0.40637663261181756 0.3680147848590072 
0.0778477649922331 0.7281919184148729 
0.8826673921393832 0.06507644865322408 
0.19419287147563588 0.5646629941019743 
0.5571177276705898 0.2605387378639031 
0.7853322851879654 0.11790799012004377 
0.49273112795565693 0.3135592401550596 
0.4368185285294388 0.3425556941472057 
0.5448075836161186 0.269415221380273 
0.1141048791208311 0.6695823427168481 
0.16199030319207436 0.6038020441622078 
0.775314354843053 0.12391040848283473 
0.5113971194088299 0.28938147677124193 
0.13166530633677942 0.643931580560535 
0.10418894866172346 0.6833543015147037 
0.31081993890833115 0.44720550501892326 
0.2782982739354453 0.47776133334965465 
0.4722164226368713 0.3184081590443182 
0.37740483946666037 0.39144261634095084 
0.7311096249111451 0.14859782081522652 
4.26607037880309E-4 1.0046169519625685 
0.5397580991204958 0.28042794353910294 
0.10087599132438142 0.690647430129392 
0.5671356580166269 0.25346133761946466 
0.20615445940718563 0.5532609490125929 
0.029070055832328856 0.836627465345328 
0.8701353028448774 0.07107221007135912 
0.6469452315023089 0.20140065449184807 
0.057711825457543664 0.7658659344792436 
0.09186439340421415 0.7029587997389167 
0.6570991103205068 0.1945604472300557 
0.6063372282572328 0.2263622944656954 
0.3493260365350156 0.41699561739704144 
0.8375252306293715 0.08889453448580074 
0.041716707790990695 0.8024504605154924 
0.8526742102055658 0.08039684066441759 
0.898739724132811 0.057216057888414835 
0.3565693116081501 0.4093388479311715 
0.08210039243073952 0.7198244433702468 
0.8347230034813079 0.09165722344386205 
0.02689770612733749 0.8435007561344422 
0.22251555063897696 0.5344623053035318 
0.21126647875569837 0.5484420231341158 
0.29964857906631176 0.4586321064672381 
0.7623559812572107 0.13118695512911077 
0.2703477771776383 0.4841357381884392 
0.9150175059812963 0.04886176611808635 
0.6692753361721447 0.18704864220145362 
0.08984808745787204 0.7098891529043293 
0.7425058781383043 0.14287331285028607 
0.2659759736554366 0.49244534546349905 
0.6009198059960073 0.23187891817614292 
0.3179209589285642 0.4426765651763389 
0.16513772141032385 0.5982923328053672 
0.005769191559345244 0.933996328170797 
0.011656635658545744 0.8987031730309605 
0.47568919634074663 0.31445163047152674 
0.4101524346751752 0.36488278584112255 
0.3691192191205227 0.39705185728586273 
0.5899509743194584 0.23620428664734558 
0.3179209589285642 0.4426765651763389 
0.7480557580851306 0.1391429934178579 
0.4195281293068287 0.35586409425741344 
0.013041173564859329 0.892989967189719 
0.5233912119621171 0.2807883393153778 
0.721430093827377 0.15481386394690733 
0.8978450135666256 0.059878984939535244 
0.6380602417327893 0.20604532314815002 
0.6821436152491983 0.17985486737782155 
0.6184217773073226 0.21962411420538921 
0.7581718395155852 0.13376388177015125 
0.8622786322331232 0.07569974977191751 
0.048527147239787294 0.7934916547524019 
