3.8960658589668565E-10 1.0166068728587756 
0.9981595118386014 0.010692400574747778 
0.20458386306135046 0.5640387420264028 
0.823854492611922 0.104101194369676 
0.8477578340274757 0.08695522447312287 
0.5013762868098928 0.3035499062487652 
0.5673665396062152 0.264441664605069 
0.047950400233987334 0.8032019908169077 
0.15291831058878066 0.6230775269765714 
0.1891929633158625 0.5819601296945073 
0.7330536641894788 0.157525718422041 
0.18156277548223795 0.5928228849904095 
0.6103444599828013 0.2297850121505724 
0.4116636654200928 0.3694260441831531 
0.02387540620354156 0.869638892494961 
0.2678419897073532 0.49784758360077375 
0.3939011852156392 0.38606795526986454 
0.48023242897479046 0.32036893339416767 
0.22928005236882942 0.5377829295337954 
0.03604059233706608 0.8295660541221165 
0.8929282195451711 0.06494820852783 
0.6288929445322171 0.22103707167564673 
0.01120019910805251 0.9106461427813842 
0.7164419555393893 0.16515497397462647 
0.31027841084896524 0.4553756513570846 
0.8657540493834895 0.08336780045865957 
0.6792209540214065 0.18695843482236021 
0.10037363128981593 0.6998490212837383 
0.35803320317804804 0.4144601955199258 
0.9766140043741544 0.021980412436896034 
0.7492506671254019 0.14691458255334522 
0.9414116910531405 0.04018772554156569 
0.05926385765036865 0.7751321468092848 
0.013307304988319228 0.8972381010046386 
0.08945715701345713 0.715609115868948 
0.3424414944682372 0.4288688247959887 
0.6958059738297036 0.17766108266767178 
0.0011361122579718387 0.9808413985055539 
0.052208776360433584 0.7900772366562809 
0.0033014227837334653 0.9593719952196889 
0.24796903177393356 0.5255903453529825 
0.4745351150101137 0.32415684469072903 
0.1433652812012108 0.640249789237311 
0.669347382119814 0.19381941236988912 
0.9304545317239634 0.04869146204883901 
0.278985326230748 0.4856635508302513 
0.07868877703472132 0.7388211935852218 
0.5144972687415222 0.2971147528530223 
0.0011056431794765524 1.0140245757803255 
0.7958257678885303 0.1262179729581377 
0.44868885140947784 0.3443573653026497 
0.7586101509380329 0.14125262523687535 
0.007819946657461718 0.9386133921654866 
0.219531898988037 0.5482101040142041 
0.40089193654383504 0.3803251379834202 
0.2588898638642547 0.5134647601887595 
0.43660448102001587 0.3516819746026433 
0.6390744327870586 0.21282317320660626 
0.5827928773932393 0.24834641663614782 
0.0691077076244451 0.751668382313341 
0.6559337311292627 0.20186501423740183 
0.06517306820011282 0.7624273491841201 
0.7053288531531621 0.1735179593843119 
0.9938377170887696 0.015771739240459878 
0.3743067859790932 0.4013496049038927 
0.77300882113937 0.13114605546516656 
0.13144078927265748 0.6532827601541668 
0.3743067859790932 0.4013496049038927 
0.5966238290633887 0.23756482945488122 
0.3503096499787788 0.4194951556022846 
0.1662038460097859 0.6086826083039498 
0.9120188435420387 0.057186827941325576 
0.32959771426738693 0.44559698423380417 
0.3317720509882257 0.44064883739375216 
0.11304788839808083 0.6905163738690328 
0.1662038460097859 0.6086826083039498 
0.12597242193346464 0.6662096510991333 
0.7975304686079269 0.11912457182279543 
0.42996064673869766 0.36096235045634495 
0.6485651071310471 0.20655325445070039 
0.11970821263022485 0.6701827384458268 
0.5248021292397524 0.289922620069693 
0.09268096325616082 0.7124304641947133 
0.8782662733842871 0.07418033768339279 
0.5488093235088666 0.2705244906449637 
0.007292041662088808 0.9416928940675979 
0.29724514223904724 0.4671381204213411 
0.13810273009004997 0.6466850621065063 
0.4595527788207658 0.3382544888426136 
0.30368425307844704 0.46304948907987054 
0.7713518745679551 0.13406580685771333 
0.9179779337497591 0.05482769946574624 
0.029537418809588656 0.8446140934575344 
0.8814038392595868 0.07246337731100605 
0.0016052580244997339 0.9749644864789124 
0.8086493820629352 0.1109344630001792 
0.07733208291940738 0.7409473563400256 
0.9656013214551639 0.02937187094753162 
0.2864636461281896 0.47858182725944126 
0.5909247240113322 0.2415648987561494 
