3.8960658589668565E-10 1.004680069905155 
0.9992013197258077 0.002577912095460984 
0.35522875136652265 0.40848461406016934 
0.37820815396059837 0.3894135128747631 
0.45042144421681746 0.3326864346975859 
0.09862882580441704 0.6912498268589705 
0.8723450186271346 0.06878708825431747 
0.005865560927485691 0.9281999417544785 
0.518421876677828 0.28328925195099536 
0.7531663272458613 0.1368360882086505 
0.8150010986834662 0.09941766709897581 
0.16032123357775258 0.6039997057681117 
0.40620123050804224 0.3663833066046366 
0.061600279483423226 0.7568138383804902 
0.7920600453840199 0.11312536131316388 
0.5899509743194584 0.23490910117931857 
0.7006033461290856 0.16573793967856573 
0.14961988754515487 0.6173661308114802 
0.009144244497450271 0.9099465327356159 
0.11157786306282708 0.6708273160885043 
0.24089189608873351 0.5139575600142589 
0.083394352654963 0.7165689059523503 
0.019294080387519202 0.8665938017852803 
0.09597036704515456 0.7113388067087145 
0.42766009868639987 0.353618137321553 
0.024238027824076747 0.8481301787051689 
0.9267824867480394 0.04059680677228893 
0.3878155795860512 0.38011697730660826 
0.2782982739354453 0.4753029379648773 
0.26980160319471413 0.4938650890583837 
0.6828905927086173 0.17708672967327055 
0.8342656870171796 0.08975607706174409 
0.07238640448072714 0.7391608706570438 
0.03429617500180768 0.8196062997545758 
0.43508389745523496 0.34550021346846627 
0.34438042829337767 0.4174054569635461 
0.17052801111088448 0.5911034765923131 
0.6683256400593627 0.18553251399197654 
0.24920416775226162 0.5055460190076637 
0.7168809732671455 0.15644568581158194 
0.6118027907069139 0.2256551667328201 
0.915916555189135 0.04653346041543003 
0.7331281686337952 0.1462886757968916 
0.012773070957785085 0.890917166261449 
0.9716547062136711 0.017024280540958118 
0.04841133290046773 0.7845575921018993 
0.7741064979655695 0.12424882509605986 
0.8928633061634282 0.06132637641380673 
0.5057871268075207 0.2920443331671029 
5.083012546399056E-4 0.9821728718421331 
0.640820856569627 0.20234514960695238 
0.29262098926724694 0.46192495318347715 
0.07460784882797633 0.7311131656793061 
0.5814148321672878 0.240028253639133 
0.46814334520140466 0.3212989941585177 
0.33354400027109077 0.4344459655605545 
0.26441996160839365 0.5003098033895182 
0.2282869772831857 0.5275321751186571 
0.3993336893387939 0.3716480010577513 
0.21273350403867544 0.5422725728343141 
0.19138683034054815 0.5669553679934638 
0.47838446274556556 0.3127319914146742 
0.5380385059108623 0.27107959133692 
0.0026689104600416402 0.9574212481440647 
0.9024112066005879 0.05259442567451245 
0.015331273378107413 0.8800503154656812 
0.2250871875849939 0.5303112235293178 
0.8547931851127706 0.07780964022412401 
0.8547931851127706 0.07780964022412401 
0.7396870743549757 0.14295661465768192 
0.13848436489932409 0.6332498065722154 
0.0026689104600416402 0.9574212481440647 
0.5665280674878997 0.2516117396143614 
0.12895217624438515 0.6455933569244154 
0.9554527137391935 0.024774175886348105 
0.7868477346184463 0.1161687193051084 
0.14128635864478473 0.6291961636614672 
0.5525963571285396 0.25892787706967996 
0.5380385059108623 0.27107959133692 
0.04310571274915326 0.7956916380241056 
0.6526586896586472 0.19418866652957698 
0.12075672394146203 0.6634521389001119 
0.20056903687138142 0.5565183906961917 
0.5710239326937604 0.24932752147634948 
0.18586400986254242 0.5739078889777887 
0.12672558195626776 0.6490529399393098 
0.6311030128609513 0.209052656438291 
0.3047110238542502 0.45118933624856783 
0.9593114796418135 0.023385769083830717 
0.05459452644294582 0.7713164254153436 
0.9415686002183485 0.03301525934214304 
0.6766437830726417 0.1806278214936624 
3.0919381908767717E-4 0.98940257507379 
0.3159270931649 0.44072979247690974 
0.30435228902289135 0.45329628864775917 
0.8257465055235756 0.09445609756037963 
0.03983996484984731 0.8046792861099902 
0.6210597832956372 0.21529106853044566 
0.9828017306892634 0.010908788450388498 
0.0569154080953857 0.769837687152615 
