0.9960408482320229 0.005603840720080998 
3.8960658589668565E-10 1.0076634668598214 
0.7980532641945779 0.10997081434042154 
0.09957592760030688 0.6914995327297448 
0.41388266936216456 0.36247522616212785 
0.32786780144304534 0.4355236295640457 
0.43694682023599307 0.3437451280706115 
0.8310610387707171 0.09406862892617036 
0.30278841764724784 0.4577155216362029 
0.7311096249111451 0.14890971239458475 
0.08275216944387442 0.7175248594281433 
0.775314354843053 0.12509356754635226 
0.001156435825015012 0.9746259912906683 
0.5517930424280986 0.26268029782736624 
0.6063372282572328 0.2290032090770553 
0.1141048791208311 0.6759924073694773 
0.00873800446041343 0.9180215098835588 
0.39798358246394505 0.3758610502211149 
0.29734890232864625 0.46754979121923534 
0.6206858706863183 0.21691780269911512 
0.5899509743194584 0.23620428664734558 
0.690860734110342 0.17562809808732852 
0.2368403021562115 0.518948921307193 
0.014295545238782847 0.8897302734645974 
0.5746878678489767 0.24865914711403764 
0.7480557580851306 0.1392761390781065 
0.4738718026346991 0.31624733650367176 
0.4946998304470627 0.3020070154169611 
0.06597511737412262 0.751138365865204 
0.7110881097769748 0.1622742072781241 
0.0191054484534513 0.868522340355614 
0.1861422148076346 0.575723595826225 
0.5302239071046835 0.27588385908223306 
0.3691192191205227 0.39909203173745217 
0.6426978731109361 0.20445750618189987 
0.3878155795860512 0.3822950082481814 
0.02689770612733749 0.844572362074901 
0.37740483946666037 0.3914526620444258 
0.940046181295362 0.03415398112742734 
0.9562308036011254 0.026691806919153672 
0.8395874608747027 0.08762602384474623 
0.5448075836161186 0.27043269995530095 
0.6318442458703426 0.20980918101977708 
0.15410197170857273 0.624832442342599 
0.8659657951101524 0.07344857692295689 
0.2782982739354453 0.4780910742559483 
0.9642344651189589 0.02321968131416615 
0.24673255763763108 0.5120504543177317 
0.19801814450535288 0.5605322565634532 
0.9139981078558912 0.047456756141758996 
0.49887378006564304 0.29983269151173214 
0.16420800985323336 0.6005639501549567 
0.679498370913753 0.1820064537543543 
0.0421157724319185 0.8019616025974591 
0.5160149639352791 0.29238254075130965 
0.11925123881138738 0.6614756885953498 
0.05061253607567384 0.7840427873168769 
0.9313611623841119 0.03957797367590189 
0.19419287147563588 0.5648056689878765 
0.7085457392818051 0.16707955106777214 
0.057812556729652964 0.7658877337513773 
0.1340904730908297 0.6479209596039418 
0.17596334276377568 0.5869053489358333 
0.049950067069527315 0.7868856054861418 
0.5195712145819255 0.28435580721317705 
0.21028990171853532 0.5495507638105968 
0.8812683121901649 0.07000769923289779 
0.041716707790990695 0.8086971522110884 
0.003051204391789762 0.9529434214905022 
0.0778477649922331 0.7295264944591827 
0.8526742102055658 0.08077091324681412 
0.7628307687162155 0.1326139946294655 
0.45136339003979686 0.3333965048301354 
0.9780247270190826 0.016753609898738996 
0.8832278226278845 0.06485619572330686 
0.25922356083814885 0.5000411295809354 
0.9780247270190826 0.016753609898738996 
0.25209367180598696 0.5024899013555345 
0.3565693116081501 0.4093388479311715 
0.6550208997930191 0.19675669199594775 
0.031962497762938 0.836774997303376 
0.6570991103205068 0.1948686290375558 
0.34970171409533796 0.41461205738232526 
0.14010396371950504 0.6339444896664751 
0.05876413124822275 0.7652040838281449 
0.4656327985888661 0.325514697824982 
0.21451178962053807 0.5454699798263668 
0.6692753361721447 0.18729572671058534 
0.034954143291397316 0.8206722388135141 
0.33815452430093207 0.42392765690759776 
0.22715179318241274 0.5363665153463241 
0.894813518691952 0.05891770589601662 
0.898739724132811 0.05840807839184358 
0.26654953903562034 0.48862743000546555 
0.22251555063897696 0.5364398239946385 
0.4567280577732582 0.32927530908740077 
0.7584201879397707 0.1336128267330031 
0.12528887762183727 0.6581710535005196 
0.1769149163763401 0.5867616256101625 
0.5773633585200011 0.24417201216895365 
