0.015530414853820118 2.901997018991572 
5.583100286810083E-7 3.441856648694734 
0.20290645644655508 1.9495863733769634 
0.09317090402944296 2.673823002405136 
0.10974771099089553 2.598665108080865 
0.721815376890961 1.4146597055778714 
0.6911819896653306 1.5266166151021083 
0.19756911027920776 2.4823220111775326 
4.35655677397645E-4 2.998111989172583 
0.6596121832561797 1.568886447138517 
0.8588025266892071 1.3935337265577248 
0.8770238940306547 1.3411290213398714 
3.0729961301337316E-4 3.2868428522162723 
0.198416511495861 2.3020937552190537 
0.015530414853820118 2.913406289598106 
5.2507624135490554E-5 3.465197639854123 
1.73975403226849E-6 3.8086200715206506 
0.20290645644655508 2.0477089210299897 
0.36849561519887714 2.003770484259471 
0.35418206641078553 2.029780596918957 
0.09443188061027519 2.8991137044245874 
0.0944778806777612 2.7155645011126315 
0.10974771099089553 2.6355010429635817 
0.7218363405060985 1.4511900828705597 
0.7213813965692815 1.5434864635384267 
0.004590074682781553 3.1765371440244534 
0.01085826314317595 3.042663040484055 
4.35655677397645E-4 3.2030332636091012 
0.009970533767517942 3.0478770653853027 
0.6852232984839699 1.642194865424968 
0.8615872840054019 1.4060582463992912 
0.896477874179037 1.3536456523757658 
0.8929037021000454 1.3977116269670782 
4.355864425862009E-4 3.293501253856197 
3.0729961301337316E-4 3.347034696090539 
0.027970710359808245 2.966951396475453 
0.015530414853820118 3.0050878132944456 
0.015530414853820118 3.0050878132944456 
5.376647207453247E-5 3.5020076708211723 
5.306215634580022E-5 3.6532643653082526 
0.20290645644655508 2.066920901776694 
0.3701063958807008 2.0417305444830918 
0.09443188061027519 2.9261252342362534 
0.09966371675015659 2.8816312763630245 
0.09966371675015659 2.8816312763630245 
0.10639978615681822 2.8211883077390687 
0.1098051727916615 2.6462639132458077 
0.10974771099089553 2.7009599039519885 
0.7319978595523702 1.5027591864194338 
0.7363733253637275 1.4653997769867906 
0.7314136742865661 1.5755275271576832 
0.7274186642565167 1.6127199871505604 
4.35655677397645E-4 3.219105870234779 
0.6852232984839699 1.7040511069370077 
0.8615872840054019 1.408985187757185 
3.0729961301337316E-4 3.374066212350547 
0.09085006197501405 2.990626562143434 
0.09242472311634106 2.9731715608334714 
0.016157442240591624 3.019180657055825 
5.376647207453247E-5 3.7349915876369097 
0.2551884951192611 2.1446200280708885 
0.20290645644655508 2.42003379327228 
0.22332326794339485 2.3720876640285233 
0.3701063958807008 2.072219289659127 
0.10391573461145553 2.931202886553087 
0.09966371675015659 2.9459147874972 
0.10949032466810513 2.8907171822780766 
0.1098051727916615 2.6506873442665824 
0.10974771099089553 2.7896020053223 
0.7363733253637275 1.4850297652800855 
0.7274396278716542 1.6470055638329475 
4.35655677397645E-4 3.2318567169879038 
4.35655677397645E-4 3.2318567169879038 
0.01478573122440218 3.2271634042417356 
0.008683649643411312 3.229310742124819 
0.6852232984839699 1.8235508640172544 
0.718947018198825 1.7954023856702073 
0.8615872840054019 1.4786560089067735 
3.0729961301337316E-4 3.4700072861556794 
0.09693736833613835 2.9975571438991255 
0.01896336227130191 3.2076895820524767 
0.026052811460940184 3.031870517558603 
0.01896336227130191 3.2076895820524767 
5.376647207453247E-5 3.749839106046245 
0.2605717820141218 2.1981363683110806 
0.2551884951192611 2.3051082963164715 
0.20290645644655508 2.424339254246356 
0.25338430567486625 2.3837458376230285 
0.3701063958807008 2.0806131342711667 
0.1098051727916615 2.74332500668061 
0.10974771099089553 2.803058233734819 
0.8064552811703801 1.5870844713656849 
0.8550608049807757 1.545303936132843 
0.74812443619494 1.6211045058389635 
0.8578387769145577 1.4922910842421295 
0.7314136742865661 1.6746477058180127 
4.35655677397645E-4 3.2545320308521344 
0.016990636490901323 3.22727582204086 
0.6852232984839699 1.883241437229638 
3.0729961301337316E-4 3.485501420403468 
