0.9988393222044312 0.018245574826730608 
3.8960658589668565E-10 1.044572808160804 
0.43240126519533084 0.3707872517511723 
0.46442295005211925 0.34501201867839054 
0.017360671357000534 0.9222048685232244 
0.7475394146767423 0.15469715237180492 
0.02230159693774883 0.887684500670722 
0.5898795245269352 0.25689218135215336 
0.34962115030809815 0.44538529840693675 
0.5652417627832019 0.2734585559850873 
0.5058738967221557 0.3142825908247774 
0.48973762723326486 0.32871395797403563 
0.4070724849645825 0.38705899232963165 
0.09141258749061931 0.7267370162412877 
0.7646821870483117 0.14490557746008248 
0.39971651926663 0.3997886025866981 
0.11921887000709208 0.6860659581454553 
0.10571244165010488 0.7045533424054127 
0.7142776423265899 0.1855329584678613 
0.6944207070691032 0.19104532823012818 
0.6683267112447163 0.2049755112903789 
0.3814905626053017 0.4073345301290957 
0.13859684911310283 0.6594274215736838 
0.8398459756014407 0.10265400617507545 
0.08436932425629834 0.749565037273265 
0.779680999540613 0.13970897704456442 
0.18754877823629218 0.6042764106283085 
0.3281533447389364 0.4550508597018702 
0.21082147745838326 0.5725136677655597 
0.010305870605063827 0.9357331879587865 
0.6877605452959537 0.2013553057244562 
0.00700042053332145 0.9582745287073209 
0.031390302918091535 0.8507227614425424 
0.24054846341424063 0.5354089572690702 
0.005605872643836718 0.9915981458383761 
0.15389887601269725 0.6546535615005102 
0.05263884790307266 0.8007749028702273 
0.1588874887518869 0.6404231215052213 
0.1672795393069058 0.6292528901330785 
0.7336541039763478 0.17309564341016082 
0.19430939352746024 0.5901512607604207 
0.9789379360890975 0.030019191756406972 
0.05103899644391942 0.8070298579504817 
7.100639768238826E-4 1.0164752972783218 
0.5371867497858872 0.2917072564647848 
0.3044909156898374 0.47607005865929936 
0.31689107913241543 0.46806404252314693 
0.22219517113341153 0.5602073890481919 
0.948297103992678 0.041591996345551385 
0.27785906692641926 0.5049566597480659 
0.5511025872255827 0.2886516828115035 
0.0420883914624226 0.8282071050402217 
0.20234534840842355 0.5807317923839571 
0.5190742276712981 0.30663026455560194 
0.47703864980336524 0.33617540312193794 
0.5242793943298092 0.29867713647141686 
0.040303588093995535 0.8308027179642331 
0.12826886502690046 0.6706657102821322 
0.9648601881230676 0.03496298114370646 
0.3578267577716841 0.43045636944724397 
0.2577559246504679 0.5235383304467996 
0.8220525010270783 0.11331055788021406 
0.8798902104824947 0.0785326520261657 
0.5972902948851165 0.24939380905835476 
0.7982889620276912 0.13724332762364527 
0.9348934310012527 0.05331320170274001 
0.6438984569060183 0.2265108386109226 
0.8947853147803297 0.07457299780334216 
0.07251504482023358 0.7637996749879858 
0.5584523820889326 0.2784911635644227 
0.2449036840387101 0.5315927412351417 
0.025739525943969832 0.8718913679633471 
0.28676412910475146 0.4982426666772689 
0.29539783605022063 0.48323871529826823 
0.8722577936772998 0.08324170079938689 
0.6520677180290438 0.21320838289789654 
0.6095804018614618 0.24553400233511397 
0.8216891244586877 0.11618368181809131 
0.1822667169589612 0.6190871210737142 
0.07555589074997139 0.7526748469511207 
0.7217243326176914 0.17428085139328459 
0.007291108634698659 0.9527668643818477 
0.17645990666067166 0.6194248697871555 
0.8049964070619889 0.12294803523479947 
0.3618878483557877 0.4255096925739265 
0.6574621428182151 0.21283879691204768 
0.990847113263069 0.023352976401062417 
0.12646041503939054 0.6800388458879484 
0.32420626819808995 0.4604133321290596 
0.8489711833252906 0.09873329478932973 
0.2926103429611459 0.4916452862939622 
0.9548100437945266 0.03811851619262213 
0.09907451893991995 0.7155121825829859 
0.9020117535239442 0.07008765186463804 
0.22678816917527203 0.5530378116927416 
0.6183451905511675 0.24372485942039443 
0.3738296306830142 0.4156489405920244 
0.0012818478376831644 1.008068508247169 
0.3715213707228218 0.41927585075509083 
0.07128450115844502 0.7781054131016492 
