3.8960658589668565E-10 1.005061212169386 
0.9992013197258077 0.0030260084791497964 
0.040613986830270676 0.8037601836312549 
0.5003421045757633 0.29666094181638725 
0.24491463069616154 0.5129245704057518 
0.8472867733390047 0.08170943696337864 
0.37264654488866933 0.39572593079079227 
0.6311030128609513 0.20906854366830324 
0.8723450186271346 0.06927870023967633 
0.6810222391608649 0.17768428176492607 
0.03145642422750161 0.8286646874710579 
0.22370957031887054 0.5312326586995202 
0.4729366685256481 0.31563834859171425 
0.3159270931649 0.4418616061526445 
0.001156435825015012 0.9732393619016428 
0.4332539286875337 0.34617833207359866 
0.3344112768359707 0.42662087133835924 
0.7006033461290856 0.16624346081249808 
0.053684715135385586 0.7747183592606535 
0.8342656870171796 0.09021028032371055 
0.6210597832956372 0.21944684319830848 
0.733911860514735 0.14660194677809665 
0.4447011542412226 0.3366762727964882 
0.6683256400593627 0.1863552594379885 
0.4578152267131901 0.3266389700995305 
0.9053165203419091 0.05888697505315512 
0.5233912119621171 0.28042511312545754 
0.7589568888996648 0.13741868455504258 
0.09186439340421415 0.7018551398127609 
0.9181207321917402 0.04520530620918339 
0.29792513550822386 0.459685938297952 
0.584490197049907 0.2450795862208553 
0.00366092047671103 0.9463643477169805 
0.2782982739354453 0.47608772976308644 
0.16032123357775258 0.6039997057681117 
0.6526586896586472 0.19569725053744164 
0.18540890488583445 0.5770326303401566 
0.07238640448072714 0.7391608706570438 
0.9514569179139454 0.030787311967681225 
0.7811979322992988 0.11907660978158187 
0.010786636116669746 0.901059756610269 
0.5899509743194584 0.2355279140917112 
0.14455319855121612 0.6238262415794009 
0.5380385059108623 0.2752246501031 
0.5526511145174177 0.2606664007161519 
0.15403469258171326 0.6126286783648274 
0.3878155795860512 0.38097339661276025 
0.09862882580441704 0.6918827214617082 
0.13402620438916996 0.6398156117812204 
0.9345109431133344 0.03618278646877546 
0.7623559812572107 0.13037344297726539 
0.35756328964467166 0.4065800815068768 
0.9593114796418135 0.023487854968133406 
0.9716547062136711 0.017054288065663118 
0.1054662301197003 0.6801854217983133 
3.0919381908767717E-4 0.9895827298733695 
0.007565634927389098 0.9176973588315079 
0.12333756755836894 0.6533051707947531 
0.2692891154062824 0.4834336168710815 
0.07500630872394987 0.7313953405003595 
0.2656053832253146 0.4975398825789404 
0.8107546695774515 0.10213616305414622 
0.17052801111088448 0.5911034765923131 
0.4186718592460317 0.3570194125484738 
0.5448075836161186 0.26576310688479915 
0.9820015656381939 0.012403718198824938 
0.17314791534554363 0.5873372145501269 
0.06186802783888011 0.7561005761901585 
0.3532729923524569 0.410452144497168 
0.013981309323751162 0.8875857810427386 
0.8826673921393832 0.06413885276381656 
0.8928633061634282 0.06171642386367314 
0.020383114261306956 0.8612839743888935 
0.9916119293618804 0.007895341594375537 
0.19113096159272336 0.5668818444322377 
0.13848436489932409 0.6332498065722154 
0.2036336576654767 0.5533477188175127 
0.025390003245140846 0.8514251991228708 
0.21294205223917198 0.5432810265764227 
0.6047545901450964 0.2272023241253529 
0.40620123050804224 0.36677728464764925 
0.9267824867480394 0.04059680677228893 
0.05459452644294582 0.7719620151361645 
0.6547536438717089 0.1947269139579724 
0.3089065483971678 0.44864279450821465 
0.08380478045063827 0.7169274285768636 
0.5672748897453113 0.25156010444839566 
0.46957812762183315 0.3192384455689414 
0.7220614684564735 0.1527491509693064 
0.5665280674878997 0.2516117396143614 
0.2539178719236559 0.5003496454849745 
0.1200048290896617 0.6581550797200102 
0.083394352654963 0.718209020211134 
0.005865560927485691 0.9286263856542559 
0.6033868687888224 0.22751462886317703 
0.061600279483423226 0.7572229333175867 
0.34172194527647437 0.419531884651689 
0.510468724221058 0.28897729340813894 
0.4161388059616251 0.3584029569581704 
0.11388916433086752 0.6672749680321605 
