3.8960658589668565E-10 1.009229912686137 
0.9960408482320229 0.005654153090652203 
0.07613961630679013 0.7333373148629274 
0.5160149639352791 0.29296066445520247 
0.949215943530654 0.032895899431738006 
0.12456681116873164 0.6553771940528617 
0.9300862373824386 0.041536219602456244 
0.03872021267085063 0.8118247935740986 
0.2996844466557699 0.4605247051385918 
0.31575730301286553 0.4459215642122519 
0.21028990171853532 0.5497543100703615 
0.49887378006564304 0.3003273742525456 
0.8629303572270192 0.07530704613040158 
0.004791327817090352 0.9412021149576635 
0.6341527518230385 0.20923510098735884 
0.2770557488964111 0.48136111587354774 
0.030638206693404335 0.8326418984571755 
0.5308771918125117 0.2760833807119813 
0.8114830043610874 0.10591396023246073 
0.775314354843053 0.12588440728570113 
0.5773633585200011 0.2448569734031094 
0.08809287027194368 0.7119393798647619 
0.05061253607567384 0.7841981112893354 
0.009566954301269137 0.9204538128273919 
0.8310610387707171 0.09729082003199542 
0.967021857053795 0.023246759450208775 
0.9133030909271693 0.04957783444161451 
0.28835109522263513 0.4704334443032717 
0.2655605527721419 0.4962252686756921 
0.4485410203627701 0.33822005575037767 
0.18430411963763046 0.5856421702448468 
0.7584201879397707 0.13375272428232893 
0.22251555063897696 0.5364398239946385 
0.4040412432278927 0.3695081627122654 
0.6502736468257282 0.1985712898171549 
0.36031571668906814 0.40793467452703813 
0.16455882293043594 0.6020031049129193 
0.15410197170857273 0.6258650065126427 
0.6024177338487716 0.23124286360267482 
0.5889286699794936 0.23884142524547491 
0.017535547512281036 0.8770238574638475 
0.32786780144304534 0.43710271866378336 
0.8474359105314877 0.08467023921175965 
0.42564275132483076 0.3639271880306273 
0.38854610901257464 0.3830749946334028 
0.057812556729652964 0.7680752561242852 
0.6206858706863183 0.21768157557506493 
0.0012517723515315347 0.9828551680730337 
0.10037363128981593 0.6936717497835202 
0.012192915551414732 0.9027872774138989 
0.06597511737412262 0.7559667183592784 
0.5599468805619352 0.2567047920192318 
0.10994771050925511 0.6843573841317829 
0.022920511558767155 0.8572118674190652 
0.7179799769072935 0.15673542713599473 
0.13770705510425568 0.63707356013505 
0.42630918711225135 0.35561350165093475 
0.3535037840971294 0.41372971497182626 
0.33846402577926465 0.4263356872284948 
0.37740483946666037 0.39291552383983064 
0.8819876490132579 0.0691149372218643 
0.19780889084692316 0.5626816992143625 
0.6157613248144729 0.22670624983605292 
0.7480557580851306 0.13987475298162805 
0.013904626550597432 0.8906574994965586 
0.790049491469355 0.11794156992728212 
0.24156846314297248 0.516243059312894 
0.6590772821462928 0.19416061608742896 
0.46577701711729524 0.3264082773668171 
0.7040242853734773 0.1676847863236589 
0.6692753361721447 0.18731049271891248 
0.47942330485712037 0.31393290471955665 
0.9822429888809876 0.013076785858057771 
0.11925123881138738 0.6717130583670209 
0.39798358246394505 0.37707456016685736 
0.8420480023771836 0.09124181145990964 
0.2306409114231936 0.5289512705431666 
0.034954143291397316 0.8206722388135141 
0.13813217294456664 0.6360039735793528 
0.25209367180598696 0.5062039501643252 
0.7385381182999127 0.14556191029736884 
0.6920270211506511 0.17650913067654825 
0.8845285892937108 0.06485983613937656 
0.19483183179743102 0.5663774666811363 
0.4392383997613316 0.34486081227682985 
0.46577701711729524 0.3264082773668171 
0.9780247270190826 0.016753609898738996 
0.7980532641945779 0.11187657581877944 
0.898739724132811 0.05944235623538595 
0.9015129426999456 0.05666046411593415 
0.1861422148076346 0.5772399982077188 
0.022092346768405897 0.8602882595514652 
0.5441972578729222 0.2730965601852943 
0.7311096249111451 0.14992682471437016 
0.2368403021562115 0.5217786160169335 
0.25674788846057445 0.5041737002133903 
0.05313192483717988 0.7803633969787257 
0.00204151495101609 0.9624380880223957 
0.6785975109733242 0.1843702376463046 
0.15468142914533 0.6130621761102903 
