3.8960658589668565E-10 1.0056616369636948 
0.9992013197258077 0.003226348103844119 
0.721430093827377 0.1540412913083089 
0.3565693116081501 0.40879568498309893 
0.6948286763930477 0.17053678875225337 
0.3745838065929495 0.3949821000291623 
0.46957812762183315 0.32012905755328247 
0.31081993890833115 0.4469469251327038 
0.22327321731257133 0.5329166287916096 
0.9716547062136711 0.018470845486273552 
0.2782982739354453 0.47608772976308644 
0.2589903955654402 0.5027412683445065 
0.6583464320124772 0.1926483583111154 
0.04671687717303569 0.7903636624960547 
0.7479892754403056 0.13848213137767248 
0.021871462100869876 0.8618067757941068 
0.8826673921393832 0.06433000342415046 
0.11388916433086752 0.669376301770312 
0.6380602417327893 0.20604532314815002 
0.8648045045295746 0.07286937738979242 
0.3878155795860512 0.38097339661276025 
0.2703477771776383 0.4841357381884392 
0.05646444611362811 0.772342744975854 
0.3267402424225898 0.4321560693298228 
0.7853322851879654 0.11722891966831318 
0.18831164043193466 0.5705947469041042 
0.2413979537482967 0.5124213185953054 
0.9150175059812963 0.04714341023869017 
0.4441571258202586 0.3370981383133571 
0.21622435853744204 0.539874811663046 
0.4579411660952325 0.3275286130365347 
0.6819593925057768 0.17792517823502715 
0.040613986830270676 0.8056197835412711 
0.12333756755836894 0.6533051707947531 
0.07634518073566293 0.7308490567583084 
0.034954143291397316 0.8194965746350382 
0.3371473712460152 0.4236376150260883 
0.6692753361721447 0.18704864220145362 
0.5773332982524353 0.24454555646567383 
0.008375815341047366 0.9146549638911927 
0.5582335160517884 0.25579673625920285 
0.5899509743194584 0.23620428664734558 
0.29792513550822386 0.4602514266445217 
0.8978450135666256 0.05828347251171782 
0.7704128101556225 0.1266278181953408 
0.17397589479847186 0.5891629232337694 
0.9916119293618804 0.007895341594375537 
0.027115774606954912 0.8411952597427853 
0.9345109431133344 0.03622361545961493 
0.5407739332173351 0.27201452176538554 
0.5233912119621171 0.28071314215292215 
0.14437712558284382 0.6265516714478976 
0.16467804677863096 0.5985383719460312 
0.061600279483423226 0.7594977186298428 
0.012668211845418016 0.8935184578749185 
0.10087599132438142 0.6897020681971395 
0.5448075836161186 0.26688525124744594 
0.10483365566703887 0.6816704985165052 
3.0919381908767717E-4 0.9896511875004477 
0.18077193923156426 0.5786418197187448 
0.9595494104034221 0.027752967875098986 
0.13402620438916996 0.6405364330130797 
0.39944085170881705 0.37386028547949607 
0.40637663261181756 0.3673548140715115 
0.016146249622699144 0.8786925010711918 
0.8183451874690932 0.09985767909982066 
0.49264644052488027 0.30587053649356943 
0.20328047014473283 0.5559763925618829 
0.5671356580166269 0.25162888951613754 
0.799044550359467 0.10975857453357457 
0.5014565339919631 0.29763231605860074 
0.8526742102055658 0.08038223301491002 
0.09186439340421415 0.7029587997389167 
0.003030507866242481 0.9533614120775069 
0.08210039243073952 0.7186512048753312 
0.8459947848032014 0.08400325297224868 
0.6227608731081565 0.21891424366860923 
0.9514569179139454 0.030787311967681225 
0.9068663816636034 0.052257545160242294 
0.6009198059960073 0.23080369892795086 
0.20328047014473283 0.5559763925618829 
0.7623559812572107 0.13043837451483012 
0.24500592058291984 0.5100725479617013 
0.06822285474810225 0.7440190463838144 
0.001156435825015012 0.9735897322754241 
0.1581706962223377 0.6079258986130689 
0.8304484077032092 0.09321206839091059 
0.29964857906631176 0.45835941066135816 
0.8342656870171796 0.09059716123396243 
0.4161388059616251 0.3584029569581704 
0.007616520358844553 0.9262165983727042 
0.13003186809012807 0.6446441234564316 
0.431943165511362 0.34691539878491384 
0.49264644052488027 0.30587053649356943 
0.15403469258171326 0.6256983776805315 
0.752390325636759 0.13612945174482602 
0.9385222413700238 0.03509775164507895 
0.6063372282572328 0.22484916607369082 
0.06809742235296129 0.7494023547818821 
0.0021038599130328017 0.9653749059184629 
