0.9981595118386014 0.010868233156569887 
3.8960658589668565E-10 1.0184000493669343 
0.30814190399209995 0.46445016434512204 
0.7274464632129722 0.16293103183712368 
0.6457632510247697 0.20866287628735178 
0.03604059233706608 0.8295660541221165 
0.6684556397084471 0.19852547019337263 
0.46055720802776406 0.34094258896502994 
0.7521064066442739 0.14630316281736389 
0.1433652812012108 0.6424675950682562 
0.4745351150101137 0.3253004688955331 
0.025672575844900486 0.8611692092057145 
0.20119035802933405 0.5699714975414387 
0.6086705692070009 0.23220113171074466 
0.9743103856106418 0.026235054456775833 
0.0033014227837334653 0.9629834511064297 
0.009491331500568273 0.9229103243974239 
0.13043842899430935 0.6558237300970974 
0.0632091276087532 0.7693443378700776 
0.33043950779422243 0.45177989630821036 
0.5909247240113322 0.24430728729569953 
0.5553546628864038 0.2718118970748578 
0.4889631489227523 0.3177592090216128 
0.629098657630043 0.2209089382978686 
0.8014060892792696 0.11722279354764915 
0.018322037067185618 0.8915536885664356 
0.43251145432540483 0.3543765821278918 
0.1662038460097859 0.609845466462662 
0.8445221963420082 0.09202018936791065 
0.8657540493834895 0.08356883942449697 
0.2157745303453433 0.5505859709176348 
0.27045524757344 0.4967621520001837 
0.006460893679862356 0.9399474894219744 
0.0691077076244451 0.751668382313341 
0.8929282195451711 0.06817573861214365 
0.23127056757060685 0.5368132107721352 
0.9464072373745045 0.040766729146958974 
0.5013762868098928 0.3099858759968849 
0.771554558349756 0.13580072394703077 
0.09128493193515425 0.7144931264557888 
0.8378773063840754 0.0960265747925183 
0.001614211368297501 0.9831823183163453 
0.42082856200887264 0.37155413217054817 
0.3691507796576985 0.4092248663361398 
0.28243246442479464 0.48838799945409067 
0.5106216481173381 0.301052652536993 
0.5698933554581778 0.26724240090802615 
0.24837716848320907 0.521002329126248 
0.17637616665429046 0.6010837508427518 
0.11398098413695612 0.6792246495765462 
0.6958059738297036 0.18059532584477525 
0.28243246442479464 0.48838799945409067 
0.53378974782664 0.28279277836438 
0.9561891274654496 0.035830108364287315 
0.15291831058878066 0.6264324138717974 
0.3503096499787788 0.4226186565801628 
0.24184197495144127 0.5315922969988425 
0.056357388460112234 0.7831741475211019 
0.9304545317239634 0.048799247197667345 
0.3582104052992868 0.4150541502111041 
0.380410909605576 0.40142042717344834 
0.8814038392595868 0.07411731482966491 
0.7153583625432474 0.17222207298892303 
0.6225984445391703 0.22759287007614737 
0.04221438141923656 0.8159800799774858 
0.9069257945556561 0.06052971717939709 
0.18182107827341376 0.5903993433448362 
0.10559224332085787 0.6907644060546171 
0.04556074728310067 0.8080472349011112 
0.7586101509380329 0.14125262523687535 
0.5772605088178853 0.25847957225120866 
0.15701072511158876 0.6225447264847034 
0.8086493820629352 0.11243950217051436 
0.219531898988037 0.548299161190682 
0.38696057132714123 0.3921587630989742 
0.6831571286528212 0.18887454653848665 
0.4145592367360719 0.37270772205950053 
0.7064305790137391 0.1736615937079528 
0.8202796812351327 0.10454056223164601 
0.5827928773932393 0.2502091539366158 
0.9672620914400337 0.027999210314162734 
0.09949886650579523 0.7042044231996935 
0.9134067716900987 0.057799689511142074 
0.40089193654383504 0.3803251379834202 
0.9255939991401007 0.052558814481000554 
0.33242903947147145 0.4446809873483831 
0.8722577936772998 0.07958773518241241 
0.1939470246497167 0.5780454339610138 
0.125424398725141 0.6691039571042094 
0.7841477553092868 0.12927904194148993 
0.1891929633158625 0.583027588635503 
0.0011729335163621624 0.9973137893882597 
0.7841477553092868 0.12927904194148993 
0.05075748963440689 0.7944006162584006 
0.2588898638642547 0.5134647601887595 
0.0776943928861697 0.7427704535657521 
0.08490113306956176 0.7284142541856424 
0.3424414944682372 0.43267315855978417 
0.2612971854337714 0.5068405896275617 
3.006702318483906E-4 1.0064001200550867 
