0.9960408482320229 0.005218928523852228 
3.8960658589668565E-10 1.0065658075691974 
0.9960408482320229 0.005218928523852228 
0.017251652233637116 0.8801031542579051 
0.33815452430093207 0.42364572393054584 
0.9352094677045578 0.038074591879090354 
0.3878155795860512 0.3822453366785399 
0.4101524346751752 0.36488278584112255 
0.06463287590651737 0.7521394053292891 
0.9642344651189589 0.021887891399055587 
0.003030507866242481 0.9533614120775069 
0.02689770612733749 0.8435007561344422 
0.8194341509597234 0.09851790485607151 
0.5195712145819255 0.28435580721317705 
0.8526742102055658 0.08039684066441759 
0.041716707790990695 0.8024504605154924 
0.5448075836161186 0.269415221380273 
0.17397589479847186 0.5905716148038079 
0.034954143291397316 0.8202774962697839 
0.1861422148076346 0.5719088924366479 
0.15410197170857273 0.6237299826930603 
0.8701353028448774 0.07107221007135912 
0.006863760965119148 0.925525992372351 
0.2972876810066363 0.46089880861604376 
0.049950067069527315 0.7868856054861418 
0.011656635658545744 0.8987031730309605 
0.6692753361721447 0.18704864220145362 
0.3179209589285642 0.4426765651763389 
0.7089313646763381 0.16330059756016416 
0.22251555063897696 0.5344623053035318 
0.6829704758333436 0.17814411712529796 
0.6535820170740411 0.20267361276430199 
0.22906015706956498 0.5272371814988257 
0.8826673921393832 0.06507644865322408 
0.19419287147563588 0.5648056689878765 
0.0778477649922331 0.7281919184148729 
0.08984808745787204 0.7134651524560365 
0.2413979537482967 0.5142883553210164 
0.721430093827377 0.1548867609443873 
0.775314354843053 0.12391040848283473 
0.5113971194088299 0.28938147677124193 
0.3691192191205227 0.39705185728586273 
0.31081993890833115 0.44720550501892326 
0.4567280577732582 0.32927530908740077 
0.2888866413541786 0.4685678308205665 
0.9150175059812963 0.04886176611808635 
0.21028990171853532 0.5495046728515192 
0.001156435825015012 0.9746259912906683 
0.10418894866172346 0.6833543015147037 
0.2782982739354453 0.47776133334965465 
0.09186439340421415 0.7029587997389167 
0.7853322851879654 0.11790799012004377 
0.7311096249111451 0.14859782081522652 
0.3546635885637862 0.41074649483922454 
0.799044550359467 0.10975857453357457 
0.10087599132438142 0.690647430129392 
0.00873800446041343 0.9142044176644192 
0.5671356580166269 0.25348107941609105 
0.20615445940718563 0.5532609490125929 
0.6570991103205068 0.1945604472300557 
0.9215178614401278 0.04472613101919732 
0.49887378006564304 0.29983269151173214 
0.16199030319207436 0.6040121085753081 
0.5746878678489767 0.24668137782955454 
0.057812556729652964 0.7658877337513773 
0.49273112795565693 0.3135592401550596 
0.6063372282572328 0.2263622944656954 
0.6318442458703426 0.20908115374753408 
0.8375252306293715 0.08889453448580074 
0.13402620438916996 0.6405395921412836 
0.054846327104699555 0.7727510218857474 
0.898739724132811 0.057216057888414835 
0.3565693116081501 0.4093388479311715 
0.8347230034813079 0.09165722344386205 
0.7623559812572107 0.13118695512911077 
0.2703477771776383 0.4841357381884392 
0.07842577027185296 0.7275316549371115 
0.42569431218994996 0.35564999005148934 
0.7425058781383043 0.14287331285028607 
0.2659759736554366 0.49244534546349905 
0.6009198059960073 0.23187891817614292 
0.1141048791208311 0.6695823427168481 
0.5882463878554895 0.24423560909114125 
0.4368185285294388 0.3425556941472057 
0.25922356083814885 0.4994402278811601 
0.47568919634074663 0.31445163047152674 
0.9826542636169965 0.014153910560829047 
0.11925123881138738 0.6614756885953498 
0.5899509743194584 0.23620428664734558 
0.7480557580851306 0.1391429934178579 
0.4195281293068287 0.35586409425741344 
0.4358002819883264 0.3456380253983732 
0.6193164514467172 0.21704078959454776 
0.8978450135666256 0.059878984939535244 
0.5571177276705898 0.2605387378639031 
0.029070055832328856 0.836627465345328 
0.6184217773073226 0.21962411420538921 
0.7581718395155852 0.13376388177015125 
0.16513772141032385 0.5982923328053672 
0.37740483946666037 0.39144261634095084 
