3.8960658589668565E-10 1.0076345145656038 
0.9960408482320229 0.005584648546183917 
0.003051204391789762 0.9529434214905022 
0.7311096249111451 0.14890971239458475 
0.8310610387707171 0.09406862892617036 
0.001156435825015012 0.9746259912906683 
0.06597511737412262 0.751138365865204 
0.41388266936216456 0.36247522616212785 
0.15410197170857273 0.624730598411653 
0.799044550359467 0.10975857453357457 
0.32786780144304534 0.4355236295640457 
0.00873800446041343 0.9180215098835588 
0.3061393301936234 0.4519243027346063 
0.775314354843053 0.12391040848283473 
0.39798358246394505 0.3758610502211149 
0.29734890232864625 0.4666521021181838 
0.4368185285294388 0.3425556941472057 
0.5746878678489767 0.24865914711403764 
0.4280137976037358 0.35465502828499124 
0.7480557580851306 0.1392761390781065 
0.0778477649922331 0.7295264944591827 
0.7110881097769748 0.16186477951069062 
0.5302239071046835 0.27588385908223306 
0.8659657951101524 0.07344857692295689 
0.1861422148076346 0.575723595826225 
0.3691192191205227 0.39909203173745217 
0.7980532641945779 0.10997081434042154 
0.034954143291397316 0.8206722388135141 
0.26654953903562034 0.48862743000546555 
0.551850161489651 0.2616840404647795 
0.014295545238782847 0.8897302734645974 
0.6692753361721447 0.18729572671058534 
0.47568919634074663 0.31445163047152674 
0.3565693116081501 0.4093388479311715 
0.6063372282572328 0.2263622944656954 
0.6318442458703426 0.20980918101977708 
0.1340904730908297 0.6462708217498212 
0.02689770612733749 0.844572362074901 
0.16199030319207436 0.6040121085753081 
0.2782982739354453 0.4780910742559483 
0.00934143038829613 0.9106910220546331 
0.679498370913753 0.1820064537543543 
0.11925123881138738 0.6614756885953498 
0.45136339003979686 0.3333965048301354 
0.34970171409533796 0.41461205738232526 
0.33815452430093207 0.42391155754278453 
0.031962497762938 0.836774997303376 
0.021900316033957146 0.8612803006870347 
0.19801814450535288 0.5597340899825729 
0.898739724132811 0.05840807839184358 
0.21028990171853532 0.5495507638105968 
0.12482448105080918 0.6534353535992579 
0.10418894866172346 0.684085403610866 
0.0421157724319185 0.8019616025974591 
0.9562308036011254 0.026691806919153672 
0.49887378006564304 0.29983269151173214 
0.9935271228842721 0.007708532257862281 
0.9313611623841119 0.03957797367590189 
0.8526742102055658 0.08077091324681412 
0.05061253607567384 0.7839790125921824 
0.9139981078558912 0.04694842626326115 
0.24673255763763108 0.5120504543177317 
0.25922356083814885 0.5000411295809354 
0.5899509743194584 0.23620428664734558 
0.19419287147563588 0.5648056689878765 
0.2359389232413142 0.5318158378382246 
0.5448075836161186 0.269415221380273 
0.057812556729652964 0.7658877337513773 
0.37740483946666037 0.39144261634095084 
0.690860734110342 0.1755966431244923 
0.049950067069527315 0.7868856054861418 
0.09186439340421415 0.7029587997389167 
0.6009198059960073 0.23249324027474164 
0.6953926770788755 0.17119139802686928 
0.015960924983184965 0.8805294195340138 
0.041716707790990695 0.8086971522110884 
0.17005695922844122 0.5943900407147665 
0.21451178962053807 0.5454699798263668 
0.3878155795860512 0.3822453366785399 
0.0191054484534513 0.868522340355614 
0.5195712145819255 0.28435580721317705 
0.9642344651189589 0.02321968131416615 
0.8832278226278845 0.06485619572330686 
0.5159578448737266 0.29341791947802226 
0.25209367180598696 0.5024899013555345 
0.1141048791208311 0.6759924073694773 
0.6206205189966735 0.21731548209377613 
0.6570991103205068 0.1948686290375558 
0.944329872357152 0.03319011361122935 
0.08785449667341733 0.7102438214651521 
0.30278841764724784 0.4577155216362029 
0.14067773602451275 0.6336160502221396 
0.9215178614401278 0.04472613101919732 
0.05876413124822275 0.7652040838281449 
0.2764808802294002 0.4799462841530817 
0.4567280577732582 0.32927530908740077 
0.894813518691952 0.05891770589601662 
0.3324077043859127 0.4296549265851524 
0.22251555063897696 0.5364398239946385 
0.08275216944387442 0.7175248594281433 
