0.7117105004973101 0.9047639234252073 
0.700258043665176 0.9872631181241492 
0.0012242198724073394 2.3323186707007024 
0.6228679713782006 1.0986010695246669 
0.023359863231464287 2.013061698128301 
3.2607133952960304E-4 2.5419783144695294 
0.05970362109277183 1.9207872979415603 
0.0059660159198994395 2.1602613308025647 
0.6770608362273596 1.0584345992864899 
0.003290634094130676 2.188033973094369 
0.0016110264182478318 2.2918849296453425 
6.245497049911163E-4 2.5219247181194806 
0.3483876071590044 1.258448809895064 
0.8731422598476305 0.8799201828516212 
0.12083911815870274 1.8740651012111362 
0.11577888662243764 1.9146935774749865 
0.04347334508552514 1.9974986032535413 
3.287840953103416E-7 2.550590839739899 
0.17386992689301023 1.5239758695092276 
0.8924896327347259 0.8350078615716818 
0.9124151987994772 0.8081023482342713 
0.3604404114209322 1.19576073858854 
0.7245585465070317 0.9337092360955315 
0.7117105004973101 1.0116569456175488 
0.7155921346711924 0.9969910715066724 
0.0012242198724073394 2.363240324044923 
0.6228679713782006 1.1529199973941773 
0.026176689751652188 2.0686530871754565 
0.06148566160609942 1.9854757250347992 
0.09148724865228566 1.9814820391991077 
0.018325481036876035 2.1821111030029043 
0.708679570777278 1.0594634696397136 
0.6770608362273596 1.0654103763445197 
0.003290634094130676 2.2393298968589193 
0.3483876071590044 1.3534362505200477 
0.043582764980621524 2.042884857020181 
3.287840953103416E-7 2.6029433597662663 
0.21560431009087544 1.6293463018129482 
0.18857661295422223 1.657235912759978 
0.18089245980924099 1.9229409037759664 
0.1866997871518008 1.7883231025400979 
0.8924896327347259 0.8497465907824838 
0.9124151987994772 0.8391021319744383 
0.9155030514411671 0.8159904194267834 
0.36298703737964877 1.26019839499312 
0.7245585465070317 0.9514146255281841 
0.7117105004973101 1.0155680423524385 
0.0012242198724073394 2.470203162161236 
0.00161756824660232 2.394405860446 
0.6381206163755313 1.1593273521276124 
0.09148724865228566 2.033279526916941 
0.11577888662243764 1.995094466510577 
0.10715850824904644 2.0208527286629505 
0.0232949693764799 2.2152563118289628 
0.6770608362273596 1.0665775083056932 
0.003290634094130676 2.2533718142330685 
0.022711535046298748 2.2414970349067875 
0.3483876071590044 1.4472035584558098 
0.046322862505987106 2.059409719447703 
3.287840953103416E-7 2.650897647799796 
0.34246716434262536 1.6440652463806789 
0.2004716372857278 1.6894851024658402 
0.20290645644655508 1.6609484111406416 
0.19256596261688255 1.6983754532818005 
0.18089245980924099 1.9499963900862798 
0.19196529271017293 1.8078752187658003 
0.8924896327347259 0.8544668727502429 
0.3654944567017695 1.3879787740496188 
0.3743208484517747 1.2706892458745342 
0.5951127399010006 1.2624144465918585 
0.7245585465070317 0.9525785780461505 
0.7117105004973101 1.0599252161883406 
0.0015959701000961002 2.529249432042684 
0.00161756824660232 2.44002556072867 
0.6427909239517521 1.2476898640342864 
0.11577888662243764 2.0530878254644938 
0.6772732867384588 1.163162319929472 
0.6916368148772345 1.0755386408153107 
0.6823879886780831 1.1630758981832938 
0.003290634094130676 2.2804126408862126 
0.3620901274971574 1.537999865680703 
0.046322862505987106 2.0969500026283145 
0.0012242198724073394 2.661338916053778 
3.287840953103416E-7 2.6990928946569808 
0.2004716372857278 1.6980296545093225 
0.20290645644655508 1.685918273951131 
0.21560431009087544 1.6844322458233958 
0.19375579431510534 1.7452145920054443 
0.18409882033770036 2.0112729572895045 
0.18089245980924099 2.0480816416394987 
0.19196529271017293 1.9664465239753814 
0.1930468352222357 1.84019392788037 
0.8974689353753895 0.9189709403860382 
0.3654944567017695 1.5203455216925188 
0.3830946854949675 1.3801268780086358 
0.4140339014962684 1.3347009167938917 
0.37453534636824437 1.4868851579243985 
0.57930780344803 1.2771667068492794 
0.7245585465070317 0.9576905745464306 
3.287840953103416E-7 2.7606559340121257 
