0.09966371675015659 2.8816312763630245 
4.35655677397645E-4 3.2318567169879038 
4.35655677397645E-4 3.2318567169879038 
0.09966371675015659 2.8816312763630245 
0.015530414853820118 2.901997018991572 
0.7363733253637275 1.4850297652800855 
0.7314136742865661 1.5755275271576832 
0.1098051727916615 2.6506873442665824 
0.20290645644655508 2.0477089210299897 
3.0729961301337316E-4 3.5975158738906674 
5.376647207453247E-5 3.749839106046245 
0.8615872840054019 1.4786560089067735 
0.10974771099089553 2.7896020053223 
4.355864425862009E-4 3.293501253856197 
0.6852232984839699 1.883241437229638 
4.35655677397645E-4 3.2819603060033287 
0.027970710359808245 2.966951396475453 
0.015530414853820118 3.0050878132944456 
0.09443188061027519 2.9261252342362534 
0.8574140101600028 1.6031210651796735 
0.74812443619494 1.6849608706400312 
0.8550608049807757 1.6262814358945235 
0.7363733253637275 1.734311783122256 
0.2605717820141218 2.1981363683110806 
0.3701063958807008 2.072219289659127 
0.21838278441568082 2.5166239466049927 
3.0729961301337316E-4 3.609561854056455 
5.376647207453247E-5 3.954290640133591 
0.8931394013416525 1.5212951421543208 
0.10974771099089553 2.863186592819639 
0.20290645644655508 2.826889446612197 
0.7310998251493096 1.9061488949270864 
4.35655677397645E-4 3.338089725376856 
5.307626587445838E-4 3.318006730788208 
0.00611319476842509 3.306166893134097 
0.09085006197501405 2.990626562143434 
0.09242472311634106 2.9731715608334714 
0.07621036989855257 3.1898690280534345 
0.01896336227130191 3.2076895820524767 
0.08064196255206812 3.110528219949627 
0.8615872840054019 1.6633178313528267 
0.8853592200733487 1.6473433398711694 
0.739805390701163 1.891185528404643 
0.746471830602124 1.7556930426247943 
0.74812443619494 1.7371568309797565 
0.74034425489051 1.8107500143213886 
0.26529226717474097 2.4190484990295293 
0.3667510988034314 2.2502351011825987 
0.3496921214600825 2.294511998275949 
0.3701063958807008 2.2010687315659965 
0.25974117845600686 2.546487684567468 
0.21838278441568082 2.8125092843551736 
0.2595333396964045 2.76293527398122 
3.0729961301337316E-4 3.7410319974405453 
5.376647207453247E-5 4.076701151598307 
0.1098051727916615 2.9676794984342125 
0.20290645644655508 2.9076132161254193 
0.7311483185175367 1.9544325738577681 
4.35655677397645E-4 3.4365229689046286 
0.005038768894378827 3.350324468671158 
5.307626587445838E-4 3.4209258581930535 
0.09085006197501405 3.106842524353359 
0.09693736833613835 2.9975571438991255 
0.09623663780391947 3.044585907773696 
0.10974771099089553 2.9926514062569645 
0.01896336227130191 3.2567712672361337 
0.08604216521590094 3.1200297265615737 
0.872548801783692 1.6724928206722354 
0.8487485063482345 1.7963151350677464 
0.8574140101600028 1.7927180031508054 
0.742680852255477 1.942236111575931 
0.7517537855058988 1.8773072061644676 
0.29340809236369414 2.438341268800505 
0.36895041644158183 2.395340709339983 
0.3527244618390284 2.437933075471745 
0.3701063958807008 2.260706910692754 
0.7249159797616919 2.2026720558493285 
0.2605717820141218 2.635493043857662 
0.25974117845600686 2.676381615091973 
0.2605717820141218 2.635493043857662 
0.2610183746230122 2.5688840086089257 
0.21838278441568082 2.861422782726126 
3.0729961301337316E-4 3.763462660127922 
5.376647207453247E-5 4.318732156974004 
0.7317170167439857 2.1116550168474255 
0.7381454092328765 1.9590959211826926 
0.7317170167439857 2.1116550168474255 
0.737678601458146 2.107898357771719 
0.7311521224333986 2.132330195229954 
0.8940794375130101 1.7119406490819216 
0.8940794375130101 1.7119406490819216 
3.0729961301337316E-4 3.833829457085619 
0.3701063958807008 2.288487647771784 
0.7317170167439857 2.1605270324388286 
0.21838278441568082 2.8673236539279996 
0.10974771099089553 3.015858098174221 
0.29340809236369414 2.540935635214287 
0.25974117845600686 2.7945949827571583 
0.3496921214600825 2.502171659953265 
4.35655677397645E-4 3.5466445599411878 
