0.9981595118386014 0.011949776205040523 
3.8960658589668565E-10 1.0239674990416745 
0.28243246442479464 0.4895416213066597 
0.4620060018083729 0.33874826257618706 
0.8722577936772998 0.07973288320240399 
0.8908923761666157 0.07303235686839211 
0.3123467724997935 0.4656367193014172 
0.1486802333931439 0.6364387369793435 
0.7214602975069837 0.1655835220659574 
0.8189236345904034 0.10555271213998205 
0.13043842899430935 0.6590152141748964 
0.9161059909852971 0.05834080947601843 
0.8445221963420082 0.09232446635546492 
0.3830117276457553 0.39657818387788535 
0.08513180947684144 0.7269863865103043 
0.20178614069325548 0.5710287905439445 
0.7064305790137391 0.17556387880933852 
0.43873452763090315 0.35709375407821525 
0.15701072511158876 0.6235823028705704 
0.4015714714350338 0.3820262021096819 
0.06331226428212261 0.7729826384538486 
0.10321227148930051 0.7031653592027507 
0.7452915432666274 0.15411337608617778 
0.1662038460097859 0.6100024333775492 
0.01340931880722912 0.9126714273410026 
0.8014060892792696 0.11722279354764915 
0.07844988496014214 0.7462223370047921 
0.7743605067180298 0.13940543601013344 
0.48919411828224035 0.3189837461598924 
0.125424398725141 0.6695933105416424 
0.5013762868098928 0.3100039483146796 
0.5200615653651381 0.29326528398115276 
0.1891929633158625 0.5868089875104522 
0.6684556397084471 0.19852547019337263 
0.8378773063840754 0.09651356430115555 
0.9464072373745045 0.040766729146958974 
0.684968107342581 0.18712772196175226 
0.018341719655110427 0.8903679414477057 
0.24184197495144127 0.5315922969988425 
0.7521064066442739 0.14630316281736389 
0.0038062980273104036 0.9656832745286325 
0.5909247240113322 0.24548998363430394 
0.006460893679862356 0.9525019583541227 
0.5106216481173381 0.301052652536993 
0.025672575844900486 0.863794859012923 
0.3503096499787788 0.4226186565801628 
0.5397755931370255 0.2800022331278062 
0.27045524757344 0.49749327000952775 
0.23127056757060685 0.5413307591896537 
0.051403325581097836 0.7925059432792526 
0.0013471248981996933 0.9838609736220207 
0.02057258827568903 0.8816041869216897 
0.5772605088178853 0.25847957225120866 
0.6097422303254163 0.23746819244245798 
0.6909458432622217 0.18238047841824837 
0.5553546628864038 0.2718118970748578 
0.53378974782664 0.28500546422797896 
0.3221530158045091 0.45213324378966 
0.9304545317239634 0.048799247197667345 
0.008342690290886301 0.9342718502606325 
0.03155160247745492 0.8503451931299092 
0.03625017859618692 0.8298076549468911 
0.37413584224913893 0.4053262325176151 
0.9724257956340302 0.026596053580421695 
0.9561891274654496 0.035830108364287315 
0.3424414944682372 0.4345177383479007 
0.24837716848320907 0.521002329126248 
0.04556074728310067 0.808244122923845 
0.11398098413695612 0.6822123636715303 
0.06934288698835485 0.7524383162196713 
0.7952476229979192 0.1233403613287912 
0.26418636834616127 0.5057953570230878 
0.1981595625852757 0.5774363635860661 
0.4752421271427947 0.3258737369454055 
0.3582742322766419 0.41514061844894345 
3.006702318483906E-4 1.0064001200550867 
0.33242903947147145 0.4446809873483831 
0.17942313689405298 0.5978309596151452 
0.5851177521856179 0.24872206839282263 
0.013299656168439589 0.9272472946854508 
0.6217542499065437 0.22802796735716788 
0.5698933554581778 0.26724240090802615 
0.3670446331822997 0.4116453512036189 
0.6460020792153609 0.21274063782323546 
0.6611878745297523 0.20854709034736044 
0.9709412840187784 0.03466556890981384 
0.17637616665429046 0.6010837508427518 
0.7841477553092868 0.12927904194148993 
0.04221438141923656 0.8159800799774858 
0.21890776230970593 0.5492715459211696 
0.98868517613094 0.02141396366407718 
0.42244691851438565 0.36891266120864574 
0.9255939991401007 0.052558814481000554 
0.09706702386023333 0.7147215709459779 
0.0011729335163621624 0.9973137893882597 
0.31346749336722335 0.45835976584796867 
0.6376295777265298 0.22493820191115063 
0.42672314373554066 0.3627191313859315 
0.050773623006325985 0.7945854874980876 
0.6099725132210058 0.2314592523128086 
