3.8960658589668565E-10 1.009229912686137 
0.9960408482320229 0.005654153090652203 
0.16455882293043594 0.6023313670141708 
0.2368403021562115 0.5217786160169335 
0.42630918711225135 0.35561350165093475 
0.22251555063897696 0.5365867444677226 
0.6920270211506511 0.17650913067654825 
0.9300862373824386 0.041536219602456244 
0.6692753361721447 0.18731049271891248 
0.10037363128981593 0.693738507891845 
0.1143338765003736 0.6742593040433426 
0.863707967198227 0.07853897124395592 
0.03872021267085063 0.8118247935740986 
0.4040412432278927 0.3695081627122654 
0.6341527518230385 0.20923510098735884 
0.030638206693404335 0.8326418984571755 
0.5308771918125117 0.2760833807119813 
0.775314354843053 0.12588440728570113 
0.18456074224799635 0.5805290517968739 
0.08809287027194368 0.7119393798647619 
0.7041536680816838 0.16790461962628386 
0.36031571668906814 0.40793467452703813 
0.4485410203627701 0.33822005575037767 
0.7179799769072935 0.15673542713599473 
0.5773633585200011 0.2448569734031094 
0.004791327817090352 0.9412021149576635 
0.9133030909271693 0.049900211393418756 
0.28835109522263513 0.4704334443032717 
0.7584201879397707 0.13375272428232893 
0.5160149639352791 0.29296066445520247 
0.07613961630679013 0.7333373148629274 
0.0012517723515315347 0.9828551680730337 
0.4392383997613316 0.34486081227682985 
0.15410197170857273 0.6258650065126427 
0.6024177338487716 0.23124286360267482 
0.6502736468257282 0.1985712898171549 
0.49887378006564304 0.3003273742525456 
0.25209367180598696 0.5062039501643252 
0.32786780144304534 0.43710271866378336 
0.057812556729652964 0.7680752561242852 
0.3535037840971294 0.41372971497182626 
0.12456681116873164 0.6553771940528617 
0.790049491469355 0.11794156992728212 
0.022920511558767155 0.8572118674190652 
0.6206858706863183 0.21768157557506493 
0.8819876490132579 0.0691149372218643 
0.15468142914533 0.6130621761102903 
0.5599468805619352 0.2575388914683079 
0.949215943530654 0.032895899431738006 
0.47942330485712037 0.31393290471955665 
0.3774608271143533 0.39266242478593516 
0.48395662605097023 0.31128788613671754 
0.13770705510425568 0.63707356013505 
0.31575730301286553 0.4459215642122519 
0.3422432031429874 0.4269138575274216 
0.6157613248144729 0.22670624983605292 
0.7311096249111451 0.14992682471437016 
0.017535547512281036 0.8770238574638475 
0.012192915551414732 0.9027872774138989 
0.7480557580851306 0.1415316035511045 
0.21028990171853532 0.5497543100703615 
0.2996844466557699 0.4605247051385918 
0.09354038633995793 0.7043594971819394 
0.6590772821462928 0.19519680280216217 
0.46577701711729524 0.3264082773668171 
0.39798358246394505 0.37707456016685736 
0.8420480023771836 0.09124181145990964 
0.034954143291397316 0.8206722388135141 
0.05061253607567384 0.7861477382414205 
0.8310610387707171 0.09729082003199542 
0.2770557488964111 0.48136111587354774 
0.13813217294456664 0.6360039735793528 
0.5457151549432726 0.26719033073782295 
0.2655605527721419 0.4962252686756921 
7.90896638431543E-4 1.001029413800705 
0.8845285892937108 0.06485983613937656 
0.19483183179743102 0.5663774666811363 
0.7980532641945779 0.11187657581877944 
0.46577701711729524 0.3264082773668171 
0.06597511737412262 0.7559667183592784 
0.7385381182999127 0.14556191029736884 
0.009566954301269137 0.9204538128273919 
0.05313192483717988 0.7803633969787257 
0.898739724132811 0.05944235623538595 
0.022092346768405897 0.8602882595514652 
0.3355375341049256 0.4281921487055462 
0.1861422148076346 0.5772399982077188 
0.9015129426999456 0.05666046411593415 
0.5889286699794936 0.23884142524547491 
0.5583588695576055 0.25964050653379794 
0.5441972578729222 0.2730965601852943 
0.25674788846057445 0.5041737002133903 
0.9780247270190826 0.016753609898738996 
0.00204151495101609 0.9624380880223957 
0.8474359105314877 0.08467023921175965 
0.19780889084692316 0.5626816992143625 
0.967021857053795 0.023246759450208775 
0.00204151495101609 0.9624380880223957 
0.8114830043610874 0.10591396023246073 
0.39166012032308123 0.3868317402583337 
