0.9981595118386014 0.00990689360039167 
3.8960658589668565E-10 1.0124585080089807 
0.16507110953739446 0.6084949933270172 
0.1803412560159452 0.5907879233535301 
0.39352025697534804 0.3825380588711349 
0.9414116910531405 0.03873282868716658 
0.9026293930407477 0.06116515648436707 
0.9656013214551639 0.027037039299160816 
0.669347382119814 0.1915031253551134 
0.3645391116792175 0.40906348518676816 
0.7323432107847296 0.155098884151668 
0.10923820561078632 0.6847620972281029 
0.004963297993584692 0.9467064366126167 
0.08650125136429476 0.7185751561163966 
0.6388732556583878 0.20874367961240806 
0.2646478006776434 0.4961990120153773 
0.6958059738297036 0.1748408219443207 
0.047950400233987334 0.8032019908169077 
0.7966911014568828 0.11838263912912775 
0.219531898988037 0.5421284703886826 
0.6878690605726557 0.1795481168358014 
0.9272047551009983 0.05584238954320728 
0.15291831058878066 0.6200471282536787 
0.2428727900028701 0.5186565369781905 
0.427895809162474 0.3543780940393918 
0.5465628858475332 0.270882755278764 
0.7830748629480065 0.12490891415266579 
0.9766140043741544 0.021655800838407187 
0.532723502985328 0.28002379033467584 
0.5144972687415222 0.2971147528530223 
0.8657540493834895 0.07825194095506431 
0.33890137652296315 0.4340428407391427 
0.5012903304009726 0.30383021285184986 
0.7469500244559351 0.14684358257252397 
0.3278845680209399 0.4426238791478823 
0.038762288983693216 0.8174592108396924 
0.8090730636800721 0.10732311295269052 
0.060138516572520506 0.7728795425750793 
0.5231423877184458 0.2866579951225252 
0.10037363128981593 0.6975994735844825 
0.07868877703472132 0.7368925996573238 
0.5673665396062152 0.2594312932540984 
0.1891807024941283 0.5762780854075815 
0.282826802417638 0.48196403214067013 
0.5889286699794936 0.23953607846469363 
0.03604059233706608 0.8274994873420171 
0.013307304988319228 0.8963591997112017 
0.20458386306135046 0.5583995286404267 
0.4636868816185279 0.3336741861949973 
0.6023509596715431 0.23365959058819588 
0.4093466551449757 0.36851608317480083 
0.6214830446056606 0.21895574071630594 
0.8234601967892643 0.10007632103408683 
4.5131413564931423E-4 0.9947646981041761 
0.8477578340274757 0.08567372107639296 
0.4116636654200928 0.3673391427058315 
0.018790258297413903 0.88163584160202 
0.9914839294021196 0.013598673617180049 
0.5569057334240566 0.26396665280587517 
0.7711491742891791 0.13301264301808596 
0.3503096499787788 0.4194951556022846 
0.8406114969986767 0.09294538300113431 
0.2559103488680393 0.5049422043605212 
0.9304545317239634 0.04607926384325824 
0.7171917508947435 0.16449914958164988 
0.19465959465802796 0.5703747847951627 
0.009159809989548212 0.9187424698152138 
0.31027841084896524 0.4540601738114328 
0.11951192987194362 0.6694695103487242 
0.435316698521795 0.3498802451319007 
0.37970894083431644 0.3941785796553116 
0.37844546313151506 0.3976284299329819 
0.6559337311292627 0.19930871658785865 
0.001608180304518196 0.9754181252040272 
0.13167428901523404 0.647701355327343 
0.31575730301286553 0.4486244928715358 
0.12708948124302222 0.6564334022379001 
0.876072326434366 0.0750188237801662 
0.02387540620354156 0.8671296520328725 
0.282826802417638 0.48196403214067013 
0.06639816086059958 0.7593183262692247 
0.2244856119029362 0.5347392002920534 
0.5773633585200011 0.24960027070699575 
0.6508747614841232 0.20232506319665694 
0.7540290753628242 0.13899575803593656 
0.44868885140947784 0.34153072106574245 
0.34666942167461534 0.4226727576660824 
0.07381680607655992 0.7426297034076725 
0.1465990192919268 0.6324677390736039 
0.7171917508947435 0.16449914958164988 
0.8846338993624926 0.0671333062494829 
0.30032590377339585 0.4637411309495314 
0.6103444599828013 0.22753140692050577 
0.029477849488024344 0.8421178449802965 
0.7622706301886448 0.13590795179851148 
0.13927180570731718 0.6395299301103078 
0.007796087309198141 0.9349834085815124 
0.4894158430260448 0.3104819505788049 
0.05366558657607362 0.7883314770761944 
0.054018988377631194 0.7871755917543501 
