0.9988393222044312 0.0136719010464045 
3.8960658589668565E-10 1.0260610216993191 
0.9988393222044312 0.0136719010464045 
3.8960658589668565E-10 1.0260610216993191 
0.051403325581097836 0.7925059432792526 
0.53378974782664 0.28500546422797896 
0.7475394146767423 0.15469715237180492 
0.5167189462301425 0.30324568926993595 
0.7211542233184798 0.1683568158718137 
0.31667818016480076 0.4670928225017344 
0.018937392414336174 0.890896062948153 
0.2954907485238566 0.4811862367420915 
0.04221438141923656 0.8173547667339487 
0.02791898155505851 0.8548018032945078 
0.40517847987289357 0.3826566125416849 
0.24837716848320907 0.5210412235563949 
0.26418636834616127 0.5092950436871956 
0.3830117276457553 0.39657818387788535 
0.47703864980336524 0.33031294795465965 
0.7986972529247589 0.12756918829760738 
0.48919411828224035 0.3198102933056621 
0.42679552195048703 0.36772137194921783 
0.06775317661145941 0.7651262524838727 
0.10321227148930051 0.7042747477359721 
0.15701072511158876 0.6259899954426162 
0.21957443206567878 0.554040993536475 
0.5039234899876263 0.3118407766745105 
0.0974711485589263 0.7156748724912037 
0.8914590490656668 0.07061839810328219 
0.948297103992678 0.04147132594201773 
0.7614390222898504 0.14756034399588594 
0.36293034324505635 0.422029554106586 
0.6217542499065437 0.22920221420813514 
0.20728606519184375 0.5627378967345642 
0.23137422589847068 0.5422263653151188 
0.6438984569060183 0.22032598393391228 
0.8189236345904034 0.10988767572475934 
0.7743605067180298 0.13940543601013344 
0.8378773063840754 0.09681443357413758 
0.9648601881230676 0.03496298114370646 
0.1434220108046883 0.6437510200471201 
0.8445221963420082 0.09567243659123965 
0.24184197495144127 0.5353717027696167 
0.8168200122809403 0.11644775739441088 
0.19948655133579507 0.5847724042765475 
0.6039897905781388 0.23974605232182838 
0.9161059909852971 0.06053089986481688 
0.3424430485936099 0.43817155582695577 
0.8722577936772998 0.07973288320240399 
0.1662038460097859 0.6134952296998201 
0.6680263288566834 0.19892163539431074 
0.125424398725141 0.6695933105416424 
0.3503096499787788 0.4273403621860503 
0.4110113886828338 0.3757104189632155 
0.7841477553092868 0.13028591949667104 
0.6611878745297523 0.21127392905602707 
0.5909247240113322 0.24694987385964223 
0.13043842899430935 0.6590152141748964 
0.11703394099862946 0.6904773008367441 
0.5553546628864038 0.2790818376116758 
0.8649963294792695 0.08461117758533643 
0.9020117535239442 0.06638129341592294 
0.3746452031632872 0.4097696509780272 
0.1823767579687895 0.5966337065335375 
0.17942313689405298 0.5978309596151452 
0.680400975700375 0.19340436129351563 
0.4620060018083729 0.3397876602971938 
0.0028816665014823606 0.973575495955481 
0.6909019361900934 0.18888834145693223 
0.3210622272125518 0.4516122674610819 
0.0016042730566163121 0.9847007303099692 
0.4495499184774011 0.3529112333715326 
0.9867364684329775 0.024065850044843604 
0.08513180947684144 0.7298537303978131 
0.20178614069325548 0.5781987321916312 
0.11969821233153359 0.6852859196024962 
0.6992655655221205 0.18093408815948367 
0.0012818478376831644 1.0029211780411948 
0.14222232185987244 0.6506962140794579 
0.9360587781347735 0.04902065976848249 
0.01851088157319808 0.8970692418982639 
0.6460020792153609 0.21274063782323546 
0.4613663063324669 0.3463379799548555 
0.43873452763090315 0.35860353869454314 
0.006460893679862356 0.9525019583541227 
0.9747822310154087 0.02856623264124125 
0.008342690290886301 0.9342718502606325 
0.005605872643836718 0.9570592082340066 
0.01340931880722912 0.9129968497948964 
6.817295227223297E-4 1.012305093345593 
0.5863962834817652 0.2579925094893741 
0.33242903947147145 0.4468698746425422 
0.9255939991401007 0.052558814481000554 
0.2851790798477198 0.48692978063583037 
0.009404633352538827 0.9303487630270802 
0.28313283320902055 0.49206188506014953 
0.5698933554581778 0.26724240090802615 
0.7141794725838339 0.17659987223086843 
0.16419051011984737 0.6198222569065901 
0.38157963222656643 0.4065910089812107 
