0.9981595118386014 0.00990689360039167 
3.8960658589668565E-10 1.0120588002930242 
0.4636868816185279 0.3336741861949973 
0.4894158430260448 0.3104819505788049 
0.282826802417638 0.4793230821728042 
0.7153472526957805 0.1625577212065631 
0.16507110953739446 0.6064453738290342 
0.1803412560159452 0.5907879233535301 
0.20458386306135046 0.5583995286404267 
0.029477849488024344 0.8421178449802965 
0.9656013214551639 0.027037039299160816 
0.08650125136429476 0.7185427325395967 
0.02387540620354156 0.8669931830048709 
0.39352025697534804 0.38235566256899184 
0.9414116910531405 0.03667257888214683 
0.6214830446056606 0.21895574071630594 
0.7323432107847296 0.155098884151668 
0.013307304988319228 0.8963591997112017 
0.669347382119814 0.1912006024114032 
0.6388732556583878 0.20829960252467342 
0.8234601967892643 0.10007632103408683 
0.3645391116792175 0.40717445525449364 
0.44868885140947784 0.34153072106574245 
0.6958059738297036 0.1748408219443207 
0.15291831058878066 0.6192018873889666 
0.009159809989548212 0.9187424698152138 
0.047950400233987334 0.8032019908169077 
0.2559103488680393 0.5049422043605212 
0.219531898988037 0.5421284703886826 
0.8090730636800721 0.10732311295269052 
0.9150963111775869 0.05578336243105487 
0.001608180304518196 0.9754181252040272 
0.06639816086059958 0.7593183262692247 
0.9026293930407477 0.06116515648436707 
0.427895809162474 0.35424826158446027 
0.8846338993624926 0.0671333062494829 
0.9766140043741544 0.021151060243634907 
0.10037363128981593 0.6968671373943255 
0.018790258297413903 0.88163584160202 
0.8477578340274757 0.08567372107639296 
0.2244856119029362 0.5347392002920534 
0.8406114969986767 0.09294538300113431 
4.5131413564931423E-4 0.9947646981041761 
0.7469500244559351 0.14684358257252397 
0.5012903304009726 0.30383021285184986 
0.038762288983693216 0.8174592108396924 
0.060138516572520506 0.7716727545960419 
0.5231423877184458 0.28661640592302057 
0.532723502985328 0.28002379033467584 
0.2663239863196505 0.49505590916188974 
0.5602703940697689 0.2585010814858613 
0.241196604360863 0.5250405015858073 
0.2428727900028701 0.5183026433773877 
0.1891807024941283 0.5762780854075815 
0.07381680607655992 0.7426297034076725 
0.5773633585200011 0.24960027070699575 
0.1465990192919268 0.6324677390736039 
0.03461075385023711 0.8262581494394472 
0.6103444599828013 0.22753140692050577 
0.435316698521795 0.3498802451319007 
0.6023509596715431 0.23365959058819588 
0.3503096499787788 0.4194951556022846 
0.19465959465802796 0.5703747847951627 
0.2996844466557699 0.46610364976669744 
0.5889286699794936 0.23953607846469363 
0.4116636654200928 0.3673391427058315 
0.10923820561078632 0.6847620972281029 
0.7830748629480065 0.12490891415266579 
0.00393175498189674 0.9553430229853366 
0.9304545317239634 0.04607926384325824 
0.31575730301286553 0.4486244928715358 
0.31027841084896524 0.4540601738114328 
0.37970894083431644 0.3941785796553116 
0.6860863429772184 0.18310500037938882 
0.11951192987194362 0.6694695103487242 
0.4075118398713584 0.3722815829464778 
0.6559337311292627 0.19930871658785865 
0.12708948124302222 0.6564334022379001 
0.8657540493834895 0.07825194095506431 
0.876072326434366 0.0750188237801662 
0.7540290753628242 0.13892055955794438 
0.08079310774408588 0.7277275529100043 
0.5569057334240566 0.26396665280587517 
0.6508747614841232 0.20232506319665694 
0.11853366801132381 0.6777032385862116 
0.3278845680209399 0.4408066402369531 
0.007796087309198141 0.9349834085815124 
0.9908413276109233 0.011983769572884866 
0.37376562764081944 0.3978593810396836 
0.7980532641945779 0.1179664707968285 
0.34666942167461534 0.4226727576660824 
0.7622706301886448 0.13590795179851148 
0.5439899149961278 0.2724264393778253 
0.30032590377339585 0.4637411309495314 
0.05366558657607362 0.7883314770761944 
0.13927180570731718 0.6395299301103078 
0.7966911014568828 0.11838263912912775 
0.07868877703472132 0.7368925996573238 
0.5836167052435092 0.24777229586880622 
0.05602975106472813 0.7843015890878956 
