0.9960408482320229 0.005654153090652203 
3.8960658589668565E-10 1.0089942608907425 
0.08809287027194368 0.7119393798647619 
0.5599468805619352 0.25650778546219555 
0.47942330485712037 0.3132950463142942 
0.4656327985888661 0.3258764328341959 
0.2996844466557699 0.4605247051385918 
0.37740483946666037 0.39291552383983064 
0.21028990171853532 0.5497543100703615 
0.07613961630679013 0.7331475673002793 
0.33846402577926465 0.4263356872284948 
0.10037363128981593 0.6916264403894938 
0.5441972578729222 0.2730965601852943 
0.8629303572270192 0.07530704613040158 
0.5308771918125117 0.2760833807119813 
0.2770557488964111 0.48136111587354774 
0.775314354843053 0.12588440728570113 
0.5773633585200011 0.24461906566221436 
0.009566954301269137 0.9204538128273919 
0.4485410203627701 0.33774407093423725 
0.967021857053795 0.02300423635869798 
0.18430411963763046 0.5856421702448468 
0.9484679565630372 0.03230943067214154 
0.7179799769072935 0.15673542713599473 
0.9133030909271693 0.04887388114349353 
0.36031571668906814 0.40793467452703813 
0.11925123881138738 0.6717130583670209 
0.00204151495101609 0.9624380880223957 
0.28835109522263513 0.4704334443032717 
0.6920270211506511 0.17650913067654825 
0.22251555063897696 0.5364398239946385 
0.3535037840971294 0.4126985728399601 
0.4392383997613316 0.34486081227682985 
0.15410197170857273 0.6258650065126427 
0.04314117006514856 0.8083168736542048 
0.05061253607567384 0.7841981112893354 
0.057812556729652964 0.7680752561242852 
0.8474359105314877 0.08467023921175965 
0.790049491469355 0.11794156992728212 
0.31575730301286553 0.4442835737347303 
0.32786780144304534 0.43710271866378336 
0.38854610901257464 0.3830749946334028 
0.16559129493394245 0.6011718984190344 
0.6206858706863183 0.21710329630825928 
0.06597511737412262 0.7559667183592784 
0.49887378006564304 0.3003273742525456 
0.0012517723515315347 0.9828551680730337 
0.4214106857260358 0.35858453331299556 
0.15468142914533 0.6130621761102903 
0.012192915551414732 0.9027872774138989 
0.6785975109733242 0.1843702376463046 
0.5160149639352791 0.29296066445520247 
0.07232502269988578 0.747135409512342 
0.12456681116873164 0.6553771940528617 
0.6157613248144729 0.22670624983605292 
0.19780889084692316 0.5626816992143625 
0.7311096249111451 0.14992682471437016 
0.7480557580851306 0.13987475298162805 
0.13138294819882063 0.6512259187164802 
0.42630918711225135 0.35561350165093475 
0.24156846314297248 0.516243059312894 
0.25209367180598696 0.5062039501643252 
0.7980532641945779 0.11187657581877944 
0.39798358246394505 0.37707456016685736 
0.017535547512281036 0.8767237623621884 
0.2306409114231936 0.5289512705431666 
0.034954143291397316 0.8206722388135141 
0.26519286836805483 0.4948203878964635 
0.4053020519672091 0.36887307757565446 
0.8160463232511717 0.10264240237000975 
0.9373119750224319 0.03749717372553804 
0.8310610387707171 0.09729082003199542 
0.13813217294456664 0.6360039735793528 
1.8012645463745753E-4 0.9950763306272101 
0.7385381182999127 0.14556191029736884 
0.004791327817090352 0.9412021149576635 
0.6502736468257282 0.19856863766266583 
0.6426978731109361 0.20470951180381733 
0.8845285892937108 0.06485983613937656 
0.6024177338487716 0.23124286360267482 
0.026788416205868137 0.8505347066282124 
0.8812683121901649 0.07000769923289779 
0.9780247270190826 0.016753609898738996 
0.7045162116917072 0.16715741112400315 
0.004685549911316162 0.9426459907779815 
0.2368403021562115 0.5217786160169335 
0.9015129426999456 0.05666046411593415 
0.05313192483717988 0.7803633969787257 
0.7584201879397707 0.13375272428232893 
0.16455882293043594 0.6020031049129193 
0.6692753361721447 0.18731049271891248 
0.10994771050925511 0.6843573841317829 
0.13770705510425568 0.6368948453256518 
0.7040242853734773 0.1676847863236589 
0.5882550606032215 0.23825585172555364 
0.8420480023771836 0.09124181145990964 
0.029265884636632544 0.8376845160594584 
0.1861422148076346 0.5772399982077188 
0.25674788846057445 0.501500584826121 
0.898739724132811 0.05944235623538595 
