3.8960658589668565E-10 1.004680069905155 
0.9992013197258077 0.002577912095460984 
0.2782982739354453 0.4752271410824602 
0.03429617500180768 0.8196062997545758 
0.7168809732671455 0.15644568581158194 
0.21273350403867544 0.5422725728343141 
0.4058630314778246 0.3661401756004397 
0.42766009868639987 0.3499043703594994 
0.518421876677828 0.28317251782311825 
0.46814334520140466 0.32080480657194904 
0.29262098926724694 0.46192495318347715 
0.5525963571285396 0.25892787706967996 
0.8547931851127706 0.07779780079369125 
0.4863240481011083 0.3077800766408533 
0.8150010986834662 0.09941766709897581 
0.20056903687138142 0.5565183906961917 
0.7920600453840199 0.11312536131316388 
0.6526586896586472 0.19418866652957698 
0.24089189608873351 0.5139575600142589 
0.14961988754515487 0.6173661308114802 
0.3692629645468063 0.3962635758333233 
0.9828017306892634 0.010908788450388498 
0.11157786306282708 0.6708273160885043 
0.5057871268075207 0.2920443331671029 
0.18586400986254242 0.5739078889777887 
0.7727792870569108 0.12358149953227344 
0.26980160319471413 0.4938650890583837 
0.02604296978883397 0.8448566774792347 
0.45042144421681746 0.3326864346975859 
0.9024112066005879 0.05235295881567761 
0.6683256400593627 0.18553251399197654 
0.09051963590465356 0.7054935835202119 
0.07238640448072714 0.7391608706570438 
0.24920416775226162 0.5047683267971903 
0.11760162141257179 0.6629252545850098 
0.019294080387519202 0.866564583065708 
0.640820856569627 0.20234514960695238 
0.7331281686337952 0.1462886757968916 
0.9716547062136711 0.017024280540958118 
0.7006033461290856 0.16573793967856573 
0.012773070957785085 0.890917166261449 
0.6210597832956372 0.21529106853044566 
0.04841133290046773 0.7845575921018993 
0.3159270931649 0.44072979247690974 
0.9415686002183485 0.03301525934214304 
0.8928633061634282 0.06132637641380673 
0.7531663272458613 0.1368360882086505 
0.35522875136652265 0.40848461406016934 
0.061600279483423226 0.7565911022282792 
0.10093781104145816 0.6870405807803179 
0.005865560927485691 0.9281999417544785 
0.7618487185095703 0.13025666550750697 
0.6311030128609513 0.209052656438291 
0.03983996484984731 0.8046792861099902 
0.17418455057507837 0.5891524995229765 
0.8351005588417695 0.08910987763720822 
0.33354400027109077 0.4340863869439567 
0.2282869772831857 0.5275321751186571 
0.19138683034054815 0.5669553679934638 
0.3993336893387939 0.3716480010577513 
0.5380385059108623 0.27107959133692 
0.43508389745523496 0.34550021346846627 
0.26441996160839365 0.5003098033895182 
0.47838446274556556 0.31224529898812775 
0.6118027907069139 0.2256551667328201 
0.0026689104600416402 0.9574212481440647 
0.2250871875849939 0.5303112235293178 
0.7868477346184463 0.1161687193051084 
0.7396870743549757 0.14295661465768192 
0.6941791707848131 0.16994932646073505 
0.09862882580441704 0.6912498268589705 
0.13848436489932409 0.6332498065722154 
0.04310571274915326 0.7956916380241056 
0.12672558195626776 0.6490529399393098 
0.024238027824076747 0.8481301787051689 
0.6828905927086173 0.17708672967327055 
0.44588618921279866 0.3364726175952664 
0.3878155795860512 0.38011697730660826 
0.5665280674878997 0.2516117396143614 
0.34294321671183503 0.42197843046095723 
0.12895217624438515 0.6455933569244154 
0.8812870881347568 0.0662615572139785 
0.8669015404060405 0.07326500102649708 
0.915916555189135 0.04653346041543003 
0.16032123357775258 0.6039997057681117 
0.5380385059108623 0.27107959133692 
0.37820815396059837 0.3894135128747631 
0.083394352654963 0.7165689059523503 
0.5899509743194584 0.2347443921419544 
0.0013455608129412586 0.9687420562390495 
0.17052801111088448 0.5911034765923131 
0.5710239326937604 0.24932752147634948 
0.07460784882797633 0.7311131656793061 
0.3275202430478572 0.4388798024662378 
0.3047110238542502 0.45118933624856783 
0.05459452644294582 0.7713164254153436 
0.9586713097039405 0.023005678890738877 
3.0919381908767717E-4 0.98940257507379 
0.1621338527668859 0.6031456060824225 
0.6766437830726417 0.1806278214936624 
