3.8960658589668565E-10 1.0294697312569474 
0.9988393222044312 0.015667059269922026 
0.04481513935411885 0.8185610053134641 
0.4620060018083729 0.34141325768325137 
0.010305870605063827 0.9261266812780719 
0.057890206136955016 0.7886745680465151 
0.8722577936772998 0.0797979367747047 
0.037380298828424974 0.8420554464824108 
0.19948655133579507 0.5847724042765475 
0.9161059909852971 0.062269012904103284 
0.9361912783187494 0.04795744383520546 
0.1662038460097859 0.618947279524245 
0.02791898155505851 0.8563300210260724 
0.0979473162593959 0.7145858189561621 
0.5768440896132105 0.2679725508776355 
0.2851790798477198 0.48692978063583037 
0.07251504482023358 0.7580586403512634 
0.1332078819414801 0.663413651506472 
0.7614390222898504 0.14792237602281758 
0.32842608810905727 0.4500581996058683 
0.7986972529247589 0.12756918829760738 
0.10394078691362474 0.6987276277900913 
0.20728606519184375 0.5680491965632057 
0.3959186273709129 0.39045487522737454 
0.7475394146767423 0.15469715237180492 
0.01851088157319808 0.8970692418982639 
0.22041668709500684 0.5599402890997652 
0.8874306829536847 0.07470156149225594 
0.9648601881230676 0.03496298114370646 
0.680400975700375 0.19340436129351563 
0.948297103992678 0.04147132594201773 
0.11746493016262016 0.6882076101253259 
0.9020117535239442 0.06681752969657107 
0.47703864980336524 0.3323894146140052 
0.08436932425629834 0.7370517259473878 
0.0012818478376831644 1.0029211780411948 
0.40792103486529446 0.37915197149066376 
0.12646041503939054 0.6800388458879484 
0.2449036840387101 0.5315927412351417 
0.1823767579687895 0.5966337065335375 
0.7336541039763478 0.163903725579673 
0.6438984569060183 0.22363863836523157 
0.6574621428182151 0.21283879691204768 
0.17983832890058618 0.605373313177718 
0.5553546628864038 0.2790818376116758 
0.814553490277348 0.11868834795246984 
0.361723694266701 0.41821365448694925 
0.5371867497858872 0.2917072564647848 
0.7779083433734333 0.1381749750318359 
0.08513180947684144 0.7298537303978131 
0.3503096499787788 0.4273403621860503 
0.007309073727829518 0.9469001861952706 
0.48973762723326486 0.3280343688033294 
0.5039234899876263 0.31226577062046645 
0.6217542499065437 0.23165735010583555 
0.5591265349626212 0.27530574346210646 
0.2579940256467746 0.5132519529561351 
0.8294171721487866 0.10425757898233094 
0.6944207070691032 0.18390410624496073 
0.6054821199541685 0.23990937421069233 
0.7841477553092868 0.13457341512652432 
0.42679552195048703 0.37031372832333953 
0.0028816665014823606 0.973575495955481 
0.8378773063840754 0.09681443357413758 
0.06286848640382647 0.7766505790287103 
0.1524726034303255 0.6586615086374233 
0.3035559656926761 0.4779304447020228 
0.02249772832510899 0.8779810960093378 
0.26348391154774226 0.511549481967792 
0.3424430485936099 0.4463059105408569 
0.8189236345904034 0.10988767572475934 
0.31667818016480076 0.4670928225017344 
0.43844999249081573 0.3557603783418834 
0.9925057913771632 0.019089286035841688 
0.6039897905781388 0.24884140708731037 
0.15389887601269725 0.6537064989283553 
0.06852013665234302 0.7687460957575222 
0.3746452031632872 0.41471573268225537 
0.42478216116778833 0.3788340182324726 
6.817295227223297E-4 1.012305093345593 
0.8489711833252906 0.09327704079208976 
0.7020584270146405 0.18352640045164947 
0.43800768160787373 0.3606356652199292 
0.5167189462301425 0.30324568926993595 
0.7211542233184798 0.1683568158718137 
0.158327316564928 0.6361889684903291 
0.6683267112447163 0.1998671800050855 
0.9789379360890975 0.030019191756406972 
0.619999485371014 0.2333637998826618 
0.8489711833252906 0.09327704079208976 
0.9803565799313094 0.02567718411442967 
0.2753206378582159 0.4999088988119703 
0.3044909156898374 0.4760477583251483 
0.3830117276457553 0.3991037582204248 
0.23137422589847068 0.5489932933001201 
0.27534984186921846 0.4990957305547991 
0.7141794725838339 0.1774783739802786 
0.5252781943726254 0.2995878125974073 
0.005605872643836718 0.9570592082340066 
0.158327316564928 0.6361889684903291 
