3.8960658589668565E-10 1.0260610216993191 
3.8960658589668565E-10 1.0260610216993191 
0.9997087748505439 0.012681968070886698 
0.28313283320902055 0.4917148378220394 
0.3123467724997935 0.4656367193014172 
0.8908923761666157 0.07303235686839211 
0.4620060018083729 0.33874826257618706 
0.8189236345904034 0.10659754795132888 
0.9161059909852971 0.06023495493719326 
0.26418636834616127 0.5057953570230878 
0.4015714714350338 0.3827980693758199 
0.08513180947684144 0.7298537303978131 
0.7452915432666274 0.15411337608617778 
0.3830117276457553 0.39657818387788535 
0.1662038460097859 0.6134952296998201 
0.17942313689405298 0.5978309596151452 
0.6099725132210058 0.2314592523128086 
0.7743605067180298 0.13940543601013344 
0.7214602975069837 0.1655835220659574 
0.051403325581097836 0.7925059432792526 
0.43873452763090315 0.35709375407821525 
0.4110113886828338 0.3741337552536951 
0.03625017859618692 0.8298076549468911 
0.02791898155505851 0.8533782484738568 
0.7521064066442739 0.14630316281736389 
0.21890776230970593 0.5492715459211696 
0.10321227148930051 0.7042747477359721 
0.09706702386023333 0.7147215709459779 
0.5553546628864038 0.2718118970748578 
0.5909247240113322 0.24548998363430394 
0.01340931880722912 0.9126714273410026 
0.6909019361900934 0.1874334531479114 
0.9889495440302839 0.0191687723699701 
0.3424414944682372 0.4355911408177323 
0.8027808746169157 0.11925141932026645 
0.15701072511158876 0.6247562304113955 
0.42672314373554066 0.3627191313859315 
0.7141794725838339 0.17659987223086843 
0.5200615653651381 0.29326528398115276 
0.1891929633158625 0.5873802315011942 
0.8378773063840754 0.09681443357413758 
0.24184197495144127 0.5353717027696167 
0.7841477553092868 0.13028591949667104 
0.23127056757060685 0.5413307591896537 
0.006460893679862356 0.9525019583541227 
0.04221438141923656 0.8159800799774858 
0.3503096499787788 0.422821504071983 
0.6611878745297523 0.20854709034736044 
0.5106216481173381 0.301052652536993 
0.025672575844900486 0.863794859012923 
0.33242903947147145 0.4459675620392244 
0.24837716848320907 0.521002329126248 
0.684968107342581 0.18883983476745322 
0.6303336366826227 0.22576318699581163 
0.9464072373745045 0.040766729146958974 
0.11197458802984142 0.6858867397158708 
0.9360587781347735 0.04902065976848249 
0.050773623006325985 0.7945854874980876 
0.5397755931370255 0.2800022331278062 
0.008342690290886301 0.9342718502606325 
0.13043842899430935 0.6590152141748964 
0.9255939991401007 0.052558814481000554 
0.37413584224913893 0.4053262325176151 
0.2598669733428689 0.5196895016097909 
0.9561891274654496 0.035830108364287315 
0.48919411828224035 0.3189837461598924 
0.11398098413695612 0.6822123636715303 
0.7952476229979192 0.1233403613287912 
0.06775317661145941 0.7651262524838727 
0.8722577936772998 0.07973288320240399 
0.1981595625852757 0.5774363635860661 
0.06775317661145941 0.7651262524838727 
0.6438984569060183 0.2168517889539832 
0.8601086896553518 0.09250334933740222 
0.5698933554581778 0.26724240090802615 
0.5013762868098928 0.3100039483146796 
0.3582742322766419 0.41514061844894345 
0.018341719655110427 0.8903679414477057 
0.07844988496014214 0.7462223370047921 
0.6684556397084471 0.19852547019337263 
0.8445221963420082 0.09352031910904755 
0.5851177521856179 0.24872206839282263 
0.013299656168439589 0.9272472946854508 
0.9724257956340302 0.026596053580421695 
0.02057258827568903 0.8816041869216897 
0.6217542499065437 0.22802796735716788 
0.47703864980336524 0.32582463855765015 
0.3670446331822997 0.4116453512036189 
0.1486802333931439 0.6364387369793435 
0.6460020792153609 0.21274063782323546 
0.20178614069325548 0.5710287905439445 
0.31346749336722335 0.45835976584796867 
0.06934288698835485 0.7524383162196713 
0.53378974782664 0.28500546422797896 
0.5772605088178853 0.25847957225120866 
3.006702318483906E-4 1.0064001200550867 
0.0012818478376831644 1.0029211780411948 
0.0013471248981996933 0.9838609736220207 
0.9709412840187784 0.03466556890981384 
0.125424398725141 0.6695933105416424 
