0.9981595118386014 0.010868233156569887 
3.8960658589668565E-10 1.0184000493669343 
0.28243246442479464 0.4883099357941298 
0.04556074728310067 0.8080472349011112 
0.059343305480669795 0.7731866796983642 
0.30583368925669707 0.471914354648897 
0.20119035802933405 0.5699714975414387 
0.3691507796576985 0.4092248663361398 
0.4116636654200928 0.3694260441831531 
0.7521064066442739 0.14630316281736389 
0.5334038417207313 0.2822922290000041 
0.006460893679862356 0.9392498396723654 
0.8202796812351327 0.10454056223164601 
0.009491331500568273 0.9229103243974239 
0.30814190399209995 0.4589546646915807 
0.0033014227837334653 0.9626807917849288 
0.5909247240113322 0.24430728729569953 
0.8378773063840754 0.0960265747925183 
0.6831571286528212 0.18887454653848665 
0.6086705692070009 0.23220113171074466 
0.43006586038435957 0.36018029949178193 
0.08490113306956176 0.7284142541856424 
0.5144972687415222 0.2971147528530223 
0.9743103856106418 0.024624473868642686 
0.125424398725141 0.6691039571042094 
0.0011729335163621624 0.9973137893882597 
0.1662038460097859 0.6087594895819517 
0.8477578340274757 0.08846601251006772 
0.21366626824009546 0.5530088490920149 
0.26842011228816 0.4952140463101353 
0.23127056757060685 0.5368132107721352 
0.1891929633158625 0.583027588635503 
0.03604059233706608 0.8295660541221165 
0.9848386532108694 0.022372209752818492 
0.7297546777979289 0.15970143540500192 
0.771554558349756 0.13580072394703077 
0.6958059738297036 0.17917432752228313 
0.9561891274654496 0.0349193813892688 
0.3424414944682372 0.42931440581695324 
0.0016052580244997339 0.9788450471635167 
0.10343430174664647 0.700354958003035 
0.24837716848320907 0.520434515462317 
0.13144078927265748 0.655611412350662 
0.1433652812012108 0.6416207357143253 
0.1754320183399137 0.6007666467982536 
0.5673665396062152 0.26452266058448265 
0.4375659323464497 0.3531895050053588 
0.40089193654383504 0.3803251379834202 
0.5013762868098928 0.3099858759968849 
0.0691077076244451 0.751668382313341 
0.219531898988037 0.548299161190682 
0.24184197495144127 0.5315922969988425 
0.32959771426738693 0.450782773612707 
0.8657540493834895 0.08356883942449697 
0.8814038392595868 0.07334626427860362 
0.544932162935023 0.2804321274669271 
0.44868885140947784 0.3443573653026497 
0.15291831058878066 0.6264324138717974 
0.013271898177103808 0.9005246951068513 
0.11371809763118312 0.682157258485505 
0.8086493820629352 0.11243950217051436 
0.18182107827341376 0.5895896001258198 
0.0632091276087532 0.7693443378700776 
0.9400091121740197 0.04085275621207148 
0.4745351150101137 0.32415684469072903 
0.04221438141923656 0.8159800799774858 
0.1561230674533849 0.6219973826519819 
0.09128493193515425 0.7144931264557888 
0.46230780070937777 0.33386048570732596 
0.6621846847447231 0.2003526357864475 
0.7586101509380329 0.14125262523687535 
0.5772605088178853 0.25847957225120866 
0.7153583625432474 0.17222207298892303 
0.7975304686079269 0.12045004015952832 
0.8929282195451711 0.06716821601093183 
0.6390744327870586 0.21282317320660626 
0.629098657630043 0.22086268376494508 
0.0776943928861697 0.7427704535657521 
0.5827928773932393 0.2502091539366158 
0.2612971854337714 0.5068405896275617 
0.7053288531531621 0.1735179593843119 
0.2588898638642547 0.5134647601887595 
0.9304545317239634 0.048799247197667345 
0.9255939991401007 0.052558814481000554 
0.5106216481173381 0.301052652536993 
0.13810273009004997 0.6466850621065063 
0.8722577936772998 0.07958773518241241 
0.3939011852156392 0.38606795526986454 
0.6486168654883149 0.20841234412658258 
0.11398098413695612 0.6792246495765462 
0.336828567727825 0.4438990370764986 
0.35803320317804804 0.4144601955199258 
0.38696057132714123 0.3921587630989742 
0.38696057132714123 0.3921587630989742 
0.6698206755803113 0.19558905448909394 
0.9134067716900987 0.057799689511142074 
0.3503096499787788 0.4207028832841316 
0.48023242897479046 0.32077746847441574 
0.030764821956543127 0.8426803850979718 
0.949230534215756 0.036542075613759606 
