0.9981595118386014 0.010868233156569887 
3.8960658589668565E-10 1.0184000493669343 
0.01894529922983862 0.8838305958625015 
0.030764821956543127 0.8426803850979718 
0.22928005236882942 0.5404723786569691 
0.24813727051145115 0.5180333444172884 
0.0776943928861697 0.7427704535657521 
0.9641420947601357 0.03185517332045485 
0.5013762868098928 0.3071655278052473 
0.4116636654200928 0.3694260441831531 
0.2612971854337714 0.5068405896275617 
0.7975304686079269 0.12045004015952832 
0.7713518745679551 0.13426140425058156 
0.11970821263022485 0.6706587209163812 
0.629098657630043 0.22086268376494508 
0.28243246442479464 0.4883099357941298 
0.0011729335163621624 0.9949191128607542 
0.48023242897479046 0.32046800154377564 
0.013271898177103808 0.9005246951068513 
0.01252840196586777 0.9211787194689279 
0.44868885140947784 0.3443573653026497 
0.13144078927265748 0.6532827601541668 
0.5294237555331522 0.28455380045905054 
0.08945715701345713 0.717720565032862 
0.1891929633158625 0.583027588635503 
0.8477578340274757 0.08695522447312287 
0.8376522876743262 0.09677969932354849 
0.2904196566981999 0.4747958782289532 
0.7521064066442739 0.14630316281736389 
0.05926385765036865 0.7753099155582959 
0.43006586038435957 0.3599592385649038 
0.052208776360433584 0.7900772366562809 
0.9134067716900987 0.057799689511142074 
0.20119035802933405 0.5671865665936373 
0.32959771426738693 0.450782773612707 
0.3424414944682372 0.42931440581695324 
0.03604059233706608 0.8295660541221165 
0.5827928773932393 0.2502091539366158 
0.047950400233987334 0.8033249316175868 
0.7353838104958463 0.1585778451553802 
0.6485651071310471 0.20655325445070039 
0.9848386532108694 0.022372209752818492 
0.1433652812012108 0.6416207357143253 
0.3743067859790932 0.4020903558071408 
0.0033014227837334653 0.9626807917849288 
0.9414116910531405 0.04018772554156569 
0.40089193654383504 0.3803251379834202 
0.8814038392595868 0.07246337731100605 
0.336828567727825 0.4438990370764986 
0.0016052580244997339 0.9749644864789124 
0.6390744327870586 0.21282317320660626 
0.30368425307844704 0.46304948907987054 
0.06517306820011282 0.7624273491841201 
0.5471460028271503 0.2739075246230059 
0.0691077076244451 0.751668382313341 
0.7153583625432474 0.17030035876497365 
0.8657540493834895 0.08356883942449697 
0.6103444599828013 0.2297850121505724 
0.4745351150101137 0.32415684469072903 
0.8086493820629352 0.1109344630001792 
0.3503096499787788 0.4194951556022846 
0.6958059738297036 0.17766108266767178 
0.9743103856106418 0.022402499732043425 
0.007819946657461718 0.9386133921654866 
0.5710321330205329 0.2575507057774771 
0.31027841084896524 0.4553756513570846 
0.5144972687415222 0.2971147528530223 
0.35803320317804804 0.4144601955199258 
0.8929282195451711 0.06494820852783 
0.15291831058878066 0.6264324138717974 
0.3691507796576985 0.4092248663361398 
0.669347382119814 0.19382402425123516 
0.0056438247520436136 0.944383108309733 
0.1132158723424006 0.6859029549839798 
0.219531898988037 0.548299161190682 
0.5673665396062152 0.26452266058448265 
0.5985285534480164 0.239812446090914 
0.7053288531531621 0.1735179593843119 
0.21366626824009546 0.5530088490920149 
0.8722577936772998 0.07958773518241241 
0.2070721104695773 0.5627006733769329 
0.10343430174664647 0.700354958003035 
0.5909247240113322 0.2415648987561494 
0.6792209540214065 0.18695843482236021 
0.6860712008873999 0.18459654218378896 
0.3939011852156392 0.38606795526986454 
0.5426066618359561 0.2834623802999034 
0.7279977548888894 0.16427070251941717 
0.2588898638642547 0.5134647601887595 
0.7586101509380329 0.14125262523687535 
0.823854492611922 0.104101194369676 
0.13810273009004997 0.6466850621065063 
0.9304545317239634 0.048799247197667345 
0.16097595539955453 0.6156965246350228 
0.18182107827341376 0.5895896001258198 
0.46230780070937777 0.33386048570732596 
0.1662038460097859 0.6086826083039498 
0.46230780070937777 0.33386048570732596 
0.4375659323464497 0.35215383078105444 
0.6086705692070009 0.23220113171074466 
