0.9960408482320229 0.005654153090652203 
3.8960658589668565E-10 1.0089942608907425 
0.15410197170857273 0.6258650065126427 
0.1769149163763401 0.5871173932656195 
0.7980532641945779 0.11184955625868434 
0.35288704943457716 0.41211475027490624 
0.775314354843053 0.12588440728570113 
0.04314117006514856 0.8083168736542048 
0.49887378006564304 0.3003273742525456 
0.9484679565630372 0.03230943067214154 
0.26519286836805483 0.4948203878964635 
0.33846402577926465 0.42619101871750686 
0.4656327985888661 0.325514697824982 
0.8310610387707171 0.09729082003199542 
0.11022866524053831 0.6784333045780946 
0.6426978731109361 0.20465669412562662 
0.149697883155726 0.6339919455811234 
0.026788416205868137 0.848042674985006 
0.009566954301269137 0.9200540556462815 
0.017535547512281036 0.874819923586842 
0.09957592760030688 0.69226439979551 
0.8474359105314877 0.08467023921175965 
0.13138294819882063 0.6512259187164802 
0.45136339003979686 0.33387847845381485 
0.7110881097769748 0.16564883550347634 
0.25209367180598696 0.5062039501643252 
0.3710214257242982 0.3969724808771207 
0.6502736468257282 0.19856863766266583 
0.6206858706863183 0.21710329630825928 
0.012192915551414732 0.9005478349848565 
0.057812556729652964 0.7680752561242852 
0.32786780144304534 0.43710271866378336 
0.4392383997613316 0.34486081227682985 
0.22251555063897696 0.5364398239946385 
0.05061253607567384 0.7840427873168769 
0.9327931898026942 0.0399956460714449 
0.11925123881138738 0.6627250831007071 
0.3878155795860512 0.38281089121475953 
0.7179799769072935 0.1567338245185015 
0.6920270211506511 0.17650913067654825 
0.06597511737412262 0.7519968539082478 
0.034954143291397316 0.8206722388135141 
0.4214106857260358 0.35858453331299556 
0.967021857053795 0.02300423635869798 
8.128793075255492E-4 0.9796603087542631 
0.1861422148076346 0.5772399982077188 
0.07613961630679013 0.7331475673002793 
0.5773633585200011 0.24461906566221436 
0.27664143884171594 0.4806355989614518 
0.47942330485712037 0.312481373148563 
0.7311096249111451 0.1491712585165686 
0.5441972578729222 0.2730965601852943 
0.4833552424734718 0.3114563890268763 
0.6692753361721447 0.18729572671058534 
0.09197787971829974 0.707237380598248 
0.015247046689632227 0.8840943130889841 
0.37740483946666037 0.3918657357879847 
0.5191008599170359 0.2908091257721702 
1.8012645463745753E-4 0.9950763306272101 
0.7584201879397707 0.13375272428232893 
0.5160149639352791 0.29238254075130965 
0.31575730301286553 0.4442835737347303 
0.9892293660443896 0.009889739882782142 
0.2306409114231936 0.5289512705431666 
0.07232502269988578 0.747135409512342 
0.9780247270190826 0.016753609898738996 
0.9233137690929515 0.044837332264662785 
0.6024177338487716 0.23124286360267482 
0.8845285892937108 0.06485983613937656 
0.28835109522263513 0.4704334443032717 
0.19780889084692316 0.5624429133275708 
0.8812683121901649 0.07000769923289779 
0.4053020519672091 0.36887307757565446 
0.004791327817090352 0.9412021149576635 
0.5302239071046835 0.27588385908223306 
0.9133030909271693 0.04887388114349353 
0.21028990171853532 0.5497543100703615 
0.6763138577850952 0.18393973933419647 
0.7480557580851306 0.13987475298162805 
0.7385381182999127 0.14556191029736884 
0.5882550606032215 0.2381441526362581 
0.21290002740524505 0.5491871967046823 
0.6157613248144729 0.22123787130069678 
0.898739724132811 0.05944235623538595 
0.19801814450535288 0.5612194408310054 
0.8586358572987378 0.07833847366913499 
0.8160463232511717 0.10264240237000975 
0.004685549911316162 0.9426459907779815 
0.8659657951101524 0.07394955965164923 
0.12456681116873164 0.6553771940528617 
0.2368403021562115 0.5217786160169335 
0.8160463232511717 0.10264240237000975 
0.6064828639165691 0.22815792289537892 
0.6886534738108854 0.1790908400434374 
0.39798358246394505 0.3758610502211149 
0.05313192483717988 0.7803633969787257 
0.030892998437367036 0.8312745730777741 
0.3073285125084839 0.4548109171422108 
0.42988636064503005 0.35086821140267943 
0.28144540582664146 0.478541255628866 
