0.9960408482320229 0.0071146565708758895 
3.8960658589668565E-10 1.0111625766720858 
0.26291644732515695 0.4971620680837252 
0.8221675715852607 0.09976427029443834 
0.3525339354086844 0.4137172161570652 
0.7179799769072935 0.15822466184286954 
0.9559038840472066 0.028698968752247537 
0.004741929150444246 0.9474600130351215 
0.0013022654493430996 0.9747606316279152 
0.6502736468257282 0.19954553061871744 
0.2413784953847332 0.5160995708568975 
0.3355375341049256 0.43008121831251334 
0.4075118398713584 0.37109488618202147 
0.28634519316037316 0.47588603010476027 
0.023057830139619317 0.8619896647600649 
0.669067470913868 0.18928880387974883 
0.9147059386709464 0.050611143421282936 
0.06639816086059958 0.7546659771808728 
0.2760267249983002 0.48509814856402056 
0.03313606154306195 0.8296724136683266 
0.016101671302508558 0.8868623748509107 
0.37376562764081944 0.3960827269803205 
0.9329205802079921 0.042001942727444876 
0.5457151549432726 0.2676835317669327 
0.6214830446056606 0.21895574071630594 
0.02733543063670668 0.8506577762654822 
0.19903336550362283 0.5628253693388181 
0.8477578340274757 0.08487015590988639 
0.0557314404418722 0.7775520059264303 
0.41775259568951667 0.3617415304944747 
0.047950400233987334 0.8005785435489254 
0.8845285892937108 0.0651177808522268 
0.3645391116792175 0.40533432717519574 
0.863707967198227 0.07853897124395592 
0.5369278645429909 0.27717357068703924 
0.2996844466557699 0.46118229094465557 
0.12657440507876028 0.6536035341794634 
0.8090730636800721 0.1070159434136475 
0.228491007805109 0.5303116953178556 
0.1185098107447398 0.6663792483814716 
0.07375756343160755 0.7412069734310481 
4.5131413564931423E-4 0.9939996973238964 
0.7584201879397707 0.13388701167263695 
0.1109428869903446 0.6760504698560567 
0.9432400338836775 0.03597001544483376 
0.5011494931418916 0.3099359136927329 
0.6816393719409598 0.1845383155448618 
0.7038882775943957 0.17048635977923882 
0.5075837815190932 0.3004420745810162 
0.7345205691885591 0.14772242581426812 
0.18629707805574086 0.5793804575898023 
0.8738168180259017 0.07157713468220354 
0.31575730301286553 0.4471012522530502 
0.146297853289323 0.6257738919635747 
0.5225550210477066 0.2829355071339474 
0.3925156888940597 0.38439971150599195 
0.5599468805619352 0.25759912136953034 
0.05735830494152494 0.7699606717941124 
0.4292909535458941 0.3531162763366411 
0.5161613263615998 0.29018027859653744 
0.6024177338487716 0.23207095498967403 
0.6089598975635676 0.22685688134506277 
0.9780247270190826 0.018061151306910352 
0.7980532641945779 0.11377936504177756 
0.09149117119165097 0.7076505639305749 
0.790049491469355 0.11964388235394581 
0.7480557580851306 0.14177846293997937 
0.39166012032308123 0.38903645709877954 
0.13495218939207504 0.6445597080703226 
0.30640787408351855 0.45764389082989565 
0.13927180570731718 0.6358867680747264 
0.5773633585200011 0.24683656567155385 
0.08809287027194368 0.7134483344985596 
0.20970012461982346 0.5530017115428181 
0.4834996806416911 0.31221813108228463 
0.7721408918642321 0.1286367408753289 
0.9941876380132951 0.008041648122228563 
0.6920270211506511 0.17662086108099223 
0.23882752848960087 0.5222638260633186 
0.9780247270190826 0.018061151306910352 
0.9015129426999456 0.060148740787296685 
0.5889286699794936 0.23924328862624233 
0.012496803171252152 0.9104600921480788 
0.10037363128981593 0.6945941367327068 
0.10539663037239988 0.6896899485166361 
0.6347349163986933 0.21016772430052774 
0.08079310774408588 0.7268486740676612 
0.013307304988319228 0.8959618384557169 
0.44868885140947784 0.3396419337203721 
0.006662606330145593 0.9275100971742201 
0.46577701711729524 0.3264082773668171 
0.16340643944068656 0.6038008037522776 
0.038762288983693216 0.8174592108396924 
0.6381591798446731 0.20814859483978843 
0.9028499830294995 0.057118407061812856 
0.32786780144304534 0.43716714096936976 
0.8482277754256924 0.08457945639530096 
0.15447425328500267 0.6169748749032459 
0.3266872781642967 0.4436902260120722 
0.21926656642038655 0.5412682319506941 
