1.0207215932456909E-4 1.9489286957835459 
0.0022997717448722255 1.8745039329823023 
0.19513439179657194 1.2342000982013182 
0.02806765992140209 1.5464541542788157 
0.33436110239228095 1.1093310147861488 
0.32827814815866646 1.1606477420457049 
3.287840953103416E-7 1.977085977080245 
5.605565570054871E-8 2.076624697494268 
8.21960651191504E-5 1.9668720050791588 
0.371508443704888 0.9585017755924948 
0.6720813987774755 0.6954781932536551 
0.1446616086160375 1.398993056156864 
0.5890221023130161 0.8134836433142801 
0.8286993127719434 0.5488552631566704 
0.3551027268982875 1.0362949851662207 
0.0022997717448722255 1.8745039329823023 
0.01693058532353696 1.7391890628435294 
0.32305241762774894 1.2295073297202541 
0.5725818960117159 0.8549335672502287 
0.7235335359480454 0.6509907849325556 
0.0010126841185394081 1.8805215384952778 
0.5358806662082309 0.8732033279308736 
0.01731966006593727 1.6839242720406624 
0.1590501561122144 1.235849509781226 
0.6226808114973654 0.7786232080822094 
0.07432726101998596 1.4423045562916095 
0.901576672520098 0.48291583657130516 
0.0032407807252759213 1.7771653381307944 
0.3571476436314221 1.0157687653128111 
0.033522972738635026 1.5604583365094105 
0.02806765992140209 1.6542116378704956 
0.3483876071590044 1.1281298618631341 
0.33686837655178037 1.13435846657968 
0.33436110239228095 1.1468905345404972 
0.32827814815866646 1.1994143099979688 
3.287840953103416E-7 1.9970947747335368 
5.605565570054871E-8 2.097520736788201 
0.371508443704888 0.9880704727903724 
0.7168194121059202 0.7701743522955339 
0.7212851458764968 0.7535049909209027 
0.618179505453205 0.846244791295208 
0.8338706449668216 0.5593332828594444 
0.5746333068112118 0.8621086423934753 
0.5767993717237369 0.8549868417940598 
0.8303122434197057 0.6770596693149393 
0.002178276160516468 1.9705696138613338 
0.5358806662082309 0.9606452762987916 
0.02785929661945369 1.6902060054065284 
0.026842105598559263 1.6912316524488136 
0.018714473874746673 1.7182516090064288 
0.1590501561122144 1.3311019878548627 
0.19544651754369224 1.2414841928588753 
0.19513439179657194 1.252454271411992 
0.19245274628585035 1.258970538833002 
0.6420523606558945 0.8361292242064529 
0.07432726101998596 1.4648297345874786 
0.07479255261321163 1.46127284994404 
0.901576672520098 0.49047224409971557 
0.004340991178558674 1.8460024832597768 
0.014888307839695664 1.82946237850779 
0.016806927591789245 1.793090178944206 
0.003290634094130676 1.9556915732820463 
0.009323368260496151 1.8338676155042302 
0.3571476436314221 1.0647662852674498 
5.605565570054871E-8 2.3293434200394976 
0.901576672520098 0.5040355292360191 
0.1944486847319165 1.267926005868605 
0.3723721109492865 0.994327247551991 
0.33436110239228095 1.1599140732336275 
0.5358806662082309 0.9800993143017921 
3.287840953103416E-7 2.0032544902856344 
0.6213431266342974 0.8477143621191133 
0.7245585465070317 0.7762644684146099 
0.8303122434197057 0.7050054901823728 
0.1590501561122144 1.388176316081826 
0.0785702229150834 1.465760790093475 
0.7207942316716942 0.8059610469583601 
0.8866952192754726 0.5722164888421998 
0.5767993717237369 0.8630170601821324 
0.04495236796456106 1.568124162304444 
0.8361757091390549 0.6096147835961525 
0.5663537914312641 0.9686046073513332 
0.1692520113656935 1.3499140160664005 
0.033522972738635026 1.6446471381574685 
0.07702919913610702 1.519321989546382 
0.3619008414407259 1.0698045392045343 
0.016806927591789245 1.8124704429857124 
0.026842105598559263 1.7019405522441147 
0.013352689598766898 1.87761168995005 
0.8338706449668216 0.6751005483119902 
0.004340991178558674 1.9510538594422548 
0.018714473874746673 1.739455671697726 
0.34649181724297884 1.1344521966846128 
0.014641435614313913 1.840835037240263 
0.003290634094130676 1.9759842813238744 
0.024451829522147556 1.735445928488367 
0.3455224463063395 1.1514317613030376 
0.3587350761114948 1.0947451620141246 
0.3587350761114948 1.0947451620141246 
0.01412436656989978 1.8631901483923825 
