0.6720813987774755 0.6954781932536551 
0.01731966006593727 1.6839242720406624 
0.8286993127719434 0.5436358041105119 
5.605565570054871E-8 1.8222764006685164 
0.621101882452606 0.7240739835486307 
0.1590372991872153 1.1854428826581846 
0.5358806662082309 0.8248462188976586 
0.5242771661534861 0.8334281870833005 
0.017307459092343297 1.7204511352196876 
0.6720813987774755 0.6954781932536551 
0.9008744000157908 0.519778024619697 
0.6727836651841915 0.6576841257026715 
0.3282173307049522 0.9575126884543482 
0.901576672520098 0.4569429793386794 
0.8427938868224505 0.5279602694936172 
0.07088270301821722 1.3636835224133048 
0.0016592855716672794 1.734435629911273 
0.024454223924987736 1.583298297144954 
0.5904794765301602 0.759277115124082 
0.7199832475156802 0.6327898242964386 
0.5767993717237369 0.8174507238325458 
0.5867576266821527 0.7705884307663162 
0.524225591844038 0.8431791686473983 
0.32303486584670893 0.9700957118588052 
0.02738261620776294 1.4989136699885441 
0.8276833654996189 0.6106347870141704 
0.01850506815527121 1.6908166390157342 
0.8286993127719434 0.5488552631566704 
0.8286993127719434 0.5488552631566704 
3.287840953103416E-7 1.8424873144635163 
5.605565570054871E-8 1.9560316315330408 
0.621101882452606 0.7562272889104641 
0.1590501561122144 1.235849509781226 
0.1596893215129162 1.1956388129852775 
0.717852854845265 0.7261448721772198 
0.7163290366432751 0.744029617598948 
0.371508443704888 0.9585017755924948 
0.35005282839853513 0.9644526139860289 
0.901576672520098 0.4759612160809925 
0.8473595162603456 0.5468296324918823 
0.07300314624886195 1.4381009088258068 
0.15131556895970266 1.3773143457726165 
0.07725565456616729 1.4207060110964411 
0.07854311689943463 1.3862039823562775 
0.07432726101998596 1.4218757266159587 
0.0016592855716672794 1.736957858289785 
0.7235335359480454 0.6509907849325556 
0.7245585465070317 0.6441743517202474 
0.5890221023130161 0.8134836433142801 
0.6031115945971126 0.8093205708131314 
0.6196141104657877 0.7727847412141268 
0.616109795516365 0.782257776009476 
0.5359322405176791 0.854812913525221 
0.5261908270794302 0.8570672442761607 
0.32303486584670893 1.0180987450800654 
0.02738261620776294 1.5350652887557992 
0.033522972738635026 1.5267791192048425 
0.026842105598559263 1.6912316524488136 
0.018714473874746673 1.7182516090064288 
0.8338706449668216 0.5593332828594444 
0.8303122434197057 0.6267340521940203 
0.0010126841185394081 1.8503226977974652 
3.287840953103416E-7 1.920730423744636 
5.605565570054871E-8 1.9583279355415062 
0.1590501561122144 1.2542233846861963 
0.1692520113656935 1.2239123639777456 
0.16766973684216163 1.2468770499066477 
0.7212851458764968 0.7535049909209027 
0.7168194121059202 0.7701577527940123 
0.371508443704888 0.962940429656139 
0.3571476436314221 1.0157687653128111 
0.370051069487744 1.004006082665263 
0.901576672520098 0.48291583657130516 
0.9051309746777093 0.47975671696147965 
0.07300314624886195 1.4918773994038665 
0.1446616086160375 1.398993056156864 
0.07432726101998596 1.4423045562916095 
0.07480478835291264 1.4350153390810862 
0.01693058532353696 1.7391890628435294 
0.0016592855716672794 1.7410941375265792 
0.7235335359480454 0.6809734620209968 
0.740022927327334 0.6732465602174083 
0.8072719352354926 0.6545699174515814 
0.7146324929404952 0.7759579195337506 
0.6226661336376814 0.776957094143904 
0.618179505453205 0.846244791295208 
0.5725818960117159 0.8549335672502287 
0.5261908270794302 0.8607065790847441 
0.35399165381741904 1.0301781518951254 
0.32303486584670893 1.0679211468879035 
0.02806765992140209 1.5464541542788157 
0.02785929661945369 1.675358143952262 
5.605565570054871E-8 1.999193372537022 
0.90159130544353 0.48458896083680164 
0.371508443704888 0.9697738944849026 
0.5261908270794302 0.8699434485661459 
0.02806765992140209 1.5465253585069432 
0.8778982135245483 0.5910350590073082 
0.32305241762774894 1.2295073297202541 
0.19513439179657194 1.2342000982013182 
