0.01731966006593727 1.6839242720406624 
0.8286993127719434 0.5436358041105119 
5.605565570054871E-8 1.8222764006685164 
0.621101882452606 0.7240739835486307 
0.1590372991872153 1.1854428826581846 
0.5242771661534861 0.8334281870833005 
0.3282173307049522 0.9575126884543482 
0.07088270301821722 1.3636835224133048 
0.024454223924987736 1.583298297144954 
0.5904794765301602 0.759277115124082 
0.5867576266821527 0.7705884307663162 
0.524225591844038 0.8431791686473983 
0.32303486584670893 0.9700957118588052 
0.02738261620776294 1.4989136699885441 
0.8426348456597712 0.47712103221023355 
0.8846526702641175 0.4338470178460382 
0.19460111717558043 1.1834130008097383 
0.01731966006593727 1.6839242720406624 
0.672292488168451 0.6517542854469646 
0.8840106972352002 0.46813856730067893 
0.01783803777086662 1.5873675093088657 
0.024906728005740175 1.5742152322939216 
0.5245718817395424 0.8001820471849107 
0.14730534414674856 1.3176044485369653 
1.203770086066619E-4 1.7166101827226112 
0.7199832475156802 0.6077438041983627 
0.043676602626641 1.4765693526958596 
0.5157736575864384 0.8669938267810993 
0.8798313425068254 0.470682563716128 
0.371508443704888 0.9534115945800871 
5.043352503332067E-8 2.1015917647920084 
3.3441521714001853E-7 1.7239460301077598 
0.6226661336376814 0.7148056254495727 
5.605565570054871E-8 1.8222764006685164 
0.6679108821099377 0.6663162568817811 
0.595352259604414 0.7508757251416259 
0.15131556895970266 1.3023175008473002 
0.375348663447697 0.8924309522173496 
0.8286993127719434 0.5488552631566704 
0.8286993127719434 0.5488552631566704 
0.842482511620296 0.5467787255854597 
0.621101882452606 0.734498270162511 
0.1596893215129162 1.1956388129852775 
0.16307487875734133 1.1854604610737982 
0.1590501561122144 1.1963110570527091 
0.35005282839853513 0.9644526139860289 
0.07300314624886195 1.4381009088258068 
0.07854311689943463 1.3862039823562775 
0.07345421009603677 1.3933623420213048 
0.07088270301821722 1.4463493311674709 
0.08594499903542302 1.3807381461871302 
0.32303486584670893 0.9788298046496775 
0.02738261620776294 1.5240329545358633 
0.0359817219454554 1.5222064809257867 
0.8427938868224505 0.5279602694936172 
0.8498291112247851 0.5076418009129201 
0.901576672520098 0.4569429793386794 
0.6727836651841915 0.6576841257026715 
0.021172674791179402 1.6159986912573827 
0.01850506815527121 1.6314604105388766 
0.023942848078478046 1.5944002888908044 
0.5358806662082309 0.8248462188976586 
0.5767993717237369 0.8174507238325458 
0.5890221023130161 0.8134836433142801 
0.5253343415791519 0.8558721837588439 
0.5261908270794302 0.843918188935715 
0.017307459092343297 1.7204511352196876 
0.7199832475156802 0.6327898242964386 
0.7235335359480454 0.6106127674050705 
0.04838343217371216 1.496401238603814 
0.8981478607174714 0.4800044939040373 
0.371508443704888 0.9585017755924948 
0.0016592855716672794 1.734435629911273 
8.904092915155287E-5 1.763818725804594 
5.605565570054871E-8 1.8309349721273547 
0.6720813987774755 0.6954781932536551 
0.6720813987774755 0.6954781932536551 
0.6031115945971126 0.8093205708131314 
0.6196141104657877 0.7727847412141268 
0.616109795516365 0.782257776009476 
0.15131556895970266 1.3773143457726165 
0.901576672520098 0.4759612160809925 
5.605565570054871E-8 1.9560316315330408 
0.30657185664961484 1.2124944969823614 
0.371508443704888 0.9586960556302976 
0.5261908270794302 0.8570672442761607 
0.1446616086160375 1.398993056156864 
0.32303486584670893 1.0180987450800654 
0.621101882452606 0.7554157157724698 
0.01850506815527121 1.6908166390157342 
0.1692520113656935 1.2239123639777456 
0.8276833654996189 0.6106347870141704 
0.7245585465070317 0.6164019930077429 
0.1590501561122144 1.235849509781226 
0.02738261620776294 1.5350652887557992 
0.07300314624886195 1.4918773994038665 
3.287840953103416E-7 1.8424873144635163 
0.7146324929404952 0.7454441318494051 
0.618179505453205 0.8373641797590199 
0.8529971492474248 0.5116188331578466 
