0.7117105004973101 0.9047639234252073 
0.17386992689301023 1.5239758695092276 
0.3483876071590044 1.2313251737231152 
0.3604404114209322 1.181588824687775 
0.8407300104360894 0.7703091239217749 
0.3455224463063395 1.3471597239258903 
0.8407300104360894 0.7703091239217749 
0.3743208484517747 1.055019350353797 
0.36298703737964877 1.1662288196696196 
2.002274049058561E-4 2.1850522113379025 
0.6233558845080251 0.9358794239301215 
0.6228679713782006 1.0363138592475005 
0.010921000013506113 1.9806796300045 
0.016706207770466663 1.9470451638524064 
0.035945939043679986 1.668114583206816 
0.003290634094130676 2.0352402240666474 
3.287840953103416E-7 2.39972638473113 
0.1944486847319165 1.3580137051512942 
0.00158039984463592 2.1708992375262546 
0.901576672520098 0.6129927918437053 
0.07099271683722408 1.6475464185939055 
0.34787782336747225 1.3436826242121127 
0.7245585465070317 0.8887128073722 
0.8733126751642122 0.70587624426927 
0.7195510485928718 0.9293365539544619 
0.17386992689301023 1.5486914516542134 
0.3483876071590044 1.258448809895064 
0.3592073381793296 1.2487897914942805 
0.3604404114209322 1.19576073858854 
0.8731422598476305 0.8799201828516212 
0.5806340373823651 1.0861600426341047 
0.6226522909507181 1.056706543763694 
0.3743208484517747 1.091299410497106 
2.002274049058561E-4 2.283526902525431 
9.8096818265761E-4 2.2140879520388115 
0.6233558845080251 0.9392030651572482 
0.023359863231464287 2.013061698128301 
0.02397861830880545 1.9948131395533137 
0.035945939043679986 1.8169736341361231 
0.022930273230417908 2.046722962913246 
0.003290634094130676 2.0554168463372777 
1.548391490106306E-5 2.428833243171345 
3.287840953103416E-7 2.487397554536617 
0.1959476926781566 1.4827528767514158 
0.33686837655178037 1.3777895563879494 
0.08999496189692759 1.6902371905490257 
0.07744597040067942 1.7879683746336137 
0.8924896327347259 0.7220662817670089 
0.7245585465070317 0.9337092360955315 
0.17386992689301023 1.5617931899332511 
0.3483876071590044 1.3534362505200477 
0.36298703737964877 1.26019839499312 
0.3604404114209322 1.3012267843869314 
0.8731422598476305 0.8849617277516586 
0.6226522909507181 1.069628479608412 
0.3743208484517747 1.111663483868604 
0.0010733863386985162 2.2607139759299133 
0.7235899524958417 0.9437245488566768 
0.6343872019854977 0.9630238220836798 
0.6233558845080251 1.0618800092157024 
0.0275979040327812 2.022826874765754 
0.05752739157173292 1.821609587884872 
0.035945939043679986 1.9611278125865876 
0.043582764980621524 1.9226691416704655 
0.003290634094130676 2.188033973094369 
0.0059660159198994395 2.0714289406214648 
0.005299335727928095 2.123488413082727 
0.026176689751652188 2.0686530871754565 
1.548391490106306E-5 2.465549775294293 
3.287840953103416E-7 2.5085790672731934 
0.8924896327347259 0.8350078615716818 
0.9124151987994772 0.8081023482342713 
0.9069595891926779 0.8228560289352614 
0.9185293752759521 0.793208400711894 
3.287840953103416E-7 2.550590839739899 
0.9155030514411671 0.8159904194267834 
0.3483876071590044 1.362307163076713 
0.20290645644655508 1.5733792042276513 
0.06148566160609942 1.8306849387809392 
0.17386992689301023 1.6041904910351619 
0.5718807859243836 1.2354448262381619 
0.3743208484517747 1.2706892458745342 
0.8298953000963856 0.9450767427572467 
0.7245585465070317 0.9505413297477779 
0.6770608362273596 1.0584345992864899 
0.8731422598476305 0.898992511195219 
0.6228679713782006 1.0986010695246669 
7.394784167147929E-4 2.485652004359825 
0.0010733863386985162 2.3281821666361715 
0.5802968901918826 1.178586439046334 
0.6121156265083065 1.1355447271247192 
0.01745496528255558 2.081762946052879 
0.3662360500818512 1.3005362180083175 
0.003290634094130676 2.2393298968589193 
0.0059660159198994395 2.1602613308025647 
0.05970362109277183 1.9207872979415603 
0.04347334508552514 1.9974986032535413 
0.6874345650545957 1.0056414657849253 
0.048201755623060005 1.9304435133187596 
0.04347334508552514 1.9974986032535413 
