0.7117105004973101 0.9047639234252073 
0.023359863231464287 2.013061698128301 
0.003290634094130676 2.188033973094369 
0.17386992689301023 1.5239758695092276 
1.548391490106306E-5 2.428833243171345 
0.0059660159198994395 2.0714289406214648 
0.3483876071590044 1.2313251737231152 
0.3604404114209322 1.181588824687775 
0.8407300104360894 0.7703091239217749 
0.5806340373823651 1.0861600426341047 
0.6233558845080251 0.9392030651572482 
0.022930273230417908 2.046722962913246 
0.1959476926781566 1.4827528767514158 
0.035945939043679986 1.8169736341361231 
2.002274049058561E-4 2.283526902525431 
0.005299335727928095 2.123488413082727 
0.3743208484517747 1.111663483868604 
0.3455224463063395 1.3471597239258903 
3.287840953103416E-7 2.5085790672731934 
0.6226522909507181 1.056706543763694 
0.7195510485928718 0.9293365539544619 
0.003290634094130676 2.2393298968589193 
0.17386992689301023 1.5486914516542134 
0.012093800892473167 2.1162839880082394 
0.3483876071590044 1.258448809895064 
0.3604404114209322 1.19576073858854 
0.8731422598476305 0.8799201828516212 
0.8924896327347259 0.8350078615716818 
0.9124151987994772 0.8081023482342713 
0.9069595891926779 0.8228560289352614 
0.700258043665176 0.9872631181241492 
0.7117105004973101 0.9646015812312942 
0.026176689751652188 2.0686530871754565 
0.05970362109277183 1.9207872979415603 
0.04347334508552514 1.9974986032535413 
0.04347334508552514 1.9974986032535413 
0.06148566160609942 1.8306849387809392 
0.048201755623060005 1.9304435133187596 
0.0016110264182478318 2.2918849296453425 
0.0016110264182478318 2.2918849296453425 
0.0010733863386985162 2.3281821666361715 
0.0059660159198994395 2.1602613308025647 
0.580385551989017 1.1921034308218594 
3.2607133952960304E-4 2.5419783144695294 
6.245497049911163E-4 2.5219247181194806 
3.287840953103416E-7 2.550590839739899 
0.6228679713782006 1.0986010695246669 
0.6770608362273596 1.0584345992864899 
0.7245585465070317 0.9337092360955315 
0.7235899524958417 0.9437245488566768 
0.003290634094130676 2.2533718142330685 
0.21560431009087544 1.6293463018129482 
0.18857661295422223 1.657235912759978 
0.17871090467226874 1.7558157533350316 
0.33566348880724883 1.6042842492979454 
0.016706207770466663 2.1451598455615026 
0.3483876071590044 1.3534362505200477 
0.36298703737964877 1.26019839499312 
0.8731422598476305 0.898992511195219 
0.8924896327347259 0.8497465907824838 
0.8950106614408582 0.8476539733724184 
0.9155030514411671 0.8159904194267834 
0.9124151987994772 0.8391021319744383 
0.708679570777278 1.0343722692868145 
0.7117105004973101 1.0116569456175488 
0.7155921346711924 0.9969910715066724 
0.7220375176309239 0.9649838853965625 
0.043582764980621524 2.042884857020181 
0.12083911815870274 1.8740651012111362 
0.10200444034260403 1.8963492411336216 
0.06148566160609942 1.9854757250347992 
0.08999496189692759 1.9545867834704427 
0.0012242198724073394 2.3323186707007024 
0.0011363931602747235 2.491408110443094 
0.0059660159198994395 2.2390911974573324 
0.611778479317824 1.2179710859211976 
3.287840953103416E-7 2.5903406398148117 
0.6228679713782006 1.1529199973941773 
0.6770608362273596 1.0654103763445197 
0.6913294876781806 1.062555726886091 
0.9126307014095628 0.8420048297946989 
3.287840953103416E-7 2.6029433597662663 
3.287840953103416E-7 2.6029433597662663 
0.5951127399010006 1.2624144465918585 
0.3743208484517747 1.2706892458745342 
0.34246716434262536 1.6440652463806789 
0.7245585465070317 0.9514146255281841 
0.8924896327347259 0.8544668727502429 
0.6381206163755313 1.1593273521276124 
0.0012242198724073394 2.363240324044923 
0.20290645644655508 1.6609484111406416 
0.046322862505987106 2.059409719447703 
0.3483876071590044 1.3801159188097885 
0.09148724865228566 1.969770012358521 
0.1815506259647503 1.9130784971615329 
0.003290634094130676 2.2804126408862126 
0.11577888662243764 1.9146935774749865 
0.018325481036876035 2.1632379103548747 
0.3567877261348983 1.3676668903008824 
0.02397861830880545 2.1538950976408864 
