5.605565570054871E-8 1.8222764006685164 
0.3282173307049522 0.9575126884543482 
0.07088270301821722 1.3636835224133048 
0.024454223924987736 1.583298297144954 
0.5904794765301602 0.759277115124082 
0.5867576266821527 0.7705884307663162 
0.8426348456597712 0.47712103221023355 
0.8846526702641175 0.4338470178460382 
0.672292488168451 0.6517542854469646 
0.8840106972352002 0.46813856730067893 
0.01783803777086662 1.5873675093088657 
0.024906728005740175 1.5742152322939216 
0.5245718817395424 0.8001820471849107 
1.203770086066619E-4 1.7166101827226112 
0.7199832475156802 0.6077438041983627 
0.8798313425068254 0.470682563716128 
5.043352503332067E-8 2.1015917647920084 
5.605565570054871E-8 1.8222764006685164 
0.595352259604414 0.7508757251416259 
5.699182146799875E-8 1.8189030442531735 
0.621101882452606 0.6641003569879352 
5.605565570054871E-8 1.8222764006685164 
0.7146324929404952 0.6325315645815242 
0.5157736575864384 0.8063207848547869 
0.375348663447697 0.8679520699286151 
0.14146838665137745 1.1896990537393497 
0.6205192336921389 0.714999675928301 
0.02738261620776294 1.4931581524380786 
0.6141643264296789 0.7293371324340888 
0.8931544400101689 0.4331742523106499 
0.7258709727332746 0.5846114451947191 
0.008073954078450019 1.6359316009200437 
0.043676602626641 1.4634501358093266 
0.7382808336871165 0.5841753413925818 
3.3441521714001853E-7 1.7202947349407396 
0.15374369633262003 1.1772467184383693 
0.3869150619509811 0.8328686172316487 
0.35000695251416486 0.9210956865500608 
0.32303486584670893 0.9594105073984052 
0.8286993127719434 0.5033722527991176 
0.7199832475156802 0.6077438041983627 
0.3282173307049522 0.9579907249798569 
0.07854311689943463 1.3862039823562775 
0.07345421009603677 1.3933623420213048 
0.08594499903542302 1.3807381461871302 
0.07088270301821722 1.3967364838791596 
0.5867576266821527 0.7766423623631684 
0.842712905462268 0.49798007991462917 
0.8529190894449279 0.48593569863556285 
0.672292488168451 0.6548623657287989 
0.021172674791179402 1.6159986912573827 
0.01850506815527121 1.6314604105388766 
0.023942848078478046 1.5944002888908044 
0.5291736428052215 0.8034582882760078 
0.6226661336376814 0.7148056254495727 
0.6679108821099377 0.6663162568817811 
0.6254582234357331 0.671557090306773 
5.605565570054871E-8 1.8309349721273547 
0.524225591844038 0.8184810939454067 
0.375348663447697 0.8924309522173496 
0.37756862263532504 0.8787582967581767 
0.15131556895970266 1.2027704380569875 
0.14777257723114 1.2273728396723977 
0.14321081515784786 1.3223015348159703 
0.14730534414674856 1.3170420903291347 
0.621101882452606 0.7240739835486307 
0.02738261620776294 1.4989136699885441 
0.6196141104657877 0.7727847412141268 
0.901576672520098 0.4569429793386794 
0.8981478607174714 0.4800044939040373 
0.01731966006593727 1.6839242720406624 
0.01731966006593727 1.6839242720406624 
0.043676602626641 1.4765693526958596 
3.3441521714001853E-7 1.7239460301077598 
0.017307459092343297 1.7204511352196876 
0.1590372991872153 1.1854428826581846 
0.19460111717558043 1.1834130008097383 
0.5157736575864384 0.8669938267810993 
0.371508443704888 0.9373446742116317 
0.32303486584670893 0.9689566427095575 
0.8286993127719434 0.5367902840141153 
0.7199832475156802 0.6092717520916276 
5.605565570054871E-8 1.9560316315330408 
0.901576672520098 0.4759612160809925 
0.32303486584670893 0.9700957118588052 
0.16307487875734133 1.1854604610737982 
0.371508443704888 0.9534115945800871 
0.524225591844038 0.8431791686473983 
0.8286993127719434 0.5436358041105119 
0.01850506815527121 1.6506605580308726 
0.1446616086160375 1.398993056156864 
0.7247663435524317 0.6105856036081018 
0.02738261620776294 1.5105531015835862 
0.616109795516365 0.782257776009476 
0.5579091449647824 0.8087128521805204 
0.07300314624886195 1.4381009088258068 
0.14730534414674856 1.3176044485369653 
0.0016592855716672794 1.734435629911273 
0.6727836651841915 0.6576841257026715 
0.7199832475156802 0.6327898242964386 
