0.1020255437829855 1.1543806233152096 
0.008086746661121247 1.4576648170485293 
0.40619658874018444 0.7154101798098531 
0.10409300481154579 1.1290240708694885 
0.8693774322773604 0.3820229038954383 
0.06869381258568083 1.2419900830660655 
0.6205456771654749 0.5765807912479833 
0.3676881615917454 0.8308127301418355 
0.5207945051260378 0.6234215567745075 
0.28613746375330945 0.8732478826107225 
0.15366802936459012 1.009341225949416 
0.370362091999566 0.7951754653222778 
0.4991961342915928 0.6311706475521448 
0.6657509234765926 0.5558150193676937 
0.6008766925534492 0.5904471451674603 
0.777849092155595 0.43173974608130894 
0.13819921226239398 1.1048506979190846 
0.46793428939281545 0.6718894113873004 
0.09803681041555834 1.1729972565105655 
0.3947168978427149 0.7257426113825164 
0.05519982765577802 1.2632593162859704 
0.887694393514754 0.371810112948763 
0.1452296250644493 1.0669241715471975 
0.887694393514754 0.371810112948763 
0.7753130611554091 0.44029423379599913 
2.5523505635768466E-9 1.5754031743726362 
0.6013866358131342 0.5771622427154806 
0.17380190335358955 0.9709881238316533 
0.9172220166625802 0.29480124824939236 
0.3769839634641432 0.7730425261198852 
0.699914148291026 0.49312384407820387 
0.08221941315321124 1.2038500098635125 
0.720186951040451 0.4679796276582051 
0.693159814890284 0.5467729769434978 
0.0017038597680980594 1.4813487815356643 
0.8374212017023891 0.3998604079214821 
0.46444777620627786 0.7152460218548823 
0.6272315941392979 0.5615445373993448 
0.6950693427699203 0.4970596691919358 
7.481811377531011E-4 1.541781690862715 
0.004384636475358 1.468210284621205 
0.28613746375330945 0.8732478826107225 
0.7932675181458015 0.40706415534758084 
0.013273677350985058 1.3977754608825568 
0.2899987471227563 0.8379261061980472 
0.019104292329140987 1.293676175759655 
0.4198273289370462 0.7166062804647765 
0.12062993830536567 1.1430367238865817 
0.10625154687250862 1.1577688681093123 
0.8728613644420073 0.38377683785424743 
0.07232553767293086 1.250463183282486 
0.5207945051260378 0.6310680327458754 
0.15366802936459012 1.0139472869234532 
0.375348663447697 0.8282755299597758 
0.4991961342915928 0.6326018881860094 
0.6008766925534492 0.6231915403482645 
0.14261369790449302 1.106511166023291 
0.13819921226239398 1.1322467570539576 
0.46799666820260133 0.676864830719399 
0.0997311107512549 1.175627915539868 
0.40619658874018444 0.75409987728231 
0.39951067176636135 0.7687395530732581 
0.06869381258568083 1.2772160395182084 
0.1452296250644493 1.0964532410547478 
0.7848499333811543 0.4519830351879583 
2.5523505635768466E-9 1.5938530785229597 
0.6139764782570223 0.5885145540267305 
0.6129581520746468 0.6047173221856371 
0.17380190335358955 0.9890785111050315 
0.9412650506794399 0.3487733143116406 
0.9575363025705708 0.3228678499085601 
0.9555143978267872 0.3333152194156372 
0.9233362052590962 0.3756882786182413 
0.38194108013586625 0.827130155684091 
0.38635556645331 0.8082000320269246 
0.3947168978427149 0.7856013737510797 
0.39891712404680935 0.7766382559592323 
0.3877469486741988 0.7893060803449943 
0.08516653554144704 1.2221127256618354 
0.09876092398050343 1.2140441266735362 
0.6657509234765926 0.5790846931846103 
0.6957357059595595 0.5436005935049504 
0.7124541994481441 0.497967113919479 
0.6953003510310272 0.5480069961645694 
0.7059217776240845 0.5066096704797844 
0.0022464926913802613 1.5520400283864277 
0.006006727334760875 1.4776554339943349 
0.28613746375330945 0.9090592221108925 
0.8426348456597712 0.4076097076821805 
0.8256191557116066 0.4168983170561245 
0.8245659699912827 0.4193184448705012 
0.013273677350985058 1.403917212341131 
0.29692677618111735 0.8626438055919853 
0.30037424349381125 0.8568103250276388 
0.33557042688627414 0.8489294998654486 
0.29591033420141133 0.8950008868967324 
0.043676602626641 1.2972318918152286 
0.026548267514222568 1.3329649012178282 
0.041749229845821745 1.3225300133509053 
0.026529123041678038 1.3404809936732682 
