0.805452189667176 0.3564520445062107 
0.12338079188428128 1.0262632616720606 
0.81665751531962 0.3440598511829154 
0.006823976997459902 1.33414834886524 
0.08085134717105746 1.130952283427185 
0.15676024783702713 0.941463404073757 
0.12338079188428128 1.0262632616720606 
0.805452189667176 0.3564520445062107 
0.019104292329140987 1.2575530636326906 
0.3756187641210904 0.6705262662173113 
0.6807738801172942 0.4093218508769754 
0.3854891421145207 0.6589128360133546 
0.4182251113548929 0.6588353344183608 
0.09982798324761621 1.0614546086856274 
0.12407074588258782 1.014532911484323 
0.019431515978865332 1.2370804163193476 
1.3913332812628547E-9 1.420065916459465 
0.27787963588050935 0.7718102982428984 
0.5868854872039984 0.5103805283938028 
0.15527630240123222 0.9525182641328478 
0.04537576627721415 1.1363518793365006 
0.0010738420967916773 1.3370425973247868 
0.1597389946353039 0.9346078166936753 
0.8198316924600887 0.32077039284619224 
0.6758862632992291 0.41889217676942025 
0.035955930389026336 1.1913915220397797 
0.15366802936459012 0.9573803760945511 
0.018271444054239527 1.295259335868979 
0.5042140025382956 0.5390763564114378 
0.5882622113797426 0.4801642519850275 
0.5882630292283566 0.4607710256679274 
0.01607303845209157 1.2970144789700497 
0.03253579465399997 1.219335439598173 
0.16467693867053745 0.8747312992301808 
0.4216463710678042 0.616066109314543 
0.11087229651460342 1.0276674160674435 
0.4198143128358176 0.6359570764829975 
0.6804243814559271 0.41866668986764666 
3.8960658589668565E-10 1.4449768418167392 
0.14894542786445902 0.960147845881957 
0.9122063069095854 0.2709535886661679 
0.37160745109840865 0.6757107692869413 
0.823842966091678 0.3206605282042908 
0.8697302355575759 0.27396503378213083 
0.10987304947698631 1.057729166209633 
0.3698120557798876 0.7175623213294833 
0.7414122505503236 0.3627112290036876 
0.6703532900256837 0.4193682140642284 
0.011479403327516235 1.299552398555934 
0.8170377134438204 0.3265798254492183 
0.5868854872039984 0.5103805283938028 
0.3355277776906691 0.7188708694505009 
0.8668791466303247 0.2856884904878777 
0.45231860877844093 0.5575442450047988 
0.5850629514463027 0.5378066041436556 
0.008099406285026922 1.3226651695399387 
0.6089756696294677 0.45619474565077006 
0.0918173044527474 1.093192221890143 
0.2146917372270854 0.8669111344226736 
0.2628378878832217 0.8122615615421895 
0.7316787758542546 0.40246909679094484 
3.8960658589668565E-10 1.4891524405720078 
0.8874410259557675 0.27555636585256377 
0.5868854872039984 0.5262577340906436 
0.20032300770495398 0.8794183348547322 
0.5042140025382956 0.5637131974073865 
0.27787963588050935 0.7767483989339499 
0.3756187641210904 0.6743442254096187 
0.26722950018559766 0.8334164946858817 
0.16467693867053745 0.9000150163454016 
0.7316787758542546 0.4047369406808494 
0.3355277776906691 0.7561418437644858 
0.8198316924600887 0.33195755646459846 
0.11781282732701154 1.0276863735354784 
0.6703532900256837 0.4529341466869947 
0.09191705359539593 1.1030623147078462 
0.6059737956193879 0.4615090152648502 
0.7414122505503236 0.38032211247215214 
0.021810053550804342 1.267909731496767 
0.15084639574295983 0.966111646742387 
0.003573318204670828 1.3493463239604497 
0.4496753900758023 0.6305720087898314 
0.7964286910230929 0.36982742904575716 
0.05362250502146748 1.1436071189073402 
0.6773372241151239 0.42909020611868304 
0.3563042981808048 0.7311331289780421 
0.002013034366241895 1.422030419570035 
0.4182251113548929 0.6634352861862929 
0.6046074726450554 0.4869247532303914 
0.8669536546144423 0.3162577378243441 
0.03660156527324923 1.2076638646250595 
0.42198898683607056 0.6462842729442149 
0.01607303845209157 1.30160620405289 
0.04537576627721415 1.1830232500839355 
0.2702417741121115 0.8271951801784109 
1.3913332812628547E-9 1.437383339899676 
0.8053133805343181 0.3646354833916366 
0.45409445331058984 0.5866460207096408 
0.45707319905062066 0.5738745554253546 
0.49113263398572804 0.5732823615244211 
