0.3561896905118672 0.5142033475280421 
0.46495869857476685 0.4214345604809046 
0.061422750939996995 0.8977382861233613 
0.08672954411823947 0.815135797514897 
0.3450971591525066 0.5229529716255358 
0.09782216186971762 0.8023890603238598 
0.006580463122974584 1.0714787261765812 
0.01338490181942989 1.037324933696791 
0.6442576588692734 0.2899272233291584 
0.7264398033714229 0.23320344238301646 
0.06780699928014855 0.8859611273734701 
0.7505846621534251 0.22540969077176418 
0.7299935635081773 0.2319250892763491 
0.5781245072822977 0.3266201751469209 
0.46495869857476685 0.4214345604809046 
0.34603949395508354 0.5153935405935343 
0.38201577986572344 0.49241265549388974 
0.03868989960401531 0.9503454538899248 
0.3225607542103833 0.5259802017370172 
0.08599739371083415 0.8289330942370936 
0.3116341970208202 0.5609217586065836 
0.8602944728708275 0.14903405367328504 
0.9475609287797533 0.07821778124740177 
0.609386821960239 0.30959839701023556 
0.1183931833963203 0.7917534441676778 
0.7501262460185825 0.22902984192122366 
0.577798710467737 0.33380211271024973 
0.6445834556838342 0.2873417199535863 
0.0852832877346217 0.8513402916564478 
0.6075595054471687 0.31724841093344686 
0.31988638076326226 0.527841996347276 
0.40913852512591226 0.45466265502313313 
0.9925860811196472 0.06367833699993743 
0.2954690437691069 0.5677333842211881 
0.8510946259124401 0.14969552602480038 
0.9478101123171386 0.07220669236354114 
0.5412799730019464 0.33709399730226597 
0.02024004955415848 0.9880000971278047 
0.003083025792743617 1.0723393430905122 
0.502236635354302 0.368257615997234 
0.5782292800967953 0.3225873513625645 
0.009312328184115704 1.0537531804142468 
0.8476865232357149 0.15686066901409876 
0.48672208474604717 0.3897884497200237 
0.0662092984203494 0.8873595094847098 
0.4103053351157509 0.4538493526228737 
0.4399253925208481 0.43732390077620553 
0.38201577986572344 0.49241265549388974 
0.23507877247257786 0.599885823501169 
0.31282995827750737 0.5468344270261796 
0.8068983681853714 0.18331236430506956 
0.7501262460185825 0.22902984192122366 
5.315929039370337E-4 1.1204320560591936 
0.47831578985206336 0.40555259967134794 
0.126312350698913 0.7720295372946264 
0.06969901008847916 0.8604229306636909 
0.03934517300008589 0.9244537382843291 
0.9925860811196472 0.06367833699993743 
0.870381688828365 0.14167293034236955 
0.6591310755211592 0.26485797536644284 
0.013802576061874017 1.0245537340096669 
0.9338696003442362 0.1070056354902125 
0.0028072760534165325 1.0930833961131383 
0.2021164317302746 0.6421173192282114 
3.8960658589668565E-10 1.1398273248656363 
0.5412799730019464 0.33709399730226597 
0.7052521917916 0.2350748429706347 
0.9056973849728485 0.11772548785054578 
0.126312350698913 0.7720295372946264 
0.03934538879782832 0.9173577210947047 
0.08528307193731134 0.8563356181151842 
0.01688710549641506 1.0062851710525604 
0.10117665340557075 0.7920739056847615 
0.9442473662729696 0.09502621680993026 
0.824354577722052 0.16923070051368314 
5.315929039370337E-4 1.1204320560591936 
0.9852642381244978 0.06494699932169018 
0.6494298332483732 0.27097914033773884 
0.17111427653983463 0.6945848354678502 
0.50816085374281 0.3572993593248169 
0.19619221355789782 0.6645206765325281 
0.14076518408152502 0.7033116566349097 
0.5363016149894283 0.3511027696286901 
0.003083025792743617 1.0723393430905122 
0.628869960716813 0.2989236169256942 
0.05064798921663835 0.9049888586090558 
0.12991450155039874 0.7414994323346638 
0.986161592232204 0.06475947729274338 
0.7707409632299885 0.2215084453486978 
9.372570298035662E-4 1.1065582925444788 
0.8094858889874267 0.1748692621779994 
0.26709688949316024 0.5735491957326108 
0.9208700257424772 0.10845894818309455 
0.3580057257575067 0.5052165820360845 
0.03133196528799259 0.9531221226946339 
0.8411532083152539 0.16654936576869944 
0.1894562892897223 0.6838364873241264 
0.777273791825227 0.1893989107666876 
0.017211579563098378 0.995714276968493 
3.8960658589668565E-10 1.1788792350228565 
