0.03326810247737688 1.0245987583358822 
0.12184706717413993 0.8396965202799274 
0.29150089168146665 0.6089996172773812 
0.0044285304907239476 1.1321221100136363 
0.12318277275020151 0.8243186647663155 
0.962318074959933 0.12920667552185647 
0.4713082525988066 0.4350188132241934 
0.986161592232204 0.10216351481359097 
0.19184573284621081 0.7057201129697479 
0.042095112717364574 1.003540388427416 
0.9853356866908771 0.10592292119845201 
0.08172953027078718 0.9112221490307552 
0.962318074959933 0.12920667552185647 
0.005316260844180853 1.1018674870910887 
0.984885073242259 0.11013571256373679 
0.001666427221120384 1.1675588600754023 
0.17087039998800096 0.7677035902965071 
0.502236635354302 0.4165515109404711 
0.9795928525258848 0.12130466543838063 
0.04166041578299384 1.0118403573108352 
0.002164138054956133 1.1487022046046766 
0.20133040138761252 0.6975646677347261 
0.26654048766081134 0.6231716398046476 
0.11133048483324105 0.8406045024159511 
0.843875073624599 0.19199759106892159 
0.777273791825227 0.2281546520036023 
0.8283758781175735 0.19916250620165987 
0.7356094504875407 0.25315328747429405 
0.2650526581474616 0.6489944443627281 
0.8509740299749284 0.1854781982430903 
0.5693658175556694 0.3594929177573876 
0.9005650016698404 0.16339311024768446 
0.7265627642442181 0.26399458966625816 
0.08672954411823947 0.8727558067402875 
0.33489980681610826 0.5725643572574499 
0.042156798036542265 0.9397682464798296 
0.7194082118474716 0.28049967211124677 
0.3077021300867633 0.599703212359464 
0.8257203958199846 0.2231201160483875 
0.011683033842103285 1.1009952969421544 
0.609386821960239 0.33534023036566335 
0.26709688949316024 0.6119994601675306 
0.904515877304791 0.15397634808457136 
0.2458381870416826 0.6554415857701731 
0.09540857972955047 0.8572984970637081 
3.8960658589668565E-10 1.1881523285871414 
0.015904339971631376 1.0918132108029917 
0.6948163887141612 0.2851982180978424 
0.5363982362017339 0.3819515226372364 
0.5012880945361917 0.4347223473817831 
0.35933623264879444 0.5128617567238494 
0.07201680818478276 0.9231534949749768 
0.5781245072822977 0.3543584098690207 
0.9770645247433318 0.12519355976375252 
0.024733832198459427 1.0368493207319172 
0.7131897737641153 0.2840769787685093 
0.8716667599962855 0.16402494700482365 
0.9615863529298394 0.13916604716018033 
0.10052217692683957 0.8491672297497433 
0.45509599723488725 0.4550469746949377 
0.610884808839081 0.32080239160889124 
0.46495869857476685 0.44237621506117203 
0.31498472270622574 0.595966900774128 
0.1045155776391063 0.8422064964658642 
0.3197383400238353 0.5827721956130468 
0.6796284787901501 0.29043474168952865 
0.5745924881474892 0.3577917626732578 
0.2021164317302746 0.6770032864501017 
0.6616960702253194 0.3192711072994586 
0.12652506166540223 0.7830488723782589 
0.17111427653983463 0.7129935667742835 
0.04191296702674048 1.004864256076103 
0.43326706179273045 0.48050433959799194 
0.021236968245032073 1.040233420072644 
0.986161592232204 0.1045669311445099 
3.8960658589668565E-10 1.2199400522838584 
0.3891606388662475 0.5207725730826505 
0.502236635354302 0.4271371118034425 
0.45524515769798074 0.483709169676615 
0.610884808839081 0.33357655714609874 
0.5363982362017339 0.39525390655789144 
0.6781418898845052 0.3196921300782225 
0.962318074959933 0.13351784918591636 
0.719215526474426 0.2915195452625321 
0.042156798036542265 0.9620518808607942 
0.008688333786738368 1.146478764621967 
0.011683033842103285 1.1046569915255176 
0.3614602380776619 0.5616528761890125 
0.03595719271836184 1.026176445142425 
0.14102984613897723 0.7987074086123073 
0.9104398535294623 0.15625866387850762 
0.24606508837824037 0.6824945226629249 
0.15576024852542486 0.7859277450461706 
0.8509740299749284 0.19189443839767803 
0.12027270542381557 0.8438302554657431 
0.2021164317302746 0.6871411546749662 
0.8257203958199846 0.22373772891222238 
1.6373633168610506E-6 1.191013204580221 
0.8716667599962855 0.17227545940446215 
0.5686843691400386 0.3885093618433078 
