0.37181522513453324 2.500193772605926 
0.3687515434492872 2.5579873433927225 
0.37119649347456274 2.5067781188701406 
0.3527244618390284 2.6970925576147953 
0.7429236110350482 2.1279017698055958 
0.737678601458146 2.2059110845337617 
0.3705822802247652 2.5213638113047665 
0.10974771099089553 2.9926514062569645 
0.3686453541960178 2.663491274492593 
0.09524214115398727 3.1373013981479057 
3.0729961301337316E-4 4.177444059937101 
0.00421893975094817 4.059768628025289 
0.0044813783134745044 3.4992190029434016 
0.3687515434492872 2.5579873433927225 
0.37181522513453324 2.51123389251395 
0.36773634654474807 2.746773048555788 
0.866536490518563 2.137846399106293 
0.7429236110350482 2.2064600276719606 
0.10974771099089553 3.088889567280501 
0.22112808248515753 3.035008235762434 
0.10717711771664479 3.468510959698001 
0.10799531266420126 3.442441524604123 
3.0729961301337316E-4 4.225553492928739 
0.03823833855107689 3.647291293263103 
0.00558360288197865 3.825653442533926 
0.00558360288197865 3.825653442533926 
0.005594317446568392 3.7914762452763084 
0.3716124904951003 2.6287288857422215 
0.7414093323725742 2.531914165035263 
0.37181522513453324 2.5540040968583497 
0.36864404820188135 2.9124190494005386 
0.3688312785466117 2.751579545283345 
0.8550608049807757 2.235515876246137 
0.7445040630808737 2.5079978665678646 
0.8440028641876697 2.3318917027699944 
0.11679718993908561 3.2409751553278427 
0.11883570092229098 3.146899406340416 
0.3441883895766527 3.097813863898446 
0.2605717820141218 3.123438153358117 
0.10717711771664479 3.5910224925325855 
0.11506200477392625 3.588882407665169 
8.481616254850874E-4 4.93463718904128 
0.0024482596903359494 4.584318292587576 
0.003519482148631514 4.569067059407423 
0.0038786631357909523 4.522162170972939 
0.03823833855107689 3.669577667463464 
0.006181054773549445 3.9588224201938917 
0.03249055817791213 3.795028325857524 
0.37181522513453324 2.6241816490547 
0.3751680812466161 2.567259697533178 
0.3751680812466161 2.567259697533178 
0.36864404820188135 3.095342949810905 
0.3688312785466117 2.811586461589078 
0.8550608049807757 2.3090847438997626 
0.866536490518563 2.2936818703558965 
0.8977863731258425 2.239876474061834 
0.8440028641876697 2.3355482372690215 
0.11679718993908561 3.556748183093265 
0.18800854273222903 3.19913498815006 
0.18800854273222903 3.19913498815006 
0.2726819172537044 3.19718617470101 
0.0013560891880840253 5.143362531551501 
0.0038786631357909523 4.989909149914621 
0.0045799676877338324 4.549770770463687 
0.10717711771664479 3.680387934934486 
0.05167234043402694 3.684700517253583 
0.009670067451418685 4.174447893582772 
0.03823833855107689 3.8406347898875692 
0.03249055817791213 3.9988689024198885 
0.466351663495433 2.5817306391553982 
0.7386719306110026 2.574369595066067 
0.3751680812466161 2.621275244070266 
0.36864404820188135 3.1186691213606283 
0.3717077298871274 2.887136961759845 
0.37119649347456274 3.076263953406212 
0.8550608049807757 2.321317211223677 
0.8977863731258425 2.241816139479398 
0.8443326212984188 2.3515046693503914 
0.8461694436678928 2.3444502417297866 
0.11679718993908561 3.577752513733444 
0.22444830329354082 3.2343487147504093 
0.22444830329354082 3.2343487147504093 
0.18800854273222903 3.36946992906569 
0.0038786631357909523 4.991475481547412 
0.004807853293850119 4.966508275274139 
0.006027807938284058 4.588300288686148 
0.005699931007815351 4.612170595330725 
0.0054265595460253335 4.621979908088105 
0.09524214115398727 3.715319133526579 
0.10717711771664479 3.694567085696952 
0.011641919885332336 4.263551580069627 
0.010845640900673352 4.313690161940631 
0.03823833855107689 3.845150054494844 
0.8977863731258425 2.2426470391125433 
0.004807853293850119 5.343803496168519 
0.7414093323725742 2.574854635578303 
0.466351663495433 2.5975170171333213 
0.18800854273222903 3.6586822864984723 
0.8519660742724728 2.4028917223897586 
0.3751680812466161 2.6254129778446016 
