0.29150089168146665 0.6089996172773812 
0.19184573284621081 0.7057201129697479 
0.26709688949316024 0.6119994601675306 
0.35933623264879444 0.5128617567238494 
0.3197383400238353 0.5827721956130468 
0.17111427653983463 0.7129935667742835 
1.6373633168610506E-6 1.1779608255716234 
0.20133040138761252 0.6953699997548047 
0.43326706179273045 0.46816311696569707 
0.35933623264879444 0.5128617567238494 
0.02024004955415848 1.0015355666616432 
0.042156798036542265 0.933197011890315 
0.6948163887141612 0.2741097475102078 
0.3561896905118672 0.5142033475280421 
0.46495869857476685 0.4214345604809046 
0.609386821960239 0.3139425336487504 
0.9274256551306428 0.10882462537176268 
0.061422750939996995 0.8977382861233613 
0.08672954411823947 0.815135797514897 
0.8509740299749284 0.18379726082085812 
0.6887813840314754 0.2780565673046216 
0.5363016149894283 0.3559187333334683 
0.04017253981243965 0.9459954382825203 
0.17237563037112935 0.7073892871918012 
0.43107509395547605 0.4693177292088135 
0.3614602380776619 0.507520890638492 
0.126312350698913 0.7728469440662726 
0.2021164317302746 0.6524982955746933 
0.6075595054471687 0.3229186843800103 
0.3450971591525066 0.5229529716255358 
0.09782216186971762 0.8023890603238598 
0.019001374814414523 1.0290325935085831 
0.7263476373468534 0.2475860095130272 
9.39061021227719E-4 1.1423581636340445 
0.43326706179273045 0.46816311696569707 
0.006580463122974584 1.0714787261765812 
0.8201382468581677 0.18800490459960265 
0.01338490181942989 1.037324933696791 
0.6442576588692734 0.2899272233291584 
0.3077021300867633 0.5947277996149885 
0.9056973849728485 0.13510209063065493 
0.7264398033714229 0.23320344238301646 
0.0720585795170634 0.864823078681388 
0.870381688828365 0.14196435618108874 
0.2458381870416826 0.6122968556908698 
0.14076518408152502 0.7556459508135739 
0.31988638076326226 0.5355825663490189 
3.8960658589668565E-10 1.1797139862082042 
0.06780699928014855 0.8859611273734701 
0.7505846621534251 0.22540969077176418 
0.01971702608862142 1.0092947751315204 
0.14129284094172437 0.7553439574696179 
0.03602518679775345 0.9658864032970692 
0.11293009557914829 0.7984641343051377 
0.4186647465957921 0.4786823988609314 
0.7206995505847493 0.26352591790572466 
0.9779690352151191 0.09825640178851229 
0.11690023417079648 0.7960870879410055 
0.012848620232431524 1.0553976174491653 
0.7299935635081773 0.2319250892763491 
0.986161592232204 0.0728126262594464 
0.7707409632299885 0.22510014586776994 
0.47831578985206336 0.419554425949008 
0.951138740552666 0.10050042889090353 
0.44109220251068676 0.4378411062645028 
0.5781245072822977 0.3266201751469209 
0.46495869857476685 0.4214345604809046 
0.6887813840314754 0.2780565673046216 
0.004387090519734113 1.093203086954877 
0.5012943005517251 0.4071033848027646 
0.34603949395508354 0.5153935405935343 
0.019381352340066566 1.0280322622566238 
0.8623904277763051 0.15465722202404922 
0.38201577986572344 0.49241265549388974 
0.9111755762570736 0.131937623624413 
0.03868989960401531 0.9503454538899248 
0.1894562892897223 0.7072430895727552 
0.3225607542103833 0.5259802017370172 
0.1486334317080777 0.7344111564140283 
0.08599739371083415 0.8289330942370936 
0.777273791825227 0.20870704497489279 
3.8960658589668565E-10 1.183110270382586 
0.986161592232204 0.07955012811286659 
0.17111427653983463 0.7299711425520012 
0.3229439913001809 0.5430348620229211 
0.38201577986572344 0.4994036876599794 
0.12652506166540223 0.7830488723782589 
0.5363016149894283 0.35926264110589295 
0.6442576588692734 0.2938924472444459 
0.06849935886293473 0.8893035042356209 
0.7114757798416487 0.27484707000033 
0.44109220251068676 0.4381937634878899 
0.8201382468581677 0.18971187039133533 
0.4186647465957921 0.4819904499199273 
0.502236635354302 0.40791397842698984 
0.9274256551306428 0.11273078337153497 
0.019001374814414523 1.0326972623735637 
0.2458381870416826 0.6204755512283695 
0.2021164317302746 0.6648110926831405 
0.5781245072822977 0.3341685065177061 
