0.9921436175348312 0.037407669321470625 
3.8960658589668565E-10 1.0783905262718751 
0.014033583930852672 0.9297453279037527 
0.044513068642939635 0.8366104323255782 
0.00771165982928107 0.9821168354356978 
0.3208166512162428 0.4837733195663625 
0.35083839609168577 0.46159601068462347 
0.6922445336498374 0.19416404355132355 
0.9278414161820573 0.06653936345118747 
0.07210581851845746 0.7781089255123493 
0.8798902104824947 0.08910400586977754 
0.6050262465898602 0.25118128299603465 
0.6768334482257993 0.20791451337829459 
0.7818686300423459 0.1710416456317702 
0.16889597100684856 0.6497295076183666 
0.28345852532171434 0.5180133837065144 
0.17912840583054704 0.6267494754389643 
0.799382491574758 0.1318814721173551 
0.22013841226997544 0.5763231160166952 
0.02380743739690644 0.9050454178366013 
0.032031578348723805 0.8720103806718623 
0.100936762800106 0.7283459911762367 
0.9432541291266385 0.05481497790092682 
0.5923998657379355 0.2707495440344678 
0.8286987166070974 0.1196111521116443 
0.7191591923683431 0.19066416272983955 
0.9051428539278374 0.07498940249649712 
0.7482235535630956 0.17465201703367292 
0.4078232987254247 0.40469848204475845 
2.3390311446343584E-4 1.0520746716990788 
0.38849406175569257 0.4279170476006006 
0.26589071020802035 0.5326726167200023 
0.1872990821764476 0.6128907867866445 
0.8592408468924309 0.10385494716458603 
0.29130329381669395 0.503016214637252 
0.5192063522043088 0.3229718663377729 
0.2025003041662518 0.6045267812827787 
0.08408016843990523 0.7517681462891771 
0.4001376540195729 0.40511714246325886 
0.8169870880725206 0.12294968529643126 
0.028858610198052886 0.8746926066958854 
0.4771825360715049 0.34919536950824925 
0.0014406705590200852 1.0324010197434543 
0.8959648243556317 0.08272280879521986 
0.5511408167840611 0.30353140567979336 
0.7850091404006602 0.1451783830627719 
0.23229020368413758 0.5576950582392983 
0.8550052516926304 0.11209639766665694 
0.15707354429112025 0.6607645924726651 
0.4949258613564339 0.342899774954999 
0.6661928776364239 0.22541989729603726 
0.45174637341457197 0.3621089746851591 
0.0956920165180031 0.7496682123493389 
0.4386892966841105 0.3970288310568171 
0.6494402202003088 0.2377267326109462 
0.4506761622088291 0.3832492956261917 
0.018220607713512763 0.9180492239631703 
0.3064755795646647 0.49642769778324103 
0.11171752821017489 0.7056226051805703 
0.24901322378942387 0.5474328328292305 
0.9623410106704248 0.051204511861660966 
0.9840534224039725 0.042705803840440176 
0.10926410458693078 0.7112202260100909 
0.13859684911310283 0.6730035112554195 
0.1284055579633063 0.696491917230841 
0.6308403539218875 0.24962858317772832 
0.0678501491198168 0.7948545696488585 
0.507610818122941 0.33230492313673726 
0.561699774634276 0.2957760656175835 
0.36198973531927436 0.4451124028564265 
0.15206969322184838 0.6695287144179232 
0.5335196688925944 0.315166555801158 
0.9659042336461979 0.04404687038383041 
0.0610374293226314 0.7999301269476379 
0.5352461227111065 0.30825255834923165 
0.002291211984255165 1.013521813712471 
0.7832551014248512 0.1540280122837141 
0.6301265090711179 0.25092041450696956 
0.35758161915133624 0.45898128246946535 
0.054610690080925575 0.8215862475170839 
0.23787128846985622 0.5561778877863545 
0.3142666001012908 0.49227216155257497 
0.1324244737382994 0.6826232216930102 
0.2154977106057958 0.5954617403138222 
0.4481013049937107 0.3932685073240229 
0.059925538542753176 0.8171989381730862 
0.6594496545769047 0.22619999002509383 
0.7312103298383252 0.18519310707909278 
0.4664502056080915 0.35427277915281796 
0.370538987728803 0.4406558063903512 
0.49758996575888753 0.33343646305554975 
0.46472375178957936 0.36146927361792525 
0.5823919707511872 0.2784666202512731 
0.2134423032705096 0.5963813471079886 
0.005989867172657759 0.9940935970916197 
0.6521565647091705 0.23658869773982696 
0.3851213880685889 0.4362788518189774 
0.7408287791324561 0.17704071847179184 
0.5712493452342295 0.28559758081283276 
0.5684198501065383 0.28879623096221085 
