3.8960658589668565E-10 1.1158982569442877 
0.9840542562034544 0.050354371079390337 
0.3208166512162428 0.4913534225103448 
0.444410152346819 0.4046835495823368 
0.838539646191775 0.12808143695861418 
0.6014970845847877 0.276637007926075 
0.8814651664656719 0.0977837198287482 
0.23229020368413758 0.5611531247145252 
0.4001376540195729 0.4116745654571054 
0.35781448534613053 0.4757954559150422 
0.16889597100684856 0.6540921442447296 
0.6301265090711179 0.2706072793184698 
0.14076518408152502 0.6764038796853874 
0.6768334482257993 0.22541515934772147 
0.799382491574758 0.1388454215329818 
0.02380743739690644 0.9128970128314736 
0.2205872547623045 0.5779799118706571 
0.0533434798141218 0.8378543921528478 
0.7818686300423459 0.17403199232003155 
0.018220607713512763 0.9252050150223414 
0.5072391594320992 0.3389243512435653 
0.19482405051812654 0.6270749164364386 
0.36634664652082494 0.4668343033774012 
0.26254025900506595 0.5465569301741642 
0.6879627252154962 0.21376151083046557 
0.03473208150877019 0.885456641550346 
0.9432541291266385 0.06983123428568311 
0.919547946330722 0.09340292280185411 
0.06660950539328864 0.8093131174260307 
0.29840144246460226 0.5164144592449746 
0.28345852532171434 0.5180133837065144 
3.836527774373488E-4 1.0523836846862427 
0.7878397642084551 0.1543778480218095 
0.2139488917423592 0.6080115492422566 
0.07681123439633519 0.7928055247195319 
0.0021003622559389035 1.0212364898039366 
0.08370814006922139 0.7790337027648689 
0.7084742306475411 0.20724580287721217 
0.9708704715662406 0.061525277665699186 
1.6269648824285277E-5 1.098740117603782 
0.5712493452342295 0.28559758081283276 
0.7420747328780448 0.19238918063226185 
2.3390311446343584E-4 1.068597165932376 
0.6553163718570585 0.24058220852141993 
0.5352461227111065 0.32401295136012775 
0.26589071020802035 0.5326726167200023 
0.4844146879042266 0.3611549580192028 
0.9351035755981896 0.07468918144531975 
0.06496911081175405 0.8306979720753657 
0.007963763599090457 0.9879551339678293 
0.11037295717848913 0.7390491246410477 
0.6410049254234299 0.2521367404129606 
0.1834495132092006 0.64902674921227 
0.017114708825602676 0.9614807187866473 
0.8725090237449643 0.11981236791931515 
0.1296911285103034 0.6981776027647371 
0.561699774634276 0.2959068015436615 
0.5499968255183545 0.3059955941732918 
0.7542081368379638 0.17528988574493323 
0.21892981321683616 0.6042206304867039 
0.10452235283297318 0.7602308686981343 
0.8612625076499261 0.12351931058908269 
0.01688710549641506 0.9640007877787367 
0.046019213217754595 0.8675415847859694 
0.9196496833456191 0.08758404475633322 
0.12375141936449491 0.7167130568212277 
0.1894562892897223 0.6358140715661416 
0.4506761622088291 0.3832492956261917 
0.5388442485561394 0.3088619148043029 
0.09782216186971762 0.7669035779996268 
0.4645738008724985 0.3692395594010196 
0.7267472551852155 0.19870481393698924 
0.004129416617867365 1.0077218675264088 
0.754106398509903 0.18149648188133558 
0.04001843028169591 0.8781890264024821 
0.46472375178957936 0.36146927361792525 
0.4530310728064141 0.380299071231872 
0.4969578477557557 0.3527700953055018 
0.7211926326479411 0.20113446269039967 
0.7992293994042265 0.1438315362133802 
0.113973377918174 0.7295176697077612 
0.3851213880685889 0.4362788518189774 
0.3805921716000977 0.44693304764993924 
0.9792850475176537 0.06055968348963138 
0.3805921716000977 0.44693304764993924 
0.005989867172657759 0.9940935970916197 
0.11972070445662697 0.721664782387479 
0.13479759118328233 0.6904214078029794 
0.38936228620620916 0.42921591443242646 
0.5688944346366445 0.28842873735078284 
0.1370862777018709 0.6848356335087157 
0.39485886642102663 0.4258545784573994 
0.5352642673071392 0.32284102708012286 
0.046019213217754595 0.8675415847859694 
0.2982901442394584 0.5176061076967531 
0.26276099027950217 0.540863775997406 
0.8675452718904435 0.12269239693923835 
0.4978852168610074 0.3467867476776867 
0.6535152343785818 0.24686665828783205 
0.09793376682963412 0.7625585273426271 
