3.8960658589668565E-10 1.0648377695425222 
0.9986283355766061 0.028674620218491802 
0.4078232987254247 0.3888227373352507 
0.7434173267347592 0.1672289997937823 
0.005989867172657759 0.9814615966309482 
0.4506761622088291 0.3770458540229636 
0.561699774634276 0.2905352788336767 
0.7686527872596121 0.15355209785476712 
0.03346755770444729 0.8596487775489494 
0.23787128846985622 0.5561778877863545 
0.799382491574758 0.1318814721173551 
0.00952744734693517 0.9485269660533622 
0.35083839609168577 0.45703785036138916 
0.2912808617355484 0.4959083330171271 
0.2038870758258226 0.5941305879417468 
0.24901322378942387 0.5438773375705677 
0.2577559246504679 0.5261328230171304 
0.054610690080925575 0.8118018912081718 
0.002291211984255165 1.013521813712471 
0.6494402202003088 0.23433353036049367 
0.32339397722903435 0.4663950390772317 
0.5335742387794598 0.2969670658924722 
0.8798902104824947 0.08910400586977754 
0.044513068642939635 0.8327746333399559 
0.024754448587362532 0.8838524774094128 
0.07251504482023358 0.7734379085927638 
0.720973518858954 0.18106029541778312 
0.8286987166070974 0.11454913973527561 
0.5106702343895304 0.32089675673345736 
0.6305877261995168 0.24179581915135492 
0.08407753343523885 0.7539151546285179 
0.8947853147803297 0.07695433757069742 
0.28345852532171434 0.5149112375712511 
0.018220607713512763 0.9150869927376664 
0.3064755795646647 0.48768451385011663 
1.3569875367616668E-4 1.0482363214123795 
0.15206969322184838 0.663236534951086 
0.4001376540195729 0.40511714246325886 
0.2209597313282609 0.5725962049995034 
0.04210086846924799 0.8429775078589663 
0.15507777306250062 0.6496975810155935 
0.02380743739690644 0.8935957432574235 
0.27041735983725473 0.5157999775981758 
0.8489711833252906 0.09996977444240214 
0.9192114821585659 0.06671784220241427 
0.0014406705590200852 1.0256608382356258 
0.9278414161820573 0.05967551976864737 
0.4939343299909036 0.3372588343592366 
0.8475450781718143 0.10569300469682098 
0.9051428539278374 0.07374220849529393 
0.16383550680576925 0.6371163299603918 
0.11171752821017489 0.7056226051805703 
0.5707551823912694 0.2732190322249462 
0.6594496545769047 0.22409780254205716 
0.13859684911310283 0.6730035112554195 
0.7850091404006602 0.14475502431105575 
0.2209597313282609 0.5725962049995034 
0.10926410458693078 0.7085595211724705 
0.948297103992678 0.05104320611837265 
0.4945693189905234 0.330707108681996 
0.8169870880725206 0.12294968529643126 
0.12632449648634997 0.6913404770635323 
0.3169063903033525 0.48154322620810613 
0.6183451905511675 0.24372485942039443 
0.100936762800106 0.7283315822408344 
0.6661928776364239 0.2170695064924079 
0.3715213707228218 0.43559511776200927 
0.38849406175569257 0.40877015266100697 
0.6883251252604903 0.2055814953085768 
0.0610374293226314 0.7999301269476379 
0.17645990666067166 0.6240450506953517 
0.5190742276712981 0.3136174618867939 
0.45174637341457197 0.3621089746851591 
0.6050262465898602 0.24727714087974323 
0.9432541291266385 0.05481497790092682 
0.09354898295896956 0.7458227525009502 
0.9840534224039725 0.03875021393625783 
0.7142776423265899 0.19098123464312822 
0.3851213880685889 0.4244254369046049 
0.5908237101590912 0.2604453208495667 
0.1872990821764476 0.6128907867866445 
0.011760539421247718 0.9333620899780655 
0.5972902948851165 0.2519071433999189 
0.9658619322763865 0.04451846683770789 
0.8798902104824947 0.08910400586977754 
0.07128450115844502 0.784401317339989 
0.17292157064546237 0.6329645861502936 
0.2025003041662518 0.6045267812827787 
0.0678501491198168 0.7948545696488585 
0.779680999540613 0.14578093414293877 
0.4664502056080915 0.35427277915281796 
0.10051754223811464 0.7313725963325134 
0.01813727987518205 0.9290962478033498 
0.6922445336498374 0.19182600800423527 
0.9659042336461979 0.04251127939161442 
0.36113386511728024 0.45330903187505533 
0.46472375178957936 0.36146927361792525 
0.4771825360715049 0.34919536950824925 
0.5258881721901633 0.3065088340962343 
0.4771825360715049 0.34919536950824925 
