3.8960658589668565E-10 1.0648377695425222 
0.9986283355766061 0.02274180228628678 
0.4078232987254247 0.3888227373352507 
0.4506761622088291 0.37375621069717774 
0.561699774634276 0.2905352788336767 
0.23787128846985622 0.5541772691479396 
0.5707551823912694 0.2732190322249462 
0.7434173267347592 0.1672289997937823 
0.36113386511728024 0.45330903187505533 
0.720973518858954 0.18106029541778312 
0.9840534224039725 0.03875021393625783 
0.3715213707228218 0.4305919839382062 
0.5335742387794598 0.2969670658924722 
0.32339397722903435 0.46526472570666444 
0.3433476424131431 0.4568647135069875 
0.03346755770444729 0.8579631822389936 
0.08407753343523885 0.7512595980237505 
0.8286987166070974 0.11454913973527561 
0.5908237101590912 0.2604453208495667 
0.24901322378942387 0.5378116854269273 
0.6661928776364239 0.2170695064924079 
0.8489711833252906 0.09873329478932973 
0.044513068642939635 0.8327746333399559 
0.8169870880725206 0.12294968529643126 
0.6494402202003088 0.23433353036049367 
0.13859684911310283 0.6730035112554195 
0.002291211984255165 1.013521813712471 
0.07251504482023358 0.7734379085927638 
0.054610690080925575 0.8076790759217697 
0.8784111516331152 0.08943823293159595 
0.17645990666067166 0.6240450506953517 
0.6883251252604903 0.2055814953085768 
0.024754448587362532 0.8837091325371128 
0.005425699656045224 0.9829350576656006 
0.6305877261995168 0.24179581915135492 
0.12632449648634997 0.6913404770635323 
0.7142776423265899 0.19098123464312822 
0.4001376540195729 0.40511714246325886 
0.7587611960234166 0.1615347149599222 
0.3851213880685889 0.4244254369046049 
0.20398783747822213 0.5939802548232824 
0.4891209074846 0.33445066767190823 
0.8947853147803297 0.07695433757069742 
0.9172786493965668 0.06610248778214312 
0.1872990821764476 0.6128907867866445 
0.7686527872596121 0.15355209785476712 
0.09354898295896956 0.7458227525009502 
0.8475450781718143 0.10569300469682098 
0.4945693189905234 0.3281420303988748 
0.10926410458693078 0.7085595211724705 
0.3169063903033525 0.48154322620810613 
0.19367186839825223 0.6042748577830853 
0.22231140606516064 0.5708161589476711 
0.28345852532171434 0.5149112375712511 
0.38849406175569257 0.40877015266100697 
0.6594496545769047 0.22409780254205716 
0.16383550680576925 0.6318482692663291 
0.9051428539278374 0.07374220849529393 
0.6922445336498374 0.19182600800423527 
0.2577559246504679 0.5261328230171304 
0.100936762800106 0.7283315822408344 
0.5258881721901633 0.3065088340962343 
0.3064755795646647 0.48368211230586766 
0.005989867172657759 0.975485436895999 
0.5972902948851165 0.2519071433999189 
0.007656239765341466 0.9545346503963842 
0.018980557604376863 0.9060493353331471 
0.6050262465898602 0.2445955722207507 
0.15507777306250062 0.6496975810155935 
0.8798902104824947 0.08651206501256677 
0.6183451905511675 0.24372485942039443 
0.011760539421247718 0.9333620899780655 
0.02380743739690644 0.8907383816416974 
0.2974288569954041 0.49243682641291775 
0.5106702343895304 0.3202359535478262 
0.12429505084690379 0.6988882785413908 
0.2883693713736044 0.4989867753333481 
0.948297103992678 0.05104320611837265 
0.1588874887518869 0.6404231215052213 
0.45174637341457197 0.3621089746851591 
0.9658619322763865 0.04451846683770789 
1.3569875367616668E-4 1.0482363214123795 
0.0014406705590200852 1.0256608382356258 
0.5190742276712981 0.3136174618867939 
0.07128450115844502 0.784401317339989 
0.0678501491198168 0.7948545696488585 
0.4771825360715049 0.34919536950824925 
0.00952744734693517 0.9485269660533622 
0.11171752821017489 0.7033494570727207 
0.4664502056080915 0.35427277915281796 
0.10051754223811464 0.7313725963325134 
0.9278414161820573 0.059576160848544855 
0.01813727987518205 0.9290962478033498 
0.9659042336461979 0.04251127939161442 
0.15206969322184838 0.663236534951086 
0.799382491574758 0.1318814721173551 
0.779680999540613 0.14578093414293877 
0.03864193958315422 0.8478160045442141 
3.414779377462207E-4 1.0383093795767633 
0.018220607713512763 0.9150869927376664 
