0.517 15403.192500711108 0.5931893079458074 
11.902 12900.192500711108 0.5247162211644086 
6.78 13045.192500711108 0.19772976931526912 
11.902 12900.192500711108 0.5247162211644086 
0.517 15403.192500711108 0.5931893079458074 
0.798 16102.192500711108 0.5752471622116442 
11.211 12903.192500711108 0.48114243866715495 
9.576 12905.192500711108 0.3760527279384841 
4.255 13989.192500711108 0.3562797510069572 
2.916 14504.192500711108 0.4408641523251557 
3.215 14410.192500711108 0.42182350787257417 
8.989 12907.192500711108 0.3390699377517394 
4.051 14132.192500711108 0.3690955693885024 
11.219 12901.192500711108 0.48150860490662756 
7.955 12926.192500711108 0.27279384840717685 
8.302 12919.192500711108 0.2954961552544856 
0.964 16053.192500711108 0.5646283412669352 
1.771 14870.192500711108 0.513731233980227 
5.403 13576.192500711108 0.28377883559135847 
5.973 13342.192500711108 0.26620285609666794 
1.187 15722.192500711108 0.5503478579274992 
5.471 13522.192500711108 0.29073599414134016 
6.529 13122.192500711108 0.22848773343097767 
8.821 12910.192500711108 0.32845111680703043 
1.636 14945.192500711108 0.5221530574880996 
4.338 14060.192500711108 0.3507872574148664 
2.002 15492.192500711108 0.4987184181618455 
3.707 14217.192500711108 0.39106554375686564 
5.712 13586.192500711108 0.26437202489930434 
7.121 12972.192500711108 0.22299523983888686 
5.538 13630.192500711108 0.2757231783229586 
9.576 12905.192500711108 0.3760527279384841 
1.249 15860.192500711108 0.5470523617722446 
3.023 15075.192500711108 0.43390699377517394 
8.593 12912.192500711108 0.3138044672281216 
3.546 14268.192500711108 0.40131819846210176 
4.632 13870.192500711108 0.33321127792017574 
7.335 12964.192500711108 0.23654339069937752 
7.672 12938.192500711108 0.2559502013914317 
5.336 13696.192500711108 0.2878066642255584 
7.397 12946.192500711108 0.2376418894177957 
3.103 14444.192500711108 0.4287806664225559 
1.9 15618.192500711108 0.5053094104723544 
6.07 13289.192500711108 0.25119004027828634 
2.228 15313.192500711108 0.4851702673013548 
4.758 13805.192500711108 0.32442328817283045 
5.21 13730.192500711108 0.29586232149395825 
2.359 15355.192500711108 0.4763822775540095 
2.057 15557.192500711108 0.495422922006591 
6.421 13254.192500711108 0.2200659099231051 
0.914 15974.192500711108 0.5679238374221897 
3.37 14941.192500711108 0.41230318564628343 
2.601 15433.192500711108 0.46063712925668254 
2.553 14680.192500711108 0.463932625411937 
6.634 13179.192500711108 0.20651775906261444 
3.777 14368.192500711108 0.3863053826437203 
5.675 13667.192500711108 0.2669351885756133 
1.286 15276.192500711108 0.5441230318564628 
6.594 13108.192500711108 0.2098132552178689 
4.417 13926.192500711108 0.34602709630172096 
6.141 13264.192500711108 0.24679604540461372 
6.577 13278.192500711108 0.2160380812889052 
2.126 15542.192500711108 0.49102892713291835 
2.44 15236.192500711108 0.47162211644086416 
1.948 14849.192500711108 0.5023800805565727 
4.398 14114.192500711108 0.3471255950201392 
1.484 15653.192500711108 0.5316733797143903 
4.48 14045.192500711108 0.3419992676675211 
5.005 13714.192500711108 0.3090443061149762 
3.132 15035.192500711108 0.427316001464665 
1.423 15104.192500711108 0.5353350421091176 
6.682 13068.192500711108 0.2043207616257781 
2.821 14574.192500711108 0.44672281215671916 
5.692 13483.192500711108 0.3009886488465764 
2.706 14632.192500711108 0.4540461369461736 
4.857 13780.192500711108 0.3181984621017942 
0.804 15168.192500711108 0.5836689857195166 
1.003 15219.192500711108 0.5620651775906261 
6.882 12990.192500711108 0.20468692786525083 
6.345 13413.192500711108 0.22482607103625046 
2.377 14699.192500711108 0.4752837788355914 
0.715 15344.192500711108 0.5803734895642622 
3.84 14371.192500711108 0.382643720248993 
1.161 15914.192500711108 0.5521786891248627 
3.895 14196.192500711108 0.37898205785426586 
1.806 14989.192500711108 0.5115342365433907 
2.784 14561.192500711108 0.4492859758330282 
1.454 15819.192500711108 0.5335042109117539 
3.808 14785.192500711108 0.38447455144635667 
1.338 15076.192500711108 0.5408275357012083 
2.04 14810.192500711108 0.4965214207250092 
7.689 12936.192500711108 0.2559502013914317 
3.507 14313.192500711108 0.40351519589893814 
4.403 14731.192500711108 0.34675942878066646 
6.329 13418.192500711108 0.22592456975466862 
1.099 15138.192500711108 0.5887953130721348 
1.599 15303.192500711108 0.5247162211644086 
1.79 14937.192500711108 0.5122665690223361 
3.501 14292.192500711108 0.40388136213841086 
1.383 15024.192500711108 0.5378982057854266 
