0.509 15314.192500711108 0.5935554741852802 
12.111 12902.192500711108 0.5378982057854266 
6.784 13048.192500711108 0.19772976931526912 
0.797 16083.192500711108 0.5752471622116442 
10.382 12903.192500711108 0.4276821677041377 
0.836 15996.192500711108 0.5726839985353351 
9.718 12905.192500711108 0.3852068839253021 
9.441 12906.192500711108 0.36799707067008425 
10.239 12904.192500711108 0.41889417795679246 
6.276 13249.192500711108 0.23214939582570487 
8.968 12909.192500711108 0.3372391065543757 
2.291 15434.192500711108 0.4807762724276822 
3.87 14129.192500711108 0.38044672281215675 
0.957 15873.192500711108 0.5649945075064079 
1.78 15513.192500711108 0.5129989015012816 
5.838 13411.192500711108 0.2599780300256317 
5.046 13784.192500711108 0.30648114243866714 
0.624 15371.192500711108 0.5862321493958257 
1.573 15001.192500711108 0.5258147198828268 
8.762 12917.192500711108 0.3258879531307214 
7.819 12931.192500711108 0.26400585865983156 
2.753 14617.192500711108 0.45184913950933725 
8.054 12926.192500711108 0.2790186744782131 
2.667 14838.192500711108 0.4566093006224827 
2.537 14584.192500711108 0.4650311241303552 
5.666 14334.192500711108 0.2673013548150861 
2.681 14535.192500711108 0.4566093006224827 
1.496 15060.192500711108 0.5305748809959722 
7.049 12994.192500711108 0.2270230684730868 
4.374 14038.192500711108 0.34859025997803 
6.647 13183.192500711108 0.205785426583669 
6.09 13363.192500711108 0.27608934456243134 
5.95 13368.192500711108 0.24935920908092277 
0.753 15230.192500711108 0.578176492127426 
3.072 14407.192500711108 0.44415964848041006 
3.206 14425.192500711108 0.42255584035151966 
8.358 12918.192500711108 0.2984254851702673 
0.9 15278.192500711108 0.5686561699011352 
6.503 13163.192500711108 0.214939582570487 
1.696 15552.192500711108 0.5181252288538997 
1.837 14807.192500711108 0.5104357378249725 
1.432 14951.192500711108 0.5353350421091175 
1.809 14949.192500711108 0.5111680703039181 
3.112 14416.192500711108 0.4287806664225558 
2.94 15145.192500711108 0.43939948736726475 
5.002 13697.192500711108 0.31417063346759433 
4.84 14558.192500711108 0.31966312705968514 
2.862 14604.192500711108 0.4441596484804102 
8.265 12920.192500711108 0.2929329915781765 
1.961 15659.192500711108 0.5016477480776272 
2.354 14685.192500711108 0.47674844379348225 
7.623 12939.192500711108 0.25155620651775906 
3.366 14451.192500711108 0.41266935188575615 
5.171 13745.192500711108 0.29842548517026735 
2.95 15011.192500711108 0.4401318198462102 
5.534 13544.192500711108 0.27718784328084956 
1.169 15835.192500711108 0.5514463566459172 
4.282 14055.192500711108 0.3544489198095936 
3.543 14233.192500711108 0.40131819846210176 
5.871 13517.192500711108 0.2544855364335408 
6.062 13437.192500711108 0.24240205053094105 
3.358 14833.192500711108 0.4130355181252289 
4.981 13810.192500711108 0.3105089710728671 
3.737 14251.192500711108 0.38886854632002926 
7.186 12961.192500711108 0.2255584035151959 
2.023 15611.192500711108 0.4976199194434273 
7.489 12943.192500711108 0.2431343830098865 
2.438 14655.192500711108 0.47125595020139144 
5.408 13684.192500711108 0.28341266935188575 
0.662 15225.192500711108 0.5840351519589895 
3.993 14094.192500711108 0.3727572317832296 
2.165 15348.192500711108 0.4917612596118638 
2.479 15291.192500711108 0.46869278652508245 
4.643 13987.192500711108 0.3317466129622849 
1.298 15134.192500711108 0.5433906993775174 
4.508 13893.192500711108 0.34053460270963015 
4.101 14046.192500711108 0.3658000732332479 
6.454 13229.192500711108 0.21786891248626877 
3.494 14586.192500711108 0.4046136946173563 
2.091 14769.192500711108 0.49432442328817283 
3.621 14274.192500711108 0.39655803734895645 
3.994 14090.192500711108 0.3731233980227023 
2.224 14665.192500711108 0.48553643354082754 
1.676 15653.192500711108 0.5199560600512633 
2.323 14722.192500711108 0.4785792749908459 
6.177 13892.192500711108 0.23544489198095936 
6.427 13743.192500711108 0.2200659099231051 
1.206 15788.192500711108 0.5492493592090809 
4.726 13825.192500711108 0.3266202856096668 
6.16 13849.192500711108 0.23654339069937752 
4.445 13933.192500711108 0.3441962651043574 
1.043 15099.192500711108 0.560966678872208 
1.977 15648.192500711108 0.5005492493592091 
6.725 13094.192500711108 0.20139143170999635 
5.596 13477.192500711108 0.27279384840717685 
1.268 15674.192500711108 0.5455876968143537 
4.178 14008.192500711108 0.3610399121201025 
1.349 15684.192500711108 0.5400952032222629 
6.851 13000.192500711108 0.2035884291468327 
7.365 12950.192500711108 0.2358110582204321 
