5787.208849896312 919.6207072717416 14999.703736800779 
490.73471905163353 1590.725501661228 5328.000976831315 
4655.3626622768115 1676.2866352028022 5328.028159808613 
490.73471905163353 1590.725501661228 5328.000976831315 
5787.208849896312 919.6207072717416 14999.703736800779 
5805.238687174904 5960.587380326875 14998.835150902425 
716.3650248618983 1580.1749685954399 5330.105556623885 
1456.1283364581984 1590.725501661228 5328.10517075914 
4812.309189411596 1426.7947635206738 9544.632195745055 
5337.190437305483 1530.5238475575447 11681.430286033023 
5552.495355973048 1477.2213344395493 11202.471810742736 
1739.528230129959 1563.092726625764 5328.023809743683 
5783.307763995303 1455.649564981395 9875.773633340505 
713.0207606290464 1580.1749685954399 5330.105556623885 
2446.429686208322 1636.800158498848 5328.198793359659 
2142.153862942258 1561.8955658002076 5328.023809743683 
5980.469111365987 5957.7322328636665 14744.891741533258 
4635.532779789565 1202.610041405239 13340.591729861033 
4859.224006370695 1795.041864830285 7708.0086723608965 
3757.7082156644033 1666.2294594347234 6980.004552482853 
5972.4135364179 4743.465498835473 14401.94451403914 
3942.1323959783454 1694.4419594637382 7735.865651557282 
3601.926200683377 1407.8859527822551 5960.953522427207 
1825.0951194471788 1554.0418562649159 5328.023809743683 
4992.366205955992 1080.518129663426 13465.012827638478 
5672.186406521358 2242.9964503817237 9458.569447664895 
5847.2882958314185 5138.908085497827 13142.156782278595 
5217.32304740566 1926.2543826183974 10466.43721171573 
5413.606793087633 2529.118361124468 7189.752230915815 
3260.9032711960062 1594.042709084085 5376.337136287244 
5156.719566610091 2529.118361124468 7486.294974977879 
1456.1283364581984 1590.725501661228 5328.10517075914 
4865.397613128257 5921.633479417809 14316.147667616997 
5361.372382291611 5107.444584302651 11550.791720762738 
1984.810642596198 1591.56833533055 5328.516329044928 
5217.32304740566 1768.6086596807513 10714.868141728093 
4721.313457183213 2101.592430954236 8993.66694731179 
3099.3281226716545 1768.492249639135 5378.798780628976 
2446.429686208322 1367.7783706774494 5328.198793359659 
5584.553782963332 2297.853911694089 7822.684135491263 
2878.3703958417686 1530.0243411670046 5328.204935988265 
5175.828791529374 2057.2863801254857 11422.692485354406 
5964.48137307699 5531.69155764978 13300.763006609714 
3480.0424293487004 1128.2597269967878 6588.671757779116 
4895.952941154754 5004.512965008767 12800.394116486297 
4721.313457183213 1460.9790319684325 8741.099114977736 
5869.643780384134 1419.058727157099 7993.738796520497 
5543.89725411872 5223.552407868599 12587.56910906617 
5442.582288065838 5711.848628600121 13056.773924260526 
5510.256312438148 1407.8859527822551 5945.485425542331 
5542.409695324288 5642.732603717346 14821.05016880106 
5226.766497622711 5112.223037888438 11004.548614161658 
5778.357330375621 5960.587380326875 12209.672517430488 
5941.0743665884675 1430.2622342007562 12225.465201611141 
5472.162725956969 1298.2896299321724 5550.753424333547 
5318.517491724999 2998.321868626443 10357.660607995575 
5286.786711963685 2907.635502190823 7254.259474308824 
5264.220328515492 2996.3956721532613 14250.548760282254 
4064.5006016695356 1047.1183726830147 5526.756001947568 
4663.84167382708 1219.9049070580393 9219.718253282947 
3480.0424293487004 1133.0212851812632 6474.227231302644 
4414.796280540018 2907.635502190823 5773.90444659995 
5949.333267311202 5580.85504084588 12950.4888438093 
4895.952941154754 5004.512965008767 12469.701259580796 
5254.442468837155 1024.377059715177 12938.754821409326 
5304.750987772989 2864.5316353852722 9362.604933897635 
5560.406673296607 5100.4991264014825 13943.802414605658 
5994.350816490938 2359.1421405250417 9230.336754050573 
4663.84167382708 1406.2771360208048 8328.249048420208 
5361.372382291611 5107.444584302651 11379.760816564616 
5778.838269115588 2057.2863801254857 14036.330900325638 
3956.54396084045 1049.2205969547467 5378.798780628976 
5847.2882958314185 1696.9022895044445 11850.865273572705 
3440.0322333003323 1666.2294594347234 7689.10995264026 
5684.394336738041 2125.787784834396 12046.274624014412 
4663.84167382708 949.1878128870317 8328.249048420208 
3480.388973168844 1133.07350362393 14874.036560341401 
5515.709564387822 1531.9103422253174 14639.054374919742 
3757.7082156644033 1530.0727563639848 5328.028159808613 
5286.786711963685 2907.635502190823 6102.769982278859 
5337.190437305483 1394.7001325569518 12488.696404980308 
5787.208849896312 1286.6558432917693 14999.900058686344 
5283.346427286573 3139.3477329048546 10259.447864381216 
5342.671365035996 5864.387281564436 14441.535047441921 
5931.8110198718705 1747.535874593918 10158.890505864292 
5806.450151030368 2242.9285349615675 13446.100425050492 
5497.944526260465 1537.626033064545 11886.836384556666 
5846.014988421465 5762.533706374769 13991.211490685342 
5438.456775881672 5056.054858815799 10308.283224737472 
5217.32304740566 1768.6086596807513 14156.310670838684 
5176.569940352475 1625.8931935499281 13056.773924260526 
2634.482705739907 1594.042709084085 5328.038665212902 
5574.069958063243 1866.5374992922148 10779.919560634573 
5999.224224359099 5647.453733288841 9354.095407741894 
5286.786711963685 2907.635502190823 6130.563488304475 
3440.0322333003323 1666.2294594347234 14909.326944343067 
5004.382660873157 3786.142426084953 13770.753788025238 
5611.272083587215 1255.1426646732484 13340.591729861033 
5232.105088685072 1149.882307460131 10630.273014600503 
4927.508339219934 917.9301627394666 13688.551167633048 
4543.577508893372 910.3177885423086 14999.982983893045 
485.5037364334719 1732.4486391982828 5328.030751809443 
4711.919925787064 1888.7026930964696 5328.457728518758 
5492.595406786464 5980.709081577948 14999.647006296402 
1118.0269335276373 1663.8605538141785 5328.120974567333 
5486.618615966157 5624.156627085864 14940.151211970784 
1417.3133733893035 1636.050511878139 5328.819308366602 
1515.447879180506 1579.4261487235997 5328.798552711426 
1127.9817955452995 1579.4261487235997 5328.806549777381 
4468.597878676617 2020.6299490507847 6268.0757297250875 
1805.9622244221675 1636.050511878139 5328.0135467077325 
5129.453338951648 5637.395531858126 12695.585382764504 
4791.204068797431 1116.2425691052176 10028.29863483966 
5910.473584362232 5093.087130839201 14755.046986024223 
5315.922747610855 5031.353109573779 13486.973771873172 
4468.597878676617 2047.018969718311 7021.666778042271 
5898.143993822411 1746.7906713695597 8297.86439786616 
5878.849909953708 932.9683604877798 14854.109599236324 
5444.487348548168 1142.22220295487 13605.522396265449 
1927.9620052934497 1656.5446681671792 5350.555763845976 
2553.2839524064857 1636.050511878139 5329.20156210737 
4902.923661371723 2513.9908274334985 11980.498238528118 
2370.6381409635546 1636.050511878139 5329.20156210737 
5864.939082206852 3131.4013329821883 12107.653978205348 
4529.6033063296145 1254.517571143425 12187.347268350994 
5869.635888997778 5946.899700707465 7268.516687279494 
4560.763766517024 1780.2152752159436 12084.67408500776 
5649.55956649635 1965.7993329110514 13922.343255125223 
2703.4676209624895 988.0593967989093 5328.049601141995 
5963.242832606495 1190.0346321623106 9272.543555396302 
5743.068856475361 1458.0310755722828 5551.649269408645 
3660.6761030602315 2047.018969718311 7021.666778042271 
4753.821092581784 1581.1093573783717 6772.716142846488 
4551.563811619678 983.0738807823386 14715.634843998645 
4044.742371069248 1994.958241991063 11633.98590612739 
5682.039551740896 1732.7948954780584 11249.506579356104 
2163.420505202242 1636.050511878139 5329.20156210737 
5647.065170592108 1937.5978382561848 14838.48338977395 
4633.964930699934 1346.8993815205458 5791.136081489197 
5974.844859484154 4838.827617576977 13617.109068214273 
4017.2826980951377 1230.8474768246758 13270.914986077663 
4017.2826980951377 1088.5223004461145 13788.523352004424 
5878.849909953708 1191.419144845029 13275.822140648837 
4801.717882089715 2068.0648536255785 11414.265186948918 
5331.570571327404 5312.844712517603 11681.864018326232 
4247.63171801668 1844.175531301451 8442.845231985219 
5076.415337419038 5892.28466569223 8647.160167968406 
5311.283450946543 2500.226786101601 11802.990114980548 
2120.6901332442144 1508.1159825506522 5328.059498393544 
5874.209791798484 5881.2833145318655 13206.780470080628 
5007.257101218953 1139.0784322695772 12405.05739907767 
2743.7352266089447 1656.6613692583292 5328.721032465443 
5898.167500187294 2418.694739390227 11009.859327958755 
5898.143993822411 2002.8423637405192 8095.559063985973 
4736.53830368727 4863.105105236763 11681.864018326232 
4640.092341866948 2185.7456007145956 7513.857026046401 
5647.065170592108 5387.804290361126 14428.935944995654 
5797.939134095684 1254.840434567624 9450.188907543683 
4674.663734878191 1370.3075160357655 10660.385212509624 
5956.439397047355 1078.456029825099 6772.716142846488 
5878.654293058953 1145.9197349093124 6488.097313817255 
5920.171400706411 4311.9870816725825 11022.412038281824 
5218.8354419869065 2388.880975346682 8412.967596510334 
5898.143993822411 1793.1101032359936 10413.4683510042 
2964.503386183009 1346.4214764827689 5329.8677870636675 
5874.209791798484 5757.165701527958 13109.839688320802 
2863.3677269867117 1636.050511878139 5329.20156210737 
5009.997638272692 1254.840434567624 12340.50421924582 
5884.1250231705535 2240.3508045482445 7702.016135170791 
4017.2826980951377 972.3966924691017 14843.43245911436 
5027.556372370858 1695.1920311924325 9998.528454734533 
4529.6033063296145 5154.945981367564 12931.112202585477 
5026.205735637668 5311.368568910177 12405.05739907767 
5880.705284161849 2435.5176153067337 8964.51254228655 
5841.467297888884 1600.070597731563 14199.396452848943 
4754.50576394733 1597.7664051500687 9163.98624068929 
4897.499785729433 1637.711351287134 9822.367753570148 
5448.184003687639 1680.4733031644105 5907.326195963583 
5864.939082206852 3359.8170692097533 10807.380842571505 
4627.901126831368 1989.2486357411196 13015.89624070065 
5682.039551740896 1732.7948954780584 10594.424133851151 
4791.204068797431 1984.570735561058 10013.640841462942 
4057.813181769259 1132.0905507450418 12606.628607521994 
5025.112994327734 5637.395531858126 13652.051816212414 
5231.519987024155 1941.7925910863028 12639.501164257843 
5302.957359376246 4924.418880753016 6394.897978755761 
4983.862587992369 4789.078553562367 5963.969533429545 
5327.958622929404 5337.724514447887 14372.511921418372 
4897.499785729433 1637.711351287134 8815.246810242945 
4983.862587992369 4789.078553562367 6428.782157290374 
5027.556372370858 1695.1920311924325 9275.067784790126 
4017.2826980951377 1230.8474768246758 14486.66233368493 
5954.993206349363 5826.466860669702 13182.175191490915 
5027.556372370858 1656.5963881257871 5424.648705063948 
4400.037565842766 1640.9280285351858 7393.041302373234 
5122.259119421143 4962.218254392481 14279.600672098548 
4637.666595951413 1254.840434567624 9616.443086331623 
5846.358644357285 4901.112838674416 14151.877100266454 
3953.2192340039915 1656.5446681671792 5341.981965156536 
2840.851782015538 1450.1667136898916 5328.049601141995 
