1 0.6560840378839364
2 0.9407068826353557
3 0.7260822958862787
4 0.7403275822021488
5 0.7724293699216843
6 0.7917891460211903
7 0.733505680144798
8 0.7373771277114818
9 0.7324412874565107
10 0.7598457620595626
11 0.8526745465272364
12 0.7616806999749042
13 0.7205332654250988
14 0.5951075402629611
15 0.4999509014889503
16 0.5014235782256266
17 0.5288501484540548
18 0.46417521591214106
19 0.4505012497186987
20 0.41707087727065556
21 0.4299594393504951
22 0.4140761723662997
23 0.4153809365766563
24 0.4409687457785443
25 0.40356409981751706
26 0.341891778405834
27 0.3355680532772081
28 0.3222775572160924
29 0.358949901323223
30 0.3393029425113899
31 0.3743757893033613
32 0.3466744890847759
33 0.34889644165341027
34 0.3769496668440855
35 0.39193577843029154
36 0.41445857206307307
37 0.471981411808691
38 0.4357671566662353
39 0.3991502067933601
40 0.4223279453773629
41 0.3996590886393964
42 0.3855021301797199
43 0.40695499731861234
44 0.43084895384702326
45 0.39734925030548307
46 0.39015738335350203
47 0.39844107227848313
48 0.4636352341150376
49 0.38290947349987103
50 0.3797801918184171
51 0.3806424527061287
52 0.3962873871111589
53 0.3573680085070905
54 0.37414605602312206
55 0.4116009220011243
56 0.45030676930970354
57 0.45084912078055717
58 0.3914153953039273
59 0.3834177282402803
60 0.3441290505812094
61 0.4096724958078591
62 0.3830891529907533
63 0.3296346897363124
64 0.3404192620970805
65 0.34545890196820184
66 0.32701700587495613
67 0.3259765658786586
68 0.4190132187795957
69 0.38279194949135065
70 0.39272512557030015
