1 0.7981610502813545
2 0.9469626645661653
3 0.924040748837711
4 0.7109092994590086
5 0.6584493855746076
6 0.6529307961674573
7 0.717134976303815
8 0.7281985767768827
9 0.7114340705145227
10 0.7161165713742503
11 0.6784472798482586
12 0.6258142994132246
13 0.750737158379337
14 0.7079316174421215
15 0.6701657270536797
16 0.656427835101762
17 0.5287104679777411
18 0.5289790130228319
19 0.4744238768750387
20 0.47904415304362397
21 0.4850604068067874
22 0.4484279300025145
23 0.4074733643589795
24 0.3519809051155281
25 0.3718017092967998
26 0.3378306419607179
27 0.3207225250915541
28 0.3375177940930127
29 0.35357739257840676
30 0.37220133222187496
31 0.324040860391416
32 0.3851248866332782
33 0.3989553504256783
34 0.3997789713387635
35 0.3502641313730027
36 0.31901894331781167
37 0.32483038341330034
38 0.3347310909381193
39 0.31626838483492026
40 0.3024508210535378
41 0.3013468786408394
42 0.27910269848779035
43 0.3023305493892332
44 0.3330299024266413
45 0.3078439318340429
46 0.29995066963982925
47 0.34214656034099067
48 0.38154694618488616
49 0.3137960801808011
50 0.34808686068026146
51 0.4058014652606702
52 0.38898806887562765
53 0.33351935866495974
54 0.32252991175540363
55 0.40665338575962967
56 0.35544380675855924
57 0.3711813166563232
58 0.40654370129502754
59 0.3639315250006534
60 0.3449805000383505
61 0.3177019457812874
62 0.3601785731820174
63 0.35697507244658844
64 0.35995499830156125
65 0.3968990076966492
66 0.39138537455190264
67 0.3769696275662657
68 0.38359819668350575
69 0.38762441066044595
70 0.34630865994089344
