1 0.7751321623502124
2 0.8468774333592625
3 0.7756582326405748
4 0.7290926885586054
5 0.7127371407521433
6 0.8216658619958943
7 0.8369982117104392
8 0.8222205978453438
9 0.8146761975680703
10 0.7722083574041038
11 0.7362913418402267
12 0.7129919074226455
13 0.7210268753045084
14 0.6437734552833194
15 0.6515079840911321
16 0.6571636572833189
17 0.638521440896433
18 0.566072390952849
19 0.4708549599725073
20 0.5230116218931197
21 0.4780499400185599
22 0.44311158789906263
23 0.4602400197396154
24 0.4076637141047012
25 0.4002397232101274
26 0.4120479071131241
27 0.4085948806783528
28 0.475259332602447
29 0.4340641187280217
30 0.4604617078060417
31 0.421358205778306
32 0.42613732220235356
33 0.46604945196137754
34 0.42621592803521247
35 0.4480470507390793
36 0.4127008128144454
37 0.35486238963852834
38 0.394108409867241
39 0.39379101812120704
40 0.3808412708118015
41 0.35851820769648624
42 0.37817583089324014
43 0.42769649749437827
44 0.387333274537387
45 0.3405332087393302
46 0.3422094089736421
47 0.41956610447871606
48 0.41001475824023487
49 0.37869573630800024
50 0.41479318642204677
51 0.36738231437915897
52 0.36193803817277254
53 0.35766626109134403
54 0.34068444550936866
55 0.3823961057670643
56 0.38727791145465007
57 0.31770555611484563
58 0.3504117722780591
59 0.38176505851267767
60 0.35356595978898897
61 0.34018598858778093
62 0.40167895927918557
63 0.40308564979334977
64 0.39855140922347876
65 0.38084258027007284
66 0.417043107318767
67 0.40922760522548357
68 0.3465210804566225
69 0.35509270938758825
70 0.4124244856324063
