1 0.7730957637319188
2 0.8077116355170546
3 0.8211392800451764
4 0.7715547510544334
5 0.8251733546730353
6 0.8300400209153872
7 0.7538938131445542
8 0.8148015021378552
9 0.8141742758175987
10 0.8620729911216257
11 0.8257765571478297
12 0.837913455497533
13 0.8081133895607059
14 0.7944899553370028
15 0.7933063532777006
16 0.7665651960575782
17 0.7815135051765528
18 0.7582002357857883
19 0.7626594139507517
20 0.7395951138548335
21 0.7249666923695216
22 0.7206415934046103
23 0.689956204449173
24 0.6873430503708162
25 0.6569530104097338
26 0.6432872562100305
27 0.6439785312827686
28 0.6341973432686836
29 0.6182131966637024
30 0.637002942656754
31 0.6227865598678882
32 0.6375288019118088
33 0.6361938410417335
34 0.6300974108782993
35 0.6100127889796002
36 0.6300224494021704
37 0.634589381774505
38 0.6180471235537002
39 0.6213024222050814
40 0.6141158457409991
41 0.6037811012713744
42 0.6009653656356364
43 0.6012620716645103
44 0.5935196889066371
45 0.6069438980909638
46 0.6099916525264794
47 0.5985428774069158
48 0.6074126018207798
49 0.605390718184539
50 0.6397105463320204
51 0.6051016178194137
52 0.6104172886878454
53 0.6006165403575227
54 0.6048981519757303
55 0.5740729230501099
56 0.5847095653733871
57 0.5731763395632038
58 0.5601480684170533
59 0.5589464006010929
60 0.558856356507682
61 0.5570067103693125
62 0.5738806597769386
63 0.5707107151483093
64 0.57139278993487
65 0.5595172112401214
66 0.559974574516627
67 0.5535928328872421
68 0.5549047339635357
69 0.5598175241560011
70 0.5598175241560011
