1 0.7050573573993137
2 0.8576323953030125
3 0.8840079839473006
4 0.8861906889711401
5 0.8442699584799512
6 0.8374720963778867
7 0.7244444550477404
8 0.8053388754755275
9 0.8628170683888815
10 0.8910084179649274
11 0.8471255699748074
12 0.8460552383542691
13 0.876674904605462
14 0.877869775748449
15 0.8433549635787836
16 0.8773356584588594
17 0.853870881356259
18 0.8264831616025615
19 0.8453944395038538
20 0.828622632401195
21 0.8069233059733424
22 0.7938875819330904
23 0.7819007706814337
24 0.7763634405863696
25 0.7803269379213996
26 0.7782217004908325
27 0.7782783320727985
28 0.7305804659474147
29 0.7292807455084116
30 0.7213314936403945
31 0.7417006554513217
32 0.7435002724014107
33 0.7504212852459928
34 0.7422301930131382
35 0.7174849904325923
36 0.7352141767707254
37 0.7146949374214796
38 0.7279206512426059
39 0.7051262339641906
40 0.6889644469615108
41 0.6759438476495183
42 0.6496578014827182
43 0.6254835405997954
44 0.6252193654294315
45 0.6312504795941756
46 0.6580078659927088
47 0.6400608206873999
48 0.649564818370058
49 0.6334905290554881
50 0.6185895035053519
51 0.6023363544038892
52 0.6150411013263781
53 0.6099771456398104
54 0.601589248434121
55 0.6145048377576915
56 0.6060523160678555
57 0.5990206073372535
58 0.6039696371986925
59 0.5949645687536791
60 0.604584991906059
61 0.6125598710691581
62 0.6104812418822526
63 0.6114206977858648
64 0.6182487428450206
65 0.6176440077695493
66 0.5968741918823816
67 0.5949123957258482
68 0.5937107616831918
69 0.6032766227735132
70 0.6032766227735132
