1 0.6839162094361143
2 0.7842602647864985
3 0.8006934338254512
4 0.7671817019203215
5 0.7596394627547537
6 0.762030172584642
7 0.7856757503084518
8 0.8413413743502534
9 0.8891315352996295
10 0.8817343132484271
11 0.8543115256638848
12 0.8936537794680383
13 0.9165930666928018
14 0.8534262329361402
15 0.8533976428078528
16 0.8210027890158745
17 0.8228467666379987
18 0.8031838297595049
19 0.7497775576472754
20 0.7458873567595948
21 0.7066088811395255
22 0.6657375935114519
23 0.6754493026235087
24 0.6771922421187387
25 0.6512899600478373
26 0.6532017656584767
27 0.6398309907503598
28 0.644078865550582
29 0.6661629531559203
30 0.6712172362479689
31 0.6788297237853671
32 0.6690780092428619
33 0.6795083656831521
34 0.6766802662780196
35 0.6606342014448806
36 0.6807729413837372
37 0.6595177109398733
38 0.6778037220303792
39 0.6678870298535341
40 0.6602897621310733
41 0.6686479003346164
42 0.6741180917141402
43 0.6786239374155261
44 0.6865992404893645
45 0.6590763857600359
46 0.6660123799176226
47 0.6549211001023277
48 0.6685031551201007
49 0.6646443041874076
50 0.6525614524604153
51 0.6492132778450117
52 0.6527636475486689
53 0.615139641104848
54 0.6140324575471755
55 0.6296292356764118
56 0.6227897131633356
57 0.6058940434202085
58 0.6257895712650795
59 0.6258913168749629
60 0.6227550329706331
61 0.615480663042533
62 0.635016676582399
63 0.5943745858572433
64 0.5979409038953535
65 0.5798242998304085
66 0.5743899929102937
67 0.5696311165885485
68 0.5652564375172725
69 0.551850129796797
70 0.551850129796797
