1 0.7302212017334135
2 0.875832974628766
3 0.7969123657956605
4 0.7070015197463414
5 0.8008280996791602
6 0.8018206455154862
7 0.8552628317729768
8 0.8320360400593051
9 0.8484394628079152
10 0.8404140200620842
11 0.816933610426225
12 0.9059329820200326
13 0.9010519562632578
14 0.9260531848706204
15 0.9269980183355724
16 0.8702821882623581
17 0.8568477649973768
18 0.8727062060214221
19 0.8339779826726287
20 0.8235393377789361
21 0.7741809163593896
22 0.7760169439268427
23 0.756566840630551
24 0.7376817566945629
25 0.734029966700675
26 0.7427177680570002
27 0.7387496893105021
28 0.7135122108862915
29 0.7051479839152213
30 0.6872265063873321
31 0.6691774859872787
32 0.6823219245785321
33 0.6756744492028438
34 0.6594144030024472
35 0.6362019275709749
36 0.6344671911431956
37 0.6186732565795904
38 0.6077266656235346
39 0.6254802350036371
40 0.6229205328910207
41 0.6111914442963002
42 0.589469252332721
43 0.5936978374713346
44 0.5660143084593627
45 0.5794389628658452
46 0.5980568850508671
47 0.5708423523207475
48 0.576030672340095
49 0.6057370652901152
50 0.5975217066470141
51 0.5961698553507442
52 0.6023358562433063
53 0.6072398622758219
54 0.6041907109357907
55 0.5892375529670557
56 0.6020112074389518
57 0.6097213868674556
58 0.5982136750042242
59 0.6043653809563992
60 0.6092621018700979
61 0.6087360093738053
62 0.6070265877378004
63 0.5845542554778816
64 0.5895968223130779
65 0.5728380981567097
66 0.5728814183016742
67 0.5712532855133886
68 0.6012245088259093
69 0.6173973225597056
70 0.6173973225597056
