-0.566 5939.0 
0.618 2838.0 
-0.566 5939.0 
0.618 2838.0 
0.17 3121.0 
0.093 3169.0 
-0.512 4434.0 
-0.482 4156.0 
0.295 3049.0 
0.445 2949.0 
-0.065 3274.0 
0.325 3024.0 
0.134 3144.0 
-0.517 4478.0 
-0.563 5717.0 
0.421 2968.0 
-0.565 5854.0 
-0.311 3542.0 
-0.215 3411.0 
-0.327 3581.0 
-0.523 4556.0 
-0.548 5020.0 
-0.364 3656.0 
0.026 3213.0 
-0.561 5592.0 
0.225 3093.0 
0.123 3152.0 
-0.527 4594.0 
-0.183 3374.0 
-0.082 3286.0 
-0.562 5652.0 
0.261 3067.0 
0.069 3186.0 
-0.261 3487.0 
-0.035 3251.0 
-0.468 4058.0 
-0.285 3496.0 
-0.442 3923.0 
-0.238 3435.0 
0.525 2900.0 
0.598 2854.0 
-0.498 4328.0 
-0.388 3727.0 
-0.534 4768.0 
-0.555 5261.0 
0.001 3226.0 
-0.296 3516.0 
-0.542 4884.0 
-0.494 4248.0 
-0.252 3458.0 
-0.559 5487.0 
-0.504 4338.0 
-0.56 5523.0 
-0.165 3355.0 
0.471 2940.0 
0.399 2978.0 
-0.344 3606.0 
-0.53 4670.0 
0.559 2878.0 
-0.546 4951.0 
-0.49 4231.0 
0.276 3058.0 
-0.377 3707.0 
-0.55 5081.0 
-0.009 3236.0 
-0.452 3968.0 
0.218 3097.0 
-0.129 3322.0 
0.047 3211.0 
-0.558 5416.0 
-0.557 5398.0 
-0.426 3867.0 
0.55 2882.0 
0.189 3110.0 
-0.414 3827.0 
-0.53 4670.0 
-0.37 3674.0 
-0.222 3418.0 
-0.106 3307.0 
-0.029 3247.0 
-0.541 4821.0 
0.055 3194.0 
-0.564 5797.0 
-0.426 3867.0 
-0.552 5146.0 
-0.554 5219.0 
-0.395 3776.0 
-0.553 5187.0 
-0.544 4927.0 
0.598 2854.0 
0.363 3007.0 
-0.41 3810.0 
-0.399 3777.0 
-0.133 3333.0 
-0.556 5329.0 
-0.445 3937.0 
0.379 2996.0 
-0.474 4108.0 
-0.556 5329.0 
0.387 2987.0 
