-0.567 6095.0 
0.622 2834.0 
0.622 2834.0 
-0.567 6095.0 
-0.545 4967.0 
-0.452 3974.0 
-0.532 4658.0 
-0.434 3900.0 
0.122 3152.0 
0.35 3013.0 
0.156 3135.0 
0.472 2929.0 
0.529 2895.0 
-0.56 5617.0 
-0.566 5933.0 
-0.541 4839.0 
-0.295 3542.0 
-0.128 3319.0 
-0.154 3342.0 
-0.565 5855.0 
-0.564 5782.0 
0.31 3032.0 
-0.34 3598.0 
0.45 2946.0 
-0.503 4383.0 
0.232 3080.0 
-0.511 4429.0 
-0.563 5707.0 
-0.424 3865.0 
-0.558 5407.0 
-0.464 4054.0 
-0.537 4744.0 
-0.109 3306.0 
-0.551 5133.0 
-0.559 5496.0 
-0.001 3228.0 
0.198 3102.0 
-0.325 3565.0 
-0.025 3243.0 
0.558 2891.0 
-0.5 4319.0 
0.23 3083.0 
-0.415 3823.0 
0.03 3209.0 
0.375 2995.0 
0.432 2960.0 
0.27 3056.0 
-0.46 4021.0 
0.417 2969.0 
-0.277 3491.0 
0.175 3116.0 
0.499 2913.0 
-0.553 5191.0 
0.011 3219.0 
-0.262 3465.0 
-0.522 4554.0 
-0.356 3638.0 
-0.495 4287.0 
-0.481 4184.0 
-0.283 3518.0 
-0.525 4585.0 
-0.207 3399.0 
-0.562 5654.0 
-0.556 5316.0 
-0.557 5373.0 
-0.405 3802.0 
0.097 3166.0 
-0.359 3649.0 
-0.472 4120.0 
-0.491 4241.0 
-0.555 5281.0 
-0.559 5496.0 
-0.396 3761.0 
-0.549 5054.0 
0.613 2842.0 
0.072 3183.0 
-0.092 3293.0 
-0.471 4118.0 
-0.519 4491.0 
0.365 3001.0 
-0.171 3358.0 
0.072 3183.0 
-0.249 3448.0 
-0.229 3429.0 
0.572 2869.0 
-0.55 5075.0 
-0.518 4478.0 
-0.372 3689.0 
0.4 2983.0 
0.1 3164.0 
-0.045 3272.0 
0.305 3035.0 
-0.566 5933.0 
0.046 3200.0 
-0.538 4768.0 
-0.229 3429.0 
-0.54 4816.0 
-0.067 3274.0 
-0.328 3572.0 
-0.083 3289.0 
