-0.567 6095.0 
0.624 2833.0 
-0.567 6095.0 
0.624 2833.0 
-0.566 5962.0 
-0.552 5212.0 
-0.492 4293.0 
-0.466 4072.0 
-0.007 3230.0 
-0.303 3523.0 
0.577 2864.0 
0.15 3131.0 
-0.105 3304.0 
0.051 3199.0 
-0.451 4004.0 
-0.274 3482.0 
0.422 2960.0 
0.281 3051.0 
-0.511 4456.0 
-0.518 4520.0 
-0.388 3751.0 
0.12 3151.0 
-0.504 4365.0 
-0.564 5793.0 
-0.422 3859.0 
-0.537 4781.0 
-0.193 3394.0 
-0.533 4704.0 
0.453 2945.0 
-0.548 5070.0 
0.189 3108.0 
-0.56 5539.0 
-0.037 3252.0 
-0.528 4671.0 
-0.486 4210.0 
0.168 3119.0 
-0.562 5677.0 
-0.365 3660.0 
-0.554 5325.0 
-0.128 3322.0 
-0.559 5457.0 
0.018 3215.0 
0.351 3006.0 
0.495 2916.0 
-0.33 3579.0 
-0.563 5708.0 
-0.141 3333.0 
-0.565 5846.0 
0.379 2987.0 
-0.438 3915.0 
0.301 3038.0 
0.47 2932.0 
-0.476 4134.0 
-0.508 4394.0 
0.507 2910.0 
-0.527 4589.0 
0.409 2979.0 
-0.448 3964.0 
-0.183 3369.0 
-0.542 4856.0 
0.092 3168.0 
0.527 2894.0 
-0.561 5584.0 
-0.556 5329.0 
-0.397 3791.0 
-0.557 5412.0 
0.107 3159.0 
-0.525 4571.0 
-0.244 3453.0 
-0.546 4994.0 
0.557 2877.0 
-0.339 3603.0 
-0.217 3411.0 
-0.539 4829.0 
-0.082 3287.0 
-0.377 3696.0 
-0.55 5130.0 
0.243 3079.0 
-0.312 3554.0 
0.013 3221.0 
-0.482 4190.0 
-0.547 5005.0 
-0.159 3357.0 
-0.544 4920.0 
0.077 3178.0 
-0.442 3922.0 
0.315 3029.0 
-0.265 3470.0 
-0.254 3462.0 
0.232 3090.0 
-0.415 3835.0 
0.257 3072.0 
-0.48 4144.0 
0.527 2894.0 
0.222 3095.0 
-0.167 3359.0 
-0.544 4920.0 
0.557 2877.0 
0.39 2980.0 
0.576 2866.0 
