0.625 2833.0 
-0.564 5782.0 
-0.564 5782.0 
0.625 2833.0 
-0.483 4196.0 
-0.534 4698.0 
-0.42 3879.0 
-0.551 5152.0 
-0.56 5547.0 
0.079 3176.0 
0.269 3059.0 
0.537 2892.0 
-0.435 3920.0 
-0.497 4289.0 
0.512 2905.0 
-0.511 4397.0 
-0.559 5459.0 
0.04 3202.0 
-0.546 4968.0 
0.21 3094.0 
-0.135 3325.0 
-0.164 3354.0 
0.557 2876.0 
-0.562 5637.0 
0.234 3087.0 
-0.193 3387.0 
0.248 3071.0 
0.493 2916.0 
0.126 3150.0 
-0.396 3756.0 
-0.54 4805.0 
-0.334 3609.0 
-0.129 3320.0 
-0.367 3671.0 
0.329 3019.0 
-0.446 3954.0 
-0.299 3520.0 
-0.518 4515.0 
-0.513 4468.0 
-0.287 3500.0 
-0.555 5284.0 
-0.17 3359.0 
0.457 2941.0 
-0.548 5043.0 
-0.544 4927.0 
-0.477 4169.0 
-0.404 3784.0 
-0.523 4579.0 
-0.078 3289.0 
0.016 3217.0 
-0.561 5599.0 
0.139 3138.0 
-0.55 5085.0 
-0.385 3719.0 
-0.047 3258.0 
-0.543 4873.0 
0.391 2981.0 
0.601 2850.0 
0.008 3222.0 
-0.012 3233.0 
0.423 2959.0 
-0.554 5231.0 
-0.504 4344.0 
0.581 2863.0 
0.155 3127.0 
-0.475 4114.0 
-0.563 5712.0 
-0.349 3645.0 
0.609 2845.0 
-0.411 3820.0 
-0.541 4845.0 
-0.228 3423.0 
0.039 3203.0 
0.423 2959.0 
-0.071 3275.0 
-0.348 3641.0 
-0.23 3448.0 
0.317 3035.0 
0.102 3161.0 
0.576 2868.0 
-0.563 5712.0 
-0.498 4294.0 
-0.455 4031.0 
0.294 3044.0 
0.192 3106.0 
0.086 3174.0 
0.35 3010.0 
0.294 3044.0 
-0.101 3301.0 
-0.506 4355.0 
-0.324 3565.0 
-0.525 4596.0 
0.353 3007.0 
-0.1 3300.0 
-0.33 3577.0 
-0.558 5424.0 
-0.557 5359.0 
-0.273 3479.0 
0.444 2956.0 
-0.375 3688.0 
