-0.566 5992.0 
0.612 2844.0 
0.612 2844.0 
-0.566 5992.0 
-0.416 3827.0 
0.451 2951.0 
-0.559 5482.0 
-0.231 3445.0 
-0.564 5782.0 
-0.557 5375.0 
0.591 2856.0 
0.108 3166.0 
-0.299 3517.0 
-0.433 3919.0 
0.414 2968.0 
-0.539 4818.0 
-0.513 4428.0 
-0.072 3278.0 
0.206 3098.0 
-0.359 3645.0 
-0.484 4163.0 
-0.267 3470.0 
0.325 3025.0 
0.368 2998.0 
-0.402 3789.0 
-0.499 4328.0 
-0.327 3571.0 
-0.152 3350.0 
-0.492 4240.0 
-0.514 4511.0 
-0.307 3561.0 
0.301 3039.0 
0.062 3187.0 
-0.373 3704.0 
-0.563 5714.0 
-0.46 4040.0 
0.515 2903.0 
0.537 2890.0 
0.561 2875.0 
-0.554 5231.0 
-0.136 3333.0 
-0.549 5058.0 
-0.537 4753.0 
-0.545 4961.0 
-0.531 4676.0 
-0.529 4617.0 
-0.543 4888.0 
-0.556 5312.0 
0.176 3120.0 
-0.051 3267.0 
0.389 2984.0 
-0.332 3627.0 
-0.548 5020.0 
-0.565 5887.0 
-0.565 5887.0 
-0.464 4076.0 
-0.495 4264.0 
-0.219 3413.0 
-0.561 5631.0 
-0.096 3296.0 
-0.526 4576.0 
-0.171 3371.0 
-0.521 4536.0 
0.476 2931.0 
-0.452 3982.0 
-0.47 4120.0 
-0.121 3317.0 
-0.534 4717.0 
-0.55 5130.0 
-0.392 3754.0 
-0.345 3632.0 
0.259 3066.0 
-0.003 3229.0 
0.237 3079.0 
-0.562 5661.0 
-0.181 3374.0 
-0.555 5268.0 
0.174 3123.0 
0.499 2914.0 
0.124 3148.0 
-0.04 3253.0 
0.015 3218.0 
0.401 2977.0 
-0.56 5562.0 
0.15 3136.0 
0.036 3203.0 
-0.478 4133.0 
0.348 3013.0 
-0.207 3403.0 
0.553 2879.0 
-0.505 4385.0 
-0.544 4917.0 
-0.552 5156.0 
0.15 3136.0 
0.056 3191.0 
-0.028 3245.0 
0.344 3014.0 
-0.444 3940.0 
-0.501 4381.0 
-0.56 5562.0 
