0.622 2836.0 
-0.567 6062.0 
0.622 2836.0 
0.273 3060.0 
0.213 3091.0 
-0.544 4926.0 
-0.035 3252.0 
-0.283 3502.0 
-0.548 5055.0 
-0.562 5678.0 
-0.307 3534.0 
-0.514 4449.0 
-0.439 3917.0 
-0.56 5540.0 
-0.462 4032.0 
-0.561 5629.0 
-0.543 4876.0 
-0.321 3558.0 
-0.539 4799.0 
-0.252 3453.0 
-0.552 5198.0 
-0.194 3389.0 
-0.556 5324.0 
-0.267 3474.0 
-0.064 3274.0 
0.359 3001.0 
-0.172 3362.0 
-0.551 5121.0 
0.146 3139.0 
-0.566 5940.0 
-0.089 3291.0 
0.341 3011.0 
-0.352 3629.0 
-0.454 3992.0 
-0.557 5394.0 
0.292 3048.0 
0.394 2980.0 
-0.563 5787.0 
0.08 3177.0 
0.383 2994.0 
-0.444 3960.0 
0.324 3029.0 
0.159 3125.0 
-0.471 4093.0 
0.211 3095.0 
0.123 3153.0 
0.053 3212.0 
-0.527 4593.0 
0.586 2861.0 
0.06 3190.0 
-0.559 5485.0 
-0.409 3827.0 
0.308 3037.0 
-0.483 4165.0 
-0.391 3742.0 
0.094 3166.0 
0.562 2874.0 
-0.4 3778.0 
0.178 3113.0 
-0.011 3234.0 
0.012 3220.0 
-0.425 3860.0 
-0.52 4526.0 
-0.494 4250.0 
-0.558 5439.0 
-0.532 4676.0 
-0.356 3673.0 
-0.109 3308.0 
0.111 3156.0 
-0.503 4336.0 
0.586 2861.0 
-0.536 4733.0 
-0.211 3414.0 
0.441 2958.0 
-0.33 3612.0 
0.552 2885.0 
0.509 2912.0 
0.491 2923.0 
-0.521 4529.0 
-0.383 3719.0 
-0.072 3284.0 
0.418 2971.0 
-0.564 5789.0 
-0.232 3429.0 
-0.127 3324.0 
-0.51 4398.0 
-0.138 3332.0 
-0.15 3342.0 
-0.555 5266.0 
-0.565 5865.0 
-0.566 5940.0 
-0.565 5865.0 
-0.476 4133.0 
-0.332 3616.0 
-0.006 3230.0 
-0.554 5250.0 
0.42 2966.0 
0.527 2900.0 
-0.537 4752.0 
-0.55 5077.0 
