-0.566 5999.0 
0.622 2835.0 
-0.566 5999.0 
0.226 3093.0 
-0.559 5510.0 
-0.513 4437.0 
0.173 3117.0 
0.259 3067.0 
-0.556 5317.0 
-0.565 5876.0 
-0.537 4750.0 
0.03 3212.0 
0.131 3145.0 
0.487 2922.0 
-0.377 3700.0 
-0.564 5813.0 
0.283 3051.0 
-0.173 3361.0 
-0.561 5635.0 
-0.521 4512.0 
-0.485 4171.0 
0.159 3128.0 
-0.196 3386.0 
0.528 2896.0 
-0.417 3830.0 
0.306 3042.0 
0.561 2876.0 
-0.499 4289.0 
-0.438 3915.0 
-0.355 3641.0 
-0.15 3359.0 
-0.522 4559.0 
-0.549 5049.0 
-0.551 5129.0 
0.054 3193.0 
-0.289 3519.0 
-0.25 3452.0 
-0.504 4337.0 
-0.409 3801.0 
0.336 3017.0 
-0.391 3743.0 
-0.557 5412.0 
0.086 3174.0 
-0.491 4255.0 
0.322 3030.0 
-0.554 5228.0 
-0.21 3402.0 
-0.546 4962.0 
-0.558 5419.0 
-0.464 4060.0 
-0.54 4847.0 
-0.121 3322.0 
-0.544 4921.0 
-0.562 5648.0 
-0.554 5228.0 
0.52 2904.0 
-0.425 3891.0 
0.445 2950.0 
-0.548 5014.0 
0.419 2972.0 
-0.222 3421.0 
0.475 2939.0 
-0.06 3269.0 
0.459 2940.0 
-0.459 4014.0 
-0.363 3664.0 
-0.48 4141.0 
-0.317 3555.0 
0.576 2867.0 
-0.563 5730.0 
-0.55 5124.0 
-0.104 3321.0 
-0.098 3298.0 
-0.563 5730.0 
-0.542 4872.0 
0.11 3164.0 
-0.274 3480.0 
-0.258 3460.0 
-0.529 4622.0 
-0.533 4687.0 
-0.445 3954.0 
-0.528 4609.0 
-0.475 4110.0 
-0.066 3271.0 
-0.472 4082.0 
-0.277 3493.0 
0.395 2980.0 
-0.399 3767.0 
0.611 2847.0 
-0.038 3254.0 
0.395 2980.0 
0.59 2858.0 
-0.532 4681.0 
0.005 3227.0 
0.112 3159.0 
-0.017 3236.0 
0.369 2995.0 
0.005 3227.0 
-0.449 4010.0 
-0.504 4337.0 
