-0.567 6056.0 
0.624 2833.0 
-0.567 6056.0 
0.409 2969.0 
0.34 3011.0 
-0.566 5980.0 
0.23 3083.0 
0.584 2858.0 
-0.132 3324.0 
-0.563 5724.0 
-0.549 5068.0 
-0.565 5847.0 
-0.506 4356.0 
0.543 2893.0 
-0.533 4685.0 
-0.451 3969.0 
-0.562 5649.0 
0.49 2921.0 
-0.466 4055.0 
0.566 2875.0 
-0.561 5580.0 
0.031 3215.0 
-0.152 3344.0 
0.052 3192.0 
-0.074 3282.0 
0.153 3131.0 
0.207 3095.0 
-0.359 3644.0 
0.62 2838.0 
0.12 3167.0 
-0.055 3268.0 
-0.564 5817.0 
0.091 3170.0 
-0.325 3564.0 
0.13 3143.0 
-0.545 4996.0 
-0.394 3757.0 
0.271 3057.0 
0.323 3026.0 
-0.096 3302.0 
-0.526 4584.0 
-0.556 5317.0 
0.464 2933.0 
-0.53 4630.0 
-0.466 4055.0 
0.19 3110.0 
-0.478 4161.0 
-0.537 4764.0 
-0.56 5510.0 
-0.559 5476.0 
-0.544 4957.0 
-0.185 3379.0 
-0.368 3702.0 
-0.037 3253.0 
-0.551 5153.0 
0.453 2941.0 
-0.514 4453.0 
-0.555 5286.0 
-0.433 3931.0 
-0.557 5401.0 
-0.424 3897.0 
-0.542 4846.0 
0.294 3044.0 
-0.238 3435.0 
-0.521 4532.0 
-0.499 4289.0 
-0.388 3728.0 
0.518 2901.0 
0.271 3057.0 
-0.448 3953.0 
0.009 3220.0 
-0.502 4321.0 
-0.419 3840.0 
0.429 2955.0 
-0.213 3413.0 
-0.364 3688.0 
-0.026 3243.0 
0.071 3181.0 
-0.344 3608.0 
-0.558 5407.0 
0.304 3037.0 
-0.095 3301.0 
-0.191 3396.0 
0.434 2953.0 
-0.205 3404.0 
-0.54 4808.0 
-0.287 3499.0 
-0.552 5163.0 
-0.515 4496.0 
-0.487 4214.0 
-0.278 3491.0 
0.174 3122.0 
-0.409 3804.0 
-0.409 3804.0 
-0.554 5225.0 
-0.553 5223.0 
0.077 3178.0 
-0.543 4895.0 
-0.514 4453.0 
-0.417 3832.0 
