-0.566 5926.0 
0.618 2839.0 
-0.566 5926.0 
0.435 2957.0 
0.405 2972.0 
0.485 2921.0 
0.19 3108.0 
-0.555 5321.0 
-0.145 3340.0 
-0.522 4533.0 
-0.539 4796.0 
-0.354 3638.0 
-0.413 3827.0 
-0.423 3901.0 
-0.53 4640.0 
-0.535 4708.0 
-0.557 5415.0 
0.599 2851.0 
-0.116 3314.0 
0.087 3171.0 
0.047 3211.0 
0.113 3170.0 
0.574 2871.0 
-0.554 5230.0 
-0.255 3454.0 
-0.044 3258.0 
-0.564 5776.0 
0.255 3067.0 
-0.561 5642.0 
0.279 3055.0 
-0.103 3305.0 
-0.544 4909.0 
-0.563 5729.0 
0.525 2899.0 
0.499 2919.0 
-0.403 3792.0 
-0.542 4858.0 
-0.559 5462.0 
-0.474 4104.0 
-0.295 3512.0 
-0.328 3574.0 
-0.546 4975.0 
-0.56 5531.0 
-0.388 3766.0 
-0.504 4355.0 
-0.015 3237.0 
-0.487 4228.0 
-0.054 3267.0 
-0.328 3574.0 
-0.549 5086.0 
0.324 3031.0 
-0.28 3489.0 
0.241 3085.0 
0.368 3002.0 
-0.2 3393.0 
0.537 2891.0 
-0.516 4491.0 
0.131 3146.0 
-0.481 4179.0 
-0.55 5117.0 
-0.562 5654.0 
-0.079 3283.0 
-0.007 3231.0 
0.297 3049.0 
-0.508 4404.0 
0.16 3127.0 
0.223 3088.0 
-0.495 4259.0 
0.307 3038.0 
0.368 3002.0 
-0.454 4001.0 
-0.552 5172.0 
-0.502 4307.0 
-0.235 3431.0 
0.065 3186.0 
0.021 3212.0 
-0.077 3281.0 
-0.532 4662.0 
-0.565 5854.0 
-0.512 4458.0 
-0.548 5014.0 
-0.381 3736.0 
-0.369 3691.0 
-0.378 3715.0 
-0.308 3533.0 
-0.565 5854.0 
-0.471 4088.0 
-0.217 3409.0 
-0.17 3359.0 
-0.308 3533.0 
0.346 3009.0 
0.34 3016.0 
-0.56 5531.0 
-0.465 4053.0 
0.223 3088.0 
-0.496 4293.0 
0.017 3215.0 
0.152 3138.0 
-0.176 3367.0 
-0.51 4429.0 
