0.617 2838.0 
0.617 2838.0 
-0.566 5961.0 
0.36 2999.0 
-0.331 3576.0 
-0.561 5574.0 
-0.273 3482.0 
-0.479 4136.0 
-0.559 5489.0 
-0.081 3282.0 
0.416 2971.0 
-0.461 4083.0 
-0.545 4938.0 
0.28 3051.0 
-0.298 3544.0 
0.315 3035.0 
0.561 2873.0 
-0.551 5106.0 
-0.535 4743.0 
-0.552 5150.0 
-0.414 3861.0 
-0.024 3240.0 
0.243 3074.0 
0.112 3154.0 
-0.537 4832.0 
-0.296 3518.0 
-0.54 4861.0 
0.461 2939.0 
-0.563 5701.0 
-0.555 5341.0 
-0.398 3767.0 
0.266 3061.0 
-0.548 5017.0 
-0.244 3479.0 
-0.448 3955.0 
0.037 3209.0 
-0.351 3634.0 
-0.558 5414.0 
-0.235 3432.0 
-0.523 4555.0 
-0.554 5239.0 
0.054 3191.0 
-0.431 3882.0 
0.086 3179.0 
0.342 3011.0 
-0.21 3404.0 
-0.524 4596.0 
0.541 2887.0 
-0.565 5878.0 
-0.564 5782.0 
0.067 3186.0 
-0.533 4700.0 
0.509 2906.0 
0.14 3145.0 
0.098 3166.0 
-0.517 4504.0 
-0.554 5239.0 
-0.562 5663.0 
0.587 2862.0 
-0.132 3324.0 
-0.491 4248.0 
-0.547 4999.0 
-0.375 3691.0 
0.598 2852.0 
0.191 3109.0 
-0.565 5878.0 
-0.408 3805.0 
-0.17 3375.0 
0.487 2922.0 
-0.46 4026.0 
-0.564 5782.0 
-0.516 4481.0 
-0.19 3380.0 
-0.384 3732.0 
-0.513 4431.0 
0.434 2957.0 
-0.438 3937.0 
0.533 2898.0 
-0.045 3255.0 
-0.147 3340.0 
-0.525 4649.0 
0.164 3131.0 
-0.111 3307.0 
0.019 3216.0 
-0.456 4007.0 
0.141 3136.0 
0.181 3111.0 
0.416 2971.0 
0.487 2922.0 
0.208 3096.0 
-0.109 3306.0 
-0.499 4289.0 
-0.486 4234.0 
-0.433 3913.0 
-0.502 4340.0 
-0.53 4660.0 
0.517 2905.0 
-0.239 3438.0 
-0.375 3691.0 
0.45 2949.0 
