-0.567 6056.0 
0.62 2836.0 
-0.567 6056.0 
0.201 3104.0 
-0.101 3324.0 
-0.352 3630.0 
-0.459 4044.0 
-0.506 4358.0 
-0.44 3918.0 
-0.382 3716.0 
0.236 3083.0 
-0.23 3425.0 
-0.325 3567.0 
-0.209 3402.0 
0.582 2861.0 
0.139 3145.0 
0.112 3156.0 
-0.562 5655.0 
-0.001 3230.0 
-0.553 5184.0 
-0.088 3290.0 
-0.558 5436.0 
-0.563 5728.0 
-0.251 3448.0 
-0.497 4291.0 
-0.476 4110.0 
-0.564 5785.0 
0.336 3019.0 
-0.555 5277.0 
-0.548 5018.0 
0.299 3039.0 
-0.532 4712.0 
-0.556 5350.0 
-0.411 3834.0 
0.386 2989.0 
-0.525 4584.0 
0.264 3062.0 
0.55 2882.0 
-0.445 3989.0 
0.297 3041.0 
-0.167 3361.0 
-0.561 5589.0 
-0.138 3331.0 
-0.52 4506.0 
-0.51 4456.0 
-0.559 5528.0 
-0.538 4787.0 
-0.024 3247.0 
-0.397 3762.0 
-0.283 3505.0 
0.054 3195.0 
-0.402 3773.0 
0.524 2901.0 
-0.508 4425.0 
-0.147 3346.0 
-0.547 4975.0 
-0.566 5951.0 
-0.188 3384.0 
0.366 2996.0 
-0.566 5951.0 
-0.565 5854.0 
0.486 2926.0 
-0.554 5226.0 
0.041 3210.0 
0.508 2912.0 
-0.487 4188.0 
-0.065 3280.0 
0.353 3006.0 
-0.55 5095.0 
-0.455 3996.0 
-0.521 4540.0 
-0.557 5394.0 
-0.303 3530.0 
-0.537 4762.0 
0.547 2885.0 
-0.494 4235.0 
-0.355 3661.0 
0.596 2852.0 
0.249 3073.0 
-0.046 3257.0 
0.017 3216.0 
-0.264 3466.0 
0.403 2976.0 
-0.527 4644.0 
-0.55 5095.0 
0.094 3168.0 
-0.544 4921.0 
0.156 3130.0 
-0.529 4659.0 
0.43 2961.0 
0.608 2843.0 
-0.181 3371.0 
0.446 2953.0 
0.181 3115.0 
-0.37 3674.0 
-0.542 4861.0 
-0.059 3273.0 
-0.565 5854.0 
0.024 3211.0 
0.087 3173.0 
