0.3217567288353077 58.91405975933907 2.437086242730121 0.40622879889534147 0.5506830037103794 
55.432685853975016 0.035657724456809536 1495.8587407224657 1469.4317058583008 1015.5187572932319 
0.323512322067698 58.91405975933907 2.437086242730121 0.3268270186625397 0.5486087134122754 
0.1882475299774678 43.53701185870943 26.985198405759604 299.284173043786 0.3980999648653652 
1.0858075495693962 35.48363691674059 295.3484278837217 318.6063584622624 3.2830021090095967 
3.113217638341566 59.722749030825625 77.51598573850445 359.115296099375 0.4104942915079405 
0.12145900878404765 46.56469242078484 105.04385990366404 32.75078736775788 0.4917314814589058 
0.26776261101473425 44.223468275739286 710.6463849076767 357.99526711993263 0.31012854095437586 
0.12994823638036887 44.556108573365826 50.79357793689178 29.678741398990894 1.203793538595079 
0.18673958774081206 1.285260025915857 1279.016746293637 527.9516575159994 290.7950488208396 
0.3248377119581003 44.56074733062024 145.2412213298145 340.7822343986171 6.2227886791375475 
5.362805241808221 44.267736281254294 639.0649540523174 393.9430087906786 176.86537507641634 
42.46545989289446 0.41400860698313474 1127.0214865261 507.0200752786127 290.7950488208396 
0.3248377119581003 44.56074733062024 68.1492474922494 340.7822343986171 6.2227886791375475 
0.5203009924542332 61.221313044121096 625.382996250817 354.625653697257 0.316609064685473 
0.04074037232539096 56.81005709115813 47.641115711878996 177.4163817966442 1.1119910433692333 
0.7379762881087564 29.4447853170565 2.508971514040323 322.4823563315681 0.566727965864423 
0.22834387581242227 59.220294615191 58.80102946238128 205.375533504111 1.287575772455805 
0.21903767242750002 60.84834226794223 59.41734361997152 104.98285459131014 8.11145418300754 
2.1033218355355494 44.238305718992684 75.78043045361125 65.64335402393323 19.493366930372744 
58.481639357514894 0.4455914256562445 1496.2705345242246 407.08246468469804 495.40605816015204 
58.02568893904279 0.4421379981471808 985.9929056072694 439.6630615636938 271.42162425397646 
3.9988037747073086 0.3461635183408551 1029.2628728632076 414.03948608998155 170.05378983300878 
67.20520900425917 0.35825838986015013 1484.9337211309874 829.570585334907 273.29378943141796 
43.387288986182085 0.44237335410622547 1481.316677492984 1272.439603076999 717.228941089864 
56.989006723683445 0.3461635183408551 1294.5970205023796 396.907179736135 36.96899077062821 
0.07473178572022066 44.223468275739286 51.92760992222951 366.8354276637727 0.3295282331178587 
3.9988037747073086 0.3461635183408551 1029.2628728632076 438.4723233815553 268.480917594619 
58.02568893904279 0.4421379981471808 1482.9785427018162 771.7313596044658 291.56031434203015 
0.26513183740124846 44.22542706299574 14.37098801731906 363.09943654098436 0.198470122165473 
0.36830186871272014 35.48363691674059 295.3484278837217 22.748319415657008 3.2830021090095967 
1.342392136117338 44.238305718992684 75.78043045361125 66.10375080371203 0.263859675963122 
0.12115822372730377 44.23696376167166 339.4234865323402 7.0470237352650145 0.6100037763781826 
47.11370401505964 42.8672169043103 383.108311465964 387.7903990560693 10.263841308933749 
0.1257620794991416 58.397734797089 44.183608386092686 163.76600265214051 3.3599138512849516 
62.58977922250058 0.22787633395403634 1495.1611067505737 1443.5386253871543 474.50972656489597 
2.9449397784835156 31.292654538043994 430.69288999040054 267.95616797136006 8.920199642052017 
61.48662860367041 0.03415467306830067 517.4606802759806 319.1781916647131 30.56792587236984 
71.76981931553587 0.012546412683978936 1481.316677492984 1085.302462768701 685.439576278722 
0.10674875157213574 46.817430124341996 471.3485917382327 301.8188881159232 0.3972571155116636 
55.97790040861089 0.15670494449008338 1499.7571897138366 1122.4548268402464 506.13187966367633 
0.12318105082858502 44.58747824512432 58.15856782820473 46.95652967555751 1.2468188093463963 
2.9449397784835156 48.50350161546315 332.8508273789525 267.95616797136006 10.072583537245691 
3.8449302361461064 0.8199746437215438 918.045740232338 455.0068246337571 4.73720422229249 
0.34126821742107727 57.22965352940648 3.9745255094287266 18.60999458047319 0.04558982552357094 
48.266233184798594 0.35825838986015013 1450.2237242488866 653.6855496154077 268.480917594619 
0.10707495308552306 0.41400860698313474 1127.0214865261 507.0200752786127 290.7950488208396 
55.97790040861089 0.11926633811036763 1495.880481785113 570.4951730344915 516.1086015568034 
5.4489018913061145 61.56247166549789 535.6545302449261 368.32520054196954 2.0020868158529606 
62.58977922250058 0.22787633395403634 738.5268938813913 376.5622551162212 158.53639072674127 
67.84580898424528 0.035657724456809536 1494.8177147594479 1469.4037385158827 732.3041214544936 
3.8449302361461064 0.8199746437215438 921.7330200247138 455.0068246337571 144.4599851324433 
3.1042446156813894 61.42198623247084 111.79950088125463 96.17450217676895 0.26017307963449543 
1.0486889520935168 46.98706962078309 52.499026635936275 258.4681672923333 2.4612961706175254 
57.24253723711849 0.4687444522218839 1492.5164896544304 975.2829734861878 718.7072835987759 
1.0587861340818627 57.22965352940648 3.9745255094287266 269.2816060433676 0.04558982552357094 
43.222068517674785 0.4687444522218839 1481.316677492984 975.2829734861878 716.6575550985553 
1.0858075495693962 35.48363691674059 295.3484278837217 272.1041423151245 3.2830021090095967 
0.12318105082858502 44.58747824512432 58.15856782820473 46.95652967555751 1.2468188093463963 
3.8449302361461064 0.8568929078294646 869.9431146939887 455.0068246337571 46.807182260299186 
82.0 0.15670494449008338 1495.880481785113 1201.2667177394183 516.1813900712939 
0.26513183740124846 44.223468275739286 4.20247287504705 362.37719944975527 0.31012854095437586 
63.17042735642845 0.45200109282632717 1499.9888448193499 862.9806517288162 520.5066031178783 
0.814807413925685 42.691495282825635 284.2664717332711 322.273842166983 0.519893235682244 
0.2251177793905402 43.67427375701758 4.613493214453939 341.08873468372207 0.5661917969472019 
43.405915268587144 0.15670494449008338 1495.880481785113 974.2736581815876 516.1813900712939 
0.21082350784919401 43.17128126898224 60.78624425006369 145.95323753426962 0.3966660544098174 
55.97790040861089 0.15670494449008338 1495.880481785113 1242.1710106430721 516.1813900712939 
2.9449397784835156 31.292654538043994 430.69288999040054 267.95616797136006 8.920199642052017 
0.1882475299774678 44.53416484404353 74.98605494348973 304.838967495516 0.42483636354334703 
0.18641338501006532 46.566604573839115 474.20851358984476 322.7504643564374 0.3972571155116636 
2.1033218355355494 44.03996395446312 75.78043045361125 93.17361295773514 19.493366930372744 
67.84580898424528 0.0036465172838101023 1494.8177147594479 1469.4037385158827 732.3041214544936 
67.55662370875334 0.035657724456809536 1494.4463810870777 1392.5070388253653 719.2801640213119 
1.4235088473722892 54.57805762983228 58.15856782820473 12.263107444978917 16.327497892437748 
63.17042735642845 0.45200109282632717 1499.6788618750056 798.6501590907212 506.1252498641721 
3.113217638341566 59.722749030825625 4.32426339071322 153.7192340480809 0.4104942915079405 
25.560560279965628 4.684942040420857 746.9673404718542 338.72821350757647 90.64549011668862 
3.5265181025840358 0.2288214219122402 918.045740232338 366.7175214423997 0.6948649960258138 
0.1882475299774678 43.92118570185907 425.4768950249414 317.947489503788 0.3980999648653652 
57.47170954479491 0.02303257732240835 1402.374116909549 472.78617169612755 182.71585748770264 
1.342392136117338 44.238305718992684 75.78043045361125 114.86393146761054 0.263859675963122 
63.17042735642845 0.45200109282632717 1499.9888448193499 862.9806517288162 520.5066031178783 
63.23136866075336 0.22787633395403634 1495.2200818797467 631.9418954306575 474.50972656489597 
0.14560295584701782 58.2362740122323 2.3985806493527484 46.9828833697813 1.2468188093463963 
0.14560295584701782 47.2118938864291 21.706497436085158 27.04788430136591 1.4673422850115383 
55.986377853926896 0.15670494449008338 1499.7571897138366 802.9640464805201 506.13187966367633 
0.003936450488172594 58.17163151721135 517.4606802759806 319.1781916647131 3.898081880932171 
43.405915268587144 0.15670494449008338 1495.880481785113 974.2736581815876 516.1813900712939 
57.47170954479491 0.4113294552784155 1402.374116909549 481.5703588737689 200.82001981127956 
1.0247098679598012 46.98706962078309 3.9027868798591427 258.4681672923333 2.3057110385064785 
2.9449397784835156 48.50350161546315 12.726126962405715 267.95616797136006 0.28518614692043176 
66.97063921371941 0.44842686923400554 1495.0947258879457 1271.3425605183925 745.6385861660284 
0.3475052307374022 58.91405975933907 51.46215393917045 0.40622879889534147 0.41728964003604685 
0.1882475299774678 46.7833396221079 55.65610479310337 248.3052901045749 3.7288849819306 
0.1882475299774678 44.892728728594676 41.06820319505724 232.36138564256814 0.3149587803531477 
48.897735388160854 0.20808730777647788 1449.6441683161286 506.6600098594106 203.19844568948926 
0.1154306446710156 56.281020623733184 517.4606802759806 303.2342872045413 0.4970760967692194 
0.5203009924542332 61.56247166549789 535.6545302449261 355.02329841223127 2.0020868158529606 
47.08548719345635 0.41430682188691004 1404.4873525164578 620.7401699163073 305.77522214799626 
