0.03987594937387243 51.06875491012086 3.4945167572552895 0.3620091408833046 0.1104208594252718 
81.51384788058473 0.18010682820737042 1485.4252447238175 1455.1681991662467 629.5083584419002 
0.03883242807549274 51.6523567739281 3.4945167572552895 0.3620091408833046 0.1845151383435221 
0.09428163944535284 55.64445427155405 397.11441061430094 294.11852641207844 18.596719740032523 
0.05460028031529773 37.04053236358776 26.110152245782384 22.985282606501983 0.24900749722384563 
50.79511264953334 0.037146523522665544 1470.414311589102 1017.3623776986285 678.481065468174 
34.20739143233469 0.039165294592662714 869.0507304591454 554.746733774152 205.62445413363488 
1.3049452964556978 51.06875491012086 3.6956414954202046 15.709601589357554 0.30874449438938145 
37.58384362007601 0.029963199658080763 1091.4178564417252 455.7582346589867 211.77583603003362 
82.0 0.03532055416804405 1467.4259002705298 1434.573614107214 610.1008854077646 
71.1212249130128 0.10945500607327929 1499.1814001739745 1232.1474702454757 623.6800105078194 
0.10509225774541957 55.34661870527908 5.743840639650587 116.69705317599039 0.11444244687535299 
0.023448283841054796 47.744201438694965 6.554414492455901 136.1707646902696 0.14641946386584112 
0.08277407786854796 55.24177417496921 8.03193563720123 249.26046756799616 0.041769403980821296 
80.65288814374071 0.037121453616971084 1490.3605838921383 902.4507341178082 619.6863655953994 
0.007419663593422499 57.62762324148899 6.554414492455901 171.92100814415136 0.2455860583226266 
0.14275548000362348 55.648469118141364 171.85387205762925 218.98815956212334 24.395190184177842 
1.2616513518277765 3.7680079732102065 641.333145706366 313.18030215117983 0.19225505098032158 
0.6214337799702658 49.45492873681648 119.03537522882496 323.1487696625579 3.2727202241495306 
0.036639678206986714 39.67620003578041 15.084742936084396 223.53698103998855 9.459116415036934 
0.03883242807549274 111.43723849341998 7.388176486268773 274.33440845265426 0.19218448828111906 
38.00855116549769 0.03261565914156299 1496.820564432424 590.6478032234236 345.54168128718385 
2.6416837842877925 49.96147586434951 641.333145706366 298.57243787294755 5.007554837504699 
71.40544400210203 0.1474696190110482 1498.282803407272 690.1884501718896 314.3880157972696 
34.20761198910317 0.039165294592662714 868.6614237254383 506.8053856721467 200.1878067996832 
0.012433533521995808 55.648469118141364 398.95567244863287 253.69772535192595 0.4463916883031396 
38.76035724619331 0.060850173030811125 1491.7637169304176 883.9187233024561 306.69818586061916 
0.0217512649198435 55.71883142648849 7.977341724489615 193.06908681526372 0.04374500404207206 
0.3695158368340438 0.9342704964138129 1013.174902458339 383.38713862617067 3.199519401253781 
0.14275548000362348 55.648469118141364 171.85387205762925 253.69772535192595 24.395190184177842 
0.21553707244792092 55.24177417496921 133.6654514281016 266.29232076440996 4.148912917789673 
80.65288814374071 0.037121453616971084 1449.2030026710886 854.4715445352228 613.9491824492364 
0.05460028031529773 37.04053236358776 53.265640684116875 384.4926560335124 0.24900749722384563 
1.170515413263074 58.6839545828969 455.10287817899007 373.4387997403246 8.247153095138202 
4.53893156041908 48.51954113689934 10.04433505023544 137.77565455499385 1.0544331998215446 
0.10998415478297607 49.45492873681648 427.1902536805444 295.03917179046584 3.2727202241495306 
1.2349225924610483 59.258856097684976 397.3282527388419 234.73984453569352 20.03050821413059 
0.6250576269986279 51.091378483887894 124.0589691891419 15.709601589357554 0.25377634766886825 
0.05753159601087843 55.24177417496921 185.70996551184925 268.33106060261 4.148912917789673 
0.21356514677902227 57.62713893825084 68.06979749715883 10.555480380683491 0.07005164191191016 
1.578078576240852 47.00053431942496 157.9537546332602 100.39101158695397 35.04901288298339 
0.6370373431636511 1.1809257107164157 600.1803881938156 428.07132166999463 38.98788966122497 
81.45273843965583 0.07590220663123594 1489.7841603667537 1092.695707156152 605.3954402853335 
0.03938142728147878 52.096860924650514 420.59978349077676 376.64416447964487 4.889856048345337 
37.18773610742837 0.0306134363433197 1093.9771988938762 506.8053856721467 200.34884977579455 
0.10504950881470188 48.10505184162259 17.432179352878585 116.69705317599039 0.08165878889442851 
0.3735036729408097 56.56029320328963 5.812694721762803 222.96714486034608 9.459116415036934 
81.4784285413641 0.10270683218687782 1467.8959506179328 1336.135898408263 618.4011671527603 
1.424794391933689 47.307136764617255 684.0831817872308 367.44023943465885 4.394553524883769 
81.5144566320659 0.10270683218687782 1473.4647660416665 1059.9264326430223 618.4011671527603 
0.21356514677902227 48.56930638698489 154.01644844900488 323.5309872264755 1.702003466816132 
41.84803529894605 0.037121453616971084 1411.3001269169658 854.6298692780085 323.35517607257503 
0.33386397184955696 57.62762324148899 3.88750718932053 71.06966039168407 0.2455860583226266 
39.28184449491098 0.0650426287292678 1462.4937385535661 402.65026953049966 164.4399434552715 
0.21356514677902227 61.3268402485373 256.0719615270988 311.39301497551384 0.08165878889442851 
39.345241368351424 0.0650426287292678 1462.4937385535661 499.47779534307114 275.49053674137195 
69.18309793550807 0.0650426287292678 728.4551777995875 407.7849496790266 117.7647967745739 
0.024360357812317657 60.48107209056331 769.4516666957879 367.78354187603605 182.61196203010923 
1.2218133811657685 58.0853222939351 687.2849746068624 332.70313326674847 207.38321511098403 
80.13220624990208 0.03261565914156299 1495.9412526596818 483.92822849245255 345.54168128718385 
81.4784285413641 0.10270683218687782 1467.8959506179328 1336.135898408263 618.4011671527603 
0.09220803199093797 52.096860924650514 190.6908417256335 256.15462489741293 0.08190429927824783 
0.08277407786854796 55.24177417496921 8.03193563720123 257.512234860532 0.70273940460961 
0.21356514677902227 52.096860924650514 216.39165552376264 295.5331424311804 0.08165878889442851 
0.10504950881470188 52.80101638174502 16.790342523673395 260.9768235460622 0.08165878889442851 
0.024360357812317657 60.48107209056331 829.8051545831188 367.78354187603605 182.61196203010923 
42.42118524544604 0.029963199658080763 1293.046218890259 446.4533641888194 218.24456225820697 
0.08341322499021543 39.1476041060668 241.06435012007313 199.38281278570958 0.696597871296668 
0.21356514677902227 57.63393319968453 58.260884638422354 270.1449547625658 0.07005164191191016 
1.0237767129884963 52.12370494818485 228.78704534116713 312.15159533273 0.24599612884838062 
0.1040360222223216 48.64342372177572 1.6329518534966834 295.99717840293306 1.3601485661292148 
71.1212249130128 0.10945500607327929 1499.1814001739745 1186.279154028348 623.6800105078194 
0.2949695206105837 51.90880239438512 421.81936813422953 328.2327142423918 0.26035405905085035 
0.19864146472463562 60.39370352791787 5.742338503131652 89.66243070632171 0.06461455798644858 
0.21356514677902227 61.3268402485373 247.19959955396115 324.6816614049831 0.08165878889442851 
41.45178315945344 0.037121453616971084 1498.8796640946714 902.4507341178082 619.6863655953994 
1.1632902207967577 37.31711848037113 120.24782909540903 100.02469568967302 0.41870275646960087 
0.018265263498142698 55.648469118141364 398.95567244863287 253.69772535192595 0.4472735156115149 
40.36500391727458 0.037121453616971084 1494.9263635218158 396.58921150451954 324.05870324591746 
36.79198033266907 0.13765271747501961 1467.8766793352813 670.8323809446999 327.7527332221601 
41.83427059286919 0.037121453616971084 1449.2030026710886 841.1408696823014 324.05870324591746 
34.60371950175081 0.038515057907465546 866.102080919892 455.7582346589867 211.61479305392228 
38.645671098734496 0.029963199658080763 1206.15445676585 455.7582346589867 211.77583603003362 
1.221655707114483 131.00110127747158 656.3937686071937 320.12400226263264 210.69759419441266 
0.3626153880501022 62.37781516996333 829.8051545831188 383.38713862617067 182.61196203010923 
0.023448283841054796 57.62762324148899 6.554414492455901 71.06966039168407 0.2455860583226266 
0.06860222915797454 51.94047878502769 444.1151595239702 335.25948332912066 0.26035405905085035 
4.70223212986993 48.51954113689934 8.726948415308499 137.77565455499385 1.0544331998215446 
68.9921061949629 0.14663470810603213 1489.9709971627178 511.4571895134409 326.89064816536745 
1.1637451807726769 37.31711848037113 658.5446933014888 319.1882306291956 0.41870275646960087 
39.96103919219398 2.4833283740186936 858.4220609346105 538.6729678109224 0.23385842626743605 
2.958351736022836 2.6750888792738188 850.3478521570732 335.25948332912066 210.03703144619067 
0.34818624681862076 52.096860924650514 394.92408756484355 376.64416447964487 4.889856048345337 
39.345241368351424 0.26289384993097553 1194.745143153255 468.91598393245556 274.31604278166583 
0.10824772749957623 48.10505184162259 5.166511088525498 323.48299539165 0.08163348595600212 
1.170515413263074 62.58077992424913 486.9029462241895 373.0613530857844 8.247153095138202 
84.0 0.0650426287292678 1462.4937385535661 469.76929476295817 164.4399434552715 
59.35625112533272 0.25866603274054956 1491.7637169304176 906.1115534934006 305.523691900913 
0.03883242807549274 108.87022686280683 7.257851810973457 322.6548855789513 0.19218448828111906 
41.395330264888024 0.06607497789751743 883.2981812172628 414.0844260631748 102.14843862826507 
