0.353589034013602 50.541649848148374 5.622208955992367 0.25622196251535456 2.5600496611380907 
79.71593656311126 0.03532998241740534 1494.6443179467 1456.5413188652353 1308.203685392649 
0.353589034013602 50.541649848148374 5.622208955992367 0.25622196251535456 2.5600496611380907 
79.71593656311126 0.012904210402432106 1494.8091524769102 1456.5413188652353 1308.203685392649 
69.7583014090898 0.01584620731563678 987.6861528284179 411.44693185899484 6.96364869772998 
60.11218078722533 0.013196744775122116 1494.121826881029 1437.108815801576 659.7250462100017 
70.85633994106198 0.02434898381874788 1499.2258121432221 1040.7053197536197 467.4891871168381 
0.01625309588199142 50.6984809105497 5.625162848945924 118.62229705017982 2.0229156948462608 
1.7702876355194777 0.06590968820082566 1257.7844600087633 324.1756378715671 217.1513442759968 
82.0 0.013196744775122116 1493.9261897441602 1456.5413188652353 981.9829776888428 
82.0 0.06792458141677302 1499.6087181369433 1324.2615161721621 1201.5748201866413 
0.6040896659815701 62.40470787631927 247.13678832826537 340.0643601440159 18.491795730999776 
1.2226418397468428 41.36278038809997 416.34786013295627 307.80437284521054 26.529219066640774 
0.38862744962163054 50.66503199780405 37.046644379304325 191.85865671703345 5.2310606509848325 
0.07753649149610331 62.40470787631927 247.13678832826537 284.20971030479825 18.493435161283195 
29.671076328723835 0.02320861282437106 1495.6351865674756 438.3248903435958 472.8275281197274 
71.76291755336376 0.006795841315891116 1483.8174203404267 918.2799432852087 525.1371010165598 
0.2593017441579244 1.9073624911553893 886.8819404272995 414.3971990205666 49.516418646638805 
1.670563114833526 50.75384588695951 365.64673800475464 238.73962459650693 2.6519327556368317 
0.11724212164111486 51.066220255908966 27.076884146266686 75.63981746255408 21.714032651922963 
1.8657811184728996 52.38887409784663 64.66575518621042 30.198398821785332 2.9676453685736286 
71.89416762833528 0.024499636324685145 1492.077958692995 1239.6521923043495 494.30852677126336 
1.2850730748647607 11.252843042095375 691.3241646986014 371.2006594494384 388.9754009704535 
0.4040669619195718 52.073604983377166 92.81628789580977 308.9032860063568 2.5492014669347514 
1.2847730286901475 40.62923838543745 416.34786013295627 330.824341358641 21.765848764281465 
71.89428484816395 0.012432802655575337 1494.8538741770556 1282.2270336443312 602.345648287461 
0.3993850704418541 50.53315314975729 5.622208955992367 11.789826933241699 2.0229156948462608 
66.33427496614432 0.26979018551826356 1496.5528734046395 763.7866406390942 378.28823818328533 
2.3349651611166076 0.3879375895993755 1438.4814758611396 370.34080468781553 388.8595520074961 
1.2881968441044371 14.509928390915258 632.8852302384066 371.2006594494384 401.40441517384136 
72.25952511306612 0.24272899156999778 1494.1093028352902 1116.6189236663758 469.7090342671054 
0.0990703042975486 32.71799238990143 4.190862163982926 190.7100008757008 6.464536193045553 
71.89428484816395 0.012432802655575337 1494.8538741770556 1376.401886559254 602.345648287461 
0.14995640541793454 41.57746410908117 422.4054745862569 278.736170499373 21.63051545795616 
1.930959845239741 53.00798483148928 632.8852302384066 358.43984997985274 202.64915702336918 
0.004996277165182861 50.560497739373425 63.528154198553594 89.89140990222079 2.011155316435219 
0.0990703042975486 52.15687694097977 5.895687555970849 189.94539104400195 5.213463644961785 
8.773633141409483 0.2905500524149427 1164.6716112470967 479.1585334626251 217.1513442759968 
71.74289616939382 0.01904402080711831 1355.8928563966558 446.10062015594605 232.77077321029833 
28.099311404111997 52.983982791307376 632.8852302384066 358.43984997985274 202.64915702336918 
0.353589034013602 50.541649848148374 28.514376832523602 37.75176298950893 14.40062502157003 
1.2431843098667232 50.17732846061119 4.818601523136067 306.60948893981305 22.23007604014824 
66.33427496614432 0.27183291687047983 1483.8403446755883 763.7866406390942 523.3963133381304 
1.9109897804489155 44.70390434070282 8.22809710497802 375.9180515415212 2.936900118980112 
0.11724212164111486 44.36339653006216 27.076884146266686 279.7358944531322 21.63051545795616 
0.3896189431931395 47.24106668456107 5.552448549287554 253.20463958583582 1.6762706043544 
0.2593017441579244 0.10526430151840716 998.3859407160403 328.27131835527916 3.192315255774073 
1.2145432261673998 40.25690467173272 514.4839461352019 330.0345864066911 26.00040358351147 
71.79758408227241 0.22720435378393966 1422.2324723566608 636.4413036045376 189.6690465377161 
0.353589034013602 50.541649848148374 38.890874894119044 1.540614133316339 2.5600496611380907 
0.4022720516882663 50.75384588695951 350.806015290504 317.00581615109456 1.7478991685251515 
1.2847730286901475 46.695017635012285 416.34786013295627 367.5355378606515 21.765848764281465 
0.36655983631753575 46.16252439498267 63.14055612647509 133.1521018168887 3.773485092312171 
0.19071220715120746 47.84515965710158 7.049396145377273 319.7050367841898 42.158781272338544 
0.004996277165182861 50.560497739373425 7.776641721620119 89.89140990222079 2.011155316435219 
8.773633141409483 2.010881645661101 1118.546718441719 479.1585334626251 217.1513442759968 
1.9023347754665707 55.509903098353355 62.116491561819686 226.64097148333371 22.084545521320663 
1.2180221749499536 50.66503199780405 61.43555862862786 191.85865671703345 14.25667516855478 
30.08886087433961 0.1816018000449372 1495.5744198962234 615.1112745243995 367.96167593955295 
1.6464752418907906 40.25690467173272 514.4839461352019 464.416239505878 26.00040358351147 
82.0 0.019531599328595384 1494.5905483148645 1376.401886559254 456.08266312785736 
1.1984123316578172 44.53200995252746 542.0958149960214 274.64553092135986 26.18249928762288 
0.11724212164111486 61.39765716654544 4.221464382763401 248.69506767151802 1.8739534930701023 
78.97094687931244 0.2365945356358297 1161.4128918174229 480.2949961268716 209.30944639282635 
1.2850730748647607 55.559066409049635 667.7211279898397 371.2006594494384 27.683474125468365 
1.2145432261673998 40.25690467173272 514.4839461352019 386.9333976251434 26.00040358351147 
71.74289616939382 0.0012938464791543147 1441.6208845103893 446.10062015594605 232.77077321029833 
0.2593017441579244 0.10526430151840716 990.955497572228 414.3971990205666 49.516418646638805 
0.35137345133930886 50.56015481409881 7.918401399068038 317.70276762542335 1.7928772175541774 
71.86502206640871 0.6941558706677213 1481.469297827344 441.9475215232794 240.46079203382777 
0.353589034013602 49.808107845490674 5.622208955992367 31.76053217474913 2.5600496611380907 
78.16864788650275 0.05421294154852199 1498.857161062752 668.0062302961965 401.93934592360574 
70.97893451421433 0.24272899156999778 1494.1093028352902 1194.1226005856254 469.7090342671054 
0.40323136145998817 0.10526430151840716 990.955497572228 414.3971990205666 49.516418646638805 
71.76291755336376 0.006812090250047104 1495.3420549651821 871.2689588209147 365.4870135853902 
0.36655983631753575 46.16252439498267 38.80027338874311 133.1521018168887 3.773485092312171 
1.670563114833526 50.631719746111635 338.65721540848983 238.73962459650693 2.5822816251358067 
1.8233003193081867 41.36278038809997 61.7981846967985 307.80437284521054 26.529219066640774 
0.38862744962163054 50.67352869619514 61.43555862862786 185.57333987093557 5.264312459152778 
1.9109897804489155 44.70390434070282 69.17049307110574 386.38792540249796 2.9676453685736286 
0.8874682578145503 0.3595895325966705 1377.9298151970547 388.2192546957975 245.3521369567327 
1.8086115417290964 46.37939850429719 3.1053882338543715 156.18884163122144 1.9810883117009022 
0.4040669619195718 51.67082330691001 142.83718718046708 308.9032860063568 2.5492014669347514 
1.8156514279786529 0.06590968820082566 1271.4786269145025 336.36830383323945 217.1513442759968 
71.76291755336376 0.02221478533488695 1491.4266622447312 936.8013372018133 365.4870135853902 
0.6040896659815701 60.34464774108764 247.13678832826537 364.0368602094402 3.9121348000746403 
41.53108152929819 0.24272899156999778 1494.1093028352902 1190.7375115859227 474.0250889660854 
0.5237587537389329 62.29461682510178 520.6999345874228 321.5722745821567 290.241727629616 
1.9109897804489155 44.70390434070282 69.17049307110574 386.38792540249796 2.9676453685736286 
1.1760535408652426 40.25690467173272 514.4839461352019 330.824341358641 293.14712727240305 
1.3013029567467307 44.88334664569244 69.17049307110574 372.2601799323179 1.7496512950457763 
1.8657811184728996 52.38887409784663 14.544926606561127 30.198398821785332 2.9676453685736286 
0.35844024922437384 47.3674928040071 119.84569407537151 401.19650349498187 2.5600496611380907 
0.353589034013602 50.541649848148374 5.622208955992367 275.94747105481304 18.145245853305124 
0.36655983631753575 46.16252439498267 63.14055612647509 133.1521018168887 1.356606818726839 
0.36655983631753575 46.16252439498267 3.725530445747813 141.57976511224274 3.773485092312171 
0.36655983631753575 46.16252439498267 3.725530445747813 141.57976511224274 3.773485092312171 
0.12341325932903421 44.36339653006216 490.15514024929956 380.0008357026464 21.63051545795616 
71.78138416995367 0.22720435378393966 1450.71924745888 636.4413036045376 178.32876022484925 
0.6040896659815701 60.34464774108764 247.13678832826537 364.0368602094402 3.9121348000746403 
