44.98335311236837 0.2939199531201663 1492.3210101532504 1486.6156143692942 1099.067146921943 
0.7741711590195899 53.82686374612426 7.951369500245171 0.11619210821848469 3.669442337902684 
0.7741711590195899 53.82686374612426 7.951369500245171 0.07428853166883354 3.6544945297216014 
44.98335311236837 0.2939199531201663 1492.3210101532504 1486.6156143692942 1099.067146921943 
7.789566754076423 32.251814423319324 776.0062563737649 351.7386008349045 112.99368897138338 
0.6477113156956362 68.65798913539032 107.58367607016842 31.130017082168283 0.4395712697829137 
63.75338871255162 0.05736877265928529 1485.2992155586487 1227.3905348255496 464.4023513996692 
1.0365532407947782 44.797500712783126 228.836406620803 422.7823470059743 0.8890661081815157 
82.0 0.31125227853820014 1487.119331094387 1382.163094029751 761.2350802372129 
66.38148466369081 0.027833031531806107 1485.3017432998588 1013.1297674924817 749.1535656535101 
0.7741711590195899 53.9929701511727 16.9188228146935 6.889135364692834 0.30917440181531264 
0.9237000821238394 70.30118430244312 105.12659443958114 238.79678410934184 0.21579460793573646 
0.9308482117745591 35.83771194313401 430.4810513334585 348.3971471877862 5.433753774495188 
66.9786317156315 57.24182544586485 728.442431845609 422.23614324318 75.13624080180307 
1.2779874960748396 59.36798885212835 31.948540521982963 102.72215120140714 2.3169056802349672 
44.910130825919865 0.027833031531806107 1406.5987343865495 745.4069024067904 240.33690870125272 
32.04699521907169 0.032717240901139366 1335.202240168495 417.0535194923277 260.4025277106863 
1.2106170858426861 57.51604385749281 89.2025593348662 360.20456122074967 1.7678084971004282 
1.1936844380410307 58.53740753707039 5.839592531589913 245.37054959667282 3.669442337902684 
3.632410302433886 43.56165786843318 592.2804831563283 354.5957840060122 5.6536147316206575 
27.577740043413066 0.021318217152171248 988.1075032619242 405.44600905731966 249.61030960765143 
0.7432671569964472 52.21350620037952 379.25875627350706 343.2674393198158 1.7234492451779237 
0.07905299057773352 44.77319508049881 92.11481210318867 119.22893943442524 0.16916870013409535 
0.07905299057773352 44.77319508049881 92.11481210318867 93.21082083539716 0.16916870013409535 
0.5797470516019865 3.453687025718345 738.7849147907651 335.7233741559019 8.10747323368487 
79.91721605456536 0.3008212239820555 1022.8923878632569 415.560929426829 438.9867999762036 
0.4186607412192055 45.1645982706634 533.0130807290374 331.9177715171659 3.699019209897253 
3.825662320269391 32.36121271869146 251.19851041375847 303.95529538605 1.9294894398897409 
64.51096055000747 0.021318217152171248 1022.8923878632569 414.33266460069103 261.9401948329043 
43.479094141687476 3.0860326246197296 1472.8325793900879 496.8664949418319 6.077703089827864 
34.952310261883916 57.334285636869026 330.78683122662693 412.5216198527485 0.3502453427641967 
0.7172909392473885 57.15994904679053 20.376858656218335 178.7923400971776 3.4272365220672096 
0.40745287147204623 58.53740753707039 7.951369500245171 331.0571709911665 3.669442337902684 
59.02054361256233 45.00268044861215 575.1904146505706 354.5957840060122 0.7454761511226735 
82.0 0.31125227853820014 1481.8892855462393 1325.1357002180866 748.451156346094 
67.13876379971174 0.021318217152171248 695.8454186721058 414.3299737151063 317.4303601601726 
1.3037367992992812 57.51604385749281 8.195590592028736 58.39872347440816 1.7678084971004282 
0.09156530980231303 49.105900653457695 19.249059344966653 40.17169308368253 3.341056853183378 
0.1127684044909254 49.08788776815923 40.82752740059152 10.899324820493234 0.8734050384263468 
53.987433321511176 0.027833031531806107 1490.6579196273115 938.8331821332125 600.7410750553478 
6.014926749120178 45.840288992695115 248.21962961744578 292.9667763379115 5.463977981765276 
65.41251211173729 0.05170530092073834 1483.6943359040308 816.0234660218797 470.2184462447835 
56.1854283726272 0.025732038467281726 1485.4520181075188 538.6437916533052 439.48472701154446 
65.41251211173729 0.027833031531806107 1482.322337739502 816.0234660218797 228.68247886238584 
57.44847848095439 0.7050661772166159 1487.0304031212254 543.4578077100855 233.76474203071132 
43.479094141687476 0.22428023946673692 1472.8325793900879 496.8664949418319 257.7574966454222 
61.83109986230473 0.027833031531806107 1482.322337739502 744.0496775561825 241.1051219531655 
66.38148466369081 0.027833031531806107 1485.3060307248384 1009.4474361138837 600.7410750553478 
0.17813386637828543 57.14219632456495 87.68119837568454 208.35895549787492 15.332800833408816 
0.40745287147204623 70.86261868828117 111.91837984431339 331.0571709911665 3.669442337902684 
0.07905299057773352 44.77319508049881 33.34351234404657 119.22893943442524 4.20684172606561 
1.2981599373803343 61.818409961406516 334.18753871801175 423.4346585413384 260.82651344376643 
65.4320855571673 0.2248213289742544 1487.2035441806381 769.7476892242709 486.56125981363766 
44.98335311236837 0.2939199531201663 1492.3210101532504 1486.6156143692942 835.3556006402814 
44.98335311236837 0.2939199531201663 1492.3210101532504 1486.6156143692942 835.3556006402814 
66.9786317156315 2.2910377875307333 728.442431845609 422.23614324318 351.2636252585688 
67.13876379971174 0.021318217152171248 1022.8923878632569 414.3299737151063 317.4303601601726 
0.17813386637828543 58.18332742675451 362.54637988387105 294.89329958808463 16.12757042582519 
65.7374253229372 0.3129253159880945 1485.2994023020087 1198.0658272020196 906.539985305621 
0.8450352316374841 54.90484217998562 106.28098801688478 366.4395826681998 0.3840190754837287 
28.57293315388766 0.31125227853820014 1429.9458498983452 501.9053783422108 256.9105123155881 
0.9422310212778269 57.59754448065916 425.25593620868943 215.5072041160733 1.6890159968198741 
44.98335311236837 0.2699977063152469 1480.203249596931 405.798229661288 263.65921301377074 
0.6477113156956362 57.15130507463593 85.16632813275231 31.130017082168283 0.4395712697829137 
39.648120432059514 2.7409308808404553 781.2868386964938 417.12387956734506 112.99368897138338 
39.648120432059514 56.10181714837 1036.5231547163473 417.12387956734506 112.99368897138338 
1.0365532407947782 44.78921708551238 228.836406620803 299.5093701968932 3.341056853183378 
43.944402116085676 0.22428023946673692 1479.2926256505702 496.8664949418319 498.395740524182 
82.0 0.031572152101596834 1487.119331094387 753.5201578304177 761.2350802372129 
0.6360851896846988 5.339317944927092 702.066718613493 336.3878594504528 4.474142729995483 
42.19440955470776 55.07769626926474 590.9332216664768 292.7630930283984 5.6536147316206575 
0.17813386637828543 57.14219632456495 8.050038728534915 211.31945699369055 15.332800833408816 
0.7172909392473885 57.15994904679053 20.376858656218335 360.6202951404142 3.4272365220672096 
1.231435366243899 57.889533874504835 34.9834940757689 206.58067862271355 4.474142729995483 
48.286125687348054 0.360131739118043 1487.1816282906836 1364.813890995714 590.4929469087241 
0.9349956309467812 48.87968594993016 357.3144203747065 265.6750926511568 2.3440410175163473 
62.752721677223654 0.018529405585911096 1487.125360136419 1021.1169292812925 463.42812161444294 
0.5253612333628581 57.75410490389923 87.68119837568454 208.35895549787492 15.332800833408816 
0.656790516797221 54.90484217998562 19.369969285069345 59.71756858383404 4.4654344630242315 
0.06295974266786608 58.54999469372826 21.096324560404582 286.2829333892358 1.5592355641794786 
0.6443987210275472 45.95436581880498 15.838009302949082 387.0538136049551 4.474142729995483 
1.1926997714118264 58.53740753707039 1.7109283940282065 361.779362487027 3.669442337902684 
1.666393718172138 54.105417192725255 3.8934583969971754 127.2268661177992 3.589119088450798 
65.22513784560175 0.2648116340855886 1485.2994023020087 1302.039736828607 466.1009106367204 
1.297751110903709 58.790961771541504 104.71590980942837 213.65449244118577 0.2534602973889604 
1.025664534139971 45.81639042564657 1.6988972840383445 349.2108811898766 5.480555771712634 
44.943910088320195 0.22428023946673692 784.1657620809958 496.8664949418319 257.7574966454222 
1.655241442911669 54.105417192725255 95.65802976170636 99.46134925913572 0.29326195417756207 
4.178695280584257 34.35618910290551 251.19851041375847 357.0503441615191 0.7258077464501639 
0.22285101665585993 46.306928853807754 4.0542246615511495 40.316646562797374 2.3391154784121584 
2.8303401043864116 2.9474217391733113 1386.253605155841 381.821295063092 244.59774950497092 
61.83109986230473 0.027833031531806107 1482.322337739502 771.8055721771211 241.1051219531655 
82.24884253198918 0.019620355134466194 1485.4253969900699 842.9781779298048 598.0159439502398 
1.297751110903709 58.790961771541504 104.71590980942837 213.65449244118577 0.23443148669047842 
0.4186607412192055 45.25967082955377 12.144188043008626 331.9177715171659 3.699019209897253 
1.1936844380410307 59.613273753824444 7.951369500245171 384.0842893172339 3.669442337902684 
0.6856571035415298 43.59398266769861 34.06766439871619 142.77557288256853 4.474635975755661 
32.04699521907169 0.08973461739089927 632.5617978635912 417.0535194923277 260.4025277106863 
47.32334152929264 43.43793256837773 1323.4254396362023 405.798229661288 263.65921301377074 
65.22513784560175 0.2648116340855886 1485.2994023020087 1302.039736828607 466.1009106367204 
