68.23645938259907 0.025451796852122514 1493.1945064753454 1472.7247271361741 1314.733816602551 
0.31692028033330244 58.99085473856304 0.5772655455096752 0.2536071620675511 0.9595467535610596 
68.23645938259907 0.025451796852122514 1493.1945064753454 1472.7247271361741 1314.733816602551 
0.44303344197700856 55.68692084864464 31.404141363435443 136.8938508004204 11.512456545230037 
1.8897375747471947 54.837400769348065 482.53679329667966 373.9418292787989 0.8917585737391578 
81.37477441581683 0.1151858619834571 1485.2758545364868 1493.5321535463872 894.4094850912791 
0.017375687940983653 58.86931329743599 22.48164540218957 87.50911763188192 104.03274586999673 
3.862052003341205 62.872351842235844 4.221820365706947 36.49029849841082 0.9595467535610596 
2.343601966952896 57.09787488806191 168.4891594031914 354.87294234202614 1.090114970483052 
4.870699876934476 54.473979683785814 929.2634780829055 344.0163343128765 0.06425611792790398 
1.995295498669454 28.520146497618732 362.7857202787063 378.1311753954548 12.160393708406577 
1.0079439738110807 58.99085473856304 41.74691670036725 2.223272194832518 0.9595467535610596 
0.017375687940983653 58.86931329743599 22.48164540218957 87.50911763188192 9.243839600670789 
58.04751185950299 0.0023649566785036574 1499.4764501030734 1477.8856178486299 710.4962984425673 
4.8430124408662785 55.848246352831154 199.91843748831977 360.71447784143265 0.6678347553161008 
0.3595201755255827 57.767544172006076 495.714745345124 352.90110227010393 281.3470276061221 
81.22519473288638 0.13679776157260848 1497.6635199733764 1162.278411092929 894.4094850912791 
66.23002092849562 0.12638430091041625 1497.6635199733764 1223.7145208672418 894.4094850912791 
0.3595201755255827 57.76611401917739 53.545174359412435 206.46698078242594 0.3818961255536397 
58.04751185950299 0.0023649566785036574 1490.5298577071428 878.3540255671146 721.5439768870959 
0.34988500543448375 57.12940959420766 0.2416187494052906 180.87723495907142 0.3810003605827589 
57.96687939877743 0.12408882110657729 1449.625873201718 642.607076028256 306.7437604841474 
32.2284042723874 7.2199180420130205 945.389717067344 370.1654448038038 181.51546307268245 
0.5540017879533927 35.83168034551304 374.9559961367807 331.3394653223529 0.3325599673649129 
66.61054673551172 0.028498198613802907 1417.6310989644794 620.418732507304 894.4094850912791 
0.34988500543448375 53.71811059799288 0.3438728229585877 204.60172065138318 0.3810003605827589 
1.7248344744203465 54.81702306972119 90.09273857619442 351.6045603846221 0.04257463660695049 
58.02789721054445 0.3356534875843744 1490.652058705999 492.0445929750447 171.18077059131906 
0.4065890434190047 39.91165732368323 502.583238364561 200.4591075445751 10.788412471956285 
30.611475398316266 0.06135983051261401 1495.4824898507056 322.7533744783625 53.52362975017219 
81.91980169828015 0.18371056877690262 1492.7869377891275 626.228880768146 414.67604285881 
52.64479503720644 0.4177596226840272 1394.7371915452331 953.615592320222 331.7036961165239 
1.6583897854754746 58.85489053626915 885.8855723558736 476.4657627636145 0.0847443130715071 
0.4522522511251871 58.99074648016648 15.828722736620502 267.9337545955923 0.9427846994760158 
4.962524134900202 54.964903177011976 400.61204441139705 356.9377984663076 320.0523017741078 
0.5395295546756314 54.5848919533407 1.694168551324247 113.63347566652254 7.604455004585456 
0.6465727759977988 57.05687040856898 24.120978412795665 331.3394653223529 0.3325599673649129 
0.25531492960313296 57.749337465621046 52.960563655918435 184.57577736372806 1.0915104188414322 
0.23334894075420792 58.98974469395798 42.465403801285106 51.11815493787539 1.1641279082635174 
28.993415122608113 0.1239625196395635 1449.272688147204 408.482899925376 322.23444973355527 
67.26090992578112 1.1457213038028229 895.964036120135 510.09668862948865 58.12310492066496 
0.25531492960313296 57.16014527978237 1.5351134509660849 255.797873823156 7.604455004585456 
0.25531492960313296 57.16014527978237 5.830812960132384 184.57577736372806 1.089130004506252 
67.26090992578112 0.13428417037981705 893.8809593003373 507.9121715560848 181.51546307268245 
0.3440783278143592 57.174533578403256 98.78586658865731 364.65592783642734 0.3362765093435583 
58.04751185950299 0.002820583357778736 1490.470699263264 878.3540255671146 893.2496835507371 
58.71604528484311 4.327588908462493E-4 1498.7157287759849 1231.0929282626062 518.8018988682687 
68.34100887681284 0.025346297516483204 1445.6428114944256 531.3316170703151 322.32964709474516 
31.428881601643386 54.83790281035484 820.3171060245073 331.9506308602244 9.124816556513622 
68.99223243876229 1.026024614745964 1490.470699263264 441.5748740359734 179.03108002577977 
5.038730208727786 54.80893394177324 496.93527847655037 356.9377984663076 320.0523017741078 
65.39128049193971 0.3720510125784422 964.7596984341811 486.0101785426283 181.51546307268245 
0.31692028033330244 58.99085473856304 0.5769725378954753 17.10709209619199 3.267932524719086 
36.94839357651843 0.6156725699221077 893.7574123118222 491.8207127732673 38.86508272171801 
0.6547669493971878 54.922172596906364 7.067961815012637 60.330187737699276 1.3109049162198172 
0.44348319204077824 54.83790281035484 1.5660914977474887 361.0802023891914 0.5126754479704179 
0.5564371526572586 57.42152396399277 200.9677952137377 388.6162636620153 23.38804724668442 
83.0 8.049999366536928E-4 1498.796633690722 768.2726260940815 328.8893202139109 
58.71604528484311 0.8829874295016573 1498.7157287759849 1231.0929282626062 518.8018988682687 
59.42588197725391 0.0035026864965294804 1460.7038948776526 1460.4020707401 610.6267256967835 
0.6451998758698612 36.17064767346858 374.1281898917079 303.9342104572173 0.13317215830004692 
0.5395295546756314 57.24807044384546 1.694168551324247 337.41569258078 0.52945293625883 
0.44303344197700856 55.68692084864464 15.239281100771377 305.7082835659228 0.03835058575486583 
56.95131839709576 0.10373098466233185 1498.7157287759849 1121.4069248874887 566.7507631978076 
0.4143954730345365 57.42152396399277 6.26252521211309 388.6162636620153 25.407006332726304 
0.5374940560712709 57.2336220403621 37.306812430403085 352.9894310511727 0.1471055483622572 
58.232186656473765 0.12541278604883854 1188.5343140188597 484.63030530608256 266.01152094146823 
0.2757734229607627 57.094937714296655 7.7947139536883014 259.0494882059164 7.649166562052008 
4.870699876934476 57.5638835504031 51.111829149927814 345.1650813424282 7.283518085715759 
0.43520670860495025 0.01786099135720942 906.4687608922875 361.74989553289754 3.565740656586586 
3.965695952392675 0.07573930475145474 598.9796190681135 360.71447784143265 1.3903299600479144 
0.5395295546756314 57.79832739496908 1.694168551324247 82.83299218925272 7.604455004585456 
0.44348319204077824 54.83790281035484 1.696876753794939 293.04343349429973 11.449991995116571 
69.74622415991888 0.140642589290013 1484.7991559021525 540.088171920623 191.05840212920913 
32.35845156473415 0.12541278604883854 1188.5343140188597 484.63030530608256 254.4925028417373 
57.96687939877743 0.12408882110657729 1479.642487243139 642.607076028256 306.7437604841474 
0.3590381599153636 35.36523662364027 406.9596703047482 334.42747367125514 0.3325599673649129 
69.43570296596481 0.17024309573898488 1497.561081801167 1472.412026632595 550.2258030600703 
57.008629393556504 0.37822224619330314 1490.470699263264 913.483238752676 320.0324623236397 
1.7248344744203465 54.81702306972119 132.7311039876065 360.89760358771474 0.04257463660695049 
0.35625677175369924 57.67062418942943 0.5769725378954753 211.51197509072097 0.9595467535610596 
75.20055089318922 0.8669756129462804 598.9796190681135 360.71447784143265 1.3903299600479144 
3.965695952392675 0.07573930475145474 439.9573677701167 360.71447784143265 1.3903299600479144 
7.186174062487921 57.1691947708501 34.245060771365274 373.9418292787989 0.1273178506620809 
31.419453055137186 0.05954832573197799 1297.3447005097833 335.17593819127757 204.41579452018985 
57.42603535024115 8.049999366536928E-4 1498.796633690722 1148.5734510950565 328.8893202139109 
7.864610888262064 0.12541278604883854 896.6492254565503 484.63030530608256 181.51546307268245 
58.04751185950299 0.001270511642484165 1499.164433021245 953.615592320222 331.27898021170193 
0.44348319204077824 54.83790281035484 216.73732812569477 289.28215945568985 11.449991995116571 
0.6404409995811696 54.81702306972119 358.82958024758153 360.89760358771474 0.04257463660695049 
55.25587202628948 35.84973514404303 818.1616544744676 375.8608719467597 320.2728929501374 
76.4617903929859 52.79114132176751 527.2725534072872 366.1377457040402 174.73120374545746 
30.611475398316266 0.05954832573197799 1293.230481459676 335.17593819127757 204.41579452018985 
54.590327977723845 8.049999366536928E-4 1498.796633690722 1118.4228824050224 531.62870451979 
2.138131684795523 57.14743441051704 39.60165424292305 255.797873823156 7.8752675608272344 
0.31692028033330244 39.60089572213687 15.712906973772219 2.223272194832518 0.9595467535610596 
0.43520670860495025 0.34566101452955156 906.4687608922875 361.74989553289754 3.565740656586586 
0.44937299020585164 59.018029470276254 15.269265459425077 314.2598930017871 0.5560869029617663 
57.42603535024115 8.049999366536928E-4 1498.796633690722 1123.8992577246995 328.8893202139109 
0.34988500543448375 53.71811059799288 0.3435798168781301 232.9729477848785 0.3810003605827589 
