71.92507771233824 0.05762446320192352 1495.4164747308478 1456.3103298714063 972.2348813956077 
0.27514229137880614 55.19378173702471 1.3072153548544023 1.8464884396302712 8.654055294490078 
71.92507771233824 0.058013388109321176 1495.4164747308478 1456.3103298714063 972.2348813956077 
0.27514229137880614 55.19378173702471 1.3072153548544023 1.8464884396302712 8.654055294490078 
0.47602654188974824 40.79737723796166 9.870675919892733 264.3755251733379 7.965012615671952 
0.47602654188974824 40.79737723796166 9.870675919892733 309.9547381349689 7.965012615671952 
22.399244335525875 0.270491879452807 1116.2896243472035 625.3577249243249 171.29275346915932 
63.18318363659769 0.1070104947399758 884.7253084520303 452.0396104374813 204.62450041118674 
0.09292693839439181 54.133944723791885 196.98030058498873 65.08666213962056 16.498485670986714 
0.1508658159083902 55.90074606897829 1.3842020932565156 104.24027234547623 16.822341963202252 
0.15269903286454456 42.018966031974145 90.3905640747513 354.0056314368565 8.404947668630768 
0.1508658159083902 55.90074606897829 1.3842020932565156 176.3389911714828 16.656503284637754 
0.0749277664661655 45.79035079901903 1.3842020932565156 289.9568591041991 16.822341963202252 
54.15493498570215 0.4989604201645079 1403.9592080524576 416.3277762725427 205.9449249327216 
53.854057967344225 0.09077008734995959 1496.4035750953478 1424.436157356152 544.1473110812999 
0.2702489476590463 55.930160178767224 179.72660662305057 1.8464884396302712 9.472207391786828 
60.37151906613716 0.07860295140735024 1491.4912562418465 1480.7178590017381 730.8228135352568 
2.1928566170148 42.29722399907979 440.41477953398805 324.5380197723803 114.28974592773149 
0.11013001670821071 43.13700024013853 406.07694323312614 265.8607754414167 11.897323164194898 
2.1928566170148 42.29722399907979 445.6276035630529 324.5380197723803 199.12140814143208 
63.18318363659769 0.1070104947399758 1443.248377096642 458.1262484014015 204.62450041118674 
56.51400382423459 0.09453117618066291 1477.370110657933 759.663637995709 553.1145312204786 
0.18467442318458094 54.89518161515869 597.5209783219334 367.5390408294381 6.391425350920813 
0.09683845534396376 44.71085415197866 44.961456122224234 326.37506903473917 14.22786285897962 
53.80919457854253 0.09077008734995959 1496.4035750953478 1303.808524499795 544.1473110812999 
0.4647486005922241 45.89226506021711 196.64296781986533 107.1663757680758 14.22786285897962 
0.1508658159083902 55.07361297267746 1.3842020932565156 296.2698028254226 21.460671674021537 
53.41298436108953 0.08362279306577278 1472.2941919256857 452.02440144774346 289.214911416209 
0.061523720561777635 55.05222512211489 208.90727471221277 369.16818372126136 6.402201247441637 
0.09427050948436282 44.71085415197866 147.2443225425075 326.37506903473917 14.22786285897962 
56.555309141606116 0.09099268821830887 1496.4198031294438 1358.0323766619863 547.328835928044 
0.23159817323492005 55.924202569096465 146.005861502856 119.95332670765958 9.476409514293378 
0.02136046002869807 53.72851415299225 63.665636002166025 290.1347367216808 5.327532623473338 
2.2362278826784565 42.34967774100778 406.07694323312614 265.8607754414167 191.73682656496052 
0.09993149130937257 53.82963845263639 38.79795153999011 369.16818372126136 6.2901983853756755 
21.04146260304055 0.13084538350075695 813.1378287273712 452.02440144774346 196.81707043680535 
1.9450278831657088 55.05628435159286 435.1196153186057 324.5380197723803 9.027325382384298 
27.0191251472799 0.2598803718370908 718.5016507821575 376.4079261755023 182.05629370377108 
3.8539840929483775 55.5121027070268 364.3432815234707 313.14613685371205 6.7602372005179685 
0.9249901090598627 55.87817943626054 2.0378129104738107 54.35098942304046 14.526564760522149 
0.5395107647108452 49.525215811093155 8.833529208902988 5.61460720251911 11.084893195211269 
0.038537946151194546 0.04363732909132943 1137.838556541248 411.020539853753 467.9564592321201 
24.738563721810667 55.11303940872756 539.9034647845472 367.7243759711124 197.99289206518824 
55.81879034624972 0.08692365641851939 1337.436504771264 759.663637995709 174.41117890876558 
64.92753210972266 0.08515096837436857 1496.4368621841147 966.8645250686029 564.9263892833721 
0.27514229137880614 55.19378173702471 12.316894075084178 364.0902185447104 8.654055294490078 
9.988929372150519 42.29722399907979 440.41477953398805 324.5380197723803 13.694812971106835 
56.57059665042728 0.09453117618066291 1476.5121933297771 759.663637995709 211.0850281719559 
56.49168671025929 0.09462346357835587 1023.1363489425883 452.0396104374813 211.45689686123237 
6.625651377416471 47.29942756865315 364.3432815234707 313.14613685371205 51.246656848772254 
70.77283090404214 0.04258352804831311 1491.4914028871165 1112.1413595391346 748.1172316807459 
25.643984187207565 0.05518439771859558 1116.2578825394976 450.76640474509463 359.39483170440974 
52.9015672811902 0.09099268821830887 1498.8542554464573 1234.2476141862967 552.4506087140335 
0.093128152138269 54.23270131322799 229.67508379438175 334.18546131551983 13.198158664314171 
0.5395107647108452 54.572263393457526 108.2324533720406 14.533560433528566 23.176395415491783 
0.47149840621026695 55.05222512211489 79.91533310761417 82.2593576659603 5.2897116256954435 
0.18454458335941865 57.49089878869118 525.7084622589756 367.5390408294381 11.961184991336017 
42.31151823522259 0.0291539021271134 1223.3897309214212 696.306498597076 334.8154835063528 
1.1787236254850464 53.86151002009822 50.107236154228225 4.01195501911522 3.3364680128704975 
53.44721753767262 0.2311431156339303 1494.6407267421328 784.4941752741652 295.33367220058244 
0.038537946151194546 0.038643144046492627 1137.838556541248 411.020539853753 222.00310790214792 
0.15270090073712136 55.93086608917512 146.005861502856 110.58972117994938 9.476409514293378 
0.19918013752335517 55.924202569096465 720.5871217677701 329.7960624367089 9.476409514293378 
64.92753210972266 0.08515096837436857 1496.4368621841147 782.1467316796062 592.3223339533638 
0.20345537277007653 55.05222512211489 79.91533310761417 323.5972531837964 14.61095922974032 
27.0191251472799 0.2598803718370908 785.8242131341844 376.4079261755023 182.05629370377108 
1.1787236254850464 55.88109361375334 221.29295683879764 95.8630665926087 3.3341567956192506 
0.06911752868480703 44.71085415197866 196.64296781986533 326.37506903473917 14.22786285897962 
0.02136046002869807 26.848153219847525 76.49307839696279 290.1347367216808 5.327532623473338 
70.72447073085866 0.004658040040585287 1491.4912562418465 1142.5320188413448 488.89308118401715 
53.04534603119826 0.04258352804831311 1491.4914028871165 1043.908755266902 748.1172316807459 
0.009982281110581678 3.673592025613363 675.9000065772562 424.7453916830558 110.11751850026363 
0.1375185134469072 55.924202569096465 6.570388476363448 39.38261051841441 9.476409514293378 
0.22654394244221548 55.21054013139247 0.5124372897373506 257.25205071731517 18.463220368884887 
0.009920796284806022 54.38841641135618 675.9000065772562 436.6516744817957 111.28503639755615 
42.31151823522259 0.0291539021271134 1223.3897309214212 696.306498597076 334.8154835063528 
25.308443306666362 46.57305677483572 540.0998218527739 387.2057781570934 14.452808870759636 
0.05787620030855023 53.72851415299225 279.5689123637524 354.61346841764214 24.04242945789143 
3.434014506610559 54.62270081946642 106.73326693866011 369.16818372126136 9.218564060308296 
0.18467442318458094 55.05222512211489 56.1185012387557 353.9574546557725 6.391425350920813 
43.42959745702367 0.0342284755432551 1491.4822483554924 655.4466085083822 334.8154835063528 
0.02136046002869807 53.72851415299225 76.49307839696279 290.1347367216808 5.327532623473338 
60.37151906613716 0.07789949423989946 1491.4912562418465 1480.7178590017381 590.3771228492077 
0.009982281110581678 3.7573929739746887 675.9000065772562 424.7453916830558 110.11751850026363 
81.93598683356959 0.3219709343509396 1495.6918245713132 851.9660433940955 530.7600041108676 
58.90271038990822 0.041251469603406504 1491.4912562418465 957.3645962988629 510.19691588081764 
2.2192778052378372 0.09172960232731597 529.7640137347188 322.13106911530537 334.6367090745138 
53.35382504870613 0.13622751865079286 1498.8723903066643 908.2447490873199 557.2408663442692 
81.93598683356959 0.19856469174928604 1495.912719785945 757.0407305835391 226.75879733379773 
0.5395107647108452 46.248741984957526 8.833529208902988 5.61460720251911 11.084893195211269 
0.30736833788621165 54.537110894515834 210.98100295171048 14.900708480255993 14.839691729666137 
0.009920796284806022 49.34136882899181 650.7462787500028 436.6516744817957 111.28503639755615 
0.1453923382896018 3.7573929739746887 585.8999087089837 438.24232846571795 7.645068790580694 
0.061523720561777635 55.05222512211489 208.90727471221277 312.77751360507983 52.13630485547246 
59.088641143532314 0.12948712069638876 1491.4912562418465 972.4737308311785 746.8634187632545 
27.812017935435364 0.2557107054613083 718.5016507821575 392.2755847214438 177.76118089146647 
1.1787236254850464 55.084096689576725 220.36347615468543 0.2869219499175837 3.4484710692541087 
63.369114390221775 0.13084538350075695 813.1378287273712 452.02440144774346 204.62450041118674 
58.90271038990822 0.10565223193559736 1491.4912562418465 972.4737308311785 746.8634187632545 
0.09683845534396376 44.71085415197866 44.961456122224234 109.85544887766719 14.22786285897962 
