74.15569395167117 0.3698473560419028 1494.0636168790243 1485.633853165317 1181.2876482185384 
0.025180356230203316 54.738731797288395 3.902827266084131 0.4890340626181042 3.1547263266643464 
74.15569395167117 0.3698473560419028 1494.0636168790243 1485.633853165317 1181.2876482185384 
0.05543577932607872 52.43841449887773 154.55143293144943 151.20254583964729 2.7559405897792075 
0.1151982838327738 53.540528562780395 3.3542782306296317 465.86775227460583 0.02816282064314346 
0.160314165206646 54.6456481084033 502.15432920322974 410.9912077537505 3.7170955818736715 
16.66130589904584 51.54493228460632 841.197800600209 457.76252979751973 240.7749818836121 
40.394342980118395 0.29666949723494235 1233.057525117027 462.86596879211095 130.4594703869489 
2.4121635480657098 0.0626771098974721 772.8464581024995 384.9267526335116 131.23434482736062 
0.039938430811148784 53.591326922717215 630.2263231212868 404.9886090789481 1.4083185526627728 
0.05563316952858233 48.002778923447366 141.34722001931823 139.45886371337366 3.796042190654688 
0.017792812183456047 54.738731797288395 397.34221813101533 288.6778418476715 3.311573924038166 
0.025180356230203316 54.738731797288395 447.2830093816498 389.6591164727861 1.543105500255649 
2.3211093142332313 37.574664855909795 265.4290762279729 352.6182864521432 3.4628709946717073 
0.20568747959459444 55.45394003300546 30.7420805447954 5.419315961889794 3.2525989971089895 
3.44279932523435 51.354158656341966 91.68587177722014 226.45620885835152 3.284287644380713 
0.009121696750920245 52.811534153764526 6.769991289010292 301.85535575607275 3.3134704213765085 
73.25942333177376 0.1957112606605474 1487.6968047380956 1370.441082509716 494.50198924751805 
0.28337394191167886 47.86426053393278 151.35600028398528 275.1599819552582 0.0022591775331435304 
82.10728223817107 0.34050299296963493 1494.7968507102855 929.9920071748139 425.4371965396117 
0.28337394191167886 47.86426053393278 148.919423595868 331.6912745361655 2.096990762976599 
81.4711893492982 0.19506524861764132 1487.6968047380956 1201.9858337585458 364.14790082968386 
71.44190648261342 0.1957112606605474 1489.0988984360129 1447.8531023870426 477.79798894173183 
0.1798068388636036 47.86426053393278 367.64186274691366 330.8331647984311 2.0990144038512675 
2.159774586537143 1.2991917128306376 1201.9153061377328 462.86596879211095 130.46474129647515 
28.51098747981036 0.2944845770769433 841.197800600209 457.76252979751973 240.7749818836121 
77.57874838046806 0.311879876053216 1495.589678797854 1376.2246324410407 779.3184754627072 
0.2357841426571099 41.5581399126012 30.179473111515243 151.4713298239167 11.651718717938707 
82.0246569242984 0.34050299296963493 1493.4615657216925 929.9920071748139 661.5380203823655 
73.66589053134939 0.20453017195546802 1486.4154560310624 775.1783777833348 447.81063003191633 
0.160314165206646 54.6456481084033 41.89086353175102 167.23380869143165 3.7170955818736715 
81.9859678351734 0.19473639132828582 1468.0251609458949 472.9728467645967 465.76691787871937 
82.5773782470054 0.20400420507229464 1479.056219581527 1127.6329257161594 352.51849281954065 
30.093610498598313 139.51955816859646 649.9880909602598 387.68061463297147 131.82586430303513 
0.025180356230203316 52.51881092175846 182.67649831661276 22.22355978383905 2.7684579240398537 
14.173626208846514 0.3432615922240153 1485.759065778094 448.70393998731106 353.9282904438694 
0.10374713303962435 53.4179946755937 48.51383174636919 183.8222495455215 0.07633253768878046 
0.024665422600669014 55.07366156435242 61.27873770787535 4.877002655017662 0.6254063174216258 
0.039938430811148784 1.8846372630309638 667.6119227095405 404.9886090789481 469.6286563741147 
1.2665294381476357 54.63330525337865 41.77703253252545 167.12824712447323 0.07633253768878046 
0.025180356230203316 54.55553483463403 167.2227403220399 386.9805172406002 3.2525989971089895 
73.25942333177376 0.1957112606605474 1487.6968047380956 1313.4821619860825 477.79798894173183 
0.28689212578222156 57.44490776371138 271.5066926105042 285.58976779820375 0.9211310188994632 
40.394342980118395 0.29666949723494235 1438.61242588839 424.90302057801944 229.7202581025071 
85.45447220396248 0.19473639132828582 1359.086748202664 472.9728467645967 8.529591760400692 
82.28174703217877 0.3444772934234236 1479.164856968872 1257.4226442459214 465.76691787871937 
81.4711893492982 0.19567831980380201 1485.776394846208 622.6380818594979 241.21484542739182 
0.6655415701524454 57.549370946463974 99.80619444387759 320.00741304237675 10.39538458473901 
33.80697835991823 53.733721055970605 537.9353286904234 389.39906453337005 207.10918093387977 
1.778198144220135 31.31557747135312 347.8772990003589 387.0899879780268 1.834286572560209 
0.22025312327719435 36.52853087424395 58.59480764764968 302.29800776875834 0.06818753666671351 
3.0306664824703446 53.539197114589115 630.2263231212868 404.9886090789481 132.21803888908093 
0.12003323865466076 38.428708830995355 57.47313317536893 22.492411188074342 0.15436103866494433 
40.394342980118395 1.2060518907771094 1438.61242588839 424.90302057801944 31.671059778014126 
2.3211093142332313 57.5197769136998 265.4290762279729 285.58976779820375 42.34268574934188 
73.69111598298423 0.20453017195546802 1493.9222183166275 728.1581126905069 447.81063003191633 
72.22893247333988 0.34050299296963493 1494.5667678005045 1470.246741851006 965.8347210768106 
0.017792812183456047 28.680495634980147 321.834059578906 290.03923421403647 2.712406617125602 
0.11523050837726695 54.6456481084033 0.7623781473834725 154.01389672223013 3.7170955818736715 
72.22893247333988 0.34050299296963493 1494.5667678005045 1470.246741851006 965.8347210768106 
74.15569395167117 0.04928108395025488 1491.0083987001233 1487.4670918169145 681.4634515074974 
0.2918792744861962 38.48632208287774 91.09900598778069 22.492411188074342 0.15436103866494433 
82.93133951477449 0.28029308197270314 1493.8221205289738 936.2579185062843 513.8944553292724 
1.767380298337263 55.16889237757521 241.97144293576014 187.6227163958147 1.4677846052159964 
1.2451318039576464 53.4179946755937 40.56206248008781 39.70497654495557 5.824033302943548 
40.394342980118395 0.29666949723494235 1009.5072459586117 415.3942912720645 217.5649949412193 
0.2608459185011939 31.60177858014198 0.14510221015238445 419.0427846476619 0.06902080925998666 
0.1017705066637931 55.915398782773664 70.24696144690256 117.32542491113739 0.06486093383944369 
82.36302999869034 0.20406537796610597 1485.7801638483563 878.2176535698152 352.51849281954065 
2.4121635480657098 0.0626771098974721 772.8464581024995 466.02186867518424 131.23434482736062 
39.745663712600305 0.29666949723494235 1490.8913237270715 462.86596879211095 126.08836502703525 
82.57656011001153 0.20400420507229464 1479.1653699949336 1127.6329257161594 464.3824959952684 
0.2686995779595769 54.738731797288395 390.0347344238429 392.4457890987667 9.453769409465643 
81.4711893492982 0.19504710282188314 1485.797347284039 597.2315474805309 245.26147572761442 
0.025180356230203316 55.07366156435242 61.27873770787535 4.877002655017662 7.5730877762689275 
40.394342980118395 0.29666949723494235 1009.5072459586117 462.80066848732054 217.5649949412193 
0.0012347010200716713 9.11337316692456 403.169270179098 392.4457890987667 176.01065153134152 
0.5212328272640093 54.82597291808844 0.806813843679592 13.651411149960808 3.04553263240749 
0.5364759546524593 52.65913609114539 47.73286751948217 191.92259998834314 0.12478249040920142 
0.1151982838327738 53.540528562780395 6.574574844411501 400.33796784514084 0.02816282064314346 
0.28337394191167886 47.86426053393278 48.368235983103204 331.6912745361655 2.0774029072910762 
0.1798068388636036 47.86426053393278 391.6621839063357 330.8331647984311 2.0990144038512675 
1.2665294381476357 53.4179946755937 41.77703253252545 102.52801202578263 0.07633253768878046 
82.10728223817107 0.34050299296963493 1494.7968507102855 405.6222499942462 413.10012578535157 
82.36302999869034 0.20406537796610597 1485.7801638483563 878.2176535698152 352.51849281954065 
0.028540928446721278 55.535859078087114 58.59480764764968 279.49932937979236 0.06818753666671351 
30.798399061572244 0.20558733396689172 1485.797347284039 695.6514792009568 521.1632847242623 
1.2665294381476357 53.90025609779576 41.77703253252545 251.7004284214324 0.41004944082426986 
84.0 0.20406537796610597 1485.7801638483563 448.70393998731106 353.9282904438694 
0.2918792744861962 50.42497634773994 144.08694813295958 22.492411188074342 0.15436103866494433 
0.025180356230203316 54.7555191253881 3.902827266084131 7.1496528350755 3.1547263266643464 
0.017792812183456047 54.738731797288395 321.91424309837925 288.6778418476715 2.712406617125602 
5.08140159523602 52.811534153764526 6.769991289010292 91.09142903712925 3.3134704213765085 
0.11948380873095288 50.798219078265966 61.060976041718455 224.88858259562568 3.13821198413851 
0.6655415701524454 57.61481701275218 600.6171102735783 379.3353675165424 10.39538458473901 
33.68447642993921 0.34139655995597984 1485.797347284039 700.1527135125793 352.2596616247577 
1.2665294381476357 56.949875122578234 240.4764361619434 251.7004284214324 0.41491528813984146 
74.15569395167117 0.04928108395025488 1491.0083987001233 1487.4670918169145 681.4634515074974 
0.28337394191167886 47.86426053393278 41.52871038895171 332.11639469059776 0.10516799840542257 
0.10374713303962435 53.4179946755937 42.557996759412525 294.204734069746 0.07633253768878046 
