0.331 3040.0 
-0.462 4029.0 
-0.419 3836.0 
-0.451 3968.0 
0.477 2933.0 
-0.426 3860.0 
-0.551 5166.0 
-0.448 3952.0 
-0.317 3557.0 
-0.243 3447.0 
-0.543 4929.0 
-0.556 5438.0 
-0.541 4868.0 
-0.522 4554.0 
-0.357 3636.0 
-0.432 3880.0 
-0.35 3619.0 
-0.438 3922.0 
-0.436 3907.0 
-0.01 3255.0 
-0.475 4113.0 
-0.394 3756.0 
-0.53 4639.0 
-0.517 4480.0 
-0.197 3390.0 
0.093 3181.0 
-0.38 3707.0 
-0.412 3817.0 
-0.558 5484.0 
-0.333 3587.0 
-0.52 4531.0 
-0.546 4975.0 
-0.529 4625.0 
-0.342 3602.0 
-0.49 4229.0 
-0.093 3298.0 
-0.456 3994.0 
0.339 3016.0 
0.067 3195.0 
-0.264 3471.0 
-0.527 4596.0 
0.195 3134.0 
0.37 2996.0 
-0.006 3233.0 
-0.502 4317.0 
-0.525 4569.0 
-0.132 3326.0 
-0.55 5102.0 
-0.468 4088.0 
-0.372 3681.0 
-0.287 3507.0 
-0.554 5402.0 
-0.509 4393.0 
-0.052 3280.0 
-0.177 3371.0 
-0.519 4496.0 
-0.504 4341.0 
-0.151 3350.0 
-0.533 4702.0 
-0.402 3774.0 
-0.532 4669.0 
-0.466 4057.0 
-0.486 4181.0 
-0.478 4136.0 
-0.545 4950.0 
-0.536 4748.0 
-0.296 3524.0 
-0.542 4897.0 
-0.407 3795.0 
-0.498 4293.0 
0.612 2847.0 
0.023 3215.0 
-0.279 3490.0 
-0.548 5065.0 
0.592 2866.0 
-0.327 3572.0 
0.457 2955.0 
-0.538 4830.0 
-0.218 3416.0 
0.543 2908.0 
-0.481 4160.0 
-0.488 4201.0 
0.426 2975.0 
-0.308 3540.0 
-0.561 5644.0 
-0.444 3936.0 
-0.496 4265.0 
-0.562 5739.0 
0.564 2883.0 
-0.387 3728.0 
-0.511 4410.0 
-0.508 4371.0 
-0.513 4455.0 
-0.365 3657.0 
-0.537 4779.0 
0.238 3081.0 
0.27 3060.0 
0.201 3114.0 
0.136 3156.0 
0.212 3098.0 
