3.42823603745714E-4
3.780583943277233E-4
3.073114467203649E-4
3.276858804737581E-4
3.9755206520605694E-4
3.5390830145663494E-4
3.3014373165709285E-4
3.7425035524576175E-4
3.174189438516376E-4
3.671764266717649E-4
4.33332676319325E-4
4.5129759993887785E-4
3.4655116442219906E-4
2.985283307238362E-4
3.698879424136155E-4
3.64331413639376E-4
3.898013573110819E-4
2.852404029072533E-4
2.878241175096641E-4
3.8901166642090254E-4
4.423426816532288E-4
3.0669894573615524E-4
3.42933995699755E-4
3.155079149345369E-4
4.0953868623430016E-4
3.290377150792699E-4
2.9727956384897354E-4
3.3901156934937706E-4
3.2078544997005284E-4
3.0268161235124063E-4
