0.011998424545524303
0.04626425904218559
0.07076897897215982
0.03764666917934189
0.015980335252427886
0.07683782006803469
0.023881167301125578
0.023449703756886014
0.011903970127433078
0.008859611734312597
0.02453876966057261
0.0767593614730086
0.019596086408454144
0.023369561388960458
0.022110319724853774
0.009626678359881017
0.03776076910165971
0.01084452810017393
0.016011851934948612
0.009056660039633515
0.01974123248845653
0.009382523444883075
0.010940330122637721
0.008267904112643453
0.019636029533761392
0.011810060171150988
0.012016516041416734
0.017369607074866837
0.057616071497056734
0.007897052181974722
