0.5518825984131528
0.6698039705111266
0.6681965532388059
0.6032766227735132
0.6052736277550429
0.6112700106217854
0.5527602702209582
0.5475021322533271
0.5618484096926413
0.5429237204120906
0.564174449167218
0.6651962184184381
0.6301069516200548
0.6043566109942977
0.632013252598519
0.5834843573473265
0.6672113105766778
0.5860769090036952
0.6368051118574758
0.5811956107666436
0.6633494176361431
0.6167320911549865
0.5551786448265549
0.5490095054880391
0.5275253993957516
0.6189080928197076
0.5726241545754737
0.5980414032278846
0.6273016451873188
0.5598175241560011
