1.3429622548239095 39.91046648301572 364.4581096975075 335.679224320712 71.36968465252973 
14.791791757191014 37.79308657430677 104.14935316386698 57.250191238970636 72.38813573532246 
76.70917387268909 0.294734594639258 1493.779546862882 869.3419567964218 336.967946528772 
10.542987141205785 0.6778444056737469 710.2011659105536 389.1810482388009 261.2448307073455 
16.850046167453506 46.625178841118434 121.76640046331664 370.0099992645673 21.134051291081505 
42.934466412649755 0.25700905549732367 1210.309296595946 470.6157980479272 254.75322985176118 
9.695278369093746 40.00754093991938 402.9217938924377 340.1052554294523 245.78250620720246 
74.8318262904855 0.25438944173653066 1494.3171419766034 1238.3838805791306 659.144707164614 
7.126165891742298 0.07684706244216967 1225.8828838138975 415.3612274484449 250.5080655815604 
20.29193171666951 61.24560131558393 609.5558964565482 377.4858114983585 129.22523164995752 
30.630559091647164 0.1283800200835059 1486.7404174758178 502.028629842275 287.7055304992737 
20.726108767246252 41.94729674893287 364.4581096975075 395.91624454817287 71.36968465252973 
0.2805840324634188 30.255575202270748 103.58122169475249 122.4437602952571 72.38813573532246 
73.02653578141732 0.4293683849966522 1497.6139998392127 922.3932725976946 345.98304762467075 
1.8473336027010623 56.64812354372792 705.3748705292477 345.1816900345757 72.10150750620174 
40.446921288259944 0.2114341362415993 1480.0579768291557 581.1879243607139 264.0022327309366 
17.441393907154414 37.79308657430677 326.43701722220965 116.45185263959634 83.58858255761196 
24.918439259746727 0.007229424680669692 1004.445259671617 492.85270749672907 253.13160275224917 
24.14763968172862 0.062008278567573016 747.2036565104437 395.93986774396325 240.53399797167722 
27.14391696886949 0.09818883295482811 1219.454403851061 412.39275422530943 250.48343325758597 
73.02653578141732 0.4293683849966522 1497.6933874794245 751.4981245748636 481.7559687873739 
1.3429622548239095 39.91046648301572 364.4581096975075 395.91624454817287 71.36968465252973 
11.319392504718557 0.3227848863012923 713.0695274080587 386.4636655684421 137.55324098873996 
1.8420567255396776 47.8192989403735 325.1047574618681 339.21868789151665 85.94385976906277 
29.55022426349198 0.3696112871837699 950.3916374018876 413.09432316347744 250.50529608695356 
27.72738593923576 0.3893548104564716 1402.0672833432884 519.86897024396 250.52692300508699 
48.57479672400415 0.10894403797397809 1486.9173448620436 643.9930566281066 417.3501432182351 
23.446951341320904 0.04179439958848512 1481.6251941742657 492.85270749672907 254.0850929427303 
27.484169824095492 47.46185100923116 578.5841476299048 427.71092729879535 72.25541425731693 
16.626203828948626 37.0702211487982 203.35162410000316 344.94184040876814 77.86112255036596 
43.80828551185665 0.25438944173653066 1495.154128725004 418.96387799521074 250.73948159539438 
14.791791757191014 37.79308657430677 104.14935316386698 122.4437602952571 72.38813573532246 
27.33633691564108 0.022003423811082112 900.1248592018203 475.3987088844923 123.69997744199514 
10.61142838430674 24.890751065235737 682.8145815143758 374.45489733476217 91.59005673995858 
11.843518014104708 46.32591047399913 223.68755935857314 94.17962896382528 16.322575288498676 
24.14763968172862 0.09818883295482811 707.1973576368334 395.93986774396325 250.60547124823617 
10.61142838430674 24.890751065235737 682.8145815143758 393.2401888729826 84.14851055940451 
27.468486743050473 0.0814494467592739 1383.1066895841473 427.5184175233165 250.52613187211807 
74.8318262904855 0.25438944173653066 1495.154128725004 1416.5128717616553 493.6373564403154 
16.850046167453506 37.0702211487982 203.35162410000316 344.94184040876814 18.86143897288197 
1.694293020514408 47.32042999240039 347.10839355681685 164.2385632283598 84.95794776415774 
3.0779709717366157 47.40611299742094 347.10839355681685 66.75529850412713 85.63946951385061 
79.57610981281022 0.2856552319949548 1495.460637925401 1007.0941177503959 645.503220978496 
40.28950494972628 0.30228639411310876 743.5748400913253 400.6188481540508 250.8624674893726 
16.922254663099384 38.24846707928827 589.832279782915 343.5945930618394 15.549836358497302 
33.275456853880414 0.25763342886087937 1005.6183111791302 459.55333995546897 252.6784490515318 
25.59145504060062 0.30299684413489203 823.6687889421523 391.8017054412413 258.06417461736584 
11.403599487647355 36.18350285797511 611.9821039475876 359.86949399498565 12.041483110495463 
42.55023247300488 0.40465117385334903 1168.8982501024389 547.811201323919 250.52697542201682 
74.8318262904855 0.25438944173653066 1495.154128725004 1375.833889245554 493.6373564403154 
75.10929298238746 0.10055953711264246 1494.3459667220804 777.3830378846487 485.8625977565312 
11.846226400214093 45.71702038857686 304.73418303353026 70.20162812476698 2.6673260202596083 
10.542987141205785 7.89362646412339 710.2011659105536 389.1810482388009 261.2448307073455 
1.4098168218596694 37.79308657430677 303.67957923765914 89.4515012287358 71.94907844495026 
11.948551822102377 57.07401141609856 713.0695274080587 389.1810482388009 126.87876113608137 
1.4098168218596694 37.79308657430677 303.67957923765914 139.29718395994865 71.94907844495026 
64.3349522460725 0.06154939287668715 1480.0579768291557 505.47382664453187 250.8624674893726 
73.02653578141732 0.4293683849966522 1497.6139998392127 950.3984291476219 484.9762096043895 
24.28853659689004 39.08147300312303 583.4581894224827 375.0717504310097 94.15926820147793 
10.61142838430674 2.9565499953265615 685.0315949215849 391.41396091578326 135.43332713774126 
76.70917387268909 0.2939076228145022 1493.779546862882 744.4886264219056 287.94251140548823 
76.70917387268909 0.2939076228145022 1493.779546862882 744.4886264219056 354.29594397758376 
1.8473336027010623 47.56343355868527 321.01362345550535 334.359209983501 19.43617050047277 
43.80508310254383 0.2939076228145022 1489.1460701086844 599.6248952471065 331.5063420724692 
11.677057941876372 38.87398439140897 347.10839355681685 348.0931130805517 72.36506432511759 
79.57610981281022 0.2856552319949548 1495.460637925401 1007.0941177503959 512.4843956293386 
27.33633691564108 0.022003423811082112 1159.2773587019128 475.3987088844923 245.91847667129787 
26.49635279675585 0.255267495326951 798.1774903978533 460.99780990744836 254.72400234718847 
1.8473336027010623 47.32042999240039 321.01362345550535 345.1816900345757 34.02473024226338 
41.871585430132534 0.4293683849966522 1482.7622197064923 950.3984291476219 484.9762096043895 
43.80508310254383 0.2939076228145022 1489.1460701086844 731.92488723991 331.5063420724692 
16.850046167453506 37.22903158645594 120.49879945711587 343.60102368212137 18.86143897288197 
42.16027526952565 0.3011185235869344 797.8390842052577 427.474017736746 252.6784490515318 
39.89771296250518 0.8181040101426362 948.7225420632449 444.3326464737817 250.4348163107564 
9.989439823181769 58.782344641278556 449.0694049037949 359.0919221060882 159.36431420497757 
80.52769746750066 0.08249133225631 1493.7023202404089 962.8145928216471 365.32698047755804 
26.384710919167578 0.3696112871837699 1162.058680033467 414.12543645326866 250.50529608695356 
24.988612469939913 0.2627284944985098 1225.8828838138975 455.77656811501174 250.5080655815604 
74.8318262904855 0.25438944173653066 1495.154128725004 1238.3838805791306 493.6373564403154 
75.10929298238746 0.11004646387997982 1494.3459667220804 778.5278101650207 344.04081569630955 
5.94301755985312 33.15037065369707 583.6733705416358 377.1542266136895 91.81064428065056 
42.329599951618654 0.4185048858161049 1355.709171766499 475.2175221740227 250.58293799467592 
42.423825912267056 0.09474979372075627 1479.7130956947126 678.7966727356811 326.22498985814684 
27.14391696886949 0.09818883295482811 1138.1168409804307 412.39275422530943 250.48343325758597 
26.384710919167578 0.35839839358244774 1166.0219957536565 550.802695337632 250.50529608695356 
16.50899303328857 37.27821777991449 559.9897513032664 343.696085077415 11.534919679514275 
17.22018937412831 46.32972874461712 323.80377559955775 368.42237073183753 89.90478036666197 
83.0 0.3971003801612111 1496.235108387534 1106.5702252861292 524.1377881039546 
10.542987141205785 2.046384961062053 581.8560366612056 389.1810482388009 261.2448307073455 
24.747510814075234 0.8100230559384036 856.249685999956 444.06921344428395 256.2117313424639 
72.12143054251368 0.2114341362415993 1480.0579768291557 581.1879243607139 250.8624674893726 
26.472981461598714 0.2530275983552812 1482.0675589173993 649.5570629237243 331.6567211333803 
30.391346187101 0.1283800200835059 1495.3248658651469 502.028629842275 243.27460656297444 
26.49635279675585 0.30299684413489203 797.8390842052577 427.474017736746 252.6784490515318 
41.9303616955502 0.09818883295482811 1462.0381378165755 626.0598256832131 444.61547090941167 
11.843518014104708 46.32591047399913 306.0017749426456 94.17962896382528 85.63130365461767 
6.2096278638707005 0.08917107411685699 1066.589532165103 413.0748033705664 254.69680527755602 
29.5389508776818 0.27882286305651394 1045.5225705071773 413.0748033705664 254.98536783545666 
41.9303616955502 0.09818883295482811 1462.028783916098 568.3838367709689 250.48343325758597 
42.423825912267056 0.0814494467592739 1361.51857335641 441.13605695647146 250.52613187211807 
