4.365175694051308 29.885217863325586 544.1625650091161 317.57663038946436 41.69556816113695 
25.47306089490258 0.24778184573528292 1375.29630083143 540.4046583114946 235.62797168225936 
23.83389081645799 0.24494830352023114 1467.9150080461957 489.2031299259329 265.16090489738576 
0.6316380623397421 50.414295881210236 353.334149124223 368.99701527247765 8.623010713472354 
32.88926348915652 0.12688502206799024 974.8426883404904 444.64851221618784 155.45648758819922 
2.6180739680372866 0.3727539382159031 661.1189900496167 377.60215567602404 46.76721834302529 
2.7480357875922223 53.02884040856815 537.500656297346 384.27626930786425 237.81376754647334 
27.630635158246022 57.13913310084621 65.33678659734134 122.45822278661208 9.964817510614608 
2.6180739680372866 7.007570807086613 661.1189900496167 377.60215567602404 46.76721834302529 
33.47531734728449 0.1313341018000813 1298.459471196954 428.42305915362624 312.33339489909383 
2.0052477598683285 53.02884040856815 537.500656297346 384.27626930786425 42.803495263001366 
0.0741799442649414 57.35269400897467 133.24296138357636 26.285585173024373 71.36800279503322 
4.501950543902455 52.611268528882164 254.77085806589753 100.83909596361752 9.908244180052087 
81.41738063863392 0.23702999984405185 1499.8504489300474 1371.579845676592 625.7505560181312 
3.1247139074071777 49.56618549379911 34.39592789802711 328.4101915445251 4.594495707879034 
36.391908740456046 0.05748434551570843 1491.7239503761032 687.119327639742 297.65275869085 
4.4750041203970605 52.611268528882164 209.9392041641024 115.83879186824532 9.908244180052087 
75.90376424464242 0.23989617879235137 1499.401522227999 858.0296293307381 627.2772950232668 
2.437461664842221 53.68345804181024 469.49480939724845 314.9786234183256 8.820748676653345 
1.7024168642592281 2.286529789985781 646.6785347544142 373.01633570969983 165.97684812188243 
1.835895821705877 54.586194491453355 234.05617731202068 26.285585173024373 80.42735502746379 
4.331721858080503 26.666789046341002 240.26797975362797 376.7133113570034 75.70350263083196 
3.6689864423408776 53.17510881909059 98.61428847562985 231.52264176319306 10.162862125762597 
3.6638567111291422 55.151899653589325 138.1315946137271 231.52264176319306 10.438793873704222 
18.214112569489465 28.6801763811567 248.55048187769194 325.69666874295524 25.18400054344268 
33.47531734728449 0.12374676810497379 1274.95990053422 495.9349047705918 312.33339489909383 
55.41000322050101 0.11562031662086623 1491.4727127406168 741.5494101216669 329.38499673213147 
2.972719450509045 52.76900800576478 168.31930261033185 374.46880467587187 14.807782668123462 
75.38996570468748 0.46257113139302974 1481.2627841958742 1158.2426526816866 592.5722168340051 
22.95127232612133 0.0010852070515708634 626.5087908456474 427.44859456298605 309.96755663293607 
4.331721858080503 30.28826945886667 248.0749803626271 317.57663038946436 41.69556816113695 
0.4989052772502358 50.48344880715455 65.33678659734134 122.45822278661208 9.964817510614608 
4.365175694051308 54.560165686839454 618.6741778957172 376.02670688995295 44.83370977694349 
58.29889977769753 0.05748434551570843 1491.5915428930573 716.2380338216414 234.69577942553428 
0.5353306685744244 34.25731621696241 443.60591096966533 452.78959218924274 93.01966481421907 
0.823222866011772 50.48344880715455 65.33678659734134 46.41777789031091 10.135431310491505 
60.869488784657726 0.24605308399747017 951.8984146020638 454.84130584770423 236.61345207678016 
40.748132207060834 0.0630788269143395 1477.3205425545439 591.5332681588528 321.89646130583503 
55.41000322050101 0.23785178107245675 1491.4727127406168 741.5494101216669 474.64579312551416 
2.972719450509045 52.76900800576478 168.31930261033185 356.09280155179243 15.171979007556658 
17.74743220973247 34.81742123771603 477.0620242182986 280.6940389752495 89.80055355078208 
0.18608904089133327 55.33754438484577 528.2171819070567 325.68201716564124 23.383016877542605 
4.501950543902455 52.611268528882164 180.49526851310532 52.02678455598439 9.908244180052087 
21.510009076735663 55.87398404241194 598.770766112785 375.7414303324872 155.714191650938 
2.3330749899345733 51.628912324894394 262.26540559045446 377.60215567602404 24.650493205858666 
27.75365666394036 0.24494830352023114 1363.7091897286527 486.01639769819866 260.1150753262274 
25.257729104706634 0.0010852070515708634 652.6617083327427 427.547378795712 309.96755663293607 
9.772996847806972 0.12374676810497379 1275.5117206532686 496.5981805452879 312.33339489909383 
75.33106216590353 0.47532031632336047 1479.5796856840834 1112.6130577115473 597.4833277806741 
28.222765804680567 0.05952002513322591 1488.339381054492 570.204356024389 313.0737866324594 
36.818174326570244 0.23329989090341097 1496.8271343647427 828.9922659679803 447.9954389943893 
14.420704639639522 49.56618549379911 34.39592789802711 328.4101915445251 4.594495707879034 
1.1600951339153383 51.214585844048344 236.00154521630412 284.5100727969758 13.329406419513845 
73.78170235787739 0.2625226645785188 1460.181352359855 1273.1915004775606 528.6363118857545 
83.0 0.2510997703137967 1490.9092371725324 931.2901582623499 677.1517048336719 
5.806149814862991 0.0995148887701145 1254.572485525745 498.00809441454055 165.5770501579936 
75.38996570468748 0.46257113139302974 1481.2627841958742 1337.5149102011185 580.6445120893832 
55.41000322050101 0.06985393037341345 1499.2935958345904 716.2380338216414 436.96434490454766 
0.6174434403633579 48.73140752989512 46.462976183552854 354.18904669441133 41.67685395666672 
83.0 0.23889010395058768 1487.234881931962 970.5533774749282 445.4368884962172 
1.841206260894605 54.490230553473694 500.6342849370991 377.60215567602404 46.76721834302529 
2.377092223150398 52.32971479578916 138.1315946137271 325.4916616708564 10.438793873704222 
56.710498080863744 0.05954782327732777 1487.0183371376336 553.9410472755214 445.4368884962172 
20.47971892841287 0.07570774038669742 906.8193157503142 453.78490141001464 235.55410608060913 
7.127970932703616 57.53064406999962 687.5340692271183 425.67925225642773 161.9620566411587 
40.748132207060834 0.0630788269143395 1477.3205425545439 655.2009382723932 322.01773414800357 
22.95127232612133 0.005253714045089453 1100.2643568621575 467.9900606124683 309.96755663293607 
81.41738063863392 0.23336070415333823 1499.8504489300474 753.8059082785478 436.82793352861233 
83.0 0.251491509006488 1495.6072697360587 973.2234609230989 646.8933783108137 
76.81247217298466 0.04887213421264547 1494.7028481908865 1489.4388403704666 845.373539820705 
55.41000322050101 0.23785178107245675 1491.4727127406168 830.4736202485299 474.64579312551416 
10.147672821196688 0.3605518140494226 648.8143040524365 428.71026822827235 123.15796993037596 
82.0 0.2391927874041908 1499.7431624172468 1058.149655462788 545.3376524746027 
25.234918810165127 1.9217168920632623 781.151406394081 448.01282900206985 165.26127791944114 
8.281857653020484 0.36576252679130405 733.0480428581523 420.8456755703275 128.57369381211038 
39.1871248708985 0.12374676810497379 1263.1501798885524 437.4861558143917 291.942871745559 
27.75365666394036 0.24494830352023114 1490.2511833907565 489.5187105977868 264.61407948469923 
82.0 0.2391927874041908 1499.7431624172468 1278.1925847078198 545.3376524746027 
23.693694862392118 8.562607178355108E-4 1025.664763050774 440.2117847849979 308.7998806568236 
31.936297049873662 0.24728420168694382 793.644239423662 448.2461655919346 160.57632736120527 
0.823222866011772 53.126780216577615 65.33678659734134 46.41777789031091 80.662995219468 
28.295802353339788 0.23088301736224803 1475.6008555910585 547.3484801390091 328.7115381339913 
20.47971892841287 0.07570774038669742 793.644239423662 453.78490141001464 235.55410608060913 
81.41738063863392 0.23702999984405185 1499.8504489300474 1416.3426909273144 821.4292792427904 
19.744276574393364 0.23384636711089968 734.2160489558158 369.2964959120619 155.45648758819922 
83.0 0.0938956497247603 1487.0183371376336 861.274462547492 445.4368884962172 
2.377092223150398 53.166298724918846 62.764648426176905 14.204700588500073 10.438793873704222 
37.50309243633687 0.2457379615373298 951.8984146020638 454.1470748286261 236.61345207678016 
75.90376424464242 0.23989617879235137 1487.1336846831477 860.7569828481087 563.1721624212709 
28.295802353339788 0.23088301736224803 1445.8134902675492 547.3484801390091 328.7115381339913 
36.79920766275597 0.23329989090341097 1496.0621540303546 494.56027504627616 265.10434237428274 
55.41000322050101 0.05748434551570843 1491.5915428930573 716.2380338216414 327.9142120864089 
23.51166429221678 0.23529076930887666 1055.6020613367045 447.2337671121506 295.5538211418884 
81.41738063863392 0.23702999984405185 1499.8504489300474 1416.3426909273144 625.7505560181312 
31.638024402511732 0.24297130078726 873.1250520554487 454.45384642810484 122.67679591143532 
42.056679863749245 0.24494830352023114 1110.089431415952 489.5187105977868 264.61407948469923 
25.47306089490258 0.03685570911164393 1370.7349159023793 488.67363990595493 302.76965056366316 
22.95127232612133 0.005253714045089453 1100.2643568621575 440.2117847849979 308.7998806568236 
32.537894457687855 0.23384636711089968 734.2160489558158 448.2799074618124 155.45648758819922 
31.638024402511732 0.24306117997811957 922.3211055696212 448.8400613309323 122.67679591143532 
