19850.0 19900.0 18900.0 5750.0 0.0 0.0 0.5642481601257697 
450.0 11300.0 0.0 5850.0 0.9319262829940911 0.0 0.39939697842603905 
450.0 11300.0 0.0 5850.0 0.9319262829940914 0.0 0.3993969784260392 
900.0 12050.0 200.0 5750.0 0.5714750440791566 0.0 0.8572125661187351 
500.0 10800.0 50.0 5800.0 0.0 0.0 0.6651746948286834 
450.0 12800.0 0.0 5800.0 0.941718431249548 0.0 0.4035936133926635 
900.0 12050.0 200.0 5750.0 0.9354704523441792 0.0 0.40091590814750544 
700.0 12100.0 150.0 5750.0 0.9374344119500535 0.0 0.624956274633369 
650.0 11350.0 150.0 5800.0 0.34520074531005973 0.0 0.34520074531005973 
700.0 12050.0 150.0 5750.0 0.4192419515584457 0.0 0.4192419515584457 
850.0 11900.0 150.0 5750.0 0.4865590921477976 0.0 0.7298386382216965 
100.0 11700.0 200.0 5800.0 0.0 0.0 0.6133808548012805 
650.0 11250.0 150.0 5850.0 0.9225122814195447 0.0 0.395362406322662 
12350.0 19550.0 7600.0 5750.0 0.0 0.0 0.6903492436272906 
650.0 19800.0 4500.0 5750.0 0.0 0.0 0.6206650629789665 
19900.0 19900.0 17150.0 5750.0 0.0 0.0 0.7781456308619296 
1000.0 17200.0 150.0 5750.0 0.0 0.0 0.60812147575138 
650.0 11700.0 100.0 5850.0 0.9310833316890657 0.0 0.3990357135810282 
650.0 11350.0 150.0 5800.0 0.43403229909278807 0.0 0.6510484486391822 
16050.0 19900.0 8200.0 5750.0 0.0 0.0 0.5799744297763522 
600.0 14450.0 1250.0 5750.0 0.0 0.0 0.5881403904997895 
18850.0 19500.0 13850.0 5750.0 0.0 0.0 0.4952448916288287 
900.0 12800.0 0.0 5750.0 0.0 0.0 0.7184225753661908 
900.0 12050.0 200.0 5750.0 0.6045301151508135 0.0 0.6045301151508135 
750.0 18000.0 150.0 5750.0 0.0 0.0 0.4411578235531249 
100.0 19450.0 2250.0 5750.0 0.0 0.0 0.6278417228785911 
19150.0 19950.0 12250.0 5750.0 0.0 0.0 0.5928807379291463 
100.0 18600.0 150.0 5800.0 0.0 0.0 0.6412862835431503 
300.0 19650.0 0.0 5750.0 0.0 0.0 0.7318290611723736 
19700.0 19550.0 13700.0 5800.0 0.0 0.0 0.5190919665386842 
650.0 13750.0 0.0 5750.0 0.0 0.0 0.45293069962215476 
18000.0 19150.0 9800.0 5750.0 0.0 0.0 0.40115469107900276 
19850.0 19900.0 18450.0 5750.0 0.0 0.0 0.5786083938013873 
17950.0 19850.0 9800.0 5700.0 0.0 0.0 0.44015654861658454 
650.0 11700.0 100.0 5850.0 0.9146866604303816 0.0 0.3920085687558778 
850.0 19650.0 400.0 5750.0 0.0 0.0 0.5980491322503427 
8200.0 19800.0 7550.0 5750.0 0.0 0.0 0.5244701094618659 
500.0 13150.0 200.0 5800.0 0.0 0.0 0.6133808548012805 
400.0 11350.0 100.0 5850.0 0.5948365711426016 0.0 0.5948365711426016 
500.0 10800.0 100.0 5800.0 0.0 0.0 0.6506591971575965 
11250.0 19900.0 8800.0 5800.0 0.0 0.0 0.7120885270994977 
19650.0 19800.0 16350.0 5800.0 0.0 0.0 0.5547888857978456 
150.0 19850.0 5250.0 5800.0 0.0 0.0 0.45233772846326403 
7650.0 19600.0 7600.0 5750.0 0.0 0.0 0.8450576247225491 
2750.0 19850.0 1700.0 5750.0 0.0 0.0 0.60812147575138 
19450.0 19700.0 15100.0 5750.0 0.0 0.0 0.40146911943252983 
1800.0 19700.0 1750.0 5750.0 0.0 0.0 0.24460294733696203 
1800.0 19700.0 8100.0 5750.0 0.0 0.0 0.24460294733696203 
200.0 19850.0 5750.0 5800.0 0.0 0.0 0.4592834840846739 
19650.0 19850.0 15550.0 5750.0 0.0 0.0 0.560283752821 
6600.0 19800.0 9150.0 5750.0 0.0 0.0 0.5366894345711091 
600.0 14450.0 1050.0 5750.0 0.0 0.0 0.5881403904997895 
18550.0 19500.0 8600.0 5750.0 0.0 0.0 0.9533274194399036 
2850.0 19650.0 8600.0 5750.0 0.0 0.0 0.8716555021605914 
8100.0 19800.0 8600.0 5750.0 0.0 0.0 0.7696008079959611 
750.0 12050.0 250.0 5750.0 0.9692422629561174 0.0 0.6461615086374115 
900.0 14550.0 0.0 5750.0 0.0 0.0 0.7218989511398674 
900.0 19650.0 9450.0 5750.0 0.0 0.0 0.6888007045573477 
600.0 19750.0 6350.0 5750.0 0.0 0.0 0.5229670760898544 
19150.0 19950.0 10350.0 5750.0 0.0 0.0 0.5928807379291463 
850.0 12050.0 200.0 5750.0 0.0 0.0 0.5944209344650029 
650.0 11350.0 150.0 5800.0 0.43403229909278807 0.0 0.6510484486391822 
12350.0 19900.0 9300.0 5800.0 0.0 0.0 0.7271084836656969 
1500.0 19700.0 3150.0 5750.0 0.0 0.0 0.4681392978226251 
11800.0 19900.0 6850.0 5800.0 0.0 0.0 0.64227279712316 
650.0 19600.0 8650.0 5750.0 0.0 0.0 0.6941912337552261 
15900.0 19600.0 9600.0 5750.0 0.0 0.0 0.5399596467367389 
7650.0 19600.0 6350.0 5750.0 0.0 0.0 0.8450576247225491 
1400.0 15450.0 550.0 5800.0 0.0 0.0 0.5884241008584676 
19750.0 19600.0 14300.0 5800.0 0.0 0.0 0.5096587724846127 
150.0 14350.0 0.0 5800.0 0.0 0.0 0.6125485190883536 
200.0 12100.0 150.0 5800.0 0.0 0.0 0.6133808548012805 
19600.0 19600.0 10200.0 5800.0 0.0 0.0 0.6086436189280354 
11050.0 19800.0 7250.0 5750.0 0.0 0.0 0.5244701094618659 
1400.0 15750.0 400.0 5850.0 0.0 0.0 0.8648764027392327 
16050.0 19550.0 8200.0 5750.0 0.0 0.0 0.5790313038217466 
450.0 19850.0 7300.0 5750.0 0.0 0.0 0.6361569650254478 
150.0 19750.0 7300.0 5800.0 0.0 0.0 0.62906212658551 
18550.0 19900.0 17300.0 5750.0 0.0 0.0 0.562283520937638 
18550.0 19750.0 11650.0 5750.0 0.0 0.0 0.4501589727003763 
250.0 17100.0 200.0 5750.0 0.0 0.0 0.724790134700744 
19300.0 19850.0 15550.0 5750.0 0.0 0.0 0.8237996964843102 
18650.0 19900.0 9900.0 5750.0 0.0 0.0 0.6227275507660311 
18500.0 19950.0 12250.0 5750.0 0.0 0.0 0.6039216449239183 
12750.0 19650.0 9850.0 5750.0 0.0 0.0 0.7196298819038648 
1050.0 16550.0 200.0 5750.0 0.0 0.0 0.358886166293694 
19900.0 19900.0 16900.0 5750.0 0.0 0.0 0.7912886166128051 
18550.0 19750.0 11650.0 5750.0 0.0 0.0 0.4501589727003763 
100.0 19200.0 200.0 5800.0 0.0 0.0 0.5617794058029129 
11800.0 19900.0 8600.0 5750.0 0.0 0.0 0.7271084836656969 
600.0 19550.0 6350.0 5800.0 0.0 0.0 0.5229670760898544 
19600.0 19800.0 14350.0 5750.0 0.0 0.0 0.6948754765070468 
900.0 19900.0 450.0 5750.0 0.0 0.0 0.5513545502163371 
6400.0 19800.0 7500.0 5750.0 0.0 0.0 0.6542728174912962 
6600.0 19800.0 7500.0 5750.0 0.0 0.0 0.599969012403854 
11250.0 19850.0 9550.0 5800.0 0.0 0.0 0.3940169289223262 
15900.0 19600.0 9600.0 5750.0 0.0 0.0 0.7009797739007176 
1900.0 19950.0 1550.0 5750.0 0.0 0.0 0.8083203563578177 
1050.0 19800.0 7550.0 5750.0 0.0 0.0 0.6112099122753464 
2400.0 19800.0 9550.0 5750.0 0.0 0.0 0.7916484526140606 
