19900.0 20000.0 13400.0 5700.0 0.0 0.0 0.385166791959788 
19900.0 20000.0 13400.0 5700.0 0.0 0.0 0.3642396127099091 
350.0 12100.0 100.0 5750.0 0.7539846574205135 0.0 0.08377607304672373 
350.0 12100.0 100.0 5750.0 0.7539846574205135 0.0 0.08377607304672373 
1000.0 13000.0 50.0 5750.0 0.8829022522891322 0.0 0.8829022522891322 
0.0 12200.0 50.0 5750.0 0.0 0.0 0.7694522457864102 
250.0 13500.0 150.0 5750.0 0.856032984257796 0.0 0.214008246064449 
350.0 13100.0 100.0 5750.0 0.7539846574205135 0.0 0.08377607304672373 
1300.0 12250.0 0.0 5750.0 0.8253984506966996 0.0 0.3537421931557284 
0.0 12250.0 50.0 5750.0 0.9862115622057969 0.0 0.6574743748038645 
250.0 12150.0 100.0 5750.0 0.723089093202707 0.0 0.723089093202707 
600.0 12300.0 450.0 5750.0 0.7551767395889513 0.0 0.18879418489723782 
4250.0 19650.0 6600.0 5750.0 0.0 0.0 0.7992378124777908 
950.0 19650.0 6750.0 5750.0 0.0 0.0 0.787984051500116 
950.0 12400.0 50.0 5750.0 0.697066196344577 0.0 0.4647107975630513 
1650.0 11900.0 50.0 5750.0 0.7348191187531603 0.0 0.08164656875035115 
850.0 19350.0 6300.0 5750.0 0.0 0.0 0.21524113086148583 
250.0 12750.0 100.0 5750.0 0.0 0.0 0.756848548960698 
800.0 12100.0 50.0 5750.0 0.7462096060363743 0.0 0.18655240150909358 
19700.0 19900.0 12000.0 5700.0 0.0 0.0 0.9315139614560448 
1000.0 12350.0 50.0 5750.0 0.9063637368167357 0.0 0.9063637368167357 
2600.0 19650.0 6750.0 5750.0 0.0 0.0 0.7992378124777908 
0.0 19750.0 100.0 5750.0 0.0 0.0 0.756848548960698 
50.0 20000.0 400.0 5750.0 0.0 0.0 0.43256868237610513 
4550.0 20000.0 7550.0 5900.0 0.0 0.0 0.7169219753351278 
19750.0 19900.0 10850.0 5700.0 0.0 0.0 0.3626138146875961 
9550.0 19900.0 7550.0 5700.0 0.0 0.0 0.6898065652165336 
50.0 18850.0 50.0 5750.0 0.0 0.0 0.36429945515890017 
50.0 19050.0 350.0 5750.0 0.0 0.0 0.743212817947752 
1250.0 12350.0 50.0 5750.0 0.8027420359481882 0.0 0.08919355954979868 
0.0 19750.0 2000.0 5750.0 0.0 0.0 0.10973730518988212 
8550.0 19900.0 7550.0 5750.0 0.0 0.0 0.6898065652165336 
1550.0 13600.0 100.0 5750.0 0.0 0.0 0.8970212970426659 
13250.0 19950.0 11800.0 5700.0 0.0 0.0 0.5008070134128868 
350.0 12100.0 200.0 5750.0 0.7471933769081947 0.0 0.08302148632313275 
5300.0 19350.0 7000.0 5750.0 0.0 0.0 0.3842055742319328 
15250.0 19400.0 8950.0 5700.0 0.0 0.0 0.34318883779457654 
19950.0 19350.0 13300.0 5750.0 0.0 0.0 0.711774470591241 
9800.0 19600.0 8300.0 5700.0 0.0 0.0 0.738773853681584 
0.0 13600.0 100.0 5750.0 0.0 0.0 0.7503979766759427 
17150.0 19350.0 9050.0 5700.0 0.0 0.0 0.48377527577438256 
12900.0 19500.0 9400.0 5750.0 0.0 0.0 0.6835757027676619 
50.0 15600.0 100.0 5750.0 0.0 0.0 0.282670744447572 
8700.0 19900.0 11150.0 5700.0 0.0 0.0 0.9402031601781237 
50.0 19900.0 2600.0 5800.0 0.0 0.0 0.7338908137727027 
13500.0 19300.0 9750.0 5700.0 0.0 0.0 0.5096982767562497 
700.0 20000.0 4250.0 5750.0 0.0 0.0 0.6637099166451677 
100.0 19900.0 2350.0 5750.0 0.0 0.0 0.7700582114973524 
12350.0 19400.0 8300.0 5700.0 0.0 0.0 0.6939820795862253 
200.0 16350.0 200.0 5750.0 0.0 0.0 0.5852742687797997 
250.0 14000.0 0.0 5750.0 0.0 0.0 0.7747810294408732 
11450.0 19950.0 7150.0 5750.0 0.0 0.0 0.7508331747348761 
1500.0 18800.0 4400.0 5750.0 0.0 0.0 0.7838839663067326 
0.0 20000.0 4250.0 5750.0 0.0 0.0 0.6637099166451677 
0.0 20000.0 3200.0 5750.0 0.0 0.0 0.6576743466884637 
19950.0 19300.0 13300.0 5700.0 0.0 0.0 0.7182451384184401 
50.0 15050.0 100.0 5750.0 0.0 0.0 0.369964336585084 
250.0 12400.0 50.0 5750.0 0.0 0.0 0.5725344718194311 
250.0 13150.0 0.0 5750.0 0.6758936361977179 0.0 0.6758936361977179 
250.0 14800.0 100.0 5750.0 0.0 0.0 0.6521257515334029 
6900.0 19900.0 7550.0 5750.0 0.0 0.0 0.6898065652165336 
17100.0 19550.0 10300.0 5750.0 0.0 0.0 0.7156767614851092 
14850.0 19300.0 9850.0 5700.0 0.0 0.0 0.3546173055880021 
1300.0 12250.0 50.0 5750.0 0.8072033114457821 0.0 0.08968925682730912 
0.0 19750.0 5850.0 5750.0 0.0 0.0 0.10973730518988212 
4700.0 19800.0 7350.0 5750.0 0.0 0.0 0.8298507573451092 
15250.0 19300.0 9850.0 5700.0 0.0 0.0 0.34318883779457654 
11000.0 19300.0 9750.0 5700.0 0.0 0.0 0.5109422290888749 
0.0 16850.0 150.0 5750.0 0.0 0.0 0.38411242985034877 
800.0 12100.0 450.0 5750.0 0.7756994407378967 0.0 0.19392486018447416 
1800.0 19800.0 100.0 5750.0 0.0 0.0 0.7702396451008786 
6200.0 19900.0 7400.0 5750.0 0.0 0.0 0.7040884041247765 
450.0 18150.0 50.0 5750.0 0.0 0.0 0.08928075441236366 
11700.0 19400.0 9400.0 5750.0 0.0 0.0 0.7001123114452923 
450.0 12350.0 50.0 5750.0 0.9299966356332702 0.0 0.6199977570888467 
15450.0 19900.0 12150.0 5700.0 0.0 0.0 0.9315139614560448 
17050.0 19400.0 10850.0 5700.0 0.0 0.0 0.666465116349717 
0.0 20000.0 3400.0 5750.0 0.0 0.0 0.6637099166451677 
350.0 12250.0 100.0 5750.0 1.0 0.0 0.6666666666666666 
19950.0 19550.0 11750.0 5700.0 0.0 0.0 0.7471899449507143 
9400.0 19250.0 7200.0 5800.0 0.0 0.0 0.6879071145173368 
17150.0 19900.0 11850.0 5750.0 0.0 0.0 0.9016069552299112 
200.0 17050.0 100.0 5750.0 0.0 0.0 0.6430403041582942 
19750.0 19350.0 10500.0 5700.0 0.0 0.0 0.6627437406748724 
900.0 15700.0 100.0 5750.0 0.0 0.0 0.6136882559781398 
6650.0 19350.0 8950.0 5800.0 0.0 0.0 0.39327948226868237 
16850.0 19350.0 9750.0 5700.0 0.0 0.0 0.3436100202509449 
300.0 17550.0 200.0 5750.0 0.0 0.0 0.09307447356765387 
12100.0 19950.0 7150.0 5750.0 0.0 0.0 0.7199415082559915 
1650.0 19500.0 4700.0 5750.0 0.0 0.0 0.7317774737254452 
11300.0 19600.0 8300.0 5700.0 0.0 0.0 0.738773853681584 
200.0 13550.0 150.0 5750.0 0.0 0.0 0.6983093691240619 
0.0 17950.0 500.0 5750.0 0.0 0.0 0.8290124765992013 
550.0 12300.0 50.0 5750.0 0.8050425907469196 0.0 0.8050425907469196 
17250.0 19900.0 10600.0 5700.0 0.0 0.0 0.4743319077669894 
500.0 19800.0 7500.0 5750.0 0.0 0.0 0.8298507573451092 
17250.0 19750.0 10600.0 5750.0 0.0 0.0 0.4743319077669894 
900.0 12400.0 50.0 5750.0 0.6970661963445771 0.0 0.46471079756305134 
16850.0 19300.0 9750.0 5700.0 0.0 0.0 0.3436100202509449 
250.0 15700.0 100.0 5750.0 0.0 0.0 0.6430403041582942 
