1 0.6941171118848519
2 0.8042421083853073
3 0.828103693838336
4 0.8096838125892802
5 0.8354166265859684
6 0.8435235625941628
7 0.8448062608252276
8 0.8456630873485793
9 0.8553941129511055
10 0.8717016544457741
11 0.8607965514692342
12 0.8299688203880031
13 0.8127357549734585
14 0.7946615322831914
15 0.780481701768147
16 0.764310198445842
17 0.7702010013421866
18 0.7616468818751587
19 0.7558198720775703
20 0.7472749170338707
21 0.7506446330310751
22 0.7348687978824339
23 0.7274929077463312
24 0.7159090898164885
25 0.7081213390654739
26 0.6979297351316509
27 0.6964602784796537
28 0.6856233722038405
29 0.6844074617832407
30 0.6719152017089977
31 0.6676492517069531
32 0.6576275473348276
33 0.6509322190120627
34 0.6499776393764124
35 0.6474644732574291
36 0.6461349252505757
37 0.6397614261533398
38 0.6390995988957285
39 0.6318733678816855
40 0.6245500505552263
41 0.623417687495681
42 0.621476117741325
43 0.6220871394288842
44 0.6146644551327793
45 0.6037459350715915
46 0.5982770349894131
47 0.5994747011879442
48 0.593238825513979
49 0.5946397561101431
50 0.587530936019349
51 0.5913185538345582
52 0.595235149662725
53 0.6012118227705825
54 0.605590393659891
55 0.6077977714674279
56 0.6071833845974298
57 0.6013718030377062
58 0.5908446833016416
59 0.5870871165715003
60 0.5844858171252562
61 0.5866216607007199
62 0.5778461597015374
63 0.5752525333992077
64 0.5710899055769445
65 0.5699412707776588
66 0.5702027704980758
67 0.5737136946732483
68 0.5758297600094261
69 0.5694248230252204
70 0.5694248230252204
