1 0.6625864385863057
2 0.6947608394144081
3 0.7621934862363249
4 0.8696286251376844
5 0.8225346712247412
6 0.8290986476284419
7 0.8258322066514457
8 0.8069431980661986
9 0.7733552882892022
10 0.7839807172663932
11 0.6843475272213229
12 0.6571897032373633
13 0.6568745175353398
14 0.6895935343710623
15 0.6794596461686337
16 0.6615779825350139
17 0.643923672804857
18 0.6623724682573123
19 0.6273594399232474
20 0.6378652143798896
21 0.5960775584747838
22 0.6092472898952611
23 0.5951554137500931
24 0.5788784475681668
25 0.5968885219018375
26 0.6030607329945246
27 0.6125627866068855
28 0.6183246130295782
29 0.6333468346433425
30 0.6294076322923731
31 0.6515871391393981
32 0.6629206353525011
33 0.6329695487024997
34 0.626482270690691
35 0.6312890940661491
36 0.6266658164159784
37 0.6269558670810171
38 0.5974269742954281
39 0.5958198494165321
40 0.5906841828559332
41 0.6094332637295362
42 0.607179969418307
43 0.6156993364450318
44 0.6271585479796515
45 0.6242067980748685
46 0.5986804721070909
47 0.5807481714113346
48 0.5895506339167768
49 0.613542337763169
50 0.6152185544210794
51 0.6124009818962398
52 0.6071770532375859
53 0.6236630368789486
54 0.6225964128219681
55 0.6052767183588748
56 0.5670949623794985
57 0.5631287958739984
58 0.5596160278279809
59 0.5795829861544322
60 0.5848594118966416
61 0.5966146389562867
62 0.5732552749829738
63 0.5631624796331821
64 0.5630455912496823
65 0.5956955575128581
66 0.5938095353816548
67 0.5814892336276678
68 0.5585241573679526
69 0.5470499088585233
70 0.5470499088585233
