1 0.7272473572223782
2 0.838700771678396
3 0.7799537621469594
4 0.8689062348816347
5 0.7948968996533079
6 0.8169352449971143
7 0.8490806211154353
8 0.9173271404779538
9 0.9186285230606668
10 0.8462236261154334
11 0.8150166205244028
12 0.7592304584193562
13 0.7685094209163746
14 0.7220836969741461
15 0.7551174633221679
16 0.7209728171681492
17 0.6926694389792553
18 0.6838803169680192
19 0.7182441359584911
20 0.71901604881613
21 0.6972716662356176
22 0.7134650052890243
23 0.6786948061100668
24 0.6864936061894806
25 0.6662096700651271
26 0.6404996020961913
27 0.6463812353829185
28 0.6369891824444193
29 0.6323034393563204
30 0.6141546893223017
31 0.6388064792718442
32 0.637950921840379
33 0.6186224155111785
34 0.6400950181612295
35 0.6385865402529574
36 0.6431272631977183
37 0.6352141755784498
38 0.639498535075302
39 0.6400396969068943
40 0.6582331467293475
41 0.6390113138612697
42 0.6327824631637087
43 0.6370878743985039
44 0.6394660553021185
45 0.6406803497338305
46 0.6415729246701137
47 0.6425593472638715
48 0.6402421291627964
49 0.6177903186209059
50 0.6136612292160704
51 0.6041679436810086
52 0.594075321685798
53 0.5918062789187682
54 0.5612532629366626
55 0.5607899145005673
56 0.5717707611743184
57 0.5566429671881656
58 0.5563881010054622
59 0.5488248242326809
60 0.5470520301474476
61 0.5459416447675471
62 0.5403836727320585
63 0.5055739359328094
64 0.5193029397303879
65 0.5209513933363276
66 0.5208619565185405
67 0.5417210049151274
68 0.5342876338988597
69 0.5284511925279345
70 0.5284511925279345
