1 0.6250696546313245
2 0.7556085171810756
3 0.7312464453452242
4 0.8900743877816174
5 0.8021297829622742
6 0.82852382849923
7 0.7962925916487228
8 0.8293299106132649
9 0.8179113371690322
10 0.7994783190644102
11 0.8351365261235891
12 0.7346441966795074
13 0.6924256251358971
14 0.6541671854039582
15 0.6659078430388576
16 0.6277434049170755
17 0.6465501013077646
18 0.6562865444242448
19 0.6700504477719939
20 0.6680395686989614
21 0.6444918289786932
22 0.6406780216571594
23 0.6252088629225742
24 0.6109868887294595
25 0.6093902415691087
26 0.5974534008099542
27 0.5895933860268788
28 0.6123615224520217
29 0.609075085396538
30 0.613545897148085
31 0.5797306728129257
32 0.5824028613418049
33 0.5917211386701783
34 0.5953488662508855
35 0.5924975444620583
36 0.5844540947097043
37 0.586452065997382
38 0.6057502349304347
39 0.5934971365402866
40 0.577363320336314
41 0.5716299273179577
42 0.5752672633409774
43 0.581999210579085
44 0.5761562836654255
45 0.5845605128995367
46 0.5681815910938969
47 0.5736870185855808
48 0.5772681120478225
49 0.6185574854039987
50 0.623074136298951
51 0.6233926974036698
52 0.6276896534003582
53 0.6411612703274066
54 0.65211308165533
55 0.640146773747682
56 0.6308225598817023
57 0.5988978570932676
58 0.574487142456665
59 0.5887011923724468
60 0.5716645043569021
61 0.6129116973025329
62 0.5901065516022048
63 0.5882963093522128
64 0.5820390179886747
65 0.5670034015598875
66 0.5769082719063089
67 0.5811225155570663
68 0.5803603716188966
69 0.5703572473328207
70 0.5703572473328207
