1 0.6924362901019411
2 0.7075889337947204
3 0.685343067595538
4 0.738796002931261
5 0.6738742985285563
6 0.7870108477894235
7 0.8144569529029961
8 0.7822287526980373
9 0.8341334473412535
10 0.8311827117846727
11 0.8347021139239048
12 0.8118791987879157
13 0.7989266630365226
14 0.7742651521976749
15 0.7923014649306921
16 0.7650966089079944
17 0.7609421235878561
18 0.7652417762491533
19 0.7595373332332912
20 0.7324923148339796
21 0.7303594703005993
22 0.7055757259824639
23 0.689197852524507
24 0.6907740476405072
25 0.719864979545274
26 0.6963738517262933
27 0.6949035772006658
28 0.6838274172633327
29 0.6702487286644321
30 0.6630718123377565
31 0.6323691344474712
32 0.5881327714853746
33 0.5944727874058346
34 0.5876621159186931
35 0.5847963971238875
36 0.5713720652401225
37 0.5985000985531567
38 0.571806899045729
39 0.5625398820754774
40 0.5788417092074442
41 0.5889837064998334
42 0.5920758566911122
43 0.5937135487258699
44 0.5956966040863896
45 0.5978099350722701
46 0.588276650304959
47 0.6016625303425756
48 0.6101947203691177
49 0.6131711465645769
50 0.6102319811812957
51 0.6080664149924063
52 0.5998025956692558
53 0.5961612038313918
54 0.6171598909201698
55 0.6169934393721684
56 0.6162766280760158
57 0.6125360027499864
58 0.6015830221488276
59 0.5823586833243098
60 0.5794244825145847
61 0.5577862014112558
62 0.5551426599652018
63 0.5542547340576047
64 0.5558383262656531
65 0.5620825378648011
66 0.5825323466124227
67 0.6156675080315892
68 0.5978089104751734
69 0.5838369241274202
70 0.5838369241274202
