1 0.6744566883689063
2 0.7596058903235623
3 0.8415881649738715
4 0.7683768951587332
5 0.6884242610060565
6 0.7171825502053873
7 0.7831484274126984
8 0.819851340516946
9 0.8472174917498411
10 0.8810865105014041
11 0.8102238994453854
12 0.7669046376370513
13 0.7435179667872228
14 0.7527495808615872
15 0.7441112274597808
16 0.7306734679001475
17 0.7018920584796905
18 0.7359318996365947
19 0.6780140103600868
20 0.6726864720070006
21 0.6695409669857365
22 0.6756184520591146
23 0.6529192926319448
24 0.6328917879315276
25 0.6358295137105936
26 0.6386719855251634
27 0.6382961474465656
28 0.6120589127445206
29 0.6058420601571358
30 0.6262131665358657
31 0.6397143117139334
32 0.6193748932666562
33 0.6116752850557963
34 0.5958883122237377
35 0.6096444554232031
36 0.5832719434188416
37 0.5991104435651167
38 0.6162266719225039
39 0.597219746329867
40 0.6040641686895238
41 0.5727910686805001
42 0.5758069275639576
43 0.579769641879334
44 0.5734309632893935
45 0.5751221428351484
46 0.5667727111109779
47 0.5543715992412162
48 0.5526212578284171
49 0.5563901858101932
50 0.5494365513124391
51 0.5461698941036555
52 0.542722008777961
53 0.5449371870114998
54 0.5583346430586007
55 0.551221132103135
56 0.5512355454539065
57 0.5504487431753309
58 0.5486206000713773
59 0.5489489988824235
60 0.5586889247167272
61 0.5671325827848945
62 0.5791696978709509
63 0.5819121260376022
64 0.5697526808248827
65 0.5691010090080757
66 0.55337514844733
67 0.5597290804552769
68 0.5781127982341018
69 0.556216817039391
70 0.556216817039391
