1 0.6541540116563932
2 0.8241739529956204
3 0.8311716504220482
4 0.8017178499980772
5 0.7415686550617911
6 0.8549147096331547
7 0.8476065575387538
8 0.8060379825926814
9 0.7988278229155985
10 0.7914919077656336
11 0.695623552648121
12 0.642779871037415
13 0.6695770507017821
14 0.658852258443537
15 0.6295368607171102
16 0.6663742435996356
17 0.6460692600269751
18 0.5998066038475669
19 0.5895231806827648
20 0.6148057461232931
21 0.6337445664020896
22 0.6695425535215693
23 0.6531481996114921
24 0.6487848713538843
25 0.6079341495858966
26 0.6079423415131404
27 0.6059820552732935
28 0.6068725163239166
29 0.620473731311279
30 0.6455280713590668
31 0.6612015407445249
32 0.6380907684720076
33 0.6240416951015942
34 0.5861740586850808
35 0.5946463071925683
36 0.5741043147820067
37 0.5667233484884164
38 0.5637650441782969
39 0.54099769790114
40 0.5541463519212415
41 0.5491573112429576
42 0.5561316206536902
43 0.5312780629842542
44 0.5585767833566602
45 0.5636909667847527
46 0.5708714545902417
47 0.5533169650816194
48 0.5657654277319347
49 0.5816083562131562
50 0.5946828469074544
51 0.6136300266450895
52 0.5965055433961274
53 0.5916920488780578
54 0.5861386683841107
55 0.5741033192681786
56 0.5718156874663735
57 0.554986316106067
58 0.5519185064262544
59 0.5582470956103008
60 0.5611258246441418
61 0.5509399571627706
62 0.530457578318898
63 0.5317447873672276
64 0.5491229386888291
65 0.5514516393798585
66 0.5474511471272494
67 0.5368205214827775
68 0.5328200426022826
69 0.5325939758268771
70 0.5325939758268771
