2 0.6835096077622774
3 0.7010423507349681
4 0.7082246557622436
5 0.8271000620151134
6 0.7123057825003465
7 0.6881813290449348
8 0.7091721192614596
9 0.683018950354108
10 0.6632219604489505
11 0.7386230521142647
12 0.7037249732332997
13 0.6852089486393445
14 0.7367489259422548
15 0.8273545441777493
16 0.7507120422402919
17 0.7801695395446777
18 0.7953785006627312
19 0.855237625367587
20 0.931622992566277
21 0.9340044130710148
22 0.7283291004443332
23 0.7553303687260207
24 0.7988669170854162
25 0.7591721098039805
26 0.7484519898373933
27 0.7443155153151582
28 0.7216207375301306
29 0.756270580287142
30 0.7498812732513285
31 0.7204466913114319
32 0.6885878957985763
33 0.6839224109975943
34 0.6835265990148491
35 0.6726390090282249
36 0.652556827848505
37 0.6608760009051345
38 0.6430493393442018
39 0.6435627862311282
40 0.6335034550855096
41 0.6460305431382383
42 0.656913457439037
43 0.5755670492924924
44 0.5739683022038696
45 0.5704272922852023
46 0.5330757480851885
47 0.5114455074144177
48 0.5246772636439369
49 0.531189820419353
50 0.5522514261091589
