1 0.01273753759821507
2 0.008024208381004969
3 0.0064512974154055
4 0.004611630071292778
5 0.0035998898554521026
6 0.002879426267858831
7 0.002293463559588486
8 0.0019740571919957023
9 0.0015982452941792349
10 0.001359359469319481
11 0.0011865988090822494
12 0.001074083775040395
13 9.579916491348254E-4
14 8.262101539865944E-4
15 7.585292861391102E-4
16 7.097054398217235E-4
17 6.570592221126402E-4
18 6.273473232810366E-4
19 5.948468284980224E-4
20 5.559613241865291E-4
21 5.219890193163362E-4
22 4.8255178624088355E-4
23 4.6989166259368587E-4
24 4.511625991335097E-4
25 4.343125448868995E-4
26 4.2634280165307174E-4
27 4.2131399506451466E-4
28 4.1556484896033605E-4
29 4.0649823793063037E-4
30 3.947715236973551E-4
31 3.8173536818317553E-4
32 3.710253519535258E-4
33 3.6317865354385686E-4
34 3.647005208709992E-4
35 3.6754069360071286E-4
36 3.755740692773811E-4
37 3.749032084532259E-4
38 3.786970194591816E-4
39 3.602070692653144E-4
40 3.554345284770699E-4
41 3.6504825893581125E-4
42 3.599126218285325E-4
43 3.62094448219809E-4
44 3.5716484003909605E-4
45 3.629814858396193E-4
46 3.521777139519134E-4
47 3.5569219434392996E-4
48 3.5864655180321657E-4
49 3.54892335084502E-4
50 3.5111323365994053E-4
51 3.540602793451814E-4
52 3.42103563636552E-4
53 3.429052471828083E-4
54 3.4571163983077176E-4
55 3.4757763518199355E-4
56 3.4894030501944623E-4
57 3.4634307945449023E-4
58 3.4747409037143593E-4
59 3.443272990285416E-4
60 3.405038719221426E-4
61 3.3702120209376177E-4
62 3.3015161637476074E-4
63 3.2207227278358057E-4
64 3.190818083045212E-4
65 3.1708656794930483E-4
66 3.3085870689228885E-4
67 3.2125265656346734E-4
68 3.172632857106142E-4
69 3.124095432249399E-4
70 3.145394121814877E-4
