1 0.008489570982976594
2 0.006821915274078788
3 0.004170054144460883
4 0.0027749233785979853
5 0.0024350857434808997
6 0.001913454035444063
7 0.001618500890784625
8 0.0011539969815209318
9 0.0010734914753402864
10 8.665504439529022E-4
11 7.929968140440217E-4
12 7.133632573305042E-4
13 6.71376053699748E-4
14 6.146368472157248E-4
15 5.677830996473965E-4
16 5.575396954815968E-4
17 4.673861280770315E-4
18 4.340076233568425E-4
19 4.373278992497483E-4
20 4.309782908263608E-4
21 4.4596172650845743E-4
22 4.3920855127125473E-4
23 4.359248845967991E-4
24 4.1622313997616983E-4
25 3.902463843119608E-4
26 3.8206208638711417E-4
27 3.570076250502087E-4
28 3.6061054767026686E-4
29 3.5024946723015643E-4
30 3.6769104709975797E-4
31 3.454292590439248E-4
32 3.5109956008420114E-4
33 3.544165529775428E-4
34 3.597295298018237E-4
35 3.738721312252203E-4
36 3.651362188717779E-4
37 3.136134795353622E-4
38 3.416924858508406E-4
39 3.422953960095559E-4
40 3.355133751348094E-4
41 3.17463811160046E-4
42 3.047444420232038E-4
43 3.1780974761059957E-4
44 3.247347585755334E-4
45 3.1149435058554215E-4
46 2.9118528643826006E-4
47 3.115472526817273E-4
48 3.218859772926349E-4
49 3.3146898718097154E-4
50 3.2785377418591917E-4
51 3.3102894872844355E-4
52 3.2551920509577085E-4
53 3.024299663833234E-4
54 3.0303598443982014E-4
55 3.232414803137701E-4
56 3.029987581659759E-4
57 2.976027711930054E-4
58 3.0474562089294403E-4
59 3.0035959243707654E-4
60 3.095797745106628E-4
61 3.101754864498737E-4
62 3.0697703632938096E-4
63 2.98244383200173E-4
64 2.9615732570493336E-4
65 3.1147279103145727E-4
66 3.7128100718567247E-4
67 4.233383085991026E-4
68 3.6093561575031743E-4
69 3.7109927793511406E-4
70 3.4545501366769983E-4
