1 0.013790538122290094
2 0.010961708951103023
3 0.007548567559125314
4 0.0048020782261862524
5 0.004371280490451853
6 0.003071790329507719
7 0.0023588280826854135
8 0.0020170622651172164
9 0.001645222902146652
10 0.0013394995706322232
11 0.0011284171232956277
12 0.001067589609636466
13 9.313485077016269E-4
14 8.327868066298935E-4
15 7.957827074472534E-4
16 7.338880541009509E-4
17 7.278860338134478E-4
18 6.789892893844755E-4
19 6.082869739906275E-4
20 5.603105012482227E-4
21 5.034527839524973E-4
22 4.794630037299351E-4
23 4.5142510059892414E-4
24 4.261960545935427E-4
25 4.085300143369211E-4
26 4.1486079287933957E-4
27 3.940709614613446E-4
28 3.7024974895814736E-4
29 4.184292062123026E-4
30 3.808249377519347E-4
31 3.7741584580343204E-4
32 3.2934426629953296E-4
33 3.390969910198337E-4
34 3.3263084842654E-4
35 3.517093836134069E-4
36 3.597588583013514E-4
37 3.547935962099446E-4
38 3.523648903897326E-4
39 3.583500594468456E-4
40 3.5017654091883024E-4
41 3.6967755339352074E-4
42 3.7907672461675186E-4
43 3.6181057618261156E-4
44 3.76362346290406E-4
45 3.744493033409309E-4
46 3.338798905384937E-4
47 3.398867056540338E-4
48 3.4215293472654733E-4
49 3.2712019180657407E-4
50 3.31849901563562E-4
51 3.68586515636337E-4
52 3.594187881293738E-4
53 3.6529261539710277E-4
54 3.741163017248286E-4
55 3.810663750018578E-4
56 3.8960293640395596E-4
57 3.811262726349107E-4
58 3.677909976853055E-4
59 3.651363594944311E-4
60 3.7828719478272163E-4
61 3.813137044668402E-4
62 3.6574438060503456E-4
63 3.5430829242693066E-4
64 3.502384802029713E-4
65 3.472155913634088E-4
66 3.52558722097914E-4
67 3.369140925430029E-4
68 3.2955773427254697E-4
69 2.8289176303432606E-4
70 2.8994163029335564E-4
