1 0.00986627728887755
2 0.00661450144419048
3 0.005008226481786935
4 0.0037010704919752113
5 0.0030253667934428997
6 0.0022784186422483226
7 0.0019477061045964491
8 0.0017126454549837298
9 0.0015009551250533759
10 0.0013232557885244538
11 0.0010208171297105524
12 8.720455911002622E-4
13 7.710455657575385E-4
14 5.851158032698435E-4
15 5.423500724864825E-4
16 4.8578203241745563E-4
17 4.3728390685684104E-4
18 4.352085358430382E-4
19 4.23459852847777E-4
20 4.1219432316094945E-4
21 3.9746033333442634E-4
22 3.717887350207032E-4
23 3.707234098384117E-4
24 3.627868291115208E-4
25 3.338630223945584E-4
26 3.156846662424227E-4
27 2.989114792294496E-4
28 3.181552205660735E-4
29 3.377769136622144E-4
30 3.352064623276069E-4
31 3.4042884382133874E-4
32 3.1507930968311483E-4
33 3.2943868904771845E-4
34 3.228011146281283E-4
35 2.9919948594412586E-4
36 3.085443075618673E-4
37 3.272540725781226E-4
38 3.3200568969638157E-4
39 3.7282294006910717E-4
40 3.729078147923586E-4
41 3.5867915234876017E-4
42 3.4216977884840046E-4
43 3.3704822926894286E-4
44 3.5229954433972155E-4
45 3.5784884071817934E-4
46 3.40035050537175E-4
47 3.5298409499337664E-4
48 3.4674880170409864E-4
49 3.496455239856591E-4
50 3.6504242547213516E-4
51 3.5138446208122126E-4
52 3.205007261619168E-4
53 3.3875664351167283E-4
54 3.5747086121391423E-4
55 3.459081036333117E-4
56 3.554732763077404E-4
57 3.672770805084247E-4
58 3.658688674139277E-4
59 3.5986973892649797E-4
60 3.516648591689845E-4
61 3.29367734194191E-4
62 3.304458524373471E-4
63 3.0492127200720245E-4
64 3.102611961306877E-4
65 3.281801391058711E-4
66 3.2173984817922616E-4
67 3.477847844764756E-4
68 3.5337613188672184E-4
69 3.3037483837516137E-4
70 3.185503253116009E-4
