269.4761998173242 0.0 0.0035322674341192097 0.0 0.8559683307293249 0.020418943572694692 5.4608366157583825 1.24304079E8 9.696695926E9 0.0 0.29128185234532655 0.31775894186878795 0.14565475270609068 0.010189035800217986 0.744153960072042 0.19683077713624125 
0.4980468033864569 0.0 0.11058678754867358 0.0 0.8354814482161043 0.017500808365184955 5.378100176175955 7.055660804E9 2.765339205E9 0.0 0.3286571548350869 0.12380955881681752 0.6898676538592283 0.005876344709943998 0.8181027317203242 0.001535262677451399 
212.0776179792723 0.0 0.1111234549314765 0.0 0.8522569107907828 0.01797662937006695 5.356603752442479 8.6240743E7 9.734759264E9 0.0 0.040042644732743216 0.30563526880561676 0.5579618459095278 0.00457063660801682 0.4557234177782199 0.1950898347827598 
235.99275578147976 0.0 0.0 0.0 0.8632109413524653 0.029859956974476774 5.448667132605607 1.02039757E8 9.71570708E9 3253163.0 0.3684957854134836 0.22696425139784915 0.712691727446401 0.19811245085018012 0.7634537552961741 0.03616549820680666 
269.4761998173242 0.0 0.0 0.0 0.8773667598588866 0.020763074371899035 5.443115758921369 1.43693754E8 9.677306255E9 0.0 0.29128185234532655 0.006504861262505324 0.06984380120665196 0.012691301113925697 0.8163070293548611 0.0026904407344706255 
235.99275578147976 0.0 0.0 0.0 0.8632109413524653 0.030849024456558856 5.448821807913286 1.02039757E8 9.71570708E9 3253163.0 0.31107077319846 0.22696425139784915 0.7123396329349038 0.19811245085018012 0.7638352363293558 0.03616549820680666 
8.31762502082762 0.0 0.0 0.0 0.8613894728143204 0.023177923424027393 5.4532380051927785 6.029548237E9 3.791451769E9 0.0 0.29131034896598607 0.021448502169348127 0.6896610280466556 0.011820791825945115 0.8200696688821547 0.00539795726341504 
5.683339579466223 0.0057736171843775635 0.0 0.0 0.8495872922013011 0.017035953969070233 5.466075578090194 6.498812034E9 3.322187975E9 0.0 0.09202980398500951 0.09858826285921787 0.697664970738646 0.012514836627403669 0.8152106635321109 0.0016362282041697883 
10.70985831809455 0.014805879157006863 0.0 0.0 0.8607206594181772 0.021485588557349274 5.444638871637999 6.921862054E9 2.899137954E9 0.0 0.33472926758171884 0.2851456623384155 0.6333061862055801 0.006330203382152544 0.7362846610863505 0.008141505799083865 
234.62247741116676 0.0 0.012512218609153209 0.0 0.8582256036853376 0.018071431927079926 5.453234410512109 3.44734456E8 9.476265553E9 0.0 0.15903295943280138 0.200585994681737 0.6307880940451092 0.0011310137139173126 0.8179987631869216 0.0030644000024913744 
23.89834624031203 0.0 0.007504528974807952 0.0 0.8614124254449 0.020282238380900056 5.451389758573014 7.4924017E7 9.746075991E9 0.0 0.1472398801158518 0.12395136659566826 0.7337714206272917 0.012785409718136454 0.7954847657173543 0.008374000850543578 
11.188422580993091 0.0 0.0 0.0 0.8697747932818546 0.017428487612307392 5.450058202210096 1.968935481E9 7.852064524E9 0.0 0.3120399170423376 0.06499445318302606 0.6901758654857594 0.0020992389115248936 0.8187281111612655 8.411347033116085E-4 
11.588480124416325 0.0 0.0 0.0 0.8758144472986809 0.03016018367420599 5.436885096232261 3.17964136E8 9.503035873E9 0.0 0.1791898267337153 0.05841183200670459 0.630262625370765 0.012785409718136454 0.8173496231772263 0.003004285831571695 
18.179329345607364 0.0 0.0 0.0 0.8526141598041789 0.0233300481204888 5.467035584071611 2.306638305E9 7.514361701E9 0.0 0.15865152730204232 0.28663170240235514 0.6846638577722355 0.014382196429562826 0.7862460231416174 0.0014500268010563622 
3.8215644457516365 0.0 0.0027520733604042462 0.0 0.8591506452556796 0.02022537919939615 5.459435034097802 4.741981083E9 5.079018922E9 0.0 0.15628341403241527 0.08164253187862636 0.6733554174568189 0.01381921299700481 0.45662107126871815 0.00304210616334412 
10.70985831809455 0.02913861521398385 0.03024702550745572 0.027889558405664604 0.8627197346271339 0.021578412058357126 5.365500158807269 7.06043498E9 2.760565024E9 0.0 0.33472926758171884 0.2851456623384155 0.6902379651504796 0.006330203382152544 0.7362846610863505 0.004813026753225142 
3.2913943139852075 0.0 0.0 0.0 0.8514093028345735 0.021967684704475476 5.468077378514451 4.456032232E9 5.364967774E9 0.0 0.20680526792458212 0.28852354314562934 0.697680351167194 0.009989977006690158 0.7772585850694846 0.0014684449115478205 
4.045068291238055 0.0 0.021485723297768686 0.0 0.8732269050140947 0.021919741517396906 5.4255818521459975 5.730705886E9 4.09029412E9 0.0 0.06866915700928217 0.06448447226756662 0.6855127539746081 0.011053187656287322 0.8186935542480454 0.0010176300818803084 
3.4410491862680246 0.0 0.0 0.0 0.856370541836583 0.017967200243098724 5.4685874049879875 6.337031775E9 3.48396823E9 0.0 0.08749154928656382 0.28852354314562934 0.697664970738646 0.012514836627403669 0.8171618513027209 0.0031076436347402363 
11.066201513280253 0.0014536337086803537 0.01136879012186598 0.0014536337086803537 0.8690340510242632 0.030280875011846443 5.424409016424664 1.089084425E9 8.731915581E9 0.0 0.2569580477492198 0.2824468262912343 0.6878493377664884 0.02086932274971972 0.8173496231772263 2.732900301484452E-4 
269.16537402086885 0.0 0.0 0.0 0.8562011300058958 0.02091557075762811 5.46476351004732 2.03564382E8 9.617435624E9 0.0 0.29128185234532655 0.3151833315631955 0.5738013826711468 0.010261522299459785 0.744153960072042 0.19683077713624125 
3.4410491862680246 0.0 0.0 0.0 0.856370541836583 0.017967200243098724 5.4685874049879875 6.337031775E9 3.48396823E9 0.0 0.08749154928656382 0.28852354314562934 0.697664970738646 0.012514836627403669 0.8171618513027209 0.0031076436347402363 
11.097812479369956 0.0 0.0 0.0 0.8619790312056606 0.021936633239554245 5.458903055568969 5.049005115E9 4.77199489E9 0.0 0.2098401014146059 0.006504914972355974 0.689377518606424 0.0010019270255873054 0.7645214499456868 0.004813168076956407 
11.229675503534763 0.0 0.0 9.037758007677276E-4 0.8523449407246483 0.023349719049309298 5.465105368544388 1.411952983E9 8.409047023E9 0.0 0.15865152730204232 0.2834721852852171 0.6869527177683475 0.014310901640580456 0.7862460231416174 0.0014532706388256916 
3.669703094348672 0.0 0.002445945722881786 0.0 0.8658419835630715 0.017549635864729483 5.457086070509812 1.863135347E9 7.957864662E9 0.0 0.26553607749834907 0.29690513097572857 0.6935897426568522 0.021069936609650133 0.8172642270999644 0.0031849358905589415 
11.188307747513107 0.0 0.0 0.0 0.8676400036075615 0.02186380873961653 5.452841894390244 1.531300419E9 8.289699588E9 0.0 0.17909630431017703 0.059923415327608545 0.6306601036077978 0.02125958594119788 0.8187162092083389 5.655932901699945E-4 
17.886445544861786 0.003486413063308164 0.026183972039026008 0.0012068672047198974 0.8568635088083832 0.018611771228669385 5.4316474676558935 5.382623088E9 4.438376919E9 0.0 0.2885696483320462 0.07115071782267218 0.6855630788825864 0.014458284063974591 0.9290642047108085 0.00314122190345853 
8.958782483491522 0.0 0.021474143114069547 0.0 0.8608575843911673 0.018498004068036734 5.4395959482452545 4.87958351E9 4.941416496E9 0.0 0.1572253215089776 0.06454449009656836 0.6880414565180746 0.013357898598557068 0.7804900309776289 0.005164470733039738 
234.62247741116676 0.0 0.0011141051817690787 0.00126286536854103 0.8601285812753091 0.018071431927079926 5.453234410512109 1.85908557E8 9.635091447E9 0.0 0.1590327725917547 0.2957501133274339 0.6281719996902118 0.013766707634572254 0.8180027638499734 0.0030543124714453545 
9.035331048129601 0.0 0.0 0.0 0.8512465724182903 0.018729504146876418 5.466292826578845 2.306638305E9 7.514361701E9 0.0 0.3175043902885607 0.28299254115994155 0.4549454887083027 0.014321338463188338 0.8177153441779887 0.0015225395810074 
4.865110313563566 0.0034265164272091445 0.0468806722262389 0.003012833020085775 0.8734339444723456 0.02186262982766406 5.389383404026457 3.496461244E9 6.324538761E9 0.0 0.11051784801992405 0.06139933476574984 0.6855319031112567 0.010035183158166096 0.8181043341725757 0.0015122486556136308 
18.267657445872004 0.0 0.004538640160325649 0.0 0.8639697776613943 0.018519792486069997 5.454257155418572 9.83033187E8 8.837966821E9 0.0 0.2910976387013698 0.09351107772940602 0.6437465689131181 0.011053187656287322 0.9127340332119478 0.0015321212146582623 
8.377870300318703 0.0 0.015829274806417878 0.0 0.8591457143961844 0.01698977343802708 5.448647310386798 1.237544623E9 8.583455383E9 0.0 0.10407380822249329 0.2891962331711727 0.6690043762349476 0.014424526839733026 0.7784786801319217 0.0015814916001226462 
227.0540986572367 0.0 0.0075840386702456805 0.0 0.8614124254449 0.020282238380900056 5.449067877777052 7.3580594E7 9.747419413E9 0.0 0.11872567219015163 0.12395136659566826 0.7316630201350431 0.012711763027355001 0.8113065422263952 0.008374000850543578 
11.588480124416325 0.0 0.009415222986967137 0.0 0.8789002008307987 0.0302723889835692 5.422955382715983 1.26105091E8 9.694894917E9 0.0 0.2615388357966904 0.2826516423755907 0.6878493377664884 0.012949546248077717 0.8187831519990276 8.115971364461897E-4 
11.333273234204546 0.0 0.0 0.0 0.8556621184190543 0.016837798732303313 5.469556583583353 2.446804953E9 7.374195057E9 0.0 0.32609287676462173 0.059831860398032594 0.6901758654857594 0.010554917110538922 0.7796307564592708 0.0014486427167739293 
3.963337334428383 0.0 0.002533434048271653 0.0 0.8818210589705017 0.03023428351096325 5.42359565211882 3.039283388E9 6.781716619E9 0.0 0.07918191180370185 0.27640896705092577 0.668496959062246 0.012804987893800964 0.8186047692325786 0.0015842064323180918 
4.083715139856027 0.0016119966997285992 0.023097719997497285 0.0016119966997285992 0.8625552857195864 0.021929152037732966 5.427193848845726 5.427259175E9 4.39374083E9 0.0 0.06866915700928217 0.2892759842583206 0.6679481602305096 0.011053187656287322 0.8186902165877414 0.0010176300818803084 
4.619990550865443 0.0 0.0 0.0 0.8482707211898739 0.021864586790167 5.469064396360277 3.097046657E9 6.723953349E9 0.0 0.311255507530137 0.002835183288175336 0.6724284357878568 0.0014829466736048852 0.7825079311886936 0.0015219842047427623 
18.267657445872004 0.0023604917178467123 0.017828682255821227 0.0 0.8655301252240115 0.01859737714330151 5.430374149705597 5.524488007E9 4.296512002E9 0.0 0.2910976387013698 0.09351107772940602 0.6437465689131181 0.011053187656287322 0.913976360839183 0.0015321212146582623 
11.421957099054753 0.0 0.03005189060664553 0.0 0.8798382871890201 0.01855004143026015 5.412173750175199 5.08762384E9 4.733376166E9 0.0 0.16358903813295597 0.284783366545419 0.6855319031112567 0.002386165524468617 0.8171570876662507 0.001658511893575341 
11.097812479369956 0.0 0.0 0.0 0.8482707211898739 0.021988614163327636 5.46976407008662 5.667056904E9 4.153943103E9 0.0 0.2098401014146059 0.002835183288175336 0.6724284357878568 9.036854736784259E-4 0.77937092396408 0.003069101664887293 
11.084374820017953 0.003112326640434174 0.0033290506654930245 0.0031227792727189447 0.8501827839494329 0.021847406619265756 5.456405652852656 1.282381857E9 8.53861815E9 0.0 0.17884334036183344 0.2934110570236076 0.6318258281573595 0.014384763740413753 0.8187396047073005 0.0012407147082623866 
3.147754294469035 0.0 0.0 0.0 0.856370541836583 0.018040381849548294 5.466821640880005 5.254638693E9 4.566361314E9 0.0 0.08749154928656382 0.2885044198523175 0.6659927965652195 0.012514836627403669 0.7796000416819054 0.0031076436347402363 
9.918052656056156 0.0 0.0 0.0 0.8575273821000566 0.024449937856291282 5.460954826447803 4.365107025E9 5.455892981E9 0.0 0.2098401014146059 0.09695853824410174 0.5752535339706049 0.010183694387020988 0.8189567719444192 0.003074626645324729 
11.188307747513107 0.003013956985983757 0.003013956985983757 0.003013956985983757 0.8507989332076552 0.021884189987362156 5.456275005847032 5.08609614E8 9.312390392E9 0.0 0.17909630431017703 0.059923415327608545 0.6306601036077978 0.02125958594119788 0.8187162092083389 0.0030643559745410975 
231.29362161497158 0.0 0.0025307335807445916 0.0 0.7886611853540478 0.017642212093123395 5.533293456813867 2.1674701E8 9.604252997E9 0.0 0.11986118443680549 0.3065233729897219 0.6376328837648478 0.003410765135705693 0.8115260158867694 8.269183966477054E-4 
11.370980889871403 0.0 0.0 0.0 0.8696146687207824 0.02186940140222992 5.450058202210096 4.187882692E9 5.633117317E9 0.0 0.3123600220995463 0.06508515935917686 0.6901758654857594 0.012068601789598992 0.8117993514541018 0.0015125273271836357 
12.022642086294761 0.0 0.010635818286155277 0.0 0.8665132370164949 0.018543687324319293 5.445064674687717 4.802679885E9 5.018320121E9 0.0 0.2910976387013698 0.06262627366416429 0.6874544327973919 0.014472879763295445 0.8181043341725757 0.0015909482399739418 
8.246529139319929 0.0 0.0 0.0 0.8718876640886983 0.020194140118655553 5.449720670543283 3.440362488E9 6.380637517E9 0.0 0.1767868043152882 0.0644872800910873 0.6875452912675138 0.014454876399784761 0.818021271616098 0.001439133374051761 
11.398357480392825 0.0 0.0 0.0 0.865682825549693 0.020010305466905163 5.455290779936031 2.831519598E9 6.989480409E9 0.0 0.1092740754334263 0.2908551592188742 0.6690043762349476 0.010512494555996756 0.7791206458323093 0.0014626786401619601 
8.131231435286434 0.0 0.0 0.0 0.8611774500682162 0.020526833754007403 5.459193013584489 9.1701545E8 8.90398456E9 0.0 0.262167230616514 0.11796195044325776 0.6363177224378188 0.02012361173593563 0.8193932511608866 0.008119272074895618 
11.177306714054003 0.0 0.0 0.0 0.8676947528784204 0.021718429732067657 5.447789408319575 3.978627284E9 5.84237272E9 0.0 0.3231565740405781 0.2889997608047228 0.6854429314522844 0.02116966718064383 0.8187281089596423 0.0015293499906444603 
3.4410491862680246 0.0 0.0 0.0 0.8621693511414673 0.018364752538348236 5.46153275364374 4.063426394E9 5.757573613E9 0.0 0.08749154928656382 0.28790740486466593 0.6976532499905972 0.013216202609766628 0.8151997482582611 0.0031076436347402363 
4.865110313563566 0.0013708617635283925 0.0468806722262389 0.0014087829506538542 0.8734339444723456 0.021929134245886054 5.389378463621802 2.538038422E9 7.282961584E9 0.0 0.12192174391842811 0.06097189118357064 0.6855650044655478 0.02119975974949147 0.8181043341725757 0.0010271477613217313 
4.7050102638453515 0.002246852281732865 0.008102959761269683 0.0 0.8789114726795162 0.030264179766694946 5.418031801594187 1.803716296E9 8.017283714E9 0.0 0.10426363896786739 0.061363995750365566 0.6730876152580114 0.013356130995894444 0.8173496231772263 0.008331100753102295 
8.255142008997954 0.0 0.0 0.0 0.8629105636817858 0.020245592573993765 5.458534337082029 2.888691584E9 6.932308422E9 0.0 0.15899582432218712 0.2892869024779014 0.51928114249183 0.014384763740413753 0.818017933955794 0.0015317588020891779 
12.193008052802817 0.0 0.0 0.0 0.8647945165979313 0.02299444491563044 5.455024909095842 2.762988665E9 7.05801134E9 0.0 0.1615415172046242 0.22938037935215277 0.6900746492004126 0.01164411671221666 0.8185879769606648 0.0011480744438691344 
11.188307747513107 0.003013956985983757 0.003013956985983757 0.003013956985983757 0.8507989332076552 0.021884189987362156 5.456275005847032 5.08609614E8 9.312390392E9 0.0 0.17909630431017703 0.059923415327608545 0.6306601036077978 0.02125958594119788 0.8584731715506927 0.0030643559745410975 
11.35678494995525 0.004522510984894695 0.01873421480512695 0.004522510984894695 0.8662817180857746 0.01728790493855578 5.426651140200754 2.951097611E9 6.869902399E9 0.0 0.1092740754334263 0.2908551592188742 0.6690043762349476 0.010512494555996756 0.7791206458323093 0.0014626786401619601 
23.89834624031203 0.001418343020225556 0.0029133096945279037 0.001395195644225976 0.8616070219973607 0.02029038325922703 5.450375746384433 7.4924017E7 9.746075991E9 0.0 0.1472398801158518 0.12395136659566826 0.5268632734946046 0.012785409718136454 0.7948543566034735 0.002001543392654409 
3.4758098836947524 0.0 0.0 0.0 0.8515779698977128 0.021960992366206522 5.4679878691688275 3.869733365E9 5.951266641E9 0.0 0.21086894265405443 0.10031499264989051 0.697664970738646 0.01020211255454918 0.81886113254974 0.00309012518167598 
10.945809586963025 0.0 0.0 0.0 0.8664080041099561 0.02186940140222992 5.450058202210096 1.620575138E9 8.200424867E9 0.0 0.10338120852818646 0.06097632327282131 0.6901785139004377 0.011984835310492391 0.8187783053934168 0.00126832175693076 
4.7050102638453515 0.0022538839768758223 0.008102959761269683 0.0 0.8789114726795162 0.030264179766694946 5.418031801594187 1.803716296E9 8.017283714E9 0.0 0.10426363896786739 0.062041336032680486 0.6730876152580114 0.013356130995894444 0.8173496231772263 0.008331100753102295 
11.188307747513107 0.0 0.0 0.0 0.8503785580142804 0.020274657329107902 5.467341819552003 7.88179779E8 9.03282023E9 0.0 0.3112259266456518 0.06002248212485614 0.6899272602424785 0.014363171872500873 0.8184740508308067 0.0029331391152875165 
10.945809586963025 0.0 0.0 0.0 0.8664080041099561 0.021871736975212237 5.450058202210096 1.62436473E9 8.196635275E9 0.0 0.3271712261178052 0.06097632327282131 0.6902220192881123 0.011980438378424923 0.8287329810180091 0.0015123970828312323 
8.219479126519012 0.002322699383678872 0.002322699383678872 0.002322699383678872 0.8627160460190522 0.013988653177533674 5.454327202652378 2.642593316E9 7.178406689E9 0.0 0.15861246947960586 0.12156225721964142 0.72798639223567 0.010477804158217488 0.817982932591031 0.0015793180119408573 
9.727263728322866 0.0 0.0 0.0 0.8514093028345735 0.021967684704475476 5.468077378514451 4.456032232E9 5.364967774E9 0.0 0.20302372510187777 0.28852354314562934 0.697680351167194 0.0100215953545348 0.8189393325166152 0.0014684449115478205 
11.557591163363591 0.0 0.020089747044942347 0.0 0.8611689219897674 0.022602949349313905 5.43051775468973 3.261225141E9 6.559774863E9 0.0 0.29124315204875517 0.05760628166264124 0.6901798150612853 0.006760515368816014 0.7956191101628991 0.0015321212146582623 
8.285317397272465 0.0 0.0 0.0 0.8623920847922973 0.02025277403257686 5.459764501527966 2.528829719E9 7.292170289E9 0.0 0.15899582432218712 0.2934110570236076 0.51928114249183 0.014384763740413753 0.818017933955794 0.001582666091875031 
8.285317397272465 0.0 0.005450329122938779 0.0 0.8049067453631716 0.020491545274189258 5.508567075761789 7.19148473E8 9.101851535E9 0.0 0.15899582432218712 0.2934110570236076 0.7422118418510897 0.001031332390058974 0.8186331375132235 0.007955146521833082 
9.339994384468625 0.0 0.017896227210946896 0.0 0.8610398483098836 0.018518901719344737 5.443175659434177 4.11754921E9 5.703450796E9 0.0 0.1572253215089776 0.03196995514612824 0.6443884151669608 0.013357898598557068 0.8180206008572323 6.45417793512148E-4 
11.430496676689915 0.0 0.0 0.0 0.8630849442770105 0.018763399724801386 5.460875584777507 3.231842861E9 6.589157144E9 0.0 0.31811248914264745 0.2892569451537196 0.5157803809537718 0.009905711914850564 0.8179649569697133 0.0015321212146582623 
8.285317397272465 0.0013143708356846832 0.0014713511183274887 0.0012867116283486685 0.8052291074650989 0.020503264395227636 5.508165321689556 7.1284135E8 9.108158659E9 0.0 0.15899582432218712 0.2934110570236076 0.51928114249183 0.014391294418112537 0.8180027283993427 0.001582666091875031 
8.31391023196631 0.0 0.0 0.0 0.8339444383135906 0.01749405509265346 5.491312270413622 6.96104576E8 9.124895434E9 0.0 0.1590630020844843 0.052161866739571086 0.6895636400248688 0.0317304392342414 0.8180357976449709 0.005211601661189242 
4.619990550865443 0.0 0.0 0.0 0.8482707211898739 0.021988614163327636 5.469064396360277 5.667056904E9 4.153943103E9 0.0 0.311255507530137 0.002835183288175336 0.6724284357878568 0.0014829466736048852 0.77937092396408 0.0015397543406954616 
11.202680908863384 0.0 0.0 0.0 0.867653609216711 0.02182317105324146 5.452180102810136 3.77493374E9 6.046066269E9 0.0 0.3139066815998283 0.17614542851202117 0.7909727532132239 0.021104784295055346 0.8187382049128423 0.0015294429174653686 
11.55333184650623 0.0 0.0 0.0 0.8726568267309169 0.022591959932060354 5.4465782025064335 3.72421082E9 6.096789189E9 0.0 0.3123600220995463 0.06508515935917686 0.6901758654857594 0.00728918216618488 0.8114055491450223 0.001532245169034902 
7.755140482698621 0.0 0.0 0.0 0.8489746492597215 0.021799655515923982 5.470981628024764 6.4567069E8 9.17532932E9 0.0 0.3112487026361459 0.32504646090090117 0.6901829882709407 0.02064158467626552 0.7883564020842023 0.010582704298767532 
10.910319505278613 0.0 0.0 0.0 0.8664087980041196 0.017903802371438318 5.454163693186931 3.923885116E9 5.897114892E9 0.0 0.32571624676941385 0.05999665296174968 0.697680351167194 0.00861431418786571 0.7963581126853532 0.0014684449115478205 
8.713332428788112 8.669260584088772E-4 0.03954564586157741 0.0 0.8517298564668668 0.018642867054228122 5.422306424544526 4.240427397E9 5.580572611E9 0.0 0.2910976387013698 0.28307066711688145 0.45509815066893994 0.007645410920298374 0.915048646231608 2.143646172300444E-4 
9.339994384468625 0.0 0.019393436299800018 0.0 0.8590596475785215 0.018545257290393777 5.444490977771353 4.113261582E9 5.707738423E9 0.0 0.1572253215089776 0.18899232601006247 0.6443884151669608 0.013357898598557068 0.8170724456990801 0.005164470733039738 
3.4410491862680246 0.0 0.0 0.0 0.856403035290047 0.017959975354395665 5.46734980107988 5.180250398E9 4.640749608E9 0.0 0.08749154928656382 0.18962080087033148 0.697664970738646 0.012514836627403669 0.8152106635321109 0.0031076436347402363 
7.828453768716157 0.00252964056473912 0.018143788698113505 0.00252964056473912 0.8783258197051743 0.01719533902190146 5.419275771445332 3.62725646E9 6.193743548E9 0.0 0.3115852789553611 0.13207597042254998 0.6636862826795975 0.012856887300826509 0.8171349904051423 0.0017443338985379056 
11.44649529778046 0.0 0.0 0.0 0.8482707211898739 0.021988614163327636 5.469064396360277 5.667056904E9 4.153943103E9 0.0 0.311255507530137 0.002835183288175336 0.6724284357878568 0.0014829466736048852 0.77937092396408 0.0015397543406954616 
11.188405086377811 0.0 0.0 0.0 0.8693460076440741 0.01788582223265785 5.454647571740035 3.899980296E9 5.921019709E9 0.0 0.31140481255011004 0.28852354314562934 0.6976349390033763 0.02108055248395943 0.8171704560274597 0.0014684449115478205 
11.497539552865915 0.0 0.019772843167135727 0.0 0.8785219378549352 0.021888960254210055 5.421352782216468 3.349932885E9 6.47106712E9 0.0 0.06866915700928217 0.06448447226756662 0.5079989345799863 0.011053187656287322 0.8186935542480454 9.370004817668407E-4 
9.727263728322866 0.0 0.0 0.0 0.8514093028345735 0.021967684704475476 5.459914142074383 2.506487773E9 7.314512232E9 0.0 0.1589452548685385 0.28852354314562934 0.6363559050379468 0.010096211910146802 0.8189393325166152 0.0015899056336351012 
11.588480124416325 0.0012407767557154168 0.01105519434805253 0.0012825090813983022 0.8786660963765511 0.022634647464376902 5.423120775973906 9.70296888E8 8.850703121E9 0.0 0.16105569786344354 0.12395136659566826 0.5086614114027235 0.012785409718136454 0.8180345501719983 0.008352448495462307 
11.097812479369956 0.0 0.0 0.0 0.8541055108147845 0.021968364093613156 5.4662952878744475 2.970304002E9 6.850696003E9 0.0 0.2098401014146059 0.0026145143559256493 0.6724284357878568 0.0010019270255873054 0.7645214499456868 0.0048085885326004845 
17.900205370800123 0.0 0.0 0.0 0.8698316536304712 0.020133225171492495 5.452217082010824 3.440162693E9 6.380837315E9 0.0 0.15827773957976365 0.2888481098191564 0.6875452912675138 0.014454976932254485 0.818021271616098 0.001439133374051761 
8.713332428788112 8.669260584088772E-4 0.03954564586157741 0.0 0.8517298564668668 0.018642867054228122 5.422306424544526 4.240427397E9 5.580572611E9 0.0 0.2910976387013698 0.28307066711688145 0.45509815066893994 0.007645410920298374 0.915048646231608 2.143646172300444E-4 
11.202956970763305 0.0 0.0 0.0 0.8688333440546497 0.022021157455148543 5.442926680935444 3.771717713E9 6.049282293E9 0.0 0.3321792325183085 0.1739178093050408 0.7909727532132239 0.021103095066664555 0.8187281111612655 0.0015302764503009793 
11.430496676689915 0.0 0.0 0.0 0.8634132847048847 0.01875582138226675 5.4597253426953785 3.231842861E9 6.589157144E9 0.0 0.289288692518188 0.2892569451537196 0.5157803809537718 0.009966569881225053 0.9193921071438399 1.6851335264868393E-4 
8.282683522292533 0.0 0.0 0.0 0.856180961476031 0.017950680409691375 5.466075578090194 5.180250398E9 4.640749608E9 0.0 0.08426461553359213 0.19436573350075723 0.697664970738646 0.012514836627403669 0.8152106635321109 0.0016362282041697883 
8.285317397272465 0.0013143708356846832 0.0014713511183274887 0.0012867116283486685 0.8051867373360886 0.020503264395227636 5.508165321689556 7.19148473E8 9.101851535E9 0.0 0.15899582432218712 0.2934110570236076 0.51928114249183 0.001031332390058974 0.8180027283993427 0.001582666091875031 
9.727263728322866 0.0 0.0 0.0 0.8514093028345735 0.021967684704475476 5.468077378514451 4.456032232E9 5.364967774E9 0.0 0.20302372510187777 0.28852354314562934 0.697680351167194 0.0100215953545348 0.8189393325166152 0.0014684449115478205 
8.219479126519012 0.0 0.0 0.0 0.8623920847922973 0.020105723599334123 5.459764501527966 2.70891455E9 7.112085459E9 0.0 0.15856709860693957 0.2934110570236076 0.51928114249183 0.010477804158217488 0.818017933955794 0.0015793180119408573 
11.907121305462214 0.003078423386135931 0.01264602402432615 0.003078423386135931 0.8640442014036356 0.029438098895759865 5.425714828904007 9.027751E7 9.730722495E9 0.0 0.15792222110961718 0.2826516423755907 0.7674805676596749 0.012808641913576373 0.8173542395038581 0.0015841647104773114 
7.755140482698621 0.0 0.0 0.0 0.8489746492597215 0.021799655515923982 5.470981628024764 6.4567069E8 9.17532932E9 0.0 0.3112487026361459 0.35509768378096407 0.6901829882709407 0.02064158467626552 0.7883564020842023 0.010582704298767532 
