1 0.6950188612257578
2 0.7042231393955533
3 0.727660346524444
4 0.7407424666045357
5 0.7571935540292539
6 0.7711327699765834
7 0.7795634637825308
8 0.7900570144180693
9 0.7963619371327282
10 0.8010529393490854
11 0.8069744766499332
12 0.8110880251448203
13 0.8145499541848427
14 0.8174393373379175
15 0.8197192353176128
16 0.8219577299699005
17 0.823843278224617
18 0.8258160971751234
19 0.8272294229900723
20 0.8286207679716808
21 0.8295209640240067
22 0.8304902874476913
23 0.8310545317847549
24 0.8316392689415002
25 0.8321323496779887
26 0.8326947144188523
27 0.8330791962637806
28 0.8334520872654748
29 0.8337473666074073
30 0.8339948467737515
31 0.8342600786819853
32 0.8344957069500678
33 0.8347483037949569
34 0.834925090259776
35 0.8349647967295027
36 0.8351983104518604
37 0.8352569434111018
38 0.8354006803094025
39 0.8354220607161784
40 0.8354735146621557
41 0.8355490639871977
42 0.8355282317959801
43 0.8356184263080817
44 0.8356658077956253
45 0.8356171732439479
46 0.8356733261804254
47 0.8357048094167769
48 0.8357315936626282
49 0.8357712479213493
50 0.8356687577174394
51 0.8357190108102888
52 0.8358489640031224
53 0.8359222421494227
54 0.8360461388656116
55 0.8359859134707005
56 0.8359765938062085
57 0.8358928734587966
58 0.8359310135983566
59 0.8360510728056368
60 0.8360069284004377
61 0.8360090951571684
62 0.8360782747395327
63 0.8360551191585677
64 0.8360684851759904
65 0.8359760716961532
66 0.8361205395485317
67 0.8361084265952421
68 0.8361639007886476
69 0.8361752566823564
70 0.8361947835984347
