1 0.6696048410044355
2 0.6799504517557253
3 0.7309512062047558
4 0.7371776296725586
5 0.7428798546445603
6 0.7586650690098968
7 0.7773328529920822
8 0.7846395221648774
9 0.8004090732285463
10 0.8051341692315327
11 0.8084062329498438
12 0.8113028995381936
13 0.814165628972931
14 0.816784010901658
15 0.8188956850214455
16 0.8203155633175923
17 0.8220309559051951
18 0.8252615118740877
19 0.8266644215934282
20 0.8278135858257567
21 0.8287729630528824
22 0.8295315889636379
23 0.8303171035422559
24 0.8313328686553846
25 0.8315683402904503
26 0.8318779515534085
27 0.8323713455559303
28 0.8328493373118122
29 0.8332140311856338
30 0.8338546602238286
31 0.8339836214075562
32 0.8340240849368634
33 0.8342882726249862
34 0.8347070048895602
35 0.8344689227042166
36 0.834554026643276
37 0.8348667705665679
38 0.8347730518115912
39 0.8351471436664134
40 0.8353810489713127
41 0.8351849966454429
42 0.8351755986644425
43 0.8353186568196712
44 0.8354045439238138
45 0.8353599035140618
46 0.835969205948922
47 0.8357133720216886
48 0.8356650768415476
49 0.8353711288802572
50 0.8352189337990564
51 0.8353995838782858
52 0.8356340112932406
53 0.8360117579184518
54 0.8359692059489221
55 0.8359337024651424
56 0.8361937132728209
57 0.8359564142525607
58 0.83597416599445
59 0.8360827648860102
60 0.8361918858876265
61 0.8361456791477081
62 0.8363242407867157
63 0.8360245496148137
64 0.8360986892427055
65 0.8357616672018298
66 0.8360007936072846
67 0.8362498401037958
68 0.8362942194585197
69 0.8361924079976819
70 0.8362675918456857
