1 0.7083739816996089
2 0.7138739278503262
3 0.7326973889894424
4 0.7451959120552337
5 0.7495637162487858
6 0.7564070190187302
7 0.767819407281469
8 0.7758453030355313
9 0.791156013396447
10 0.7937397333467172
11 0.8008337228257176
12 0.8031868841968561
13 0.8052488411948057
14 0.8106970292971468
15 0.8127670898279231
16 0.8158419884292007
17 0.8226761420491799
18 0.8231184380989423
19 0.8245054492337195
20 0.8258307689573005
21 0.8265436184417586
22 0.8279128540851742
23 0.8285334278571227
24 0.8288162672932003
25 0.8293278354784169
26 0.8316961582980699
27 0.8326194382317358
28 0.8333565983146743
29 0.8334501810486077
30 0.8335955218309176
31 0.8339340403796432
32 0.8342257675614017
33 0.8346262389256078
34 0.8346492425026639
35 0.8347637375793753
36 0.8351351930679765
37 0.8350899701267175
38 0.835186689712068
39 0.8353887552241642
40 0.8352018511605824
41 0.8353338603243714
42 0.8350416103340434
43 0.8354392062511178
44 0.8352321740576117
45 0.835252824996105
46 0.8355163205151128
47 0.8355254696650785
48 0.8351310105994212
49 0.8353986885869848
50 0.8354899186823552
51 0.8359144392407567
52 0.8360142956775231
53 0.8359452849463549
54 0.8362090418696466
55 0.8359026760479437
56 0.8359343059663956
57 0.8359737780133899
58 0.8359371814135278
59 0.8362759613665378
60 0.8361664329712359
61 0.8361742750997775
62 0.8362540034066204
63 0.8361567610127009
64 0.8360616098530596
65 0.8361687856097986
66 0.8362014611453898
67 0.8360689291730312
68 0.8360890573029558
69 0.8363217071163659
70 0.8359651516719943
