1 0.7010659021114146
2 0.7203457751316694
3 0.733750848256904
4 0.7395244846937336
5 0.7649721918121904
6 0.7740350783637765
7 0.7772662967273228
8 0.7916134708947243
9 0.7981572043543679
10 0.8003469880475507
11 0.8027934707483378
12 0.8083140678375491
13 0.8178205574603213
14 0.8189783170373904
15 0.8223692534189067
16 0.8244780017838231
17 0.8263148896926201
18 0.8274216754341667
19 0.8284916031715662
20 0.829656420664323
21 0.8305321250181679
22 0.8315087314259191
23 0.8317045232351818
24 0.8330094534245535
25 0.8328230721695407
26 0.8335168391412138
27 0.8337290994204145
28 0.8338247733886253
29 0.8340456600092224
30 0.8343585609380445
31 0.8346610056954767
32 0.8344432559262965
33 0.8347266181709438
34 0.8347415182151734
35 0.8349004520202894
36 0.8353605235614139
37 0.8352807952545709
38 0.8355427223478703
39 0.8353508516028787
40 0.8352724303174595
41 0.8354067921198107
42 0.835312686577308
43 0.8355348802193292
44 0.8357965459083438
45 0.8357628247556134
46 0.8359586165648759
47 0.835677868363076
48 0.8359099953679162
49 0.8359782218862307
50 0.8358483039567198
51 0.8357058386215425
52 0.8359688113319806
53 0.8360027938889958
54 0.8359235883907227
55 0.8360757256844352
56 0.8355578837963854
57 0.8357204772614873
58 0.8358096161225801
59 0.8358757514066166
60 0.8357761563741344
61 0.8357021789615554
62 0.8359855412062029
63 0.8360514150859548
64 0.8363078526892755
65 0.8361303591799437
66 0.8361013433043384
67 0.8361222556471168
68 0.8362474682995027
69 0.8360362536374412
70 0.8356935526201599
