1 0.6849107583387503
2 0.696042666833742
3 0.7010322115798792
4 0.7051503546432555
5 0.7393952921336289
6 0.7540428286878591
7 0.7598361618645595
8 0.7871482609819322
9 0.7894042985320876
10 0.8031368372139165
11 0.8117605290019082
12 0.8141358686997634
13 0.8163979105155577
14 0.8174021892074625
15 0.8191045290436768
16 0.8200944497090539
17 0.8215190269957002
18 0.822334562902514
19 0.8257883209201667
20 0.8292877635676826
21 0.8300876361728291
22 0.8310133373013698
23 0.8316792886772602
24 0.8322648351045916
25 0.8335902114806779
26 0.8336523425772921
27 0.8343809471598523
28 0.834490068161468
29 0.8345242663701088
30 0.8345555929734432
31 0.8352335528806121
32 0.8355421199234591
33 0.8355235850164862
34 0.8356883107390208
35 0.8354998290089568
36 0.8355303724472084
37 0.8355348103826807
38 0.8358522532964728
39 0.8355298503371528
40 0.835825886738666
41 0.8358778366891956
42 0.8357446986250228
43 0.8356188701016287
44 0.8356841338585759
45 0.8357483533954119
46 0.8357467870652451
47 0.8357765473384132
48 0.835660638906075
49 0.8359261318693366
50 0.8356118216158784
51 0.835509749100013
52 0.8356932707845484
53 0.8356987529401314
54 0.8361133083242617
55 0.8359107296226969
56 0.835978081819867
57 0.8355776234072383
58 0.8352353802658069
59 0.8355731854717661
60 0.8352682731993076
61 0.8353494613129497
62 0.8355953751491279
63 0.8356178258815179
64 0.8358841020098626
65 0.8360616194287595
66 0.8362148587300718
67 0.8362720297811576
68 0.8363190196861598
69 0.8363362493179941
70 0.8363453862439666
