1097.9904202175908 1.8069183357658284E-4 3.3043467796452133E-4 0.17330987527326117 0.1736117061964896 0.004251754567076327 0.4238774546524946 0.12740840481462173 6.116356477682443E-4 0.22562335800885563 7.246388364789199E-4 
38257.225525183654 4.8546081299509936E-5 1.0826592373253864E-4 0.012760385787731393 0.26986299650400886 0.9999545884907473 0.5845238276677606 0.7484760944488416 0.07921405360250175 0.1191448500679845 5.238367972437907E-4 
39604.20295468138 5.069883328980766E-5 3.914808790184814E-4 0.26421047480928667 0.3108401509921527 0.9999833823084967 0.5429491596063968 0.8306022615388895 0.0037925017676510796 0.03589379817131986 7.226620319206872E-4 
39351.15885810999 5.069883328980766E-5 3.489980003018161E-4 0.18964889238956706 0.27933671384251346 0.9999833823084967 0.5299069197202039 0.820348988153986 0.0013465692992008062 0.20414135488737079 7.154342146505196E-4 
17632.887472039074 1.5790092155560834E-5 3.6256495230812386E-4 0.2648028699362996 0.277686056550709 0.9997082856753511 0.577946188758619 0.19478094261383427 0.001964202832655034 0.008951654302957641 0.0019456478240884962 
37429.916132288665 3.273379931852211E-5 4.76120013811425E-4 0.03440276309454282 0.26525455381634616 0.999940871650151 0.6940110126884222 0.26648122190140533 0.004265772035245925 0.027130556082962977 0.0016540485135880534 
39846.125047580004 1.1135312023828834E-4 3.7625804814191176E-4 0.1623797364906683 0.2871205939113702 0.9999545884907473 0.7565402816315434 0.7421512027091954 0.0037925017676510796 0.01683485026927986 0.002515750794916039 
13466.701221078134 1.2363655721738778E-6 3.512327593912807E-4 0.2648028699362996 0.2726400078766964 0.9997082856753511 0.5727888022835304 0.1624239563672122 0.001964202832655034 0.09199024403118643 0.002000494401316488 
1110.942574416329 2.2232098548911914E-5 3.39743558389808E-4 0.17336726854930543 0.17361275729964976 0.03291359324376575 0.769204057124687 0.13981809785724342 0.010677913749042846 0.2143509301791467 0.0019591607500418226 
39604.20295468138 4.698911692441755E-5 3.914808790184814E-4 0.1815719373540537 0.29333011018853306 0.9999833823084967 0.6672805632354758 0.8351593745189081 0.004107879330370922 0.024213169154154158 7.225753667957312E-4 
33930.31511250668 5.7320433382926836E-5 3.907487891439575E-4 0.2704119420000486 0.27251012033358957 0.9999170688394797 0.7233804546510281 0.502032507840373 0.00743033577013479 0.11973564463291113 6.93382418397954E-4 
39207.685947667494 2.9016964270086072E-5 4.953250335993028E-4 0.10878317292682999 0.27472361405731766 0.9999833165940231 0.7887127373216307 0.520473187147629 0.0018366887214226317 0.04084093996851477 0.0011992268862603588 
1073.6351154870263 1.56329610406748E-4 3.659694968647046E-4 0.17329348518689047 0.1733752227939728 0.9713633204741099 0.7159217937437858 0.30561315521742705 0.004748024253637144 0.02610900135381867 0.0027971980481382797 
39187.247896363755 5.2829741268582315E-5 2.6776326220072133E-4 0.2774933372862796 0.2822976064244562 0.9999833823084967 0.7653210955452583 0.7070007633333174 0.001146835095739908 0.08415565441776725 7.423231622707607E-4 
39604.20295468138 5.069883328980766E-5 3.609627757764359E-4 0.1748205350661799 0.3108401509921527 0.9999833823084967 0.5399457342106527 0.8306022615388895 0.007439425140267663 0.2033579581247582 7.180240098854199E-4 
937.0507040694423 1.2607274044745316E-4 4.203658751502288E-4 0.17218919102729544 0.17330281493609273 0.01266997023428787 0.6930877856448046 0.33424178264090193 5.386199003364607E-4 0.21247446381474294 6.190009232270605E-5 
960.6201676790434 1.6378851446786598E-4 5.115790490114566E-4 0.17328623630143794 0.17350340966318492 0.6659124466804268 0.5964066527168601 0.050038227620356174 5.534335164344368E-4 0.21624251439125897 3.349035930063696E-4 
1018.3780128279028 8.22408651614346E-6 2.591913816457959E-4 0.17333476949672816 0.17372612106839486 0.791158659493467 0.7385643384319176 0.5627905112485564 0.004417358713061766 0.02297494444825137 1.6613767418581081E-4 
1018.6078446241432 1.3439005976541857E-4 5.416028481655965E-4 0.17339211327723705 0.17386555381844768 0.9443615996744379 0.5381728472652546 0.3606594058105759 4.12043283804237E-4 0.03720862482102332 6.016509821002588E-5 
1097.9904202175908 1.1072923910701777E-4 3.355345520558951E-4 0.17340678201609197 0.1736117061964896 0.07774154576594794 0.4238774546524946 0.234816997394726 1.1939449259280367E-4 0.22562335800885563 6.989426067232999E-4 
1407.441139805429 1.5451026420459944E-5 2.6510859908673585E-4 0.17329633989130094 0.17341608640701084 0.8148388440882389 0.5851397821859836 0.4119467039014208 0.006973677726897914 0.20202140297237223 1.3622038978750744E-4 
39286.01190017559 1.2081233731566953E-4 3.8948300711003954E-4 0.26422120370873264 0.3056447171854282 0.999708817560465 0.7991769853458656 0.7519925647375066 0.0019830429099972277 0.01667190960212099 3.8024179166694047E-4 
39212.55580086837 2.9016964270086072E-5 3.0189260122789646E-5 0.10271460947605396 0.27497181478245164 0.9999833165940231 0.6632638478265575 0.3344616977179079 0.0057480027728030614 0.015856406908137263 0.0011992268862603588 
943.4473050380557 1.0572065925257122E-5 2.94002622102398E-4 0.1733108697153176 0.17370832020670104 0.12062432786654345 0.652460310871112 0.07195223310845719 0.008733195939946594 0.03696253619855694 0.0014273967705784665 
1005.6717200790115 4.140820045071886E-5 4.924821198159613E-4 0.11684300275313608 0.11742395153303636 0.7347300121473364 0.5628547652414243 0.15959446975274938 0.008265822087897461 0.1557196847523612 0.0011600988656928876 
39285.76302287883 1.1701771694289155E-4 3.8948300711003954E-4 0.3072044019434931 0.32126218769149334 0.999966413380478 0.7991769853458656 0.7519925647375066 0.07298364219025828 0.01667190960212099 3.8024179166694047E-4 
38888.022231192605 1.2155695050909275E-4 1.2882605196754606E-4 0.02324300506632304 0.26374170891753557 0.9999920994700411 0.7126539975705003 0.056018631820665604 0.1706268884815031 0.027336723665313454 8.242430260796537E-4 
39604.20295468138 5.176645980127888E-5 3.6052548070639835E-4 0.1748205350661799 0.3088899215700646 0.9999833823084967 0.5399457342106527 0.3486871236054657 0.007457534155348537 0.2033579581247582 1.4942235220013962E-4 
1038.2254356288786 6.089500509533587E-7 6.456233660077167E-4 0.17350784572978703 0.17410037059793873 0.4539970718221378 0.5815656656874977 0.7027731304326242 0.008404568277652236 0.016561157459363984 1.1448785335969641E-4 
968.6349173578747 3.944652330115951E-6 1.3242580913927122E-4 0.16162329200568815 0.16170121935448878 0.3101346364496018 0.42839400259714944 0.36585997818603916 0.001783787635610371 0.21584750763473648 6.084727407030198E-4 
982.0727000310782 1.3768017957935708E-4 0.0010440746777525033 0.17344665018541203 0.17370128508365207 0.06151145170137623 0.5309062955833689 0.14757348651082514 2.968083839828789E-4 0.14893119069426491 1.6900872796617866E-4 
1071.0345232733657 2.4637170443490595E-5 2.00717990530731E-4 0.17329759128324546 0.1733626925945141 0.9963869636989119 0.7964567474094632 0.6754192412540204 0.00533325015198296 0.016938669098378656 3.688879289407889E-4 
985.194280693139 5.3220502721892606E-5 2.591082707978249E-4 0.1734278537428181 0.17410231833585166 0.04900670798590906 0.5915546981920468 0.5853323347226755 0.009412773766780087 0.06333302539321872 0.00196923533398736 
2493.335913593123 2.2375611266908098E-5 3.593159401985018E-4 0.17339451045745843 0.1734631326119557 0.8007886832554398 0.7683117284376914 0.8776177302902284 0.0012406459830256347 0.025451256855250563 8.044699289134214E-6 
950.0455667103612 1.178993306190652E-4 3.428330620573231E-4 0.1735226598176646 0.1735583354507549 0.7199703511360281 0.6758335668279166 0.3932170702010589 5.729558703006256E-4 0.16674014899318013 0.0016560131946438317 
1053.885799495186 1.1954472214028144E-4 1.8615370708200915E-4 0.17357700336601067 0.1748181725416844 0.5049166722105135 0.541388958045811 0.811416936288591 3.0561957095109026E-5 0.22044371781442434 3.3116883070079717E-4 
1130.9427884144725 1.264028392163491E-4 5.223965019978564E-4 0.17345293541321108 0.17347219427131094 0.7636976345233327 0.5105168252426331 0.04761293568080449 0.0011818852353093958 0.19451932436958763 0.0013668318330608159 
34025.30206078921 8.949344151522835E-5 1.329646598818325E-4 0.18596841687276228 0.2905810684491625 0.9999856672466725 0.5826620302390039 0.6427052168131594 0.03812595902947714 0.03915422041256042 0.0032565383387669327 
35423.025223589684 1.1701771694289155E-4 3.0156586024352686E-4 0.3075574497459808 0.3189071347459075 0.999966413380478 0.7991769853458656 0.7643858209779661 0.07298364219025828 0.01667190960212099 3.8024179166694047E-4 
1017.7752965322205 1.2040926828259601E-4 2.3695389696885936E-4 0.1735119450226496 0.1737229254149753 0.1782622688871205 0.7401565748399248 0.3368575496363446 0.0041913184364669835 0.041114473004869694 1.7095450471455353E-4 
2090.9485163656964 4.6541044127107066E-5 3.914808790184814E-4 0.2789362404856724 0.2822976064244562 0.997606045926647 0.6880349012207174 0.8189911316068923 0.001146835095739908 0.09330432636751101 6.614998302403104E-5 
39808.06335643571 1.0422388042785244E-4 3.406015925042191E-4 0.06264994889310856 0.2712519861555408 0.9999634000940246 0.7994282121643023 0.7524449687028081 0.06055757441770572 0.005842061376901376 0.0011663650233614967 
1027.1826959526904 1.2049819083523615E-4 5.13368420573824E-4 0.1734535514503682 0.17347219427131094 0.6902144615881401 0.4047735841104312 0.4471431534971275 0.0027020965670052 0.05936397838290948 0.001312922557343531 
960.6201676790434 1.6129065171181718E-4 5.115790490114566E-4 0.17328623630143794 0.17350340966318492 0.19592435840116304 0.5964066527168601 0.050038227620356174 1.2189195870936868E-4 0.12160817074300151 3.349035930063696E-4 
1016.7589179880437 1.2046080517612579E-4 4.353899058857117E-4 0.17345877851483504 0.17367047300161817 0.11140137383692272 0.47621035751486485 0.5574390259478816 2.896050627405806E-4 0.14893119069426491 4.1909633549704176E-5 
1018.8432121611972 2.0315264780714143E-4 3.438057816501234E-4 0.1734525695161302 0.17385575462104677 0.4066794566552362 0.7304626102584205 0.514209486682091 6.980249235027682E-4 0.20791217602309398 4.069624659372358E-5 
1269.0670226592056 3.0924072034569313E-6 2.634335088669095E-4 0.17357030535023066 0.17413984597937426 0.8673566112470967 0.6780117996431736 0.7195668954545271 0.0064557837345468605 0.015512183400654843 0.0023487032605969734 
39356.370468852765 1.042974998673789E-5 4.92729125913521E-4 0.10878317292682999 0.28983981674393905 0.9999911856221948 0.428897718991631 0.5317487289928949 0.012820371590006896 0.09128883635614035 0.003088236842531169 
1076.4676022586546 4.140820045071886E-5 4.913489130786507E-4 0.11684300275313608 0.11742395153303636 0.09056524302749643 0.5564518521001314 0.5576841834485488 4.343747363216117E-4 0.13188182304931673 4.244195274294676E-5 
996.0935133344407 1.2040926828259601E-4 2.3695389696885936E-4 0.17351128906904884 0.1737229254149753 0.1005323660058084 0.40567483867754917 0.3368575496363446 0.001542951071228829 0.041114473004869694 8.713231337358193E-5 
10047.921137814461 2.592231280624474E-5 3.4938698644719685E-4 0.28809639897205425 0.2886162639953217 0.9997838599616165 0.719372627118027 0.14592889047605484 0.001212838020442111 0.002074604798969537 0.0010577595079122228 
1075.8309518150147 1.166641640641695E-5 2.8600705354708063E-4 0.17323663422927857 0.17356297520465866 0.3380686611927547 0.512934570256576 0.46564678897089307 5.964975985371364E-4 0.18762601449387128 6.483746238802766E-4 
936.1940599438509 1.1995667216356095E-4 4.203658751502288E-4 0.17218919102729544 0.1732713957548138 0.4954189311526182 0.6930877856448046 0.33424178264090193 5.386199003364607E-4 0.04041582552890323 7.740569686850865E-5 
999.5453641524966 1.0660713979579121E-4 2.0882230253522842E-4 0.17366385234381107 0.17385558306504698 0.3745682397775652 0.8825138832375812 0.13295085800787476 0.009076072698482701 0.013796843998919256 0.0019777332395854086 
1068.3633697789112 1.6853368678346162E-5 3.9967456025395595E-4 0.17335667855795364 0.17380655099271183 0.15110311190377623 0.7076628791775281 0.7142279095141676 0.004658529147991149 0.03447425530862375 0.002910616050113843 
1098.376453702105 1.491364668966106E-4 8.68113729248728E-4 0.17352244470770767 0.1738674699553883 0.4422292506322974 0.6531011222451919 0.7045679047043498 6.244557859182926E-4 0.21205360861994735 0.001759272061257775 
1041.33809153892 3.352352844249977E-6 1.9242146626630117E-4 0.17339172614518136 0.1735469181850646 0.28737261567601824 0.7174271346380727 0.3180632006083167 0.0025682868938379766 0.025451256855250563 6.920850206127689E-5 
2090.9485163656964 4.8897488362194525E-5 4.0211589702446245E-4 0.2648680308800502 0.2789362404856724 0.997606045926647 0.5431553641564854 0.8129298964958611 0.001146835095739908 0.040424984059380276 3.496237882427179E-5 
38888.022231192605 1.2155695050909275E-4 1.2882605196754606E-4 0.02324300506632304 0.26374170891753557 0.9999920994700411 0.7126539975705003 0.056018631820665604 0.1706268884815031 0.027336723665313454 8.242430260796537E-4 
1018.6078446241432 1.2680749707500734E-4 5.397778023157109E-4 0.17339211327723705 0.17346966888833998 0.9326092964365266 0.7087365478410295 0.3603016279489882 4.12043283804237E-4 0.025286395674786515 5.975509322408672E-5 
1042.5371602698058 8.910543825502867E-5 3.593159401985018E-4 0.17339211327723705 0.1734631326119557 0.833751640318313 0.5911509852367839 0.10374133829900166 0.002763726625652517 0.025451256855250563 6.915548706638265E-5 
1064.3485595764496 9.153659539567612E-6 6.641103837766447E-4 0.17328630818579088 0.17410394057711645 0.48380991936211293 0.5964860344313566 0.050399538261318044 0.008442651406958546 0.14629805537858864 1.2023136335109785E-4 
39905.348661363176 1.042974998673789E-5 4.843332155269942E-4 0.10878317292682999 0.28983981674393905 0.9999911856221948 0.428897718991631 0.5317487289928949 0.013078346839081233 0.09128883635614035 0.003088236842531169 
1067.125592964824 3.863536965439018E-4 6.181154539164313E-4 0.17333476949672816 0.17372612106839486 0.5862040291298609 0.7172278455202572 0.1096711757304627 0.004618570324366465 0.019426251707912956 0.0010470782348671447 
969.7148765413475 1.5021283563328538E-4 2.8301318986854426E-4 0.17341240498662158 0.1740537566946872 0.2560933934259719 0.4780164512221505 0.4673751387744025 0.0010592443000126731 0.2083686423222312 0.001759272061257775 
986.5533950315553 1.349663636813188E-4 1.649627948089516E-4 0.1733639634496668 0.17411582345507035 0.8898897394050274 0.674025833595807 0.38324387871764326 0.0033390158773851063 0.14893119069426491 1.7298360867975193E-4 
1085.9972131578256 1.0721385045028159E-4 3.009715330030823E-4 0.16244518161831584 0.1625204303259297 0.3427381802015354 0.6684476560785707 0.5032883922525822 6.218509555669244E-4 0.06697633675710826 0.004302876463903463 
987.262614615047 2.885326275736661E-5 5.055851261009965E-4 0.163400270361339 0.16448125044334988 0.7728468661707635 0.7862760232812762 0.16731651291158467 0.00727454889735196 0.03262345393547399 0.001275248102388026 
1034.0805173343954 1.301595443787283E-4 7.359020125032364E-4 0.16162329200568815 0.1623007295306112 0.3579089366491806 0.8126852150145141 0.35940144220686016 0.0035861145893169846 0.0012921687933059502 1.582237381680072E-4 
1035.6654329160096 5.463166433888443E-5 8.791979223683456E-4 0.18243062948824929 0.18280850384477446 0.46814718358411866 0.4456152809827215 0.4436950486535347 0.0037932803869377522 0.20918078530777967 0.001759272061257775 
964.5644619316332 1.6782175117201667E-4 5.115790490114566E-4 0.17346284669391424 0.17350340966318492 0.2152173201025427 0.6015877205813684 0.19859833711767175 0.005897126559118156 0.06064219936640443 0.0028270252831939773 
975.5684204993639 8.280669230319152E-6 2.1124058416912265E-4 0.17350986422236578 0.1735611831479633 0.9626413918213421 0.5942976879778727 0.7122928206107996 0.00177109496202849 0.1504075707264336 3.716376692192906E-5 
39285.36117640268 1.042974998673789E-5 3.895470930760125E-4 0.06897516339935839 0.26781057474178444 0.9999911856221948 0.428897718991631 0.5461385470471316 0.010838404655493872 0.09128883635614035 8.057021171965534E-5 
1004.549229523136 5.853425295684793E-5 4.31189882198237E-4 0.16216673322462893 0.1624056998402599 0.5964888123062715 0.6511539581707454 0.29759851443401764 0.0017864542128847513 0.15300354003530384 6.447975239557613E-4 
1076.2861680925482 1.5451026420459944E-5 2.6510859908673585E-4 0.17329633989130094 0.17341608640701084 0.8442805803931808 0.59057833855481 0.4119467039014208 0.006973677726897914 0.20202140297237223 1.3622038978750744E-4 
1006.506918027887 2.1689540823221773E-5 2.7158028204996227E-4 0.1735118579191461 0.17372361593617433 0.8869664351279221 0.7327503792845609 0.10350585520431069 0.002770468873567771 0.023861341211969568 1.4846991713930122E-4 
990.5491076859281 4.857982958070576E-5 1.1484213981789639E-4 0.16504074035594135 0.16670828501981683 0.6516592687117031 0.7155301820721215 0.23146594384986388 3.179473203226398E-4 0.00842205916150994 0.0013219669449078294 
1043.5852366028687 2.3976731628839047E-5 1.619842203194587E-4 0.16146351560309075 0.16333544013204906 0.574296364159333 0.7670536587650753 0.5299781030123029 0.004000949528662642 0.21448914097010954 7.527261780779356E-5 
1021.8926618687528 2.3954228055612014E-5 4.312512774826654E-4 0.16162329200568815 0.1623007295306112 0.3637017862470273 0.696849660823588 0.35940144220686016 0.001885766943175895 0.0013313869794879356 0.0027802464801873934 
1030.3890590568276 9.806859094376014E-5 3.1471802500333563E-4 0.1732025996984244 0.1737269240730143 0.707315232379685 0.7281243702571961 0.32613034398089397 0.003358622981156679 0.01650059103548921 8.819297472563046E-5 
1174.0012154668843 1.2003504780719069E-5 2.6510859908673585E-4 0.17330283800137955 0.17419164239316778 0.6276877161908321 0.7548700388851686 0.4583749441662788 0.006991033689607318 0.06122290681512489 1.3622038978750744E-4 
1042.5424401681487 8.891652686335852E-5 3.593159401985018E-4 0.17339211327723705 0.17345834277594555 0.5554728319368333 0.7174271346380727 0.3483500711215495 0.002763726625652517 0.025451256855250563 6.920850206127689E-5 
1038.2254356288786 4.3553325617212116E-7 4.936254962332892E-4 0.17350784572978703 0.17409981452256051 0.3864516858241724 0.800743629395832 0.5064600357590492 0.008191070503212796 0.04091829410872819 1.1448785335969641E-4 
1018.937899852089 1.1657286676111948E-4 4.208769373043676E-4 0.17339211327723705 0.17386554731333104 0.27092885685825396 0.6918488249896282 0.3351737461054546 5.47313797149185E-4 0.04041582552890323 4.0428027912111004E-5 
1040.5336815558985 2.176812566524368E-5 1.6587620494309193E-4 0.1734455016880052 0.17345834277594555 0.13874746027936594 0.732033424843503 0.5341824498863036 0.004207239469689896 0.21812070451900048 7.527261780779356E-5 
35171.88595632267 5.64921656249691E-5 3.9166675713460104E-4 0.2704119420000486 0.27251012033358957 0.9999170688394797 0.7233804546510281 0.502032507840373 0.005874700424534575 0.1170649683379926 6.93382418397954E-4 
1028.2201677349262 1.1598057201556234E-4 1.960975033796817E-4 0.11684300275313608 0.11685812078734921 0.6453339644752938 0.5534720558004199 0.5492116977710783 7.714382294975626E-4 0.19778224581249665 5.060129101114291E-4 
978.8063450542874 6.326921293082534E-5 3.9235282508697785E-4 0.17339544336880097 0.17345834277594555 0.29913542169431606 0.7305840642527803 0.37907217452300185 0.007603889696315969 0.11565286564626484 1.246216385175813E-4 
985.3017197198228 1.6749202431470486E-4 1.8265049642220827E-4 0.1736119294912313 0.1736732826566113 0.7483189668631477 0.8967135653651791 0.19885990128746162 3.0561957095109026E-5 0.22044371781442434 1.2089017917267389E-4 
987.6733448296036 1.2040926828259601E-4 4.229008218873581E-4 0.17351128906904884 0.17380174600523723 0.5204922382904322 0.40567483867754917 0.3368575496363446 5.53331370706776E-4 0.02521345649943589 8.713231337358193E-5 
1174.0012154668843 1.2003504780719069E-5 2.606354816963857E-4 0.17340442662421196 0.17412006885721523 0.8547792559246458 0.6938720336676137 0.4116153188702961 0.006973677726897914 0.015036970346034573 1.3622038978750744E-4 
964.5644619316332 1.6782175117201667E-4 5.115790490114566E-4 0.1734471890367655 0.17350340966318492 0.20775616126606528 0.5997720741973013 0.19859833711767175 0.0013874862872858861 0.06064219936640443 0.0028270252831939773 
1027.1826959526904 1.1641053021311603E-4 5.209078654678379E-4 0.1733704227403245 0.17345192133216245 0.9171264666890354 0.41927589858283887 0.3378326700079695 0.0026234177542375694 0.057457852424142156 0.0012772273546991317 
987.6733448296036 2.156549824896078E-5 4.317443886534882E-4 0.17351067303189174 0.17380174600523723 0.6122280959306102 0.4214898012637567 0.3368575496363446 5.53331370706776E-4 0.022947227082670267 6.677293686917153E-5 
1004.549229523136 2.173687294983089E-5 2.7391739302302947E-4 0.17372361593617433 0.17428978344365065 0.17184666585155742 0.7323910937256888 0.10350585520431069 0.0017864542128847513 0.023859938525912838 1.4846991713930122E-4 
1042.5424401681487 1.9282160914860114E-4 2.1274769227804674E-4 0.1734525695161302 0.17354295899994188 0.41975452767838817 0.7311348764661665 0.5158830832355232 0.004000949528662642 0.20468218189649448 7.527261780779356E-5 
1018.937899852089 3.0157015002656385E-4 3.4637719631252194E-4 0.17329716448288962 0.17407535617248532 0.3239538559337369 0.5273054969198638 0.7950013172040404 4.3557418078824656E-4 0.09181122162327396 4.379984867158775E-4 
1004.549229523136 1.220701238154214E-4 1.6006141915195433E-4 0.16162329200568815 0.16216673322462893 0.22958292197655786 0.7667882033030574 0.29853404286222607 0.0017864542128847513 0.040413571519524655 0.0027583219295858113 
1018.937899852089 1.2040926828259601E-4 4.3452488944362416E-4 0.17339211327723705 0.1736702091703692 0.24578156641394144 0.4350247725488612 0.5664404555371939 5.47313797149185E-4 0.0406038709643098 4.0428027912111004E-5 
1004.549229523136 2.3954228055612014E-5 2.7002540713932254E-4 0.1623007295306112 0.16360071329227788 0.60734080026511 0.7667882033030574 0.11740955150730709 0.0017864542128847513 0.0196106735520805 1.4846991713930122E-4 
1065.3138590991325 1.4068694783499463E-4 3.414027748965617E-4 0.17346573558431644 0.17381325786069254 0.19957076782704544 0.5728921322161133 0.4380008804425072 0.00429372176192439 0.024744644728552853 0.0012147808014282154 
1068.3633697789112 1.6853368678346162E-5 3.960034380422331E-4 0.1732603573239588 0.17380655099271183 0.1467469101512659 0.7076628791775281 0.04135436316097241 0.004658529147991149 0.032587208993550124 0.002899070101100158 
986.2951726857796 1.1968169920973798E-4 1.6006141915195433E-4 0.16162329200568815 0.16216673322462893 0.22958292197655786 0.7667882033030574 0.29853404286222607 0.0017864542128847513 0.04037440004790788 3.23676590131708E-4 
1042.5424401681487 9.649908957097019E-5 3.611409861428558E-4 0.17339211327723705 0.17385422770605324 0.5666946670652503 0.5468634334833579 0.34870784898313717 0.002763726625652517 0.03737348600625926 6.961850704721625E-5 
39846.125047580004 1.1120380162517677E-4 3.8948300711003954E-4 0.2871205939113702 0.3057145742819644 0.9999545884907473 0.6744291370607324 0.7421512027091954 0.0037925017676510796 0.03589379817131986 0.002515750794916039 
1027.1826959526904 1.1863933523637321E-4 2.7833095114759203E-4 0.17345293541321108 0.17437548622829652 0.9042554805242071 0.4205885466966387 0.4471431534971275 0.002704180442333034 0.022827044161269336 0.0012772273546991317 
940.3180199080318 5.76732403261633E-5 2.94002622102398E-4 0.17327616434954862 0.17416873369493127 0.4720621513821515 0.6049477961547267 0.15383103676434912 0.008765641340475194 0.21831268506319637 0.0017769598841932493 
1026.4878802414578 1.4196476117575427E-4 5.368589022557237E-4 0.17329381826018206 0.17337204082830165 0.9217640120243131 0.6732494669341516 0.44213844957384757 0.002629852348542983 0.021850912388722 0.001367622638671324 
1943.664364504939 1.239642132291248E-4 3.743508371715467E-4 0.17358204082521758 0.17374320495339957 0.5236349820517223 0.43795634798627325 0.8442072364613987 2.9437996072974055E-4 0.20891534352659574 8.119744863206378E-4 
1074.7794743070617 1.5703846107116773E-4 2.2283253179100843E-4 0.17345189625102067 0.17354295899994188 0.41975452767838817 0.7311348764661665 0.4762824714560727 0.003966484022953366 0.20468218189649448 0.002868346819664536 
1018.937899852089 3.0157015002656385E-4 3.4637719631252194E-4 0.17329716448288962 0.17407591224786356 0.3239538559337369 0.5273054969198638 0.7950013172040404 7.08259400602007E-4 0.09373242782392643 4.379984867158775E-4 
1027.1826959526904 1.1863933523637321E-4 2.7833095114759203E-4 0.17345293541321108 0.17437548622829652 0.9042554805242071 0.4205885466966387 0.4471431534971275 0.002704180442333034 0.022827044161269336 0.0012772273546991317 
1026.5867118063609 1.1863933523637321E-4 5.22211987339922E-4 0.17345293541321108 0.17347219427131094 0.6831206301410399 0.4205885466966387 0.4471431534971275 0.0027020965670052 0.05908297866434538 0.0012772273546991317 
985.3017197198228 1.6749202431470486E-4 1.8265049642220827E-4 0.1736119294912313 0.1736732826566113 0.7483189668631477 0.8967135653651791 0.19885990128746162 3.0561957095109026E-5 0.22044371781442434 1.2089017917267389E-4 
1018.937899852089 1.7688914084667263E-5 4.2789876896842633E-4 0.17339211327723705 0.17386554731333104 0.26899927683498304 0.6918488249896282 0.3933788002570755 5.47313797149185E-4 0.020055298722871415 4.0428027912111004E-5 
1004.549229523136 5.853425295684793E-5 5.082982994266308E-4 0.16216673322462893 0.1624056998402599 0.24777263211932132 0.36487178975474854 0.29759851443401764 0.006009645126704519 0.15300354003530384 6.447975239557613E-4 
1004.549229523136 1.2232899817373057E-4 2.7391739302302947E-4 0.17372361593617433 0.17428978344365065 0.29169399310577343 0.7335294899135881 0.10350585520431069 0.0017864542128847513 0.1252605477657031 1.4846991713930122E-4 
1356.7335865897858 8.22408651614346E-6 2.591913816457959E-4 0.17333476949672816 0.17372612106839486 0.9989960063987001 0.7385643384319176 0.5627905112485564 0.0042276371191838575 0.02297494444825137 2.1912062168067488E-4 
968.6349173578747 3.944652330115951E-6 1.3242580913927122E-4 0.16162329200568815 0.16170121935448878 0.1413908809194318 0.7363533823276895 0.5180239576834322 0.0036422646304774273 0.21584750763473648 1.7154568089304805E-4 
39804.06159587009 2.4795455273408256E-5 3.406015925042191E-4 0.06264994889310856 0.2653206099466437 0.9999634000940246 0.7388003701753241 0.10466065107399952 0.0609649453248321 0.006017277239919693 0.010360685439159079 
