950.4348938171647 2.7037440147795712E-5 9.704770741898504E-5 0.10620518778629169 0.10669280758790256 0.010157903824635883 0.6174524759707818 0.27797620564691633 0.004395663915748234 0.015936461413052938 3.8913934978935974E-5 
39631.24711776991 1.3772885242231318E-5 1.1382385990352314E-4 0.06280626082041879 0.33799743973282775 0.999897968646364 0.940997319018348 0.02006652417518101 0.004166498193020219 0.7114416124476881 0.017350852173675088 
39656.682316801496 3.235058777164763E-5 7.426558602991712E-5 0.06053802062044271 0.29834922109582046 0.9999467492609432 0.9103673805501782 0.9356542093711658 0.004138273535198859 0.21504089400179324 0.0061715409181970675 
39657.58233931471 4.955979434617024E-5 1.1565890749789994E-4 0.10681398424327695 0.33799743973282775 0.9998919569612721 0.8393831878793867 0.8373010722233083 0.006672770211263958 0.7304005035422899 6.336365275122748E-4 
39991.13662746507 1.4876561294340306E-5 2.5767995839936655E-5 0.2593398498733333 0.31255351891294036 0.9998447179162274 0.7587265808906628 0.21005955270773252 0.007531327845390638 0.024648350653751927 0.003845570964385891 
38852.19431808016 1.4250246881731578E-5 7.893604446610235E-5 0.12870539189914842 0.24075650985876795 0.9998447179162274 0.8007094645443306 0.018496957337762285 0.0046712552862875675 0.004545386427337242 4.540572887797882E-5 
1184.9359827191067 3.870654412228635E-5 1.1123287749193573E-4 0.10608615934606412 0.10670823308269294 0.8368032530381065 0.8225675537260523 0.9598014251692649 0.0032833628205407653 0.021675683663184956 0.0010644956646395883 
940.6560285445793 1.9004429440304528E-5 5.2377379663081345E-5 0.10622184789363995 0.10692848479563179 0.32048632938057 0.6435213830617657 0.20085262609247714 0.0012686253337673373 0.06270206027449234 6.716394759169223E-4 
39211.59686639902 5.1070518614473635E-5 1.2131850483803685E-4 0.08424814795655342 0.3359165985960164 0.9998913639360423 0.8256351483941153 0.9647546206017272 0.0033244314543656632 0.737296689603594 0.0021974491101410766 
39657.58233931471 4.75016979620184E-5 8.597968150273106E-5 0.10570791756760824 0.33799743973282775 0.9998913639360423 0.7894594647949073 0.8073339968368194 0.03282216396209296 0.7304005035422899 0.0022406236410690474 
1059.2610098417713 3.416225872498035E-5 1.1130947973455623E-4 0.10586423694738617 0.10620518778629169 0.893934566905137 0.827742433068604 0.08716006953990546 0.0044409117442793565 0.17232184089620842 5.741640308169078E-4 
39275.15146850777 1.476561001134925E-5 3.2786565247869176E-5 0.0632214778395187 0.28844141164517556 0.9999683086575023 0.20074482943444077 0.21145722726703037 0.0068236275064845996 0.18533861600619936 5.153460294303183E-4 
38848.730408213014 1.4250246881731578E-5 8.370803062130201E-5 0.12870539189914842 0.25528431492548315 0.9998447179162274 0.9910796238774441 0.03426689223243999 0.0029165806372351776 0.004553796009926607 2.715811084571631E-4 
1132.7512256612329 1.8487792367200208E-6 2.3042741299299513E-6 0.08205965540782272 0.08267092513129527 0.5846588422674242 0.7507069456671458 0.9857135675040383 0.00696855838533504 0.06944116240526159 7.355540072225087E-5 
1184.9359827191067 5.232207249812503E-5 9.769618707283084E-5 0.1060862693341997 0.10619202979215328 0.7812404585114369 0.8230734114773421 0.9598014251692649 0.0032833628205407653 0.02657032903429181 1.7741509662402356E-4 
962.4325633467104 5.3417272066385886E-5 2.3505185630214086E-4 0.08235680890939426 0.08310035980171618 0.9770502722498122 0.7285561305428571 0.026883582596027036 0.007435181893895151 0.19154186289873942 1.769548831643697E-4 
39604.38301246874 1.3052497690486999E-5 7.893604446610235E-5 0.10557444308099878 0.24714122430840366 0.9999687169917754 0.7603067719125265 0.03230834786079928 0.019732401596162227 0.005203131834787288 2.424869748784141E-4 
1153.906476020969 7.922121594919527E-5 1.1637513598999247E-4 0.1062672644549593 0.10663043546858975 0.7513626340376482 0.9841072905756291 0.9511662192552683 0.004391715351553283 0.05597581627791075 3.7836386175854114E-5 
1195.8230387544668 2.0726324477146938E-5 1.7467254038707158E-4 0.08057532899655896 0.08119755705428737 0.5031050482557691 0.8002340722140544 0.2566405962534368 0.01643801014184276 0.02957958286582418 1.0901700276613497E-4 
39610.37614426524 1.508324011278791E-5 4.559000149102897E-5 0.06181357641701751 0.27127587822537697 0.999842225267506 0.8601133205840311 0.2607874565095618 0.010780057364945209 0.04071126658582116 0.0037457892798104025 
991.9441593823839 1.0442983864576973E-5 2.977265528032165E-4 0.07945493019631072 0.08193028423681248 0.6312960663679035 0.7896257156723908 0.07976703884724856 0.0010213902541657488 0.26430326554797823 6.82203666237818E-5 
1089.8655140841288 1.1789772482926484E-5 8.377659840991597E-5 0.10637755934758882 0.10680493246521934 0.23352399103716115 0.6513186513918372 0.9291008331469199 0.0027336385436453193 0.30109335885561384 7.607168126053877E-4 
937.1094490380534 5.0051207340387114E-5 1.277652560566963E-4 0.1062762993521977 0.10658190616782227 0.8162727978920625 0.9897592792729001 0.2756266866869168 0.001712415586465337 0.10924266494634705 6.58842833608388E-4 
950.4306676468993 1.8573175811782992E-5 7.623385184551165E-5 0.10620518778629169 0.10669643871090415 0.6052217871415307 0.8216481932244399 0.2758492864221087 0.004395663915748234 0.17452209163610094 3.8913934978935974E-5 
1159.3738637871077 3.911701334836325E-5 6.770175198189351E-5 0.1066062645558586 0.10679943285349552 0.38834796224265933 0.8432898506405666 0.19091019353498134 0.004060134012225035 0.030138604469664817 1.5510926889759392E-4 
1060.5951650856332 2.0942915128758112E-5 4.0582973482311123E-4 0.06708359208151125 0.06804215905107909 0.4441327356054731 0.8278076971077741 0.9626539382870611 0.006001925913562791 0.02490644670592508 8.620307711184778E-4 
1057.5792673380079 5.934230103707422E-5 8.575326520478817E-5 0.06721351188590922 0.06733911446546263 0.22241477653219563 0.9040405778511573 0.9324927231413582 7.282042151399229E-4 0.028295224057276053 1.5539626859614842E-4 
39091.48350619036 1.4250246881731578E-5 2.672164840292421E-4 0.2519516102820879 0.29671990121725667 0.9998447179162274 0.33308083045932346 0.8497943183100642 0.026557692438089683 0.017699328713191617 0.0016253962171582656 
1234.6067933360682 5.151658165741338E-5 1.268699904243878E-4 0.08179017087494192 0.08247029529458325 0.5203352927215149 0.9274548722702963 0.11265673755775524 0.0017242546013708018 0.10787929018417325 2.561540606311116E-5 
1139.8870298186382 8.1476568285012E-5 1.1745465803456414E-4 0.1062672644549593 0.10664505135118918 0.696550534460917 0.3437250617694458 0.9573730443228077 0.0032795092207885002 0.012719060876967538 3.244591601501097E-5 
39655.91141233586 2.0884662159641014E-5 3.409194129865996E-5 0.3022484371546731 0.31700713546594106 0.9999653796696928 0.8248849806676867 0.9795092771961592 0.010861607709872968 0.015183031485760355 0.0017198890361446828 
950.4348938171647 2.7037440147795712E-5 9.704770741898504E-5 0.10620518778629169 0.10669280758790256 0.6530241271314932 0.8216481932244399 0.2792316395963314 0.004395663915748234 0.17232184089620842 3.8913934978935974E-5 
1016.1892694933391 5.934230103707422E-5 8.575326520478817E-5 0.06630751178662786 0.06721351188590922 0.18110687070466014 0.9040405778511573 0.16204847182530807 0.001400739703495104 0.028295224057276053 1.5091299742545715E-4 
959.9845446082178 1.8861234964507345E-5 2.9701089378480236E-5 0.10669909584446055 0.10673939617018545 0.25151317677868146 0.7739994936406493 0.27564427224817384 0.004890924644459209 0.05868745221265834 8.580053693612462E-4 
39197.58936793572 1.4775515730538648E-5 2.50125467949702E-5 0.08317863725546894 0.2595728121761309 0.999841575901938 0.28891396166236505 0.2091749788622978 0.0011088920981767317 0.00835229487027365 0.0038438731797925487 
938.4568922634029 4.8128544974997866E-5 5.3818841414764705E-5 0.10646031204145799 0.10663885487673545 0.13178095526114947 0.8807624479257391 0.21981215043154637 0.0033382988463552385 0.21110629311984608 2.2066743497031359E-4 
1159.1434950360585 6.955912718351065E-5 1.1221023489790367E-4 0.10592224899817747 0.10609942062007172 0.5309915229905469 0.698960324784491 0.7709570663499403 0.025110679652643325 0.006530134472137057 2.1082098853867455E-4 
2529.657701156805 3.8498104234541106E-5 3.9943810705131384E-5 0.10359944183786396 0.104004735917509 0.681650603257503 0.6624751618445895 0.9569886969400501 0.0027246180027041163 0.02480196019669462 3.409421092830389E-4 
12048.407126641296 1.6931722059746796E-5 2.667629316427424E-5 0.2793191152612612 0.2881254754519339 0.9999643451135767 0.9105879452060094 0.0741420331177553 0.004103074330170034 0.2716143790986474 0.0059469035024134085 
34992.712289661366 6.683058418852832E-5 9.527077723508532E-5 0.10613307978652824 0.10659693668979728 0.9997065425200573 0.7314441733529962 0.7619767515773461 0.0021317570888233087 0.014824453684196257 6.448047244386515E-5 
943.3433744128766 1.3787800550937199E-5 1.1221023489790367E-4 0.10593493138782305 0.10605025675944406 0.14643561316914755 0.36318558137600554 0.028040405342387678 0.006445351268658409 0.046003575517063675 6.087074117073186E-5 
938.6700340468855 1.8861234964507345E-5 7.432062025948584E-5 0.10669771778662995 0.1067402274600192 0.8779581219549412 0.5600683810863497 0.282379092283752 0.005864323300215292 0.34643387357632816 1.2878675918830666E-4 
1062.0350655070454 2.0101230631404683E-5 3.903965276302602E-5 0.10649763022197735 0.10670936366476928 0.6711350189047176 0.638834501170925 0.22223150137093767 0.002632527260547187 0.026870353916947122 1.9067176964430391E-4 
1010.629984878389 3.3714916788988465E-5 1.1472085774616393E-4 0.10690690130224369 0.10734793984649804 0.025354544992737815 0.9522573935394347 0.4193857736448752 3.4476941106317E-4 0.17162815321199582 1.6556900745122758E-4 
1209.5939553832336 7.845475089309378E-6 4.585741842914019E-5 0.10595987678247425 0.107346127889752 0.7290881800432895 0.953544105535221 0.14406642648608742 0.004654294700359574 0.05954310464363583 5.670668543775777E-4 
936.0381435156494 6.73981698461793E-5 9.384457553208414E-5 0.10604925287984843 0.106556994041516 0.856291508961023 0.806197807413957 0.1228780449830727 3.812757736881469E-4 0.014834842958115789 1.268676875919359E-4 
1061.3730593441242 6.886975096898067E-6 2.0970414622221173E-4 0.10458802819444363 0.10605960271531337 0.1544559395455695 0.778551202346368 0.9410588904876718 0.01846556522476636 0.034434476100970356 5.6320730012296804E-5 
999.5775855990298 8.21323483763502E-6 7.153105941884702E-4 0.10660629822816467 0.10677806318510548 0.40048373594763653 0.9072741326765004 0.1775403725729215 0.0059304443913165954 0.009457765318789897 0.002353320621678626 
1060.5951650856332 2.649963544176668E-5 4.0582973482311123E-4 0.06708359208151125 0.06804215905107909 0.4614723555704717 0.8278076971077741 0.1399609133936094 0.006001925913562791 0.024884434121652782 5.743868499665657E-4 
937.2294561032603 2.7269633659438244E-5 8.575326520478817E-5 0.06630751178662786 0.06721351188590922 0.17140348153503784 0.9040405778511573 0.2154716581070381 4.574579786674139E-4 0.028295224057276053 1.5539626859614842E-4 
39019.85175585017 1.4775515730538648E-5 2.5767995839936655E-5 0.09461158576152018 0.10409102397994818 0.9998447179162274 0.7787862693724861 0.2091749788622978 9.692849115340025E-4 0.0081686056693795 0.003845570964385891 
966.5876134333766 6.745109593775529E-5 1.7036252288987958E-4 0.06518791293349183 0.06564419928667026 0.19812595638125355 0.2871799228302291 0.20815663219564973 0.006624086068773442 0.02083827951656496 2.071925939069838E-4 
967.0531137095564 1.7753730413055408E-5 7.317105316501798E-5 0.08471289783423536 0.08530385139007206 0.37153062073679216 0.9537306383922205 0.32544993966123303 0.01948048730813136 0.25005050616640423 5.55437798039966E-5 
953.2637799139854 1.1134543066465988E-5 7.665010120080484E-5 0.10620518778629169 0.10669280758790256 0.9141947704929908 0.5695485509081846 0.3278307553157137 0.004395663915748234 0.17232184089620842 6.242722727273276E-4 
960.0698105766301 6.521949868616822E-5 8.89971934493643E-5 0.1061901131262398 0.10655716113098312 0.2602759295191021 0.9521625885185431 0.288683680294578 0.004398864861963443 0.02746271767949225 6.730290430927164E-4 
1062.0350655070454 1.8355477635756497E-5 6.0821366766915184E-5 0.10649763022197735 0.10670936366476928 0.9998733265282236 0.6458426435277823 0.22635549177436476 0.009280053431143015 0.024733250318025236 1.9067176964430391E-4 
1208.172681395935 1.20597082891391E-5 7.443542486491304E-5 0.10637755934758882 0.10680294374713192 0.2978964983991065 0.7846401209456555 0.9310773686743424 0.004638204220038355 0.31230968136037357 0.003812706834467235 
1197.096985130659 8.260766955691324E-6 2.1448908242484543E-4 0.08057532899655896 0.08193028423681248 0.48803919144154273 0.7992795904689438 0.4590330702010843 0.0033291213753811034 0.02957958286582418 1.0860772505758164E-4 
1369.6904717373009 3.9124495233260786E-5 4.128094023248108E-5 0.10622184789363995 0.10692848479563179 0.4298041208495786 0.7097565610331115 0.9287674255939373 0.0017752979508640766 0.03361402921284151 7.280740980027286E-4 
1167.0281933048589 3.6379183709600705E-5 1.1475814670090209E-4 0.10660376327262337 0.10690917703871435 0.2725264065020844 0.855008421230942 0.23705491364000164 0.003249211727183687 0.02126450462991727 0.0010558163772355269 
1265.8991672250966 6.563075755244339E-5 9.527077723508532E-5 0.10651790111440314 0.10659693668979728 0.9506232739334723 0.7965792111807339 0.24202030249517112 0.0021317570888233087 0.026858320304080797 4.2384880685204286E-4 
12048.407126641296 1.6931722059746796E-5 3.173566705076971E-4 0.2793191152612612 0.2799254993065884 0.9999643451135767 0.9108592162552417 0.0741420331177553 0.0016034828732436675 0.2716143790986474 0.005995628037059167 
1141.1014036610188 7.346007505258363E-5 2.583364773032989E-4 0.10663248880864963 0.10709065183976232 0.41216013433785553 0.48485427168772777 0.8395894786877341 0.0026697696124248884 0.012727521699793121 2.6574145736070725E-4 
39776.76929482735 7.873803561142649E-5 1.1565890749789994E-4 0.06680724354487498 0.33932833410126245 0.9998405140969977 0.8199489837157643 0.9657272176093867 8.294427364386233E-4 0.6957292034604163 0.0019368594906472593 
1215.6307409562287 5.3417272066385886E-5 2.3510254556040927E-4 0.08364259406989154 0.08371296718739517 0.061800575577105055 0.8033490101230908 0.021035158132577378 0.007435181893895151 0.25461866347234374 2.709976551503857E-4 
12048.407126641296 1.4984456335353203E-5 2.628325848440927E-5 0.25932668076121146 0.2847061745557023 0.9995914842153221 0.7407527046274611 0.15610391223357312 8.827531505967677E-5 0.023321295690020685 0.0037551130212731287 
944.5653354354138 1.725546901650234E-5 7.509129988275889E-5 0.10622086290588344 0.10693215975339486 0.3406794756279399 0.5955603901677966 0.052772887923540734 8.873876356999253E-4 0.015708714447936804 7.682844038570645E-5 
37664.76316260687 1.2320470362949713E-5 2.592041293890759E-5 0.10412678851282785 0.2917202118036674 0.9997893187182417 0.7801573709582765 0.20854918799370825 0.011596750664622398 0.201730933419007 1.734226226045345E-4 
39610.37614426524 1.508324011278791E-5 4.559000149102897E-5 0.06619234677988978 0.2711458187618658 0.999842225267506 0.8601133205840311 0.9792014104236244 0.010780057364945209 0.0407199419360853 0.0037457892798104025 
1185.2062981787112 3.870654412228635E-5 7.011592786332765E-5 0.10608615934606412 0.10671547313392685 0.8069457949347313 0.8225675537260523 0.9598014251692649 0.0032833628205407653 0.06176171951677703 5.270916686641539E-5 
39655.91141233586 2.0884662159641014E-5 3.431539809183202E-5 0.3022484371546731 0.31700713546594106 0.9999653796696928 0.987379442182601 0.9695817286254813 0.010861607709872968 0.015183031485760355 0.02203172707248031 
1159.4219010840607 3.309642556567149E-5 1.1080116648031347E-4 0.10662919682063228 0.10664019816266401 0.09023888614264292 0.7857032126431271 0.481035020576318 5.705758854107532E-4 0.24959561228713611 1.8491882166465364E-4 
1064.7835332111756 2.7998425650541793E-5 6.942108979295765E-5 0.10705434423040712 0.10737205975983546 0.4237166980961701 0.7595444923819835 0.17178998119422306 8.411342849412773E-4 0.02770231683523069 2.4450998673775917E-5 
953.2637799139854 3.253549381294336E-5 1.1130947973455623E-4 0.10620518778629169 0.10669280758790256 0.9409599922013809 0.821872806527032 0.3278307553157137 0.004395663915748234 0.17232184089620842 6.130644701453E-4 
1230.239888913852 4.88480318820517E-5 9.774920413107262E-5 0.0654666770846319 0.06614560677266643 0.7641095398269826 0.9284939141480657 0.16627160265777224 3.733897824737106E-4 0.1008868811824335 1.5498312972823155E-4 
12048.407126641296 2.628325848440927E-5 3.1976602613961444E-5 0.25932668076121146 0.2847061745557023 0.9995914842153221 0.7407527046274611 0.15610391223357312 0.020239554490354257 0.023321295690020685 0.006235108348592727 
1006.2309263804412 6.99508469114235E-5 1.097807853677977E-4 0.1060528579535621 0.10666990238107718 0.6604119497579675 0.8065173175682931 0.9630007603461103 0.001937459539658696 0.019189155005896463 3.959967519675991E-5 
39657.58233931471 3.994608793638826E-5 1.2172118066381141E-4 0.08273400359413345 0.3375377918419974 0.9998913639360423 0.7823361140611785 0.9222720954756018 0.004615404276843347 0.7512597506516212 0.0020866931154309067 
936.0381435156494 5.272110031689274E-5 2.7164474395715264E-4 0.10604925287984843 0.1065976009419104 0.6225309439231828 0.806197807413957 0.1228780449830727 2.59837017654284E-4 0.028728217125480036 4.9123442120565605E-5 
938.3705572577093 1.1988939353685922E-5 2.631180366266277E-5 0.06455090531476325 0.06618467227311706 0.11942522458784782 0.20814869723612978 0.21221342307360674 4.565067052491821E-4 0.20076183941258957 1.5595059019376078E-4 
1336.4544804845011 8.591441650061867E-5 4.826889831979398E-4 0.10588738181743122 0.10595514958629418 0.10225485760768499 0.7917205621599985 0.014954234734842142 3.1949260790987803E-4 0.2495009640342908 1.7770553353169192E-4 
943.2049383582722 1.531948394863672E-5 3.7268691996825574E-5 0.10396793656219257 0.10595838645779478 0.20242518026960166 0.3609317713526521 0.7141794083507085 0.00290619651665522 0.029245195415137773 0.001045564075850946 
950.4348938171647 2.7037440147795712E-5 6.782279786536868E-4 0.10660532754893186 0.1069449280418186 0.615600338168932 0.8214416306896238 0.2792316395963314 3.9158824924152066E-5 0.17232184089620842 2.247466052377595E-5 
1005.8655327701035 6.99508469114235E-5 1.097807853677977E-4 0.10627495948645706 0.1066724146809123 0.5455141278319752 0.8496375855010564 0.9959671670658372 0.001937459539658696 0.22106062644248536 6.774704984192476E-4 
1089.8655140841288 1.1789772482926484E-5 1.1402698471586981E-4 0.10638396848021554 0.10690543599868053 0.2812221591108822 0.8460858653335634 0.9244937089287515 0.0027336385436453193 0.29068486418061557 0.0010501493501501734 
39187.88025442723 1.4775515730538648E-5 2.3800628694342692E-5 0.10685722566135887 0.25958125065781545 0.9998435053366952 0.8497103465439662 0.24332630341674932 0.0013739881079739245 0.010929350557921907 0.003845570964385891 
966.5876134333766 6.72192879492981E-5 1.7024094742783223E-4 0.06518791293349183 0.06564419928667026 0.7285343683704276 0.34692776456729285 0.9385529310818377 0.006624086068773442 0.02083827951656496 4.40386742015899E-5 
947.9768263022958 3.146089836498051E-5 5.255326277352001E-5 0.1060564759731395 0.10620964175045298 0.2913043604792427 0.3504182736580562 0.9064270044919638 3.0863203795442246E-4 0.03461613357443466 1.7741509662402356E-4 
950.1718476010119 6.2482531215658E-5 1.0940958709782173E-4 0.10629507399038866 0.10667232010221811 0.7144264480736624 0.9476722981054434 0.17964872405949156 0.001676793602979374 0.22121548397333107 4.017156533750757E-4 
957.6995487744716 1.7801711825181516E-5 4.838858382786535E-4 0.10587621335287489 0.10588738181743122 0.36522350283149474 0.7917205621599985 0.013891973527005774 0.019157131192675654 0.25083494782760485 1.7963362265482078E-4 
38852.19431808016 1.4250246881731578E-5 7.893604446610235E-5 0.12870539189914842 0.24075650985876795 0.9998447179162274 0.8007094645443306 0.018496957337762285 0.0046712552862875675 0.004545386427337242 4.540572887797882E-5 
1059.4161301339286 1.91711367656077E-4 2.1910666724593092E-4 0.0640156489360075 0.06460742155056358 0.08397226061938556 0.2993276490505714 0.7840411787310908 4.496220403367528E-4 0.21322904811503984 6.926036587334434E-6 
1160.0272302784201 7.897134750106601E-5 8.237100014200261E-5 0.10613482369213742 0.10669142109183302 0.5484740104784345 0.7050796910420237 0.92316672230793 0.005274097569334273 0.173742031215124 6.676238181419327E-4 
39601.56603747972 4.748573296596681E-5 1.1874196484592822E-4 0.08277520252199685 0.26910832364996456 0.9997052491249272 0.250509827026373 0.8393970144616748 0.03231461779399423 0.014828334018274988 0.003901034866370326 
937.8459266958149 1.3166733173337257E-5 7.503904357347207E-5 0.10598317124232126 0.1069090460244702 0.048889127417518385 0.4156316978422873 0.28393912935564974 0.0027421177173199396 0.029929589644136112 0.0010525220278744946 
938.4568922634029 4.8128544974997866E-5 5.5210218397805274E-5 0.10646031204145799 0.10663885487673545 0.9906020253118705 0.8807624479257391 0.20902132067119683 0.0029140646512198763 0.012326826624243767 2.2066743497031359E-4 
962.1091477144842 1.252894127170742E-5 5.6100062435210886E-5 0.10614010863253244 0.10671152216545993 0.010157903824635883 0.8030729238740676 0.27797620564691633 0.004395663915748234 0.004300733671026624 2.3747908870420833E-5 
956.7343918767021 6.522291297014566E-5 8.89971934493643E-5 0.1061901131262398 0.10655716113098312 0.9198549302660706 0.9521625885185431 0.288683680294578 0.004325206058715234 0.026869914925172666 6.730290430927164E-4 
1010.629984878389 3.558156903178069E-5 1.1441017492352228E-4 0.10483843324751667 0.10690690130224369 0.03362378292376679 0.9365205862752708 0.3823023339022093 1.0380404037597653E-4 0.023833807984294943 2.2831791217208137E-5 
1596.737624697369 2.0884662159641014E-5 3.5260215064003476E-5 0.3022484371546731 0.31700713546594106 0.9999653796696928 0.8248849806676867 0.9663580549501896 0.006163073470644854 0.015183031485760355 0.0017198890361446828 
960.0698105766301 6.70228525379833E-5 8.89971934493643E-5 0.1061901131262398 0.10655716113098312 0.4815443906581496 0.9529675818203529 0.5015213094267673 0.0032994491774692818 0.647911654048607 4.0805553899380016E-5 
39655.91141233586 2.0884662159641014E-5 3.409194129865996E-5 0.3022484371546731 0.31700713546594106 0.9999653796696928 0.8248849806676867 0.9958665207932703 0.010861607709872968 0.015183031485760355 0.02203172707248031 
950.4348938171647 2.7037440147795712E-5 9.704770741898504E-5 0.10620518778629169 0.10669280758790256 0.8688542377362444 0.9590438377277375 0.2792316395963314 0.004395663915748234 0.17232184089620842 3.8913934978935974E-5 
995.9926952354396 7.331012600782733E-5 7.433680761760662E-5 0.10613727505430282 0.10735491573072502 0.5696185667110907 0.8229278829834025 0.8627988125596501 0.004360381421352533 0.026423539671323486 1.7820712576295322E-4 
39656.682316801496 3.235058777164763E-5 7.426558602991712E-5 0.06775618881101701 0.29834922109582046 0.9999467492609432 0.9103673805501782 0.07809740503941548 0.004138273535198859 0.19725267698890456 0.0061715409181970675 
1331.866574841426 3.9347835132899766E-5 4.0914703327175005E-5 0.31294795485931987 0.31700713546594106 0.9999653796696928 0.8258795503496282 0.9346878473553064 0.006163073470644854 0.01424106669978873 3.5085850597148987E-4 
937.0995308589441 4.7825888354706186E-5 1.2329152381611481E-4 0.10645247010305789 0.10664006175014129 0.3533595036204358 0.9989808298293489 0.22158676216735204 0.0033382988463552385 0.10901348309747175 7.178285456730029E-4 
36764.65235930018 1.2407623158702857E-5 3.242254616656082E-5 0.08509910773151297 0.2556110959104154 0.9998447179162274 0.30216104919732706 0.9310580268937009 0.005382937883548256 0.015057966166707046 0.003901034866370326 
950.1718476010119 6.2482531215658E-5 1.0940958709782173E-4 0.10629507399038866 0.10667232010221811 0.7144264480736624 0.9476722981054434 0.17964872405949156 0.001676793602979374 0.22121548397333107 4.017156533750757E-4 
1265.8991672250966 6.563075755244339E-5 9.527077723508532E-5 0.10651790111440314 0.10659693668979728 0.9506232739334723 0.7965792111807339 0.24202030249517112 0.0021317570888233087 0.026858320304080797 4.2384880685204286E-4 
39282.52357090445 1.535844761450144E-5 7.426558602991712E-5 0.06775618881101701 0.29834922109582046 0.9999467492609432 0.9103673805501782 0.07809740503941548 0.004138273535198859 0.19725267698890456 0.0036915456167412103 
1062.0350655070454 1.8355477635756497E-5 6.0821366766915184E-5 0.10649763022197735 0.10670936366476928 0.9846935413334089 0.638834501170925 0.22635549177436476 0.002632527260547187 0.026727147020632756 1.9067176964430391E-4 
1184.9359827191067 3.870654412228635E-5 7.424590853406998E-5 0.10608615934606412 0.10671348441583943 0.7956860803272321 0.8225675537260523 0.9598014251692649 0.0032833628205407653 0.07286376642600839 7.291065617542114E-4 
1217.6304385318178 3.9347835132899766E-5 4.0914703327175005E-5 0.31294795485931987 0.31700713546594106 0.9999653796696928 0.8274984754170305 0.9346878473553064 0.006163073470644854 0.01424106669978873 2.6633500177638647E-4 
1184.9359827191067 3.870654412228635E-5 7.424590853406998E-5 0.10608615934606412 0.10671348441583943 0.7956860803272321 0.8225675537260523 0.9598014251692649 0.0032833628205407653 0.07286376642600839 7.291065617542114E-4 
1153.8276885872533 1.782210121984036E-5 1.1635451912402775E-4 0.10620964175045298 0.10656408007947957 0.8624978099132706 0.9640502273329099 0.9515512592187856 0.004397125967012721 0.0581629969354541 3.978259417379975E-5 
945.3550677398495 1.725546901650234E-5 7.509129988275889E-5 0.1062299644218879 0.10693765094951543 0.3406794756279399 0.5967098872834632 0.4588006229739642 4.934332611696629E-4 0.01556898465212102 9.057540870202532E-4 
1065.6961745451986 1.6656817215848728E-5 6.93988773005996E-5 0.10581268119591664 0.10614839182485158 0.9326533358159866 0.7586526048300543 0.21611264965299884 0.004439499387181651 0.24169376908623935 3.091744988386637E-5 
939.4316230079182 7.346007505258363E-5 2.484557697242613E-4 0.10626709202632442 0.10663248880864963 0.5617924564825922 0.9965329738768676 0.8395894786877341 0.0028168772227369692 0.012727521699793121 2.6574145736070725E-4 
39657.58233931471 7.873803561142649E-5 1.1565890749789994E-4 0.06680724354487498 0.33932833410126245 0.9998405140969977 0.8199489837157643 0.9657272176093867 8.294427364386233E-4 0.6957292034604163 0.0019368594906472593 
