0.214 3099.0 
-0.538 4759.0 
-0.399 3766.0 
-0.416 3835.0 
-0.478 4129.0 
-0.33 3575.0 
-0.446 3940.0 
-0.564 5793.0 
-0.48 4143.0 
-0.556 5360.0 
-0.505 4338.0 
-0.222 3426.0 
-0.536 4741.0 
-0.424 3859.0 
-0.154 3361.0 
-0.353 3628.0 
-0.489 4212.0 
-0.303 3523.0 
-0.439 3923.0 
-0.544 4934.0 
0.367 3001.0 
-0.437 3904.0 
-0.509 4387.0 
-0.557 5393.0 
0.162 3138.0 
-0.314 3547.0 
0.119 3173.0 
0.359 3015.0 
-0.553 5204.0 
-0.558 5491.0 
-0.097 3307.0 
-0.546 4971.0 
-0.366 3662.0 
-0.552 5168.0 
0.017 3222.0 
-0.378 3702.0 
-0.551 5127.0 
-0.392 3746.0 
-0.497 4273.0 
-0.512 4408.0 
-0.555 5293.0 
-0.074 3285.0 
-0.384 3721.0 
0.522 2908.0 
-0.554 5264.0 
-0.534 4690.0 
-0.532 4670.0 
-0.145 3336.0 
0.04 3205.0 
-0.456 4003.0 
-0.531 4647.0 
-0.29 3502.0 
-0.475 4105.0 
-0.046 3269.0 
-0.562 5678.0 
-0.561 5609.0 
-0.246 3449.0 
-0.466 4047.0 
-0.432 3882.0 
-0.548 5014.0 
-0.338 3592.0 
-0.507 4362.0 
-0.469 4072.0 
0.421 2969.0 
-0.5 4298.0 
-0.488 4193.0 
-0.413 3810.0 
-0.406 3793.0 
0.001 3238.0 
-0.485 4167.0 
-0.174 3378.0 
-0.454 3983.0 
-0.523 4538.0 
-0.257 3479.0 
-0.547 4986.0 
0.405 2985.0 
-0.345 3613.0 
-0.549 5037.0 
-0.527 4594.0 
-0.55 5101.0 
0.257 3077.0 
0.293 3058.0 
0.337 3033.0 
-0.563 5739.0 
-0.518 4475.0 
-0.461 4028.0 
-0.503 4320.0 
-0.525 4561.0 
-0.52 4507.0 
-0.535 4721.0 
-0.514 4431.0 
-0.448 3956.0 
0.482 2940.0 
-0.516 4456.0 
-0.56 5572.0 
-0.361 3648.0 
-0.529 4627.0 
-0.541 4894.0 
-0.54 4806.0 
-0.195 3394.0 
