3.4545890159650274E-4
3.8223613313418704E-4
3.1578896935079257E-4
3.33058955158635E-4
4.038600346560657E-4
3.5756420111696016E-4
3.34476524573463E-4
3.800666386381232E-4
3.136865650619194E-4
3.741957301765547E-4
4.3689157474921433E-4
4.580777884321434E-4
3.516649827821311E-4
3.025119541559097E-4
3.772495245609405E-4
3.647796910936851E-4
3.8862363918886833E-4
2.870445833744139E-4
2.907471670466277E-4
3.916298672208576E-4
4.456308983983901E-4
3.1098690714899646E-4
3.4651234077175114E-4
3.1731521023465063E-4
4.098315503198984E-4
3.338222135100353E-4
3.0360581556306796E-4
3.454479930682234E-4
3.263191639625728E-4
3.029429771559601E-4
