0.551725440775614
0.6696862757484539
0.6680761716250789
0.6031363442563281
0.6051310208715435
0.6111352052922929
0.5526034587022007
0.5473289850695843
0.561689514896321
0.5427611907890688
0.5641851966143082
0.6650754885594216
0.6299786690123448
0.6042207292867818
0.6320084847120331
0.5833353356982135
0.6670878697800662
0.5859184106908534
0.6366595098107709
0.5812028525628111
0.6632245059542617
0.6165986996750672
0.5550200320261368
0.5488505362225674
0.5273617401029183
0.6187580276486524
0.5724691433057031
0.597884089055885
0.627164092176536
0.5596753109258361
