-0.565 5862.0 
-0.565 5862.0 
0.62 2838.0 
0.573 2866.0 
-0.555 5280.0 
-0.359 3649.0 
-0.561 5577.0 
0.527 2895.0 
-0.557 5397.0 
-0.559 5469.0 
-0.483 4165.0 
-0.471 4082.0 
0.35 3006.0 
-0.156 3353.0 
-0.33 3575.0 
-0.537 4792.0 
-0.116 3338.0 
-0.505 4418.0 
0.602 2851.0 
-0.548 5031.0 
-0.562 5661.0 
-0.553 5183.0 
-0.534 4688.0 
0.447 2945.0 
0.379 2994.0 
-0.489 4225.0 
-0.563 5711.0 
-0.457 4004.0 
0.328 3025.0 
-0.516 4458.0 
0.132 3145.0 
-0.079 3299.0 
0.104 3161.0 
-0.495 4269.0 
-0.372 3682.0 
-0.545 4917.0 
0.196 3106.0 
0.038 3202.0 
-0.237 3432.0 
-0.383 3712.0 
0.165 3124.0 
-0.307 3537.0 
-0.463 4042.0 
0.498 2914.0 
0.018 3223.0 
-0.504 4340.0 
-0.393 3748.0 
0.428 2957.0 
-0.541 4822.0 
-0.55 5090.0 
-0.446 3952.0 
0.092 3169.0 
-0.097 3303.0 
-0.552 5149.0 
-0.035 3249.0 
0.27 3059.0 
-0.501 4320.0 
0.511 2907.0 
-0.163 3372.0 
-0.528 4643.0 
-0.522 4552.0 
0.472 2934.0 
0.393 2981.0 
0.071 3180.0 
0.206 3096.0 
0.476 2929.0 
-0.184 3374.0 
-0.052 3261.0 
-0.114 3311.0 
0.054 3194.0 
-0.564 5790.0 
-0.253 3470.0 
-0.427 3883.0 
0.309 3033.0 
0.006 3230.0 
-0.25 3455.0 
-0.022 3239.0 
-0.201 3397.0 
-0.564 5790.0 
-0.404 3813.0 
-0.279 3490.0 
0.254 3075.0 
0.414 2968.0 
-0.542 4886.0 
-0.294 3517.0 
-0.413 3816.0 
-0.22 3411.0 
-0.518 4516.0 
0.232 3081.0 
-0.527 4589.0 
0.406 2973.0 
-0.291 3508.0 
-0.549 5051.0 
0.23 3082.0 
-0.272 3479.0 
-0.441 3940.0 
0.161 3134.0 
-0.438 3911.0 
-0.53 4673.0 
0.064 3186.0 
