0.594 2854.0 
0.594 2854.0 
-0.564 5853.0 
-0.562 5684.0 
0.516 2906.0 
-0.302 3522.0 
-0.438 3907.0 
-0.468 4064.0 
-0.326 3590.0 
-0.009 3239.0 
-0.454 3987.0 
0.354 3003.0 
-0.416 3832.0 
0.282 3052.0 
-0.033 3259.0 
-0.561 5603.0 
-0.554 5237.0 
-0.473 4125.0 
0.254 3069.0 
-0.555 5358.0 
-0.495 4276.0 
0.403 2976.0 
0.439 2951.0 
-0.532 4665.0 
-0.285 3495.0 
-0.173 3363.0 
-0.071 3276.0 
0.106 3167.0 
0.544 2888.0 
0.128 3147.0 
-0.147 3337.0 
0.48 2925.0 
0.086 3173.0 
0.324 3031.0 
0.222 3091.0 
0.067 3191.0 
-0.504 4362.0 
0.48 2925.0 
-0.537 4744.0 
-0.057 3264.0 
0.049 3198.0 
0.199 3105.0 
-0.125 3322.0 
-0.558 5440.0 
-0.096 3299.0 
-0.342 3602.0 
-0.226 3427.0 
0.428 2959.0 
0.351 3008.0 
-0.559 5512.0 
0.02 3222.0 
-0.547 4977.0 
-0.185 3376.0 
-0.548 5028.0 
-0.523 4571.0 
-0.103 3304.0 
-0.56 5540.0 
0.144 3136.0 
-0.55 5077.0 
0.174 3123.0 
-0.378 3706.0 
0.403 2976.0 
-0.35 3636.0 
0.157 3128.0 
-0.482 4174.0 
-0.411 3814.0 
-0.246 3462.0 
0.03 3210.0 
-0.514 4437.0 
0.572 2868.0 
-0.552 5159.0 
-0.201 3393.0 
-0.553 5216.0 
-0.491 4232.0 
0.189 3118.0 
-0.388 3734.0 
-0.483 4189.0 
-0.545 4932.0 
-0.389 3759.0 
-0.267 3473.0 
-0.359 3649.0 
-0.541 4827.0 
-0.214 3407.0 
-0.136 3330.0 
0.585 2864.0 
-0.516 4490.0 
0.302 3044.0 
-0.525 4609.0 
-0.557 5406.0 
-0.542 4873.0 
-0.367 3669.0 
-0.371 3686.0 
-0.265 3469.0 
-0.522 4518.0 
-0.446 3949.0 
-0.506 4412.0 
-0.552 5159.0 
-0.242 3442.0 
-0.402 3780.0 
0.314 3037.0 
