0.27813299412207704 45.18951965958803 137.69154289173417 3.4034569481160304 16.111177490609975 3.303041390269751 7380.973928452644 
0.3701517002864183 45.1890042999378 23.933643540816064 3.4034569481160304 16.111177490609975 3.303041390269751 7380.973928452644 
81.81155211202301 0.004992920304286913 88.70862417620748 1483.6325553389506 1354.8146277751548 1014.5353200236382 284.32108263400096 
78.223967519713 0.0076791630931545285 82.0 1483.4008455657627 1339.205363699598 644.5130719175352 196.0 
1.4964476945125582 49.84177837878116 52.970605933740096 34.83975488465313 37.91110762026009 11.472108293957998 201.5622795054005 
0.4112945495856838 45.96249826151865 20.07742132463341 468.78601053504997 325.5695542937955 14.215347388027904 1008.1507037631918 
32.090721182960394 0.45095702696860374 103.75244331688526 712.4779436654617 371.54110418678766 148.85329549519636 7084.0995464048365 
4.943242094991283 0.4524705243476994 107.9294400625745 863.296560851162 421.51375398332294 246.59414869750643 7058.623400213484 
0.42185552867245324 48.64436279917202 8.26073678412321 369.49654186198364 386.3244135039847 207.93719210723003 8129.2661921508925 
1.144305982344214 47.569213085463986 51.179031003464964 21.95125909094746 358.4547051450014 32.003416351665535 8290.821432370556 
35.43877031167284 0.24729201612129037 103.7195075099539 712.4779436654617 452.48694371746444 150.8960410211968 6965.395824231107 
0.21864425123217512 49.54958167516308 127.86395014914687 0.2976800429109048 161.81694215134394 2.393044229693274 6828.372701924521 
1.6620061259960288 40.28105698314808 65.41479408997569 750.2818613806883 405.8592285719396 59.03814224069802 324.36228318799726 
0.22030595414633258 49.54958167516308 127.86395014914687 63.40144857218992 161.81694215134394 9.354972535682958 6828.372701924521 
1.1308357134855447 57.39310595882873 110.8065927060166 272.6579788492744 213.65610112379085 3.401771906521278 8681.416100662007 
82.0 0.0076791630931545285 82.1731245708272 1496.0739563566754 1335.4495198106508 419.9977015800323 61.19178274135601 
81.91734911556821 0.48337090190147 58.60169034726806 1483.224065810573 951.0661197556594 525.7208923566014 14.225266791002014 
1.7007031391163947 1.1792920161056912 109.0228470875519 1015.6144427731856 479.61719152101927 2.988690906482797 8530.826084396598 
0.9248934965109594 51.589846275188734 23.38314754628981 22.683274468745182 205.17389706455748 4.223525201803983 8717.11121635661 
35.006276537774696 0.13068616345929165 80.74880490786161 1483.5370292875418 1198.6222592865015 304.0391854418901 227.29071228419616 
5.8324636753155445 0.762596102188361 336.8941229116257 1015.6144427731856 487.96654532938004 350.52159845785775 7211.958907086203 
0.6868312465453902 50.211533434668105 57.756211586354695 40.23825913115759 104.44853554407771 3.0339506540071577 6826.546333140232 
0.07493131552052323 49.94584140617444 127.3260098001268 39.09057343494237 85.25786888712177 3.0339506540071577 6826.546333140232 
48.354416785759824 0.29078368310699526 101.39178797027347 1475.2347250242804 523.6386076377794 295.2224695104652 6610.304772881672 
0.44037272135066097 46.86458378860956 50.79519866579494 449.70105772419225 318.05299572945466 3.401771906521278 341.5587979990055 
1.1308357134855447 54.81634727622739 46.108711704085636 272.6579788492744 312.7981170820959 3.401771906521278 8681.416100662007 
0.07524601802918954 46.61326826590949 105.95890542787845 39.09057343494237 394.7901236023506 3.0509492242032317 7325.638529906305 
3.6415507395631126 50.73838597165478 53.057662112314176 125.80750613511725 223.0889649778658 1.1732656353369024 6828.372701924521 
1.3834782145956401 63.32542497988895 46.676941434098026 28.84620952046464 27.392518399624798 3.4008958009746277 7398.728043787883 
0.07524601802918954 46.5949565511709 105.95890542787845 39.09057343494237 271.3081116011586 3.0509492242032317 7297.460562742915 
1.4824705261538704 46.882314129162836 110.8065927060166 222.638702754876 324.5204400876955 0.08916974657897825 7275.44797147626 
0.37995639805638404 49.94584140617444 138.08024390349365 3.5893482627695525 84.30614049837487 3.4057281513821898 7383.774791458564 
0.4679483787999372 45.76303014874084 104.63647637851706 11.635586700754914 313.3587033893948 8.989363110014132 1172.0461690821007 
3.890906891751179 49.64586942139649 56.33967142588018 75.19922302667129 123.30943458297233 3.0055458448104435 6338.298328683779 
0.14270898732969872 45.98006617833139 257.5237167967614 44.86871693493342 209.21041127354823 14.59799251529022 8133.49027115593 
5.486761394639359 46.2555315086818 20.93250736297739 38.78205994340853 301.2667169260005 8.569721754558817 7636.402525935121 
9.713040526714037 0.5955640091443568 72.7949829561838 1245.2728242547787 401.53312580994356 360.1396719828494 8544.859787567922 
0.37995639805638404 49.878717037837816 104.86705325935058 3.5893482627695525 84.30614049837487 3.4057281513821898 7383.774791458564 
52.17995882186984 0.2961502441067626 330.5549387241907 1487.4140342453459 565.2590366508018 357.3546205034625 8177.9920425123255 
0.025053439890933338 45.9645502480538 22.578053870914992 31.637324078866065 389.00865284960196 3.1437425635525074 8726.828206882692 
0.9248934965109594 45.85183797306322 22.4376463883547 22.683274468745182 325.58543035894184 14.205566818525899 8717.11121635661 
0.22030595414633258 47.1729610271654 109.05840233805337 63.40144857218992 211.7828217177077 9.354972535682958 7265.030290058283 
0.37431820138859734 45.852559400966285 22.49923457066966 165.2005296183481 343.1629693736166 24.48955882880381 461.0120329718766 
78.42233878326199 0.16451821969381708 59.39203712014104 1489.288158341061 1196.138156935632 397.12764855492844 185.52405367963556 
0.37363399771819755 45.85383771172321 22.49923457066966 177.63764388589047 312.79343270590795 24.48955882880381 449.7750521377298 
0.4272964462110999 38.75199832485308 47.02465707983688 487.6892702855403 386.63254092472283 18.427603104376455 6514.247181013965 
0.1620539943244279 46.8821517054223 56.071509549720304 250.01207468899048 393.9811790183596 0.06521227968406151 6744.845668081081 
0.3803495445347585 46.22706797528456 13.93765298586856 50.68727965786732 84.30614049837487 2.37624576511765 7324.32124772783 
0.37995639805638404 49.94584140617444 55.257689633020355 62.49040594908226 123.30943458297233 2.37624576511765 8344.549297938484 
82.0 0.2568874577827548 81.96837084731578 1483.1870426656044 1277.7399413212634 361.90344825954054 7851.182540571192 
1.4824705261538704 46.8821517054223 110.8065927060166 222.82733182567543 213.65610112379085 3.401771906521278 7275.44797147626 
78.42233878326199 0.16451821969381708 59.39203712014104 1496.2057268462845 754.677539519516 368.3600010148442 185.52405367963556 
4.938320883243555 49.70904023073916 134.18730633585233 267.8808716773701 323.2570973567574 4.679235340021026 376.92359340222083 
54.05678541055036 0.17111202477495396 131.74821040462797 1456.6460496963887 860.5733972809337 355.1204826656042 125.27127690673399 
85.0 0.25406425706621155 85.0 1358.6841511531572 487.069430788745 262.2197573768283 196.0 
2.073381843583842 51.049674592441434 105.53551572021516 100.657665169046 371.5425034187613 8.055568337551183 525.7952016538861 
82.0 0.0076791630931545285 82.1731245708272 1496.0739563566754 1286.9470532180826 385.7823562384447 453.79253679858056 
0.025053439890933338 45.9462385333152 22.578053870914992 31.637324078866065 265.5266409265174 3.1437425635525074 8698.649834916969 
78.3165417797168 0.28171246533184996 89.69125760489848 1483.4013423116107 861.4845877873033 367.73312157616175 8460.77261689079 
3.6415507395631126 49.58672856983575 52.41697509693873 63.40144857218992 223.0889649778658 1.1732656353369024 6828.372701924521 
12.76140716340823 81.3238545864969 235.96413682536559 544.7167277586449 401.364405030172 70.63836243030619 6734.675356904335 
1.0903341296735467 50.07944168010844 58.32988656621472 40.23825913115759 104.44853554407771 3.0339506540071577 9149.764512797445 
32.090721182960394 42.88922125047196 103.75244331688526 547.0207925505952 303.8650542364642 99.28067026362308 7703.219781046947 
0.032144060655507234 45.9462385333152 66.6405566517902 23.972954718903893 264.3564969921616 3.1437425635525074 8698.649834916969 
13.128606916374363 1.1462674529250165 109.39736230327722 1015.6144427731856 487.96654532938004 73.95829191899327 7211.958907086203 
0.07233159917274956 44.63593516529867 65.74597022731989 710.3714494760501 419.09164532608276 59.771296980202294 7239.259315794254 
0.3745490319785154 46.79403689057313 233.91376804343105 281.94450719468773 346.79585402333925 151.99036685120896 8662.426890617762 
1.0809357917774773 45.85183797306322 111.2248093944062 41.889574468151416 326.34781499023944 7.512768206531389 8717.11121635661 
19.874992464323935 0.25406425706621155 86.27344350380042 1295.9440779578883 490.2762061103246 205.06254813687565 196.0 
0.3745539718215963 45.051601849957606 137.69154289173417 3.4034569481160304 29.37410048412093 3.3091203821925124 7380.973928452644 
82.0 0.1313516943067512 82.0 1474.9582724630718 932.0044949739224 395.4167552847994 7020.4691235389655 
0.3736255216513369 35.72408023325484 66.80068264510768 263.02527486901585 346.79585402333925 4.277408599471407 9110.138148447933 
81.81155211202301 0.2831607885046006 88.2771064027726 1452.735293007857 951.0662918042864 525.7208923566014 284.32108263400096 
1.3706943309149384 0.7595616258741045 109.39736230327722 1015.6144427731856 487.96654532938004 254.87614039625967 7211.958907086203 
1.1308357134855447 57.39310595882873 147.20444632272216 272.6579788492744 79.44456671828326 3.401771906521278 8681.416100662007 
0.10211394728947498 45.02189535323439 124.47414751780292 699.2887908346078 372.7608791734984 0.7166510955584906 7382.767524167277 
23.48940231652127 0.2882703504505102 108.91635888054407 1177.2433302829622 401.53312580994356 1.0922644119433471 7417.364530305785 
78.42233878326199 0.16451821969381708 59.21891255055667 1483.5342184654357 719.9315020203167 368.3600010148442 185.52405367963556 
1.4937935774993676 5.768012400121346 41.3344060704061 507.13657126220136 337.65901069018736 349.2547549446452 706.5107665341429 
5.486761394639359 46.98770166023944 19.13675309775935 425.5967624808146 303.6744098246713 7.3357451172044055 7343.233015744972 
0.4203913612519862 47.66105696308891 41.3344060704061 548.5578934705798 337.65901069018736 154.91291816905974 7178.367110745368 
52.12211917452263 0.2961502441067626 94.42874573478166 1483.463495231556 623.6005106354756 420.6838619514639 168.53842721461206 
0.3736255216513369 35.72408023325484 225.12282707292917 281.94450719468773 346.79585402333925 4.5910202631594 8553.01357302949 
1.4824705261538704 46.91140467069825 108.63804368843202 226.56894035164444 310.34530798249295 14.358944306668649 7275.44797147626 
0.9248934965109594 45.85183797306322 139.02421263976854 22.683274468745182 3.97793554014126 14.980927155259328 8717.11121635661 
4.943242094991283 0.4524705243476994 105.34434319420993 1476.2877785277642 413.5123388896771 246.59414869750643 7058.623400213484 
2.073381843583842 49.84922933323225 105.53551572021516 100.657665169046 121.85828911581144 8.055568337551183 525.7952016538861 
82.61461604492331 0.7394423171073385 89.13625783221184 1447.6101627006017 454.9403920013607 292.29985966492893 1237.7685999384557 
78.3165417797168 0.4538999810199032 89.69125760489848 1483.4013423116107 1177.593429678824 367.73312157616175 7162.037816877847 
56.623066053527566 0.17111202477495396 108.93251063031036 1429.1806435911617 726.985498990395 355.1204826656042 211.25117449696882 
0.41946785092480765 36.591100305890606 32.88003622913085 610.8319440697697 337.65901069018736 86.08995386043756 7068.952512183621 
0.08231301935536361 81.3238545864969 235.96413682536559 544.7167277586449 401.364405030172 70.98493388904217 6734.675356904335 
0.9139310137781664 46.0169959154272 19.13675309775935 429.1084432943725 303.6744098246713 7.275436704727212 7158.576423031393 
34.618011293609946 0.25406425706621155 104.5902221421878 1358.6841511531572 487.069430788745 262.2197573768283 7029.880685159171 
3.4755703733051204 0.703804450494015 103.69783664483646 712.4779436654617 454.9403920013607 153.90927573187358 7841.449886324854 
77.79595110946237 0.22173603109228962 82.015813633662 1358.6841511531572 332.2876604015492 262.2197573768283 196.0 
82.0 0.1313516943067512 82.0 1474.9582724630718 932.0044949739224 395.4167552847994 7020.4691235389655 
0.3028939933480821 31.00753264872462 59.29683276828814 324.61499940853025 346.79585402333925 0.4860838190438477 8177.75228856328 
12.732371765708788 1.303747596606776 235.96413682536559 566.7373734731879 401.364405030172 70.63836243030619 6734.675356904335 
4.436080169241402 45.969898614695005 277.09767045414367 73.52230305727679 129.8390872336709 3.3166141953749486 2598.5122776323415 
