-0.566 5971.0 
-0.566 5971.0 
0.622 2834.0 
-0.483 4156.0 
-0.554 5258.0 
-0.565 5875.0 
0.398 2977.0 
-0.559 5467.0 
-0.466 4060.0 
-0.423 3856.0 
0.364 2998.0 
-0.177 3402.0 
-0.029 3244.0 
-0.365 3658.0 
-0.564 5786.0 
-0.56 5547.0 
0.104 3160.0 
-0.002 3230.0 
0.347 3010.0 
-0.217 3408.0 
0.261 3062.0 
0.554 2879.0 
-0.553 5185.0 
-0.169 3371.0 
0.045 3204.0 
-0.348 3619.0 
-0.336 3601.0 
-0.563 5728.0 
-0.542 4883.0 
-0.531 4668.0 
0.241 3076.0 
0.087 3178.0 
-0.321 3557.0 
-0.517 4530.0 
-0.556 5376.0 
-0.488 4223.0 
-0.54 4809.0 
-0.407 3792.0 
-0.451 4001.0 
-0.269 3479.0 
0.528 2895.0 
-0.562 5658.0 
-0.535 4715.0 
-0.393 3756.0 
-0.545 4929.0 
-0.561 5613.0 
-0.076 3279.0 
-0.549 5055.0 
-0.438 3942.0 
-0.29 3517.0 
-0.375 3709.0 
-0.432 3895.0 
-0.537 4771.0 
0.474 2931.0 
-0.226 3418.0 
0.442 2949.0 
0.5 2915.0 
-0.133 3326.0 
0.321 3032.0 
-0.247 3455.0 
-0.148 3339.0 
0.318 3036.0 
-0.513 4438.0 
-0.556 5376.0 
-0.381 3725.0 
-0.524 4612.0 
0.132 3146.0 
-0.245 3440.0 
-0.052 3261.0 
0.188 3108.0 
0.285 3047.0 
0.218 3095.0 
-0.551 5124.0 
0.597 2851.0 
-0.113 3314.0 
0.176 3118.0 
-0.5 4304.0 
0.022 3213.0 
0.572 2869.0 
-0.521 4543.0 
0.148 3139.0 
-0.053 3272.0 
0.288 3045.0 
0.58 2863.0 
0.019 3220.0 
-0.492 4258.0 
0.221 3087.0 
-0.305 3539.0 
-0.107 3308.0 
-0.546 4989.0 
-0.522 4599.0 
0.517 2903.0 
-0.55 5106.0 
-0.508 4380.0 
-0.547 5001.0 
-0.404 3781.0 
0.421 2961.0 
0.064 3186.0 
0.421 2961.0 
-0.463 4037.0 
