-0.567 6102.0 
-0.567 6102.0 
0.625 2833.0 
-0.283 3494.0 
-0.447 3999.0 
-0.566 5959.0 
-0.508 4392.0 
-0.53 4675.0 
-0.311 3548.0 
0.296 3043.0 
-0.222 3429.0 
-0.564 5809.0 
-0.468 4100.0 
0.11 3160.0 
-0.46 4049.0 
-0.542 4864.0 
-0.001 3226.0 
-0.557 5368.0 
-0.207 3409.0 
-0.565 5894.0 
-0.55 5089.0 
-0.476 4168.0 
-0.498 4305.0 
-0.562 5677.0 
-0.524 4559.0 
0.214 3093.0 
-0.543 4948.0 
-0.563 5735.0 
-0.027 3247.0 
-0.514 4455.0 
-0.113 3312.0 
-0.137 3332.0 
-0.56 5588.0 
0.138 3143.0 
0.376 3001.0 
0.02 3219.0 
-0.34 3613.0 
0.538 2887.0 
-0.559 5469.0 
0.262 3061.0 
-0.484 4206.0 
-0.258 3461.0 
-0.519 4497.0 
-0.151 3353.0 
-0.539 4802.0 
0.407 2974.0 
-0.356 3639.0 
-0.183 3380.0 
0.585 2860.0 
-0.252 3453.0 
0.388 2986.0 
-0.05 3269.0 
-0.399 3776.0 
0.189 3109.0 
-0.432 3905.0 
-0.388 3741.0 
0.232 3083.0 
-0.548 5022.0 
-0.559 5469.0 
-0.534 4716.0 
0.453 2957.0 
-0.493 4244.0 
-0.377 3706.0 
-0.537 4759.0 
0.089 3168.0 
0.318 3035.0 
0.038 3205.0 
-0.561 5596.0 
-0.33 3583.0 
0.083 3185.0 
-0.183 3380.0 
-0.554 5234.0 
-0.555 5282.0 
-0.556 5321.0 
0.498 2913.0 
0.427 2958.0 
-0.406 3801.0 
-0.547 4993.0 
-0.551 5165.0 
-0.322 3568.0 
0.147 3133.0 
0.349 3007.0 
-0.037 3264.0 
0.493 2918.0 
0.562 2876.0 
-0.36 3675.0 
0.475 2934.0 
0.521 2904.0 
0.245 3073.0 
-0.072 3279.0 
0.346 3014.0 
-0.523 4550.0 
-0.087 3296.0 
-0.496 4276.0 
-0.416 3836.0 
0.047 3196.0 
0.184 3119.0 
0.558 2880.0 
-0.426 3865.0 
0.423 2964.0 
