-0.567 6068.0 
0.625 2832.0 
-0.547 5006.0 
-0.038 3258.0 
-0.566 5969.0 
-0.445 3952.0 
-0.283 3506.0 
-0.554 5216.0 
-0.458 4009.0 
-0.256 3457.0 
-0.337 3620.0 
0.228 3092.0 
0.557 2878.0 
-0.55 5095.0 
-0.563 5763.0 
-0.377 3711.0 
0.326 3022.0 
0.531 2897.0 
-0.074 3278.0 
-0.099 3298.0 
-0.561 5600.0 
-0.486 4201.0 
0.297 3039.0 
0.075 3179.0 
-0.361 3664.0 
-0.316 3570.0 
-0.544 4907.0 
0.147 3143.0 
-0.125 3317.0 
-0.564 5837.0 
-0.464 4068.0 
0.252 3073.0 
-0.436 3897.0 
-0.558 5423.0 
-0.54 4804.0 
-0.536 4735.0 
-0.565 5900.0 
0.167 3128.0 
0.419 2963.0 
0.455 2946.0 
0.512 2905.0 
-0.552 5153.0 
-0.407 3808.0 
0.108 3157.0 
-0.494 4264.0 
0.021 3212.0 
-0.5 4292.0 
-0.203 3392.0 
0.6 2850.0 
0.194 3110.0 
-0.559 5524.0 
-0.518 4517.0 
0.48 2925.0 
-0.02 3244.0 
-0.171 3361.0 
-0.557 5389.0 
-0.297 3515.0 
-0.522 4555.0 
-0.141 3331.0 
0.44 2952.0 
-0.509 4467.0 
-0.481 4153.0 
-0.353 3632.0 
0.49 2918.0 
0.399 2977.0 
-0.309 3552.0 
0.268 3059.0 
-0.422 3845.0 
-0.555 5313.0 
0.104 3162.0 
-0.4 3773.0 
0.283 3051.0 
-0.225 3421.0 
-0.425 3865.0 
-0.219 3412.0 
-0.082 3287.0 
-0.562 5683.0 
-0.001 3225.0 
-0.562 5683.0 
-0.527 4608.0 
-0.56 5542.0 
-0.471 4116.0 
0.369 2995.0 
-0.387 3748.0 
-0.555 5313.0 
-0.542 4857.0 
-0.506 4411.0 
0.621 2837.0 
-0.244 3440.0 
0.343 3012.0 
0.039 3206.0 
-0.186 3375.0 
0.584 2862.0 
-0.505 4361.0 
0.204 3104.0 
-0.002 3234.0 
-0.529 4644.0 
0.152 3133.0 
0.359 3000.0 
0.06 3188.0 
