-0.567 6087.0 
0.623 2835.0 
0.623 2835.0 
-0.567 6087.0 
0.339 3013.0 
0.549 2884.0 
-0.499 4286.0 
-0.566 6026.0 
0.161 3128.0 
-0.557 5402.0 
-0.289 3507.0 
0.6 2850.0 
-0.543 4876.0 
-0.564 5819.0 
-0.409 3814.0 
0.192 3105.0 
-0.559 5461.0 
-0.456 3997.0 
-0.278 3488.0 
-0.25 3456.0 
-0.008 3231.0 
-0.316 3564.0 
-0.467 4051.0 
-0.537 4819.0 
-0.563 5720.0 
-0.52 4508.0 
0.386 2988.0 
-0.55 5107.0 
0.23 3081.0 
-0.56 5555.0 
-0.512 4423.0 
-0.565 5889.0 
-0.505 4376.0 
-0.549 5037.0 
0.5 2913.0 
0.315 3030.0 
-0.394 3754.0 
0.458 2945.0 
-0.447 3945.0 
-0.562 5678.0 
-0.561 5596.0 
0.209 3095.0 
-0.42 3849.0 
-0.19 3380.0 
-0.552 5171.0 
-0.553 5223.0 
-0.231 3436.0 
0.026 3215.0 
-0.051 3264.0 
-0.109 3309.0 
-0.555 5291.0 
-0.471 4105.0 
-0.545 4974.0 
-0.128 3326.0 
-0.207 3406.0 
-0.096 3295.0 
-0.488 4202.0 
-0.528 4618.0 
0.533 2896.0 
0.107 3160.0 
-0.533 4698.0 
0.252 3071.0 
-0.383 3712.0 
-0.439 3913.0 
-0.352 3631.0 
-0.524 4565.0 
0.386 2988.0 
-0.362 3658.0 
0.133 3143.0 
0.296 3054.0 
0.119 3155.0 
-0.02 3239.0 
-0.156 3369.0 
0.432 2961.0 
-0.079 3286.0 
-0.536 4747.0 
-0.15 3340.0 
-0.481 4163.0 
0.601 2849.0 
0.41 2971.0 
0.493 2922.0 
0.432 2961.0 
0.301 3044.0 
0.41 2971.0 
-0.371 3689.0 
0.477 2927.0 
-0.14 3333.0 
-0.547 4977.0 
-0.431 3881.0 
-0.554 5289.0 
0.273 3056.0 
-0.565 5889.0 
-0.206 3397.0 
0.26 3066.0 
-0.336 3598.0 
-0.388 3739.0 
-0.24 3437.0 
0.067 3185.0 
0.08 3176.0 
-0.324 3570.0 
