-0.567 6100.0 
0.618 2842.0 
0.618 2842.0 
-0.532 4669.0 
-0.515 4494.0 
-0.564 5811.0 
0.191 3115.0 
-0.54 4879.0 
-0.203 3393.0 
-0.565 5991.0 
-0.555 5321.0 
-0.553 5233.0 
-0.433 3920.0 
-0.561 5672.0 
0.35 3009.0 
-0.551 5158.0 
-0.562 5740.0 
-0.499 4317.0 
0.294 3055.0 
0.554 2882.0 
-0.56 5585.0 
-0.039 3262.0 
0.031 3209.0 
0.389 2988.0 
-0.559 5536.0 
0.226 3087.0 
-0.509 4415.0 
0.367 3000.0 
0.408 2973.0 
-0.549 5092.0 
-0.394 3751.0 
-0.534 4773.0 
-0.501 4404.0 
0.32 3027.0 
-0.274 3488.0 
-0.538 4778.0 
-0.403 3785.0 
-0.144 3338.0 
0.158 3128.0 
-0.558 5458.0 
-0.181 3372.0 
-0.566 6063.0 
-0.544 4956.0 
0.531 2897.0 
-0.062 3270.0 
0.113 3156.0 
-0.357 3642.0 
-0.556 5405.0 
0.002 3225.0 
0.271 3061.0 
-0.254 3475.0 
0.081 3187.0 
-0.465 4106.0 
0.521 2904.0 
0.248 3072.0 
0.13 3149.0 
-0.163 3356.0 
-0.441 3945.0 
0.314 3034.0 
-0.312 3542.0 
-0.13 3325.0 
-0.418 3835.0 
-0.373 3681.0 
-0.118 3313.0 
-0.451 3972.0 
-0.249 3449.0 
-0.103 3304.0 
0.5 2917.0 
-0.414 3818.0 
-0.287 3508.0 
-0.342 3608.0 
-0.545 4978.0 
-0.473 4111.0 
0.426 2962.0 
-0.462 4035.0 
-0.456 3998.0 
-0.364 3658.0 
-0.23 3426.0 
-0.479 4155.0 
0.096 3167.0 
0.144 3137.0 
0.593 2856.0 
-0.488 4215.0 
-0.001 3230.0 
0.047 3208.0 
-0.383 3714.0 
-0.091 3294.0 
0.057 3191.0 
-0.491 4262.0 
-0.493 4279.0 
-0.323 3560.0 
0.573 2869.0 
0.227 3084.0 
-0.235 3434.0 
-0.021 3242.0 
-0.565 5991.0 
0.258 3064.0 
0.455 2944.0 
0.444 2950.0 
-0.546 5038.0 
