-0.567 6110.0 
0.624 2834.0 
-0.566 5952.0 
-0.506 4352.0 
-0.555 5353.0 
-0.517 4459.0 
0.487 2921.0 
-0.444 3964.0 
-0.524 4589.0 
-0.561 5631.0 
-0.554 5223.0 
-0.435 3898.0 
0.516 2902.0 
-0.26 3460.0 
0.187 3109.0 
-0.558 5412.0 
-0.134 3341.0 
-0.068 3273.0 
0.372 2997.0 
-0.459 4010.0 
-0.56 5520.0 
-0.287 3511.0 
-0.564 5795.0 
0.04 3202.0 
-0.347 3619.0 
-0.532 4669.0 
0.252 3070.0 
0.598 2851.0 
0.464 2938.0 
-0.5 4300.0 
-0.495 4253.0 
-0.546 4967.0 
-0.19 3379.0 
-0.085 3292.0 
0.406 2974.0 
-0.542 4877.0 
-0.273 3483.0 
-0.235 3429.0 
-0.317 3548.0 
-0.377 3716.0 
-0.111 3319.0 
-0.552 5192.0 
-0.42 3862.0 
-0.306 3531.0 
-0.537 4748.0 
-0.017 3240.0 
-0.465 4048.0 
-0.473 4088.0 
0.345 3011.0 
-0.548 5022.0 
-0.559 5495.0 
-0.563 5735.0 
0.209 3102.0 
-0.562 5687.0 
-0.178 3368.0 
0.092 3168.0 
0.228 3086.0 
-0.387 3750.0 
0.537 2891.0 
0.278 3053.0 
0.114 3165.0 
-0.416 3830.0 
-0.481 4148.0 
-0.006 3232.0 
0.16 3125.0 
-0.551 5109.0 
0.15 3133.0 
0.442 2948.0 
-0.353 3661.0 
-0.549 5101.0 
0.321 3028.0 
-0.045 3256.0 
-0.041 3254.0 
-0.534 4693.0 
0.014 3218.0 
-0.228 3423.0 
0.13 3151.0 
0.267 3062.0 
0.055 3193.0 
0.08 3180.0 
0.363 2999.0 
-0.391 3785.0 
-0.565 5868.0 
0.57 2870.0 
0.619 2837.0 
-0.367 3682.0 
-0.331 3587.0 
-0.156 3348.0 
-0.478 4128.0 
0.066 3185.0 
-0.212 3402.0 
-0.487 4207.0 
-0.159 3355.0 
0.42 2962.0 
0.298 3042.0 
0.302 3040.0 
-0.565 5868.0 
-0.538 4801.0 
-0.518 4503.0 
0.551 2883.0 
