-0.566 5938.0 
-0.566 5938.0 
0.624 2833.0 
0.132 3148.0 
0.089 3172.0 
-0.562 5651.0 
-0.492 4226.0 
0.377 2989.0 
0.018 3215.0 
-0.191 3387.0 
0.586 2858.0 
-0.557 5368.0 
-0.543 4865.0 
-0.538 4768.0 
0.336 3014.0 
-0.563 5760.0 
-0.565 5845.0 
0.54 2896.0 
0.154 3130.0 
-0.01 3233.0 
-0.551 5161.0 
-0.136 3329.0 
-0.165 3360.0 
0.277 3064.0 
-0.48 4134.0 
-0.428 3878.0 
-0.544 4906.0 
0.497 2915.0 
-0.554 5225.0 
0.237 3085.0 
-0.054 3264.0 
0.465 2938.0 
-0.496 4281.0 
-0.56 5540.0 
-0.361 3649.0 
-0.55 5094.0 
-0.548 5050.0 
-0.523 4598.0 
-0.561 5576.0 
-0.221 3415.0 
0.177 3119.0 
-0.409 3828.0 
-0.45 4010.0 
0.454 2960.0 
0.505 2910.0 
-0.155 3344.0 
-0.21 3400.0 
-0.513 4436.0 
-0.294 3507.0 
-0.402 3779.0 
-0.238 3442.0 
-0.373 3688.0 
-0.09 3294.0 
0.426 2962.0 
-0.443 3976.0 
-0.284 3496.0 
-0.42 3843.0 
-0.521 4518.0 
-0.558 5459.0 
-0.556 5310.0 
0.313 3028.0 
-0.111 3320.0 
0.62 2835.0 
-0.555 5277.0 
-0.564 5795.0 
-0.395 3760.0 
-0.457 4049.0 
-0.332 3601.0 
-0.517 4484.0 
-0.439 3926.0 
0.212 3092.0 
-0.529 4667.0 
-0.387 3728.0 
-0.065 3279.0 
-0.029 3248.0 
-0.559 5461.0 
0.069 3188.0 
0.039 3201.0 
-0.527 4619.0 
-0.351 3626.0 
-0.508 4373.0 
-0.547 4985.0 
-0.11 3306.0 
-0.08 3283.0 
0.252 3070.0 
0.19 3111.0 
-0.509 4399.0 
0.066 3197.0 
-0.339 3622.0 
0.044 3198.0 
-0.32 3568.0 
0.331 3020.0 
-0.547 4985.0 
-0.468 4091.0 
0.555 2879.0 
0.404 2973.0 
-0.255 3463.0 
0.26 3065.0 
-0.466 4058.0 
0.301 3036.0 
