-0.567 6024.0 
0.623 2836.0 
0.247 3072.0 
0.305 3038.0 
-0.26 3462.0 
-0.535 4721.0 
-0.56 5532.0 
-0.564 5803.0 
0.232 3083.0 
-0.221 3414.0 
-0.103 3303.0 
-0.336 3595.0 
-0.229 3442.0 
-0.566 5947.0 
-0.187 3385.0 
0.196 3105.0 
0.148 3138.0 
0.494 2920.0 
-0.369 3673.0 
-0.538 4834.0 
-0.281 3490.0 
0.177 3121.0 
-0.066 3272.0 
0.332 3019.0 
-0.158 3354.0 
-0.462 4041.0 
-0.559 5464.0 
0.388 2992.0 
0.407 2979.0 
-0.547 4989.0 
-0.454 3988.0 
-0.523 4558.0 
-0.502 4310.0 
-0.493 4277.0 
0.118 3155.0 
0.55 2881.0 
-0.056 3264.0 
-0.448 3957.0 
0.058 3189.0 
-0.127 3329.0 
0.533 2897.0 
-0.394 3754.0 
-0.49 4223.0 
-0.556 5331.0 
-0.321 3556.0 
-0.55 5081.0 
0.598 2851.0 
-0.178 3383.0 
-0.147 3338.0 
-0.562 5634.0 
-0.006 3234.0 
0.464 2940.0 
-0.549 5053.0 
-0.314 3542.0 
-0.563 5708.0 
0.134 3150.0 
0.096 3167.0 
0.466 2935.0 
-0.511 4421.0 
-0.469 4075.0 
-0.545 4942.0 
-0.507 4359.0 
0.423 2964.0 
-0.518 4501.0 
-0.555 5261.0 
0.433 2955.0 
-0.474 4103.0 
0.314 3037.0 
-0.113 3315.0 
-0.353 3634.0 
-0.553 5196.0 
-0.485 4186.0 
-0.557 5368.0 
0.044 3200.0 
-0.297 3521.0 
-0.031 3245.0 
-0.551 5159.0 
-0.352 3630.0 
0.568 2873.0 
0.622 2837.0 
-0.562 5634.0 
-0.379 3707.0 
-0.031 3245.0 
-0.53 4658.0 
-0.414 3828.0 
-0.565 5877.0 
-0.563 5708.0 
0.022 3216.0 
-0.532 4669.0 
-0.514 4467.0 
0.51 2910.0 
0.589 2858.0 
-0.435 3923.0 
-0.43 3898.0 
0.033 3209.0 
-0.48 4137.0 
0.517 2906.0 
0.352 3010.0 
-0.293 3512.0 
-0.403 3785.0 
