0.006495844539431108
0.006477329978188181
0.006269213666147163
0.008465961546696175
0.007461338977191161
0.0057432771549598
0.006511631855307703
0.006803949541824836
0.0069378990534080445
0.006575243484942727
0.006103211988415841
0.0069185683149951115
0.006417737496682525
0.0063543573314734595
0.00650274907140214
0.006613506133385997
0.006912157467035599
0.0064914128187291515
0.006460337441057732
0.007644840101892715
0.00670657946885363
0.0072096362295052665
0.007308512653998967
0.006874481215776654
0.0066996255332918715
0.007185854729633061
0.0068315517183035615
0.006686637936214846
0.006607593929182769
0.007008290212502229
