61.760347649858865 0.14061514821024845 1499.9846344572425 1458.40937768149 1355.504120024028 
61.760347649858865 0.15400394379972976 1499.9977445300256 1458.40937768149 1355.504120024028 
0.07179467563283537 46.75187657013113 1.7574452195520465 0.418282679369145 0.406939999493195 
0.07179467563283537 46.75187657013113 1.7574452195520465 0.418282679369145 0.406939999493195 
0.001053870508875121 36.21721518188018 1.4028610741419776 309.406041845964 2.411352452230294 
0.005335415261418855 49.83817521155529 4.261893892915358 52.196998196312705 0.6230460212929911 
0.1300066344076285 46.64421393944154 406.6045717535984 417.93226004072335 24.86587849091299 
0.25958934809853507 44.23933311074973 16.958774309439733 335.2977121497938 0.4256500893469274 
7.606124293767465 45.09229732259693 14.967439200632342 0.6996871316979472 8.301206369338846 
0.03858087033596949 49.93330746611415 34.3550843816057 0.46285409331013083 0.31657048698882967 
70.22381349845706 0.05174086079183651 1499.887976335921 1123.1472733593946 513.9222423396409 
21.49069708384748 0.21696813355725642 1494.862273036234 725.5177876990042 456.89817147581635 
0.6663163899552887 46.808883027177195 777.2433277875687 343.5208708001011 59.481745165935834 
21.013204547073627 55.79746294807612 330.8478111045312 322.61995639038406 4.462328211858761 
25.608726617188495 0.22687799284881544 970.4370015633044 573.1356345251066 271.299986755691 
7.534861355977071 59.78380812720803 53.698344895307116 76.4876503867507 1.2264494031911939 
70.46453300428351 0.004419825475099337 1497.3952196149583 1473.116199495168 911.2606066288646 
0.225810933444766 44.222737294408894 534.7342821418046 353.28665681222793 82.3503584457219 
0.03858087033596949 33.152833246081926 565.9199182390903 373.6044330578879 0.027521829095373818 
25.911914176511566 44.2003179515314 665.4452703109268 367.401464864099 262.8026253452498 
0.6663163899552887 46.376826499065324 24.031491767607108 249.72742946780465 0.5429619219530573 
0.014869941953095954 44.215734733023666 0.9728555909292846 285.68980865952136 0.10042924889957935 
74.30336097174191 0.035132966025362644 1497.4167449264723 1431.7823779390153 818.7631643105232 
25.80014079379031 6.247735378812069E-4 965.7788042152932 510.45644487192 272.0355116783336 
0.07573742254566819 47.030773156511835 16.574424160275118 99.60009619262264 4.483373933766643 
78.1101990328415 0.03331258960135078 1498.2513300846842 1374.9850058490729 438.49541223201817 
54.42068967171294 0.0012604917341415278 1167.8097862944037 510.45644487192 299.04036578819887 
0.7832658807549411 44.222737294408894 16.958774309439733 127.0184936351374 0.4256500893469274 
56.29698737263258 10.140558143592118 878.6405934513331 375.46943288925917 65.47106462797095 
0.01723414925473793 53.71216101779925 225.45770376093066 29.9747344547485 0.09260358030248161 
0.007812596144116113 80.1967811313786 37.30152267433284 205.84119093324557 2.4688166274625165 
68.49778017647498 0.03480416995771138 1491.3010478586073 1123.1472733593946 855.0388050468326 
0.6724937345582305 0.005016842129968099 1465.3925010046112 533.8519759780966 272.0355116783336 
20.361029742516898 0.21696813355725642 1490.5731881222575 854.2003519807042 456.89817147581635 
81.95249373718394 0.03330742317282485 1497.4163690066882 1360.1387580339876 818.7631643105232 
0.6056700122429799 52.63329608317131 254.4435218305756 315.91838484972936 2.4688166274625165 
0.04756338967621043 47.422550832379756 441.2114409147648 368.37837609316284 0.400740117719696 
0.15125456295878992 47.11154222005109 196.2299668022328 330.53874555316526 2.438530087824913 
0.22617752882964282 44.85287630019771 441.2114409147648 330.80636503156643 1.9937759964675195 
53.201638248326944 0.07481829445987587 1487.881913555994 933.6696562271852 445.91405684018605 
1.590690557457787 46.55662676702518 37.19692215288933 188.1906165550553 0.2933035162233608 
1.590690557457787 46.55662676702518 82.1992318276305 188.1906165550553 0.2933035162233608 
67.54609483700493 0.07950916981150682 1498.362518968087 613.8692173246038 367.9873296278719 
0.0029256244804187204 104.25016987076488 245.63814133959806 387.1772236368882 5.303261388413334 
61.760347649858865 0.13172774788648717 1499.8853309452843 1298.9547440013944 535.7249032889858 
66.68976522311036 0.07861962647566756 1498.5113557932789 978.3157117603646 435.53668410550466 
78.1101990328415 0.03331258960135078 1498.2513300846842 477.16293086978635 438.49541223201817 
0.12186014330783072 46.55242087573722 11.937766421093 315.0454776619591 0.5443077077976972 
0.03107350111971339 41.973308138408676 220.01384202409633 334.53530632189864 0.22835866885951905 
22.588397137203266 0.1997904551632997 699.9313455171584 455.39145660808316 37.93901922853985 
25.80014079379031 1.798447746746375 879.6408103746605 533.8519759780966 272.0355116783336 
0.06024708002277346 46.75187657013113 1.7574452195520465 195.6030501377689 0.406939999493195 
0.6056700122429799 52.63329608317131 254.4435218305756 350.42186301577806 59.8960949540172 
1.6134166066356093E-7 36.21721518188018 1.4028610741419776 389.7775073772641 0.04276241955929949 
0.07179467563283537 47.614258684493336 16.867261141934932 84.04073730571857 0.406939999493195 
53.238448293445146 0.007186068175534049 1489.1246109653907 1078.5442649119043 474.88917746779384 
0.7870388545443952 44.222737294408894 106.31823042946073 364.27159798894934 1.6334097596717605 
0.6595607553529736 49.32606459195399 21.187199026313824 139.53601010872805 0.5429783970407251 
0.22153204106500124 44.208173419481234 39.58566658490239 338.0779215719277 0.5115634604248963 
0.06824593210369034 44.21619170894393 0.9728555909292846 283.93304778704214 0.10042924889957935 
56.56936277961921 0.21696813355725642 1498.362518968087 555.4955454494749 367.9873296278719 
54.42068967171294 7.058652537905719E-5 1487.3989239801992 364.12899354621607 271.9547207730809 
56.518553786225574 0.057825608283195294 1498.5113557932789 1033.5057351063986 428.41969938564966 
0.008310724545591723 42.077760401865426 476.92590519546286 279.15691750827654 2.3949643651461474 
53.201638248326944 1.347181428133613 729.7922919214566 381.88083176801564 431.8504065045498 
0.001053870508875121 43.4243018871911 0.16880539899078428 355.0853983679675 2.411352452230294 
3.22636096038433 44.222737294408894 350.40120294813596 381.7220186775428 82.3503584457219 
0.6767886083397201 58.766644011573796 35.942397663702536 133.5804979503988 1.2264494031911939 
1.6719915671160308 0.042944557962681804 713.6209456494311 455.39145660808316 310.754182860945 
2.3079280425401385 45.67944705136581 24.031491767607108 181.15308600158522 0.5429783970407251 
1.4023525207488627 44.2003179515314 665.4452703109268 367.401464864099 0.48045401266952803 
0.6056700122429799 52.63329608317131 254.4435218305756 350.42186301577806 2.4688166274625165 
0.03858087033596949 44.85901334162022 15.228406402899111 368.9184663879628 0.40772488374645866 
94.0 0.22687799284881544 970.4370015633044 573.1356345251066 271.299986755691 
28.558689370688366 0.05174086079183651 1499.9673191422694 398.6720383876076 316.1456156122732 
0.019077410593523962 59.78380812720803 2.0227860592275064 81.88121460146306 1.2264494031911939 
55.17535857352027 0.23133620577405672 1499.8435834371173 1119.9301477789395 468.2128998407269 
0.00791299704996068 42.02990724668517 476.92590519546286 281.9659069387682 2.3950234739672687 
0.03301441593134333 46.62030437475711 23.045489680253173 383.46823487737953 37.026297605114095 
0.01723414925473793 53.71216101779925 303.21863394808565 21.291769202644012 0.09260358030248161 
3.370669020649464 44.222737294408894 902.2432576679979 364.27159798894934 1.6334097596717605 
1.4012237864652357 44.2003179515314 665.4452703109268 367.115234183052 0.45711617099111757 
0.001053870508875121 44.503166821810574 2.6515561622362043 66.7458320233279 2.411352452230294 
53.238448293445146 0.007186068175534049 1498.8240263626267 1464.9410113234371 474.88917746779384 
0.09217205512610538 49.83817521155529 16.009710822390367 56.93399609770225 0.9414731419628086 
53.85520625513478 1.4531487399888077E-4 1485.6996170248442 510.45644487192 261.8034211858849 
0.5458192304814808 44.77530909942909 49.4130052991315 383.46823487737953 0.5442912327100293 
0.01155799131984947 44.855023040910375 245.63814133959806 347.9429161774767 5.217532304256263 
57.374883400118875 0.058715151617828504 1498.362518968087 613.8692173246038 367.9873296278719 
52.64521001188039 0.03490739528878076 1499.9787905794626 738.2670726596446 471.6477511861562 
0.12186014330783072 46.55242087573722 11.937766421093 315.0454776619591 0.5443077077976972 
0.6663163899552887 46.36917867641221 24.031491767607108 239.95017083799755 0.5429783970407251 
0.007345434934011512 58.05697898737954 2.0227860592275064 372.8240470035748 1.185186570177329 
0.01723414925473793 52.63329608317131 205.92290124126538 315.91838484972936 0.09260358030248161 
70.46453300428351 0.004419825475099337 1497.3952196149583 1473.116199495168 911.2606066288646 
21.076186825504138 0.2288896141520418 565.9199182390903 373.6044330578879 0.027521829095373818 
0.003812473431131641 46.62030437475711 23.045489680253173 383.46823487737953 3.601902891488622 
3.22636096038433 44.222737294408894 648.3359572228014 381.7220186775428 82.3503584457219 
0.44720076907186534 46.12545824689316 878.6405934513331 375.46943288925917 84.31550295290985 
90.0 0.0020826189181153976 971.3302909192573 573.1356345251066 299.01274417649023 
