79.3726009704765 0.08740529071486591 1499.7714062260156 1497.629163097918 1048.029058472663 
0.029153196846893072 60.81020490590173 1.4300031869687553 0.3659998054166804 4.969773375022259 
0.5935509734208273 45.873235106867654 19.63479179969192 210.54795993312874 1.8371889262875523 
0.25219921130477413 61.52702704139327 38.794887243527405 165.0184248396754 7.411550844174942 
0.1260212854931244 40.11119960956994 392.5304648343607 321.9898418448287 10.095759485546179 
36.50517339915198 0.25945165361938216 1456.9984154540966 578.6703419079441 355.5607935315641 
60.41135497999463 0.17193520536135506 1489.2954740506461 1192.3690487157207 683.47170992633 
79.14849237643092 0.08740529071486591 1499.7714062260156 1461.1929736613615 591.0041134035174 
0.5807105502862253 45.87316888314403 33.635455103264945 210.54795993312874 3.0594057851795893 
1.9544956632294364 38.98318054011818 325.801844717405 321.4047868512967 4.683847905293829 
0.1260212854931244 40.11119960956994 176.3396331551919 321.9898418448287 9.126210170304677 
2.471238098512103 17.79151843944383 477.44651014467036 348.35148434863845 41.10217092643856 
2.26514817098553 88.4830863363978 457.2720061126561 247.7007253258886 9.458840437077415 
79.33928395902596 0.08740529071486591 1499.7714062260156 1423.5436141290359 1048.029058472663 
2.234410010925055 58.86076575161061 390.885755612901 247.7007253258886 7.652619422474258 
0.6582266141125752 45.86100603802371 29.41499667200524 236.15800278456936 3.0422873371348866 
0.23874549295096315 46.10988661389065 10.926201580190904 274.16071502668274 24.41566369837424 
0.23873689419711241 46.11039489546369 78.69042864522959 24.89836744973644 7.783293047982227 
0.018338436455181295 44.263733846911784 620.2720914129455 353.1369984194165 47.08997024360906 
80.17165308423846 0.17550070436629514 1269.8996677232 720.0706624552166 500.8165660869383 
0.1785928258342826 40.0620451998323 407.6801300854112 339.2465330207801 9.063546043854904 
2.4996312794917035 38.96821362526343 22.565098883189535 247.57935405163022 9.708369005685263 
0.41578883359900964 45.86100603802371 32.23053336843935 395.49755452205204 7.599005196901771 
0.6582266141125752 58.077713641690224 29.41499667200524 154.22694070079626 2.7285585676711372 
0.7821410680246252 45.741948027941746 191.10509383712588 348.35148434863845 41.10217092643856 
0.03882703518051045 4.421730943811788 849.0482377839642 434.87608529443696 220.96931923126277 
61.64280281845966 0.17427592394317504 1490.0012236878053 1123.6810193860258 683.47170992633 
0.5892258932283391 45.87316888314403 191.10509383712588 13.233711932352747 7.031674119217577 
4.392217203786885 39.893357969318295 16.094747726062792 110.46254391830605 3.5707026516581504 
83.0 0.017638436455589046 1488.9829586591368 720.0706624552166 487.6259389851052 
17.227305113289244 0.9613840885576632 815.5114145159245 374.66640943935215 221.79885755931875 
23.401441565844806 0.1520602480124591 1486.0449548760482 492.3472677939664 153.7998316231412 
36.5150456478929 0.1520602480124591 1084.9212799594384 511.73354894942315 158.660090119185 
0.004998609224055341 6.365151567074484 1034.952298080856 561.7646002268957 177.26837078548363 
0.3639164840350365 38.96821362526343 8.2652163656038 296.10933351039085 9.692471086152295 
0.029153196846893072 60.81020490590173 7.293960067332705 40.21069726854161 2.108695718661858 
0.41578883359900964 45.86100603802371 22.660563416776082 395.49755452205204 2.9268115047862744 
17.227305113289244 0.9613840885576632 762.6223497249406 375.17212920245316 236.0794400730875 
0.41578883359900964 45.86100603802371 0.6901593098046064 338.06306345096635 2.861137659974464 
1.9544956632294364 38.98318054011818 325.801844717405 238.41738275592493 9.848667556278002 
1.665461179341321 45.91454831235241 38.551963713716646 24.477542589304605 5.537299619797807 
8.871683555083138 46.075463918817896 643.8748538648649 412.86505390794383 13.139227242194627 
61.93996071673833 0.14457027530918817 1064.1998628072795 381.33863712740293 232.40659157023896 
56.83643467557842 0.12264024057700301 1475.1398323862204 1066.4063112431472 540.5045005420305 
0.7596593169438481 38.67463263793675 480.0703928163359 350.39467790594784 9.391719694595167 
82.09349345247696 0.14062326973922643 1498.0880999425156 763.5400404098542 592.9917937412345 
0.029153196846893072 60.81020490590173 1.4300031869687553 14.243808380830757 7.528550969087068 
9.382821214087738 58.86076575161061 390.885755612901 234.0436469921318 7.652619422474258 
0.5807105502862253 45.87316888314403 191.10509383712588 348.35148434863845 0.19367726727026024 
80.54310167725906 0.1403061557057692 1499.4171593722945 1263.1187421674288 683.1422272017204 
2.0369725810199117 45.2193809045558 77.97535758919932 324.26867646346466 0.9775761659945941 
0.7774555274819551 57.30440064100119 77.25698923727595 41.62852519087255 9.468365020951309 
54.63151857336622 0.08634878542433835 1497.887359531996 763.5400404098542 590.567966481215 
0.17092253037412572 39.00239169922216 477.06509989653824 339.503250175565 9.4081706562543 
79.35707113412788 0.010949695349481078 1498.7312379024247 1400.6121482206438 512.5459121132552 
0.5892258932283391 45.87316888314403 219.37716223926822 147.64641167940738 2.621838763633989 
0.20032872767667978 44.00327175899946 30.066686110667376 295.19078685536505 10.133428459783934 
0.6582266141125752 58.0567469474109 37.482884109781494 67.97054260518179 3.222917482118474 
36.50517339915198 0.2589078381929383 1023.6525589670435 578.6703419079441 377.86282824864224 
10.424462347113689 0.29169132679220566 803.1858780892015 480.37346550891806 220.1864594382608 
78.41792005396135 0.005636336350931304 1489.8234263269624 722.8603032081692 373.2941441804198 
36.5150456478929 0.1520602480124591 1151.0120079392166 511.73354894942315 165.9711666401129 
0.23873689419711241 46.11039489546369 17.86744316814054 105.9668853008349 17.312175490809068 
66.27381186833865 2.3089268482669545 1225.484919464388 541.1314057336998 249.96126030488222 
53.372867855283744 0.13902351329238918 1499.8280369405757 985.2534546066657 541.3891536307482 
0.23873689419711241 46.11039489546369 10.520860834904973 105.9668853008349 7.783293047982227 
7.017400354234656 0.1520602480124591 991.9525222951135 384.5132525758638 203.3574164592163 
8.597488328302982E-4 58.58536789803932 58.42858179634087 141.59218737462845 34.10121473133415 
0.41578883359900964 69.17171878472253 86.6744893242607 395.49755452205204 2.9268115047862744 
4.60199755271594 45.59649996969906 605.3964229720426 330.70890154038824 12.303359063649026 
81.33740873515298 0.30202657417252865 1497.8782669437032 884.3673826175087 572.2308825511616 
9.965769897998108 1.3493642958456213 920.133650364983 515.9187720645959 212.27427276395866 
82.0 0.1403061557057692 1498.0880999425156 982.0832019116733 746.3134211381205 
0.1785928258342826 40.0620451998323 3.8392809908449124 342.710403016349 9.311589216310404 
2.049736903437071 50.688066728186186 450.61805396422426 307.90629939405784 85.883317446539 
0.07742704818429966 45.91454831235241 38.551963713716646 367.25635034991456 0.10668078398028058 
81.33740873515298 0.3025703895989733 1458.810963906335 884.3673826175087 549.9288482746513 
2.0232004928979634 45.59649996969906 605.3964229720426 332.27450818243545 12.303359063649026 
0.03882703518051045 61.52702704139327 30.066686110667376 12.61928977654324 10.114784717289856 
0.029153196846893072 60.81020490590173 1.4300031869687553 0.3659998054166804 7.528550969087068 
80.64635561158822 0.14176442036883288 1498.504508138073 1263.1187421674288 683.1422272017204 
23.966911623188633 45.20323629200453 643.8748538648649 348.90389607210295 11.174642322911751 
0.07742704818429966 45.91454831235241 38.551963713716646 367.25635034991456 0.4678545188888772 
78.41792005396135 0.059632325876114445 1489.8234263269624 498.24736391960624 237.15415416605532 
35.14352334823835 41.79864482902833 643.8748538648649 348.90389607210295 281.8222097330031 
79.69928633221123 0.1686220191206203 1499.3212100881065 1399.820127043166 933.6462502685904 
79.35707113412788 0.010949695349481078 1498.7312379024247 1400.6121482206438 512.5459121132552 
0.17092253037412572 39.00049812018672 29.41499667200524 339.503250175565 9.105210528614986 
37.3159245373309 0.25945165361938216 1456.9984154540966 578.6703419079441 226.37767913902422 
66.27381186833865 3.998610124628552 1234.9739734969503 511.50748895292475 233.17194362242867 
0.7803103158091254 57.30440064100119 37.482884109781494 41.09330182423241 9.468365020951309 
0.09740179119875453 60.81020490590173 31.81045309859315 0.3659998054166804 4.969773375022259 
4.60199755271594 0.7300653700037714 605.3964229720426 513.7249692282634 118.17245590433149 
35.19941190477452 46.06412986433241 643.8748538648649 412.86505390794383 288.2686002173678 
0.5618006954642629 41.38239594975313 6.568033161229181 347.3428257978116 9.391719694595167 
41.32482556777504 0.14457027530918817 973.0587675963676 381.33863712740293 232.40659157023896 
0.004998609224055341 60.81020490590173 98.04661380317783 0.3659998054166804 3.449626316467792 
0.011784879811070237 56.717896853502424 54.32959315437291 125.35717879725317 18.06044702407978 
2.893872274328288 50.92055541198317 450.61805396422426 311.7460894096271 48.83102366851972 
32.138010146155366 46.06412986433241 643.8748538648649 412.86505390794383 13.220239410769096 
