82.0 0.45451389008134396 1488.1578736574188 1484.0924426164422 965.2015033493868 
82.0 0.45451389008134396 1488.1578736574188 1484.0924426164422 965.2015033493868 
0.42969078572712843 56.195250344631965 1.3032195491355196 1.401591423647318 1.3027295676824902 
33.40974266082718 0.0026698727111497123 904.445135611494 435.9821428858616 292.24414585087953 
50.54676500827915 0.023131922846422376 1499.1218460067976 890.5915167261551 786.0264273783373 
50.49162402050352 0.418230075542452 1499.1007377838444 1486.3702026069766 782.6569827191045 
0.4115989869709913 53.14076153213277 11.670985262415172 128.013956854731 0.5225285104670867 
81.93682574651376 0.11664414561498904 1491.544085680789 1103.8544446979179 689.4884130920109 
34.24679301166082 0.0026698727111497123 926.9270835624798 436.1474362925301 5.312063129614103 
2.3643538584565285 40.2329180352038 736.9294306679676 395.5966689016233 167.98300781980333 
0.45715943653258717 46.72266797838229 40.90911325682619 129.05914445256047 1.166155476347357 
38.28105607948987 38.50343691069885 318.5677369974177 259.09501167264517 0.675927553373691 
0.00842755941568285 47.02343162058278 1.716181270511015 391.35843774923103 0.9409593223708934 
1.125293720161212 54.31792170383136 574.1728553009132 384.22125794353695 10.630298155580123 
81.9374983233739 0.4356189519360778 1491.616659094714 1478.265226245766 511.81273367264976 
82.0 0.21701584508795158 1491.7199904692307 1258.8578579458836 484.398335058411 
0.08487732872905696 50.347709349738224 22.229239318537896 296.7740724688589 0.6746370193474179 
0.11037099524277116 47.02343162058278 71.29390223326743 327.10478353015554 9.365289893120433 
0.43286631418163457 66.28860873663535 1.2508749290723666 166.3242681085005 1.0214394670532023 
2.8300312103597163 43.01962949718873 302.1034749077796 333.21651541714573 5.722377511912305 
0.031265789614212336 56.452105271867154 33.64554672344215 194.969185916509 2.062875532712814 
0.03014978147045211 53.77668077363029 9.84218172681806 36.06370197646444 2.062875532712814 
50.54676500827915 0.023131922846422376 1499.1218460067976 890.5915167261551 602.5723766015926 
2.736950443030791 43.08690989943221 320.09409276941744 259.09501167264517 74.55465307357106 
0.03727537919347057 49.15522969420202 171.55081277951376 232.52409660270942 3.965993238006094 
0.40918866760945916 41.51610039973578 493.7101193326232 405.6004179350084 2.587000385810029 
38.060477824047176 38.50343691069885 419.4950650751033 386.05757011778314 0.675927553373691 
82.0 0.06392813784003776 1472.2080245315667 1349.1791725133412 739.2546859913473 
83.0 0.115622876050125 1498.086905645295 671.250414499449 333.45960373700285 
34.13572241119691 0.28754127985610084 1491.0599375337931 466.40710647310993 457.4706775997571 
0.13188210146662466 45.25375114019104 8.608661270793675 222.60815571153657 6.060244339684067 
5.229758958451571 57.291342687402974 3.7173863643582123 312.0948143275454 9.283885205191474 
0.40918866760945916 41.51610039973578 524.7061598381503 325.00276866062 2.587000385810029 
86.52510743100945 0.4356189519360778 1089.9140892227165 538.0103512291623 505.8970433640728 
82.0 0.3728202172951054 1485.261403322324 913.1987501043054 969.1074913060047 
34.24679301166082 0.0026698727111497123 904.445135611494 436.1474362925301 457.8464052244406 
28.461079149050423 0.115622876050125 1498.086905645295 671.250414499449 290.28915867299065 
2.3643538584565285 29.52210523074414 631.4914940648447 402.77216271375886 167.98300781980333 
0.7488143878568891 6.56537623760152 994.0218768848772 381.38362096772977 12.346607083628712 
5.950571449887341 39.12164447490555 349.87379353257757 354.04339669625404 21.08351836445243 
0.41191254725647064 53.165829053726355 5.115891747920479 54.70506716203095 0.6320741927941662 
75.41561070671779 0.0032323740383210786 1472.2469058834427 1308.948147681863 684.7072350654681 
28.296905689207435 0.115622876050125 1498.086905645295 579.7100506343862 290.28915867299065 
0.05121080218241025 29.059356816205312 628.919475246656 326.78724502796376 281.4124351461849 
44.9333325403463 0.115622876050125 1490.9001301281046 774.7691687406284 290.28915867299065 
75.41561070671779 0.0682539875255408 1485.6328836853909 1308.948147681863 547.0610689459106 
0.1336872509474934 45.79816070889158 75.21172453080004 373.9573541361449 1.1967196844683508 
32.2187497066604 0.023131922846422376 1499.1218460067976 873.4847450467496 373.63754808297256 
6.425091586741475 25.0692996787619 832.171268472475 463.3167236317047 0.4083264678312464 
6.425091586741475 20.74382677483908 388.69226274795625 347.66549697835694 0.4089106260187246 
0.13059807294181836 38.79682127037385 744.2098501021511 312.0948143275454 13.552422847100416 
22.748963991070504 57.89670305573531 724.0076223094926 399.3617766191536 211.1501915563618 
49.72952435709627 0.42735742812235267 1427.4234895435777 666.5412682464959 275.2430272401757 
0.9373552693936076 46.82881578258417 26.35314516235867 71.16957916572801 1.166155476347357 
0.13307346200431258 45.53886994979912 360.0974927295259 307.94667577469244 1.166155476347357 
0.03146840559997344 50.06892348219939 21.719188241516676 94.89731120383964 2.1039663267118205 
0.9373552693936076 39.73686681548406 0.7649232264564887 71.16957916572801 1.166155476347357 
0.13307346200431258 44.45415094807318 225.7092736564654 307.94667577469244 16.749205702711336 
0.875633268115734 46.82881578258417 205.22619590500292 45.317813043462095 1.1632516050282244 
6.425091586741475 27.512353481196346 319.3099780676538 347.66549697835694 2.7208992877704077 
0.3012187650918954 43.01962949718873 301.3266755693869 272.81703512501264 6.066890539247697 
0.2382870633866503 47.02343162058278 275.83288301174207 1.452349818502313 5.085084484527152 
49.932693955129864 0.24354063473900384 1344.0847324020215 388.4011457894745 293.42939238700944 
81.99746777600345 0.3728202172951054 1485.261403322324 913.1987501043054 969.1074913060047 
0.40918866760945916 41.51610039973578 494.57501017288354 388.1674521135363 311.68434108007284 
88.0 0.26743002209745587 1156.466849382964 647.574597692847 311.3371739171037 
0.1429978689625458 42.58751994498105 56.843568160615725 256.84401833172916 3.2528515193599574 
0.031185129233880032 41.2898873488424 386.70452198449755 309.43768161597905 6.060244339684067 
0.408958883463289 58.20018221506165 11.503963110240615 399.6139446771212 1.8004694766838312 
0.03014978147045211 53.77668077363029 9.84218172681806 254.741087020044 0.50695612040386 
0.02732010752031666 56.452105271867154 33.64554672344215 181.46527432064 0.6578677949989657 
0.2742623236943616 53.66391937240659 186.86975214133213 119.60021296743278 2.0352920533684595 
58.2181635946277 0.06960848934541808 1499.561564916511 833.0970763463132 579.6686805484109 
0.09266887733184248 52.8769462350494 1.3032195491355196 15.940595450944272 1.2772940735265892 
0.3012187650918954 43.01962949718873 301.3266755693869 244.93844650501438 16.02071056308918 
0.17279554701334607 45.25375114019104 68.3414877198607 222.60815571153657 6.060244339684067 
4.616362449667712 0.26743002209745587 1156.466849382964 459.77062117227115 238.94764602667584 
0.4115989869709913 38.57838682023596 5.115891747920479 356.67467163284505 0.6559309439651041 
0.3116395790072346 47.02343162058278 41.04039190952338 4.003795689833346 5.02416365726119 
5.911218122513103 2.529247260000698 1403.0702634203742 511.98578801789085 275.50829514669965 
0.03727537919347057 48.9489038004187 171.55081277951376 172.12069322296688 1.9306345570512067 
1.0920315324898964 47.02343162058278 275.83288301174207 224.38758531138734 4.873608106744411 
5.363481450371133E-4 55.234400403813964 9.84218172681806 194.969185916509 2.062875532712814 
0.3884683289638057 56.170182823038374 38.6561200411262 1.303378645972629 2.0521814988872267 
0.4115989869709913 31.472440105390625 3.5069458144008556 356.67467163284505 0.6559309439651041 
49.60484573250106 0.0025411165591872065 928.7601365999328 436.1474362925301 457.8464052244406 
0.03014978147045211 47.42800944377656 9.84218172681806 235.30582491865243 1.697287068882423 
0.3116395790072346 47.02343162058278 383.7518602527273 404.56738205416525 5.02416365726119 
0.603410721492629 67.10305408585255 181.31145009018937 322.98572649509606 0.3955396563621114 
32.75675336415366 0.10799133326988017 1486.3382795994337 854.6932870613921 273.7416840349309 
108.8469707577261 2.972078438020052 1386.54476265114 466.40710647310993 288.1963528347497 
0.3116395790072346 47.02343162058278 17.399411164337486 52.732643010517194 4.379949541785848 
44.9333325403463 0.115622876050125 1490.9001301281046 835.0652998702087 579.6686805484109 
34.57464123750214 0.15886908465015986 1319.7452948874868 388.4011457894745 228.78519592174433 
44.9333325403463 0.10799133326988017 1486.3382795994337 854.6932870613921 273.7416840349309 
0.33466457016716833 53.57876396471971 631.4914940648447 402.77216271375886 167.98300781980333 
0.2900623828305207 56.195250344631965 1.3032195491355196 120.9041238094472 2.0521814988872267 
0.031265789614212336 56.452105271867154 33.64554672344215 313.1795354286622 2.051964437541612 
0.2900623828305207 56.195250344631965 1.3032195491355196 120.9041238094472 2.0521814988872267 
26.10998441938419 2.9937579193436537 876.3827811640165 381.38362096772977 211.7310207518305 
