0.14669839631731607 55.2746009071999 3.8410466112114774 0.15135314883228895 0.9488557656569707 
80.93846267853408 0.018358948920402712 1495.1345025558164 1460.9403692288822 937.6297771798559 
2.643671476075448 42.85395609268819 489.8523309726367 381.1505063033323 0.9488557656569707 
3.0317296219029055 0.08115598391562018 905.5699929547256 401.68272198397113 9.408512137653375 
80.93846267853408 0.025544734910380562 1495.1345025558164 1369.9777500033697 579.6279878275649 
1.0418661583197064 50.65193131973721 1.5231751457502707 23.20573746183976 4.707595874081204 
0.6242398940875362 19.810043013583012 380.29404295601245 361.1711110254567 48.22155498126889 
56.620821883930006 0.05114660316455755 1495.1345025558164 1395.3153147863165 927.4146278238438 
3.843167167912703 0.1336376431470656 839.6310642255946 476.8300570625582 131.3319075196424 
77.44439770784433 0.9098625487806906 1499.1744921756813 1246.4697023793638 463.2399370731018 
0.19835275661113805 42.81269757330079 491.5406008644498 271.16398558866763 5.554378379346133 
2.582373875748109 38.49528352051762 62.975019864369976 348.4933136019606 4.440406965161454 
65.46246752318618 1.4165369595665305 1216.7613163977996 465.94952017467915 298.3595211843113 
0.8395302843792027 52.220402246976775 1.463755429327736 93.40099906105866 1.136439132265318 
82.46048247360399 0.2064971278171449 1483.3194497502393 1103.0440685494082 436.3976484948063 
0.1227941023888528 55.2746009071999 429.39963210582425 351.45470934861623 0.9488557656569707 
2.9039459217672903 51.233762462629116 870.3110676088443 323.6874075498658 125.21406058748302 
3.107166212251748 53.33188496958694 108.92957317176159 43.137339303518615 0.007534948715156808 
3.571001782109991 54.47001040233354 223.59012605923704 151.75308081738154 2.8435127283511306 
2.582373875748109 33.72419102550891 229.07830104802758 348.4933136019606 12.969415792001314 
0.005893462092895152 39.58054964736416 18.2443153285817 145.80472587875312 5.389607760935096 
66.7893456822074 0.09543250209218113 1277.3681201787674 523.5527421933522 301.78196563328765 
1.4844368689643188 55.2746009071999 19.799554664844834 231.25668182472134 2.824204750334623 
22.77014268912829 11.421294047571706 562.9543092142058 372.36445524691374 126.22862485793519 
0.09278406484085044 45.20452061407589 154.5931790116528 378.910643776473 0.9488557656569707 
16.94555419547672 0.09096943506530109 1273.7134514030272 516.7824933984091 295.37089624466347 
1.1968628754493942 39.58054964736416 29.703017015018343 145.80472587875312 5.107861339235146 
0.8076342381703185 42.70763644265452 342.9984158107718 350.55110106113676 8.679525991592952 
0.08765747679220759 54.828804734718034 17.472494876324024 271.16398558866763 5.554378379346133 
72.67146488000986 0.2772038102231428 1481.085676804455 623.5312275952107 295.8261801274372 
0.0617309721896282 54.756352790714985 33.77246571542469 271.33871860167125 1.3515290971736298 
0.09278406484085044 57.55665099420136 102.37385539749455 194.94333979622547 0.9488557656569707 
0.27926206685173316 36.96994786544468 125.35503313825768 330.96002607988027 0.47822111329381345 
3.9640300021030797 43.07930646649296 522.1298278159347 381.1505063033323 0.9497769707418842 
0.0699240052842306 54.756352790714985 18.584598327750854 130.1925054802214 8.49647880658963 
12.474851480357756 0.09206909446826125 941.5879580816434 519.9458020320594 318.5425629404054 
77.39154368482083 0.05217340718590968 1499.390826299565 1107.7980397480742 530.6146132602535 
2.8575272735904775 36.603688116470515 31.095486037119592 2.9494982630542594 26.50214946098118 
77.39154368482083 0.03567113052138028 1499.855906523032 950.2238584006902 565.1990936795081 
27.988229470135977 9.473355543262883 624.898244953109 354.71950378566845 132.53830549258072 
2.582373875748109 42.870614544069376 62.975019864369976 86.6125476768994 4.302518099913986 
80.91567833441799 0.011668336441410285 1458.4619649447573 846.5715461282965 279.7600677578141 
0.08287251962042275 54.756352790714985 2.2635687917841096 45.77516540241129 13.870427517777845 
0.004287573719254756 55.2746009071999 160.99780076004703 212.5350886609426 0.9488557656569707 
0.004287573719254756 57.70251981705918 108.74047796694938 196.5335311671061 0.9488557656569707 
42.265140566335134 1.4165369595665305 1443.119695954727 580.1311483215736 295.8261801274372 
0.1227941023888528 55.2746009071999 76.58444483475795 0.2501080388188521 62.669180900217576 
77.38818432393879 0.475097754976636 1495.4396808079778 818.1324989379658 530.6146132602535 
0.07236522123862256 44.65682990226947 125.35503313825768 299.5259086910966 0.47822111329381345 
1.293590723343728 54.524588047479 53.51082676078829 145.80472587875312 8.611064115691311 
0.09278406484085044 57.55665099420136 122.34258788690283 155.5230749257841 0.9094694073586616 
80.93846267853408 0.025544734910380562 1495.1345025558164 1389.1053812668874 949.3591710303823 
81.99881640643423 0.014765184649630385 1495.292338862598 1289.489612463 655.8348909711071 
77.38818432393879 0.02557679178626872 1494.9820503937167 818.1324989379658 415.6874897235991 
72.67146488000986 0.07605941923235611 943.5523662172664 313.79823676337355 271.25645932022184 
0.3984375651420038 38.09415835754736 210.4282956190449 354.71950378566845 131.33201209794842 
3.9507844728666015 0.08244798694629996 947.5161208550762 310.8814033887321 0.9229547741431032 
46.261882053934485 55.06722914645201 672.9989451907484 372.36445524691374 126.22862485793519 
0.3343292613828923 54.44020859856687 128.93612355478845 133.31031085015616 5.084832705814476 
3.2618163625360737 54.017999695820095 27.08755492030117 317.72007802949594 8.176772559241265 
76.95536712872027 0.08244798694629996 947.5161208550762 479.69743121587595 128.80292171055896 
2.9039459217672903 0.5858183307356946 870.3110676088443 323.6874075498658 129.34677966915143 
22.77014268912829 51.80593168808451 562.9543092142058 372.36445524691374 126.22862485793519 
0.8004845034751507 42.70763644265452 271.43005713151706 380.9298799264541 9.122597491521756 
0.3601139223338204 51.818355395151364 315.7352319635825 16.224423309740203 5.656708743990638 
77.35414933213046 0.11049745808598299 1498.5229920659935 912.4099679430517 465.02216002453974 
12.002857751728413 0.09096943506530109 1273.7134514030272 396.31732357424 295.37089624466347 
1.341740422921767 55.40218640384663 5.855428914227891 74.62037378278251 1.3533173036820507 
76.02216073087602 0.004341950844218845 1499.390826299565 753.4289618781753 121.64531908454813 
1.5846370793657627 0.1663846278542458 947.5161208550762 480.2078409874466 125.99275131070752 
3.054034637874487 0.05661026173047079 1213.7989308265137 383.9983731922573 326.78349888810783 
76.72403125172418 0.13890904924036016 1498.1726518909693 704.0679157004487 392.41270596298193 
0.09278406484085044 57.55665099420136 70.87293024724528 155.5230749257841 0.9488557656569707 
0.0017041437106288804 44.974652329104046 5.838970323932305 74.62037378278251 1.413173365017034 
2.3397617930899486 57.70251981705918 108.74047796694938 129.46438152103224 18.130074099509613 
42.265140566335134 1.4165369595665305 1443.119695954727 489.40706744245887 295.8261801274372 
0.36709445711163724 42.47521657848534 53.51082676078829 145.80472587875312 8.611064115691311 
82.0 0.04009578030254102 1499.434552544627 1287.731362155382 463.2399370731018 
77.39154368482083 0.03567113052138028 1499.6623740636878 950.2238584006902 530.6146132602535 
2.372927503764993 55.2746009071999 84.72400406967549 292.97913076807015 10.698199823169109 
2.9118132024656322 24.62722037431927 599.6062371246792 349.0635351164741 0.27108589725787 
65.2484030348061 0.43171131377077776 1482.3557393705444 705.8934890194514 491.444871373468 
0.3603193701479188 51.818355395151364 9.20589338157339 104.577396839974 0.2905408775470044 
2.9118132024656322 117.49352863054014 624.5201222536408 377.7566570979221 7.818756929121218 
14.192900767029238 70.12974987888187 108.92957317176159 354.70450201860007 0.007534948715156808 
0.1407134087011202 51.98793761954579 16.192919288358326 45.77516540241129 13.766965869563734 
76.02216073087602 0.004341950844218845 1499.390826299565 639.7386377338742 121.64531908454813 
81.99881640643423 0.014765184649630385 1495.292338862598 1289.489612463 543.3565225908803 
0.8076342381703185 37.68554197907365 298.2842809658243 350.55110106113676 8.679525991592952 
65.87852111521278 0.4033186928359368 1482.6480547549531 914.2355412573876 462.749128664385 
0.3283118383955759 37.74456179220774 210.4282956190449 359.0629661676818 139.4731893506753 
0.8076342381703185 37.704408383815604 9.857665903138772 350.55110106113676 8.679525991592952 
0.08239041564082683 54.756352790714985 33.77246571542469 348.78448423484605 1.3515290971736298 
2.9118132024656322 56.559831247476495 624.5201222536408 360.7141947032552 7.63336235735529 
0.09039445053820994 54.44020859856687 128.95144508025024 332.987605757713 5.084832705814476 
3.284441718925091 0.1336376431470656 839.6310642255946 588.5054687527314 131.3319075196424 
2.8549222937382526 55.2746009071999 210.09177536609093 349.9077353175743 7.54331004243679 
0.2997241971274976 37.517638577252754 117.66669703515502 378.910643776473 0.9488557656569707 
3.2618163625360737 53.75070597081302 19.4232910073816 317.72007802949594 8.176772559241265 
47.1351700914325 1.1888232290067031 947.5161208550762 482.197962165501 125.99275131070752 
