79.76730243434295 0.22867275133971768 1497.7171267068238 1471.4874530755171 938.4629578581198 
0.1850715440549872 47.163533982599844 0.19998965275076097 0.29012296102024315 0.0768477447694455 
0.15897395614060067 47.163533982599844 0.19998965275076097 0.29012296102024315 0.0768477447694455 
79.76730243434295 0.22867275133971768 1497.7171267068238 1471.4874530755171 938.4629578581198 
0.5898002204558194 42.2848217540937 532.9305697910306 416.3378335845602 0.07201505741505436 
0.19574245348413088 46.238986085247824 97.88724504212153 361.94978998959755 0.3274087673383098 
0.08883101014396444 46.48564347092415 195.0343036054648 335.8772187878049 0.023228325138418975 
0.7222624749003282 39.050546316599586 0.8383339394075797 122.38656641805986 0.02041392759080876 
0.0779719685401909 53.45264504938777 246.22003945237105 69.95312569207309 30.48500266983332 
0.7222624749003282 47.17691252712004 47.712954262919965 65.93279762089946 0.00810699941325646 
52.215589321203765 0.1481516916267055 1497.6059857627747 1159.0390041708965 488.6979976809815 
3.5417938707970187 0.40441943035255934 967.4936594964149 420.44542226836256 275.0552112949806 
61.85917813995542 0.23217351463950908 1499.0149639432273 861.0005864803284 816.5510402082017 
0.5973497938578138 50.002338211621414 15.148726269234487 246.29838707303793 0.9733150865473874 
0.1850715440549872 46.523069432328 3.4809532595978965 22.65104707711347 7.659841389744585 
0.047804702914056696 44.00278196770951 361.5091624976749 335.8772187878049 0.5028587303738288 
82.0 0.1406451952021403 1499.843860133691 1369.0189256877202 978.3281690890204 
2.4000456133954238 44.519755505110936 815.0540867413785 515.1526122754765 0.6522692090186859 
0.16680779324747874 44.17982271804427 754.0723198785308 335.3578111849314 4.9434662177182815 
0.025731183009041286 44.00278196770951 401.54411545183416 335.8772187878049 0.5138615202748569 
5.902425666062214 0.10677728820749574 777.7288652921593 496.5442565696133 246.7794034292824 
50.967659956230605 0.011411068054757667 1455.7315170822744 614.5030232289438 269.35116591515543 
0.1191145247306179 45.33677420255896 23.73055841624294 310.8472117215007 0.03727631571546694 
81.22571711812628 0.14160982360668567 1499.43868733787 1274.1450034054292 827.6383938220035 
0.03988058898060309 47.30496568132366 3.4871271376486765 62.38096176113861 0.7753706257609245 
0.1778464330507406 50.353878029816364 12.953952693781673 141.1456844923356 0.02041392759080876 
50.46129148631285 0.3991963185746914 969.391685845657 420.44542226836256 275.0552112949806 
0.342248637972296 50.00221362810617 18.59506497642242 101.45381151196742 0.9974806017168671 
0.5060051466232938 45.33677420255896 1.2060143632883076 376.66760746049346 0.9733715032548369 
60.67419064382973 0.2618180091507164 1003.2673029108689 510.551668264156 345.59339377887676 
61.692524838277286 0.1481516916267055 1497.6059857627747 865.8163126458312 488.6979976809815 
52.215589321203765 0.03274727357174001 1497.6063362882448 1185.3919392291207 859.8194168419769 
49.24577405483058 0.1488981261715443 1498.1325175235713 928.9228800162792 501.19406058194824 
61.85917813995542 0.1289243674475563 1499.0011980260347 435.24538120861456 129.37065572848485 
19.617532020008248 0.08364789202890957 1483.5218132156901 549.5501346545714 256.8168521919353 
52.39884276494052 0.1458027063567151 989.8553463446995 489.63722622421375 310.9235403818642 
0.3492352393998086 49.523238681575904 226.03448148309684 378.7334924540647 4.255060595626691 
51.97834600199343 0.14604353993096908 1497.6059857627747 767.6637364545003 494.26298857120037 
51.97834600199343 0.14604353993096908 1497.6051161719622 767.6637364545003 593.8671525032203 
0.07846601812898596 53.45264504938777 34.45034387526866 284.06364747547923 0.4334395223536771 
24.49362885391689 0.015290110268355542 1455.7315170822744 614.5030232289438 465.0724980624445 
52.3770500001052 0.030614427504218535 1499.545475081852 1238.767491871975 864.0529490825991 
20.087093519284963 0.08364789202890957 1483.5218132156901 355.30012393088396 256.8168521919353 
0.9310266581144437 46.65187864993976 225.4814126144049 419.1222354814608 3.0660397753329107 
48.892218685074695 0.04376780583730522 1499.4366126750044 703.4174126963064 324.99730163961976 
0.5973497938578138 52.619477976583795 234.56131264935544 261.5051880040404 0.9733150865473874 
52.40195312078459 0.14585497345206636 1497.6059857627747 1163.24907816838 290.2772678119885 
0.3567881447049336 47.366626056978845 18.72029985366818 66.81473129837883 10.789155310608464 
52.44467353364828 0.182545903419683 1499.2441007621585 1123.7453359500723 830.7492468193515 
0.07846601812898596 53.45264504938777 38.98695164380976 284.06364747547923 0.4334395223536771 
0.9310266581144437 46.65187864993976 225.4814126144049 403.7452552009684 0.010093595805303869 
0.017644810291451096 46.065367539341395 0.3165404736351345 354.29250071806695 0.10361712618235747 
0.9235253097824077 49.5355883218091 1.8485363941489759 164.07759016063545 0.010093595805303869 
52.39453434316691 0.14604752783008548 1357.5525972893756 767.6637364545003 312.36640945346346 
43.492044706624995 0.015021494194791232 1264.4369022409892 457.2929025580637 457.4207208331659 
24.49362885391689 0.10474364631800093 1241.8919727731186 599.296895639606 465.0724980624445 
0.7744093000760142 50.002338211621414 44.305636122667806 256.58302056316984 2.5530479450059147 
0.06759036200247365 0.11793238589998722 779.6066567996908 334.925121918748 159.48131603376353 
2.996211754823066 38.09468247735368 18.72029985366818 188.26394855220107 2.724318280140622 
1.0595295502260171 0.721961553056726 662.7768779344743 437.4097602274052 23.282038469148418 
2.824321668062431 38.577246995635164 3.4871271376486765 214.77748113250956 0.7753706257609245 
0.03988058898060309 47.30326918768976 3.4871271376486765 77.7626993294376 0.7753706257609245 
0.005206886962008106 50.186334295970255 3.4871271376486765 193.49164052360882 0.7753706257609245 
82.0 0.14160982360668567 1499.5758532813913 1369.0189256877202 812.1094360052499 
2.9360314432178853 38.147636293011644 6.174520030927372 214.46215020434593 7.211807249636976 
0.04417307570107985 45.66321830157936 779.6066567996908 337.2560899186966 161.65873820382453 
1.3052782212098784 35.66756418287751 511.7566943908416 265.7476155583553 112.24052695760525 
0.1778464330507406 50.353878029816364 12.953952693781673 141.1456844923356 20.741981078921864 
0.12167313874365576 50.00362358529966 18.715750110205295 261.78893815079095 0.9974806017168671 
0.9235253097824077 49.5355883218091 1.8485363941489759 334.89759910500504 0.10444132517454074 
0.7744093000760142 50.002338211621414 33.89881257674028 246.29838707303793 0.9733150865473874 
0.009942646396489382 46.61785093435501 662.7768779344743 398.85524449340585 23.282038469148418 
0.18592939299629005 47.26327655412983 3.429341785068165 8.094442341026088 10.374664356893106 
0.03988058898060309 47.30326918768976 3.4871271376486765 39.65889914524347 0.7753706257609245 
0.032021495023650814 46.03146665736203 4.626856947378258 341.3838968660524 0.10546313650370515 
0.04818453988665705 44.55846497862094 361.69362714315866 268.2524539606544 0.7409623691761446 
0.32147966911054304 49.469826178700146 465.9371594863862 356.622692477191 18.760631490112644 
2.8948673995026786 49.5355883218091 6.3382678297035895 164.07759016063545 0.010093595805303869 
51.28516626312493 0.14589701935614915 1499.43868733787 1048.872778845667 620.6121769617492 
0.032021495023650814 47.229328361929156 4.626856947378258 49.25414060333412 0.748784162038346 
34.65432761029824 1.169256599760125 777.426982756046 363.9867984250006 259.42151144438344 
54.6342181690823 0.14391717815168587 1497.5869802481736 1252.1865900601329 497.9804639409579 
0.04195387738877439 50.27381054108941 62.76231164736623 361.6412932424874 0.019486589791325483 
0.009942646396489382 46.61785093435501 662.7768779344743 437.4097602274052 23.282038469148418 
23.532994859871998 0.1458027063567151 1152.2589339276742 485.82792288467806 2.4141663441211385 
0.14329185250386414 42.28555507870171 398.10817100218105 403.6677231787146 0.07646590930167951 
52.459626743677575 0.14604752783008548 1497.6059857627747 767.6637364545003 312.36640945346346 
0.341152260778913 46.065367539341395 15.106421291004597 354.29250071806695 0.1019821727834812 
53.757279286337635 0.15471908419351843 1145.6455434739553 485.82792288467806 310.9235403818642 
0.24656678320625114 35.07974986664105 485.13035949197155 381.47329974045186 0.45485689309009736 
2.884702885418566 46.48564347092415 195.0343036054648 364.4597664026946 28.94301923737292 
0.7488616805290897 45.03923351066955 44.305636122667806 256.58302056316984 0.2653098357369392 
0.32147966911054304 53.661024070280774 399.79869369480025 356.622692477191 18.778942028406085 
52.459626743677575 0.14604752783008548 1497.6059857627747 767.6637364545003 312.36640945346346 
0.24656678320625114 35.07974986664105 485.13035949197155 381.47329974045186 0.45485689309009736 
55.1643723496487 50.73809307052266 779.6066567996908 332.01974350268256 161.65873820382453 
0.0017138287798550006 50.52889747190091 62.76231164736623 361.6412932424874 0.01579511124205952 
0.3492352393998086 49.523238681575904 226.03448148309684 321.46719010239696 4.255060595626691 
0.1191442759580246 66.34765615627362 41.11730844069422 361.94978998959755 0.045982589296001075 
5.902425666062214 0.10677728820749574 773.0154445317913 496.5442565696133 146.48104757152058 
