0.3232867221133449 55.87462989064825 3.559494979385832 2.1628101317275465 0.9225912464666082 
0.005226174016388363 54.2351752130883 0.3775264961811615 4.25847858454037 4.4689306826274855 
52.76239422317239 0.04042643613672792 1492.151477137397 1445.9436770016046 576.9403807595576 
0.5715861829670805 38.45728940817126 53.519970409104516 232.54462105050686 2.263399416108241 
18.707791412765076 0.4967015690548434 1056.1749266251127 611.5167925961172 269.1202371278369 
82.0 0.22861127391737673 1496.3339965936811 1258.6317082099404 798.3243031785637 
0.9035840571308786 51.393081628462745 7.347750964707501 232.29279505121687 1.7777245838509643 
97.0 2.3511731530611826 1483.2060359616207 901.3866901395803 575.0487513257926 
83.0 0.232794449469113 1449.4822421975182 1134.9766361013221 430.1512414629936 
0.4757575341426407 50.83274761809467 8.295185163950848 135.20264565882493 4.197359315983169 
53.20989084887491 0.11199501642118137 1492.151477137397 1257.3842942393146 576.9403807595576 
0.3146044227678927 46.73885694602841 3.174860613203414 24.488824496755228 1.6529912519790386 
0.3102128096099941 2.4180263113649403 878.4129525980736 346.331048005337 268.95660539632127 
44.30287999595865 0.46406198359763096 1497.0919585967333 724.7365836741344 823.6977397067301 
0.3232867221133449 55.87462989064825 4.905905417319655 155.8565009379642 1.6694385263376197 
3.071689454267 38.17938408603396 57.88676395957543 379.7891141139531 2.6576581869450138 
3.0016476812735875 54.82214885297797 105.51717106082427 39.68362934446576 2.412792399176697 
33.468398282849456 0.19176114899041052 1476.8094379964978 929.8908709171778 471.6313830467418 
44.30287999595865 0.19176114899041052 1497.0919585967333 707.867748852051 473.9299286510031 
12.246921924386713 1.3546948048790899 486.0828004582472 313.44240354042023 278.13959397559455 
18.553999163803404 0.16451456855701024 1494.1652083400852 698.9468512156727 394.508151672028 
0.8918417516582673 53.49041653567436 1.3208547255162184 300.17810043197863 1.663394193259843 
0.22971341482449925 37.681203661474946 21.275116022270034 151.52995986391608 0.8092414270880546 
0.4177854013214102 55.79856941207328 3.5394945379417493 103.05634922509338 0.4562639859067801 
18.707791412765076 0.29550400839761015 970.1468880043813 586.0692240179925 278.26278510955024 
3.7354210816282993 40.70325008396533 201.26832185676568 318.5676624645391 4.221323561973429 
13.110430995047196 0.23706193635652717 1447.6544509640673 493.6316364211854 422.5648258280576 
0.3585768250630096 55.87462989064825 301.3956988369976 2.1628101317275465 0.9225912464666082 
0.4177854013214102 55.79856941207328 42.44234895299846 103.05634922509338 0.4562639859067801 
3.1330600822867996 54.34403305855091 13.016397383080275 326.7844796695488 2.4714050648152717 
89.0 0.2311861726693238 1076.5632065450436 606.6330613696183 278.47493817495945 
1.3261129478844274 55.95313810559119 360.25014349855627 372.4851963783634 1.4343535274524544 
64.96442155892838 0.19176114899041052 1497.1207961335083 754.5733134720849 473.9299286510031 
1.7793722073807645 0.258473062428878 917.1177366259319 526.3944395056334 9.606053193721486 
1.7100027482917328 0.22815212205888624 1135.7421874740226 414.73060524611526 1.9645543198273319 
0.22129297377308088 52.53571483359626 63.856017851073275 11.886492121049287 0.4341368020362002 
0.8143895544873558 34.6574838718758 44.503676332341314 38.282420211181176 0.8361825569160725 
43.87774209776791 2.078910993069459 1482.370185186759 1260.1835826420984 409.07347240682134 
67.61789622340383 3.8507511935260177 1470.6581249448711 951.5925213421077 739.7369886677807 
2.2631437352026085 35.36481580784303 47.363508610280235 53.94206787151069 2.2249474269655796 
83.0 0.3015303971689048 1497.0919585967333 602.6898375921128 265.14873701064744 
0.6635312362777768 39.74927258345487 21.275116022270034 204.6921303296646 4.240519313673684 
3.0016476812735875 54.82214885297797 49.66550289113626 43.86564378114555 2.4291653137436944 
0.6635312362777768 80.62687801742534 21.275116022270034 197.20596476020592 0.6022399500079028 
5.149780416631565 28.369718702604196 559.9936678540499 391.9150211098783 33.13792331884392 
0.2071611486999041 35.02626072179375 388.2107900777748 318.9502770689686 9.608712131012386 
2.0422404262158045 51.27807043668965 461.3129004886725 329.9125654395538 2.1439824997142356 
0.8965474819819421 53.21268695102061 13.456242127772555 305.17984274320463 1.663394193259843 
29.20870829611894 0.15864730035288765 1485.4082342244665 591.0741414636385 306.8326367971567 
3.444460916227456 51.27807043668965 4.005778093679155 52.820485662477765 2.9755486104783575 
2.0422404262158045 51.27807043668965 302.4305804070137 329.9125654395538 9.504293134603326 
0.12126831691389084 51.315996689254476 219.37519829883405 143.98777451982323 0.308899346698118 
0.16742457319474036 28.525141338089114 418.6875767181822 373.8661233956744 27.899811029771207 
3.2488880610653905 2.333407976171525 815.8333851388113 445.22939129453226 4.220203739385664 
0.48669109834793445 52.74430655349039 49.46539569080518 158.42836684248357 1.6518363303356391 
3.1330600822867996 54.34403305855091 122.5633111185613 318.8356128466098 2.4714050648152717 
1.3261129478844274 52.98454288246967 301.005005016674 372.4851963783634 1.4343535274524544 
1.1596338897588216 51.27807043668965 254.14695375998048 318.52640737592645 9.964701496762999 
0.2635225409419595 33.596153704606415 127.86187754316707 240.6281022406135 0.005226724100628299 
1.194883310965949 51.27807043668965 274.4915482062836 318.52640737592645 9.964701496762999 
0.22020856333718175 0.455760341653888 723.0866514421336 346.331048005337 248.87106970713955 
2.85828939601834 28.293752780501556 559.9936678540499 382.73562013377654 5.378572944030239 
18.553999163803404 0.22815212205888624 1493.7163316490794 678.0962443964506 331.29659398132816 
3.797475553192264 41.451060445766146 917.1177366259319 526.3944395056334 4.256201224334108 
1.0193224097792575 47.73063171437694 127.86187754316707 391.85029166721694 5.582734958315255 
42.5573021415584 0.6113524914836566 1492.151477137397 1257.24484582321 576.9403807595576 
0.8918417516582673 53.49041653567436 167.27397271960095 300.17810043197863 2.44793468611351 
0.7800467520959293 2.4180263113649403 899.130355663548 521.7652352976296 268.95660539632127 
0.07390775223498491 54.765564097865436 181.19735549482107 319.61009847038224 2.701933235312327 
66.11935936817557 0.17203819069826487 1433.6238542056537 482.130937739165 181.06600044138895 
5.135685320086937 27.722521211501558 559.9936678540499 391.4195065480022 232.48962315119147 
2.7953915635292734 29.52971544350691 486.0828004582472 318.4464144033064 270.40282249391 
43.49897723316643 4.003643317353295 611.6166579208061 378.1947015106437 220.4774370903147 
0.6054465601302801 6.95184715466055 627.5281166176082 378.1947015106437 162.29680522683742 
0.17404312812014533 0.22815212205888624 1023.1907109477846 413.5459040736571 1.5128358045526302 
3.437469594256638 40.70325008396533 201.26832185676568 307.17134569407557 4.221323561973429 
1.790943079646591 27.722521211501558 559.9936678540499 391.4195065480022 232.48962315119147 
83.0 0.13939384299120672 1470.7853896205586 951.5925213421077 739.7369886677807 
44.30287999595865 0.19176114899041052 1497.0919585967333 754.5733134720849 473.9299286510031 
0.006061360400662075 54.2351752130883 56.68511396575673 4.25847858454037 4.391555573831015 
0.8105162560456785 52.98454288246967 306.92199687748956 406.13050336533 1.6468158784051259 
0.48669109834793445 53.459035780713435 33.16215885820597 158.42836684248357 17.586485144901857 
0.6512665740948376 54.56254804310548 21.275116022270034 334.6067013481732 4.15935346241087 
5.149780416631565 28.369718702604196 449.3786755088042 354.748196796397 33.50678505635232 
21.531043989039258 35.10593569285294 570.7554847955984 297.5595761440357 0.7120148583254555 
43.87774209776791 2.078910993069459 1482.370185186759 1260.1835826420984 409.07347240682134 
0.8967659617141558 54.38497889168159 1.3208547255162184 232.29279505121687 1.7777245838509643 
0.8015544333639042 53.3379078242066 486.0828004582472 318.4464144033064 1.6569989559932923 
1.194883310965949 52.724243156916344 285.3301835715688 330.6586726907773 9.964701496762999 
66.25014287361188 0.17203819069826487 1473.2247443151196 443.0351390344615 181.06600044138895 
66.25014287361188 0.17203819069826487 1400.7435236312144 446.11113302508477 181.06600044138895 
1.194883310965949 51.27807043668965 290.1442090777223 318.52640737592645 9.964701496762999 
3.598871302335887 54.2699676999085 223.0092308122509 325.28792392255906 12.01544988344439 
2.1517856219592986 46.82865148207228 105.51717106082427 304.2066855380547 9.32203566367411 
0.4233466853548742 51.315996689254476 219.37519829883405 143.98777451982323 4.195898273903183 
0.006061360400662075 54.2351752130883 56.68511396575673 4.25847858454037 4.391555573831015 
0.8965474819819421 53.88773231704429 23.42649767398067 305.17984274320463 1.663394193259843 
0.3146044227678927 46.73885694602841 3.174860613203414 13.264713952842083 1.08420717017593 
0.12065274172874285 52.74430655349039 49.46539569080518 321.3943298424473 1.6518363303356391 
2.99285852896584 38.45728940817126 105.51717106082427 317.51015210802655 2.263399416108241 
