78.57817706711693 0.2797813951765462 1496.9841813433738 1471.4739348907926 908.6949025404118 
78.57817706711693 0.2797813951765462 1496.9841813433738 1471.4739348907926 908.6949025404118 
0.35512738382715137 56.263767623893955 0.3822319205545326 0.8688938626809488 0.36269377829816074 
0.002054543594249836 56.00707667912023 153.3435499049427 193.51374617348142 2.5674731412496783 
1.6129689452298308 56.30129935807242 0.7855584341571422 317.78364783117513 0.36844846997913727 
74.42586306825179 0.3602746610525213 1497.4105170640591 1355.4999787529696 505.53319885623335 
54.32620335880836 0.005193440096874724 943.5495363265179 483.2894615247725 222.7716019241349 
0.17143580626312893 56.00961666017929 0.19243139846661217 147.8874273100392 3.2018524856335944 
0.007563458281578228 55.920069008015496 2.0234767141149987 361.4450098307233 6.16839248581573 
2.253572543463462 49.30180691258805 362.4705012353211 266.4974708746479 20.080694204390948 
0.3429528971299845 58.240124793424684 31.069340789516342 3.3894593257879766 2.057505947523026 
83.0 0.06866618299624695 1497.0166924055159 1087.1250924632134 471.9834543123021 
61.825891390074624 0.042937132507098075 1491.7336378931911 665.1192647684686 368.9781651095442 
47.26075663127604 0.3475313829229689 1497.7511577461423 586.4645354201473 356.0268985488291 
0.2967309503510651 50.25535145249471 0.3822319205545326 172.82905028510416 0.24799795345261 
74.42586306825179 0.3602746610525213 1497.4105170640591 1458.6828694793048 505.53319885623335 
73.65589680547822 0.3426606490154388 1494.6176764084157 1463.00568567202 714.3402744960371 
0.10512400835937319 34.737359249910256 0.8088913825065838 43.80599229978566 22.66286657237224 
1.0739851550794601 56.00961666017929 0.33278695005686654 280.0920681308253 2.75219233049629 
0.01717420367449707 50.25535145249471 0.3822319205545326 379.3470529539777 6.82324966333803 
78.57817706711693 0.2725664972998043 1403.8381502814666 926.9227392645369 547.4504324146317 
0.0029453267235622915 59.00909790151279 158.75413758661898 361.4407190285307 5.195368190817161 
6.144004458114554 59.02138109714507 197.0146350170264 352.85411724001 5.4669258970506505 
3.4035712924577197 57.492072846000134 143.29233522847971 104.91940987298182 22.413448384863912 
17.796194208345927 0.1327379363288661 956.6020642110643 421.2869471017908 222.7716019241349 
1.5281267795053246 0.036941940537786544 721.6754518783941 317.3449128069828 281.2283055288275 
70.59273659192434 0.27132722734526343 1489.2433592694445 685.5533978836519 397.7409374824321 
0.35178163447920385 56.263767623893955 59.9772257675788 37.157171991348946 0.030556312951906417 
78.57817706711693 0.2725664972998043 1493.9500121353587 926.9227392645369 547.4504324146317 
0.07985992448994034 34.737359249910256 4.004690020656739 224.0533680062884 22.66286657237224 
0.014847550676584012 55.920069008015496 69.91694407014982 361.4450098307233 5.792127786742812 
0.24772837905373452 49.30180691258805 102.06617458228669 28.035424188859743 2.878850862634778 
20.084215106488905 0.1327379363288661 1245.639899149325 420.92619150484984 72.55044082719206 
79.60902053514044 0.06866618299624695 1497.077418842969 1243.1048540546892 505.3944815577767 
1.8016319393598934E-4 55.92269431253986 580.2990797443919 362.83827282473845 34.5657960939019 
31.811851230025777 0.23425060950719762 1499.112874704423 892.7203786224935 418.99651389091554 
17.400125417000893 0.3384307112173132 1494.23423380776 892.7203786224935 358.6301659823095 
52.22568973642406 8.27735054579779 1292.2259089116924 563.000116651315 378.945963716932 
74.42586306825179 0.3618975239945207 1495.480505235319 1267.1300195055085 549.7362922051854 
0.007563458281578228 55.920069008015496 277.0913866891246 361.4450098307233 6.16839248581573 
0.2579458995415589 57.550324667282936 65.38122259817749 221.54425346261374 17.91161741933759 
57.49005818503274 1.6736933092318829 680.4339214157926 348.6311161873848 2.9959287339223097 
0.03552137624276175 77.44992086979641 814.4024006758675 465.9716621735 222.7716019241349 
0.35178163447920385 24.84204431193227 89.3285780103422 37.157171991348946 0.010158464011816193 
0.35178163447920385 56.263767623893955 53.41509753499871 37.157171991348946 1.2159572363913949 
0.008512561832582033 50.59180528341783 264.3254120933013 305.0280792857653 1.0109611883976788 
0.019555034191639453 50.54292789045947 273.0988527799256 351.7432159638862 1.046021297981664 
51.24912524375488 0.24234981280579593 1343.0175122967637 412.31511741252433 226.82986100650112 
0.441789013833902 42.000292355159665 421.31416818248596 349.9912893651078 6.942848657749552 
1.8016319393598934E-4 55.92269431253986 631.9819587796649 362.83827282473845 263.2093881453526 
0.007830925877568784 50.59180528341783 273.0988527799256 391.6900805202886 1.0423128184669184 
5.912360866635931 59.02138109714507 649.603021814584 352.85411724001 5.268311401219943 
0.14179105880223752 49.30180691258805 50.39946326479617 402.3660462417882 7.9828488770470205 
0.28110248228031764 36.72299207933045 14.360042330379578 107.55521283449056 2.585159018272691 
0.01717420367449707 53.489386355396796 989.89888642403 400.20086495923385 6.82324966333803 
1.045363886899859 49.30180691258805 407.4186405262054 345.54883357197025 5.513635202343665 
1.8853208746342034 2.9347147422046547 631.9819587796649 362.83827282473845 263.2093881453526 
31.11425483307398 0.03154633498067311 1234.8089606244757 540.4298445067141 359.72488543049604 
79.60902053514044 0.3536545596409406 1494.1826127367033 1168.5796889977817 500.49417295559755 
78.25264893489563 0.2316310112724551 1489.1244844045461 1012.8022227704203 547.4266023976627 
0.35178163447920385 56.263767623893955 0.034827468259502226 186.7869960838359 0.030556312951906417 
0.30225416559408025 50.25535145249471 48.25648714085817 429.2704017819506 6.328197010034131 
0.35512738382715137 56.263767623893955 0.3822319205545326 3.3894593257879766 0.36844846997913727 
44.63820333321081 0.2725664972998043 1489.1244844045461 1012.8022227704203 550.3204486831403 
74.29308363568165 0.3602746610525213 1497.4105170640591 1449.532792217154 617.6133834029445 
0.3925391497552475 1.6736933092318829 679.8059624804353 348.6311161873848 2.9959287339223097 
0.0030826752525277123 65.89489613380157 873.5976014100011 465.9716621735 219.11667846678097 
0.1739737813122213 56.00961666017929 651.441849183429 280.0920681308253 2.5535795662818437 
78.09530274071577 0.16927574753272437 1299.9760416737759 463.6828691496336 225.6435450239167 
5.568218087254725 1.2802213689124997 793.3841402153657 431.5205445275572 0.5272838283326737 
0.049020402643156435 58.50260856009025 4.581642971324185 244.1283393722103 0.1879175082738962 
39.65134963646107 0.3618975239945207 1443.5592745632166 454.57900327835466 550.610728839651 
5.557356175589133 42.87665745660329 666.5260915396102 345.9776511634645 94.18413098597695 
1.002716573180109 55.25925502461239 69.91694407014982 361.4450098307233 36.36720528667581 
3.162474427320067 50.25535145249471 0.06408953318115573 388.5892112780905 0.24799795345261 
79.60902053514044 0.17211924239373644 1497.4271378371056 1168.5796889977817 500.49417295559755 
5.76545633638742 56.30129935807242 11.83439006668965 317.78364783117513 0.36844846997913727 
0.2967309503510651 50.25535145249471 0.3822319205545326 350.74923695344273 0.24799795345261 
33.349429087548415 0.021604092716415058 1491.8332679605296 431.75653404113046 419.84450389207655 
0.2967309503510651 50.25535145249471 583.8408027353082 349.52939271174375 0.24799795345261 
60.99041648526418 0.27874270663688383 1111.9938822556733 510.9356103454216 208.4963361446269 
72.4000707592609 0.03971124910615054 1485.198573209184 756.6375579542971 417.843092825924 
0.004757356532515217 57.492072846000134 143.29233522847971 351.7432159638862 1.4165951046471141 
0.021897257531834247 55.920069008015496 95.60736306358342 361.4450098307233 6.16839248581573 
0.5367519890931569 58.52682007536963 52.964664428775905 187.3157890572598 1.0310020978076775 
0.03069505283735264 56.34143726559599 97.02646528656663 193.51374617348142 13.965115323272089 
38.07917220041977 0.12121964636818106 1293.7397083803394 486.6495720339894 69.63013295918574 
5.76545633638742 31.534730005365596 11.83439006668965 317.78364783117513 0.1305393402902859 
0.18058624026794398 56.0542862455578 652.0698081187863 266.9463872450913 88.40116305202191 
0.2967309503510651 50.25535145249471 0.3822319205545326 348.3347242422408 0.24799795345261 
11.545890838250038 57.884041926746555 390.1502617396047 404.00166075973954 20.03476022197352 
0.3102614496353613 44.794837246579576 1.3279720553135321 173.28492088245216 10.872098473293148 
72.4000707592609 0.27132722734526343 1484.5520477142566 756.6375579542971 417.843092825924 
0.34571289324672455 3.900163736247343 834.1823155202833 440.7265687449133 359.72488543049604 
0.35512738382715137 56.263767623893955 58.395501578555574 3.7659169374271784 0.0068909088639097504 
0.24274043865765682 62.10368394867473 0.3781566075601308 132.46546766707073 2.981570491989114 
13.753115789869714 56.69288080284629 327.0917686436079 351.10621197299434 0.5272838283326737 
0.017232065506212563 55.78063733182031 69.31330974035563 172.82905028510416 0.632647166421048 
0.03552137624276175 0.2587214764910897 814.4024006758675 465.9716621735 222.7716019241349 
0.002054543594249836 55.97722729002729 1.7056242671438584 191.73811869637416 2.5674731412496783 
