4.681477888 173250.0 
42.518736756 140322.0 
24.245126031999998 155668.0 
33.963959208 147293.0 
25.592985928 154206.0 
15.609416940000001 163736.0 
13.77775916 164046.0 
42.069477948 141426.0 
35.177772047999994 146622.0 
33.233274707999996 147810.0 
23.146336720000004 156098.0 
12.7087805 165836.0 
40.648434084 141853.0 
13.474409432000002 164918.0 
37.951410556000006 144174.0 
37.09747044 144709.0 
18.273175216 161015.0 
11.528423324 166225.0 
9.234532392000002 168216.0 
5.243771988000001 171786.0 
31.682019091999997 149393.0 
38.62629504400001 144031.0 
8.072471444000001 168639.0 
16.40170034 162198.0 
10.865062896000001 166562.0 
18.560953828 160453.0 
31.301926044000002 149931.0 
42.371990244 140759.0 
15.844627627999998 163085.0 
6.896984804000001 169844.0 
40.032642644 143067.0 
6.532647904000001 170311.0 
36.7520159 145638.0 
12.488814728000001 166117.0 
20.04513886 159751.0 
40.316537832 142542.0 
30.378135668000002 150669.0 
16.894779495999998 161952.0 
21.632615864 157790.0 
27.877030856 153114.0 
27.316258628 153276.0 
18.925581636 159845.0 
20.66632602 158686.0 
7.5754136879999985 169758.0 
28.685590208 151846.0 
38.817073656 143281.0 
17.006001947999998 161055.0 
23.007393411999995 156666.0 
29.376751711999997 151579.0 
36.9150159 145246.0 
21.889778432000004 157419.0 
26.591939936 153278.0 
10.741425452000001 167090.0 
32.774889688 148372.0 
13.614782687999998 164607.0 
6.055392287999999 170541.0 
32.391506796 149198.0 
36.014343164 145883.0 
27.968054384000002 152500.0 
22.549846888 156819.0 
4.802130288000001 172692.0 
29.432530324 151258.0 
16.991514243999998 161154.0 
20.994440468 158053.0 
40.475317508 142074.0 
32.635204124000005 149105.0 
4.802130288000001 172692.0 
20.213000884000003 159200.0 
39.254552788000005 143074.0 
9.54799444 168122.0 
18.821674684 159965.0 
28.318683256 151913.0 
10.154377332 167130.0 
20.557813724 158949.0 
7.7370885519999995 169304.0 
26.482206252 153765.0 
28.078346356 152241.0 
30.783857588000004 150181.0 
29.760716419999994 150916.0 
25.822010520000003 153993.0 
15.782174152 163121.0 
32.651075784 148457.0 
21.065580572000002 158050.0 
5.546585892 171577.0 
35.391970972 146406.0 
26.247811596 153873.0 
5.9228682280000005 170912.0 
10.011248992 167371.0 
29.95591428 150828.0 
9.848563427999999 167822.0 
30.797311064 150145.0 
20.200745268 159573.0 
22.458348484 157284.0 
5.744785880000001 171408.0 
16.523605164 162098.0 
5.7987858800000005 171120.0 
9.911970912000001 167711.0 
35.638225524 146215.0 
7.90539016 169139.0 
38.98108542 143085.0 
