38823.280652381196 6.747071785098962E-5 0.0012282313526033352 0.10066443870052738 0.33586951066887655 0.993080515852881 0.9967605750856551 0.37779551181845267 0.5189664132225581 0.1893936731302261 0.24483716028868002 0.0050820002714847545 
29463.954292507777 8.378560060127311E-4 0.0010783679145125553 0.33596386044499466 0.3387701495786142 0.02777323400463297 0.03447608874704408 0.7686337414907667 0.01458892032646161 0.03514652721997106 0.21768970477035443 9.71496058990677E-4 
36441.305586655755 2.673610259696902E-4 0.003049247535780458 0.3400496774501913 0.3507670403641298 0.4980224628021468 0.5059565232163609 0.8950367977278791 0.07845239014854863 0.0665163654417402 0.05914946488619349 0.012611688226449402 
35412.042342530796 7.335721706504469E-4 9.622895628385707E-4 0.3204326626989048 0.33847267118690005 0.2505141011850075 0.25055560841020685 0.9070179657963386 0.5295452584346526 0.07302604930614418 0.021951530085483215 2.0214031505009188E-4 
32521.88069743525 2.4035197079096766E-4 0.001241749007910743 0.2684516673736086 0.3215125399420434 0.46760120957887197 0.46848162489476747 0.8206721203793053 0.40662067578694605 0.037012872582967385 0.021543139090831775 0.0016367799921613124 
36752.43674079269 1.7389721382909284E-4 0.0012279824369883848 0.13230763949927765 0.3075421103495196 0.7024237401203863 0.7178298462879554 0.8973376524681523 0.393991153993884 0.06841949136154962 0.10014146486813169 0.0066654802028533145 
39575.55185848226 6.70171680523158E-5 0.0012712959203564265 0.32769596249319566 0.33393431628722964 0.7773022108148256 0.7786133249457232 0.45720741011668203 0.49924088405022504 0.06825010177359767 0.27855963408364387 0.005071589417101919 
36000.91115813544 4.26156562856426E-4 7.508896119045243E-4 0.2820370941836383 0.34629551732511105 0.02470146904864895 0.035897541305518796 0.7686337414907667 0.09483699317975819 0.11032657633503772 0.10799895010666508 6.7644565605630425E-6 
38284.0781336749 3.014074004218726E-5 9.180359498124479E-4 0.3462158287589597 0.3557821385491841 0.21436953223226496 0.21682233569990267 0.9060278308344952 0.5448888047134233 0.10795211620790936 0.24440372678203875 0.006912170291941555 
32099.443582371714 0.0012344767970080455 0.003742813508984366 0.33377148392443656 0.33674815601935293 0.27415707909502735 0.2769901865367847 0.9986997843705646 0.015558429405014677 0.021742703201029313 0.3588357042647747 0.0014677978675742814 
35010.86350082131 2.2960959621808584E-4 0.0018505248109566747 0.3228726643183009 0.32733535479562537 0.5357177213503947 0.5357242494615156 0.33876420565353005 0.33561041953858495 0.020228656845190082 0.02461697285607852 0.01795902645305037 
8750.602200244046 1.705640749882593E-5 0.013864034164653425 0.33754001585189913 0.3389087506012611 0.8475309211165607 0.8508283622679844 0.49407754730486225 0.05428917554047219 0.011132160053677773 0.002657343009473439 0.0011619393566896516 
34254.93182774629 3.6095357361487805E-4 9.675896182999992E-4 0.3327497419423795 0.3363832513942524 0.07683144942448117 0.07955816468775426 0.016584002530157627 0.4380722618618287 0.06526132127892514 0.09512406347789844 7.381475270757461E-4 
33377.79975763721 1.3739463735935523E-4 0.0012390957802427478 0.26049138428638785 0.33393431628722964 0.7773022108148256 0.78333841528778 0.4437071229916966 0.5566375741037602 0.0691024674597572 0.2488385404028062 0.004975209230536763 
34910.92492414649 7.654725301440717E-5 0.001172637568537736 0.3154917549551644 0.3486469674793841 0.14476774421358837 0.14560395267212073 0.9078423190789983 0.07050922911900873 0.07227979805416591 0.2668826721364774 0.004238198947451674 
34840.963557603594 0.0010953443866444721 0.003286670376227324 0.31564126053402775 0.32332447894800836 0.1741232086442666 0.17490125709072224 0.7611681828739272 0.003763493005718155 0.03314759620061931 0.05973744748269069 0.003902473363907047 
34927.78465987071 0.0010268305512410114 0.0011696044139650897 0.3202075284190028 0.3510077403790996 0.6412223633910624 0.6596966254997507 0.9853772806334304 0.5408064352000522 0.07227979805416591 0.15512384348520222 0.0035487507535238464 
37200.34872443562 2.271892870964766E-5 0.014718825262365162 0.3197943899723261 0.3389087506012611 0.8475309211165607 0.8508283622679844 0.5000220130048947 0.5256375984925741 0.021616416296590488 0.02331906706958517 0.0011619393566896516 
25363.49384970923 3.527972766732715E-5 0.0012908882353562879 0.3310793772482914 0.33304878835743756 0.9047576326098534 0.9088836740924877 0.4724539448258477 0.5250060174075921 0.06812070056421109 0.24580545933412107 0.004625861534731739 
38680.88065735465 2.780752771954753E-4 0.0015506509927426283 0.1887098172127091 0.3218395900750019 0.9860974130633041 0.9937538534363075 0.9038831064293011 0.47070014834850216 0.08718494309523539 0.051868479953937285 5.265277226528409E-4 
34401.748195061824 0.0011301827607175794 0.0018325064510734024 0.33619896621823137 0.3376250918753045 0.30886573240432685 0.31345146253157924 0.7631512476281407 0.20969757168100925 0.06713663889112838 0.05546879331453147 0.003948264727393273 
37640.85379125106 3.5937581101451216E-4 0.0038548882302801646 0.2643049492704459 0.29613401802061995 0.12824543927840654 0.13375388049842896 0.47487080514535673 0.38147647438619336 0.04887695829375294 0.22337818642449475 8.383988347013594E-4 
37661.817324443175 3.59382500696437E-4 0.0016988510443308145 0.3221371672627339 0.3402945881980069 0.9293344784758496 0.9294994688271265 0.9372802994253432 0.3755162823297922 0.048742009408650824 0.23299275763579824 0.0013763779920204083 
38038.95581405147 3.7731993618055906E-4 5.680279748962055E-4 0.32684227996303206 0.3288354907401282 0.6992883508762993 0.7110336232662107 0.8281332898327952 0.3891713395084627 0.0674001287494411 0.21387785060572756 2.1628250434472304E-4 
36346.755549176356 3.8077135485919543E-4 4.5160941107388246E-4 0.3363932401895155 0.3505305754753441 0.8508672906142934 0.8543411624008005 0.8540476046873721 0.40947223490733914 0.08319657783229739 0.013992154308084558 0.004926160079704774 
34927.78465987071 0.0010503054164962917 0.001172268054195564 0.31301840907231876 0.34930622465954575 0.6443670538503851 0.6518623704263016 0.008654709256183113 0.42785040870031876 0.07227979805416591 0.25790104296567856 0.0034823706178029453 
33540.82116825253 3.955902550050438E-4 0.0018325064510734024 0.320619116740255 0.33754372820638956 0.312047405742756 0.3224812717808899 0.9415007421174093 0.39405404965555596 0.057780114977631844 0.24151325906497703 0.004045106921512877 
36142.74614186885 0.0025821027775819773 0.0039196866772506925 0.29548909718927074 0.33798301695598654 0.02777323400463297 0.03447608874704408 0.7686337414907667 0.01435873859145706 0.03546129537362577 0.2181154361405656 0.0012047947221847377 
39224.91992447805 1.7389721382909284E-4 0.0028358519356376246 0.19339773770973562 0.3075421103495196 0.7089275875867074 0.7178298462879554 0.9664611376613051 0.41520964730662885 0.06567299583164134 0.10409465272220769 4.929476154946206E-4 
37273.33116076522 0.0011620776994413252 0.00789961299496625 0.3220827639310943 0.32760350659876536 0.9690044547415384 0.9700005824329496 0.7243942684126263 0.4503496676487332 0.02182741168005775 0.05887258743544653 0.004926000206642139 
35370.06604387182 0.0023876932781022723 0.0039196866772506925 0.2972674539478675 0.33798301695598654 0.07937548558487825 0.09559163276546423 0.7215719867164986 0.6983758269392255 0.035176056504049785 0.23042935709643997 0.0028727579987099074 
37273.33116076522 6.157657615822583E-4 0.0031036753703020943 0.3220715430900217 0.32760350659876536 0.9635951363706281 0.9752489949867387 0.9558755042459316 0.4503496676487332 0.02182741168005775 0.05800967171589981 0.004926000206642139 
34861.01090242679 0.0010953443866444721 0.003286670376227324 0.27347145775874654 0.32219844582012547 0.1784427436538097 0.17944611300134514 0.8349058390070527 0.43780539250667766 0.10449897575768727 0.05973744748269069 0.0038875784679647477 
8750.602200244046 1.705640749882593E-5 0.014718825262365162 0.3197943899723261 0.3389087506012611 0.8475309211165607 0.8508283622679844 0.49407754730486225 0.5256375984925741 0.011132160053677773 0.014022433820602458 0.0011619393566896516 
37803.430449464904 2.3735597836501717E-4 0.001103456846770368 0.32043265720561753 0.35079800242268677 0.5963717222573344 0.6110394538366156 0.9583042456056503 0.420482546477759 0.09944290168324119 0.18212317719927484 0.019108136025052846 
34977.18442820212 0.0025821027775819773 0.0039196866772506925 0.29740080350977205 0.33798301695598654 0.07937548558487825 0.0886528553150904 0.7718888376566102 0.015482564922213511 0.03489113885550578 0.21980012300552132 7.37193325540059E-4 
36057.28442585083 5.520367243717428E-5 1.7474312493281278E-4 0.321507053086271 0.32897756213585433 0.33760997201609594 0.34470403814951667 0.014257769272769782 0.06658111766243541 0.08503185187114617 0.18209265832661226 0.005130169836014183 
36866.871089820896 3.759113531872846E-4 0.002189939812001494 0.30175490651013126 0.34946687033732693 0.6896498714840327 0.6938983192510004 0.43903563147671276 0.09550481754918308 0.10319668079540692 0.21482071350621995 0.0028871676843368775 
39123.56809487415 3.785921831598261E-4 5.222297605219041E-4 0.3369111729777874 0.33978542211503177 0.5561071668585732 0.5721475588482526 0.4599278196702383 0.01600209551511665 0.05082585645792642 0.3634730334158446 0.0013352400213332647 
28167.42718894568 0.0026307616656118674 0.006514890753706327 0.21159965574878464 0.3196086779682103 0.40794639329965754 0.41260582010979874 0.9089052758309927 0.5273037266594297 0.052332435922361725 0.018612759985155977 0.001003052375923636 
13150.433992155682 2.9302082074091854E-4 7.396886637855242E-4 0.3398325029331917 0.3513409757536034 0.44071218383148003 0.4417776230652972 0.9078333856721557 0.03855050334701045 0.06848229111566359 0.11140390165140535 0.004249078397087556 
35356.22999581192 0.0010503054164962917 0.00115507863430904 0.3215266648022163 0.34912142679862856 0.6417305851139884 0.6425282048207295 0.0031781934441482695 0.4776679013299869 0.07231421705544987 0.25790104296567856 0.0034823706178029453 
33300.73405027744 0.0011678055256519365 0.0018325064510734024 0.316944562763866 0.33754372820638956 0.5922893292276992 0.6001965959504095 0.9415007421174093 0.10050714689438647 0.06377163522804619 0.1412959951658311 0.003983118807669399 
36209.54176011785 2.8511327907412365E-4 0.0011997788683078504 0.3141900403648206 0.33878817845103704 0.9391606660504448 0.942431553806154 0.9611554163074244 0.4747408785083047 0.12102702994940252 0.051868479953937285 0.0019356437717527165 
37182.968601895904 1.59863962935692E-4 0.00831837254799046 0.3156575873018185 0.31672164621664817 0.39727737100796184 0.39749897389693295 0.8447524532005424 0.44797295980312807 0.03384894310786585 0.04963837066860976 0.006653610464954712 
35071.640133786874 4.5930876202167044E-5 0.0011802021356067457 0.3492544804551552 0.3543418786512132 0.12244547799637032 0.1248541691519125 0.09840389703488245 0.5274095085289985 0.06892391132905001 0.17883084791571052 0.00417276581037765 
36761.006814603126 1.0671718744192316E-4 0.001177961770070597 0.3016797483113394 0.32188864043911375 0.6933788202672551 0.6946446902467585 0.4405884753181637 0.07902439910952788 0.00791162366378094 0.09807183869586124 0.006652103033923713 
34035.26942580607 8.847918357669251E-5 0.002888967854799175 0.30383441709218884 0.3484854787546245 0.5331220534018724 0.5355318818237557 0.9964652600012766 0.4356492085699211 0.08586698864846332 0.15761668878580756 5.686673871241263E-4 
35463.061260506496 2.2607653659965433E-4 0.0012029569012919842 0.30944197394408857 0.33931334466155405 0.35562408294971903 0.36973117076344075 0.9331456696893337 0.40367798536101723 0.058958276746986726 0.19288780327237054 4.611274479172883E-4 
34861.01090242679 0.001060606464492999 0.007555350081622033 0.27347145775874654 0.32219844582012547 0.1784427436538097 0.17944611300134514 0.8349058390070527 0.43780539250667766 0.0393744709618101 0.05543748586487468 0.0041788017394588425 
39155.17669020475 8.382911956750926E-4 0.001419616606704274 0.3369111729777874 0.33999521692918044 0.5561071668585732 0.5661841008699956 0.9275640912734073 0.015091650720027517 0.0510445882868217 0.3634730334158446 0.0013352400213332647 
34768.54111405038 7.025800671515486E-4 0.0030159547010988816 0.3289838061624235 0.3325408832437018 0.441710644686204 0.44736845189673397 0.3005869052231096 0.4001419770406245 0.020081219438987045 0.1859573183682723 9.937376882548712E-4 
27026.161464717934 3.952870363800858E-5 3.8077135485919543E-4 0.33590364599441247 0.35104193353780994 0.8547678244983066 0.8637045290122682 0.9518017486958732 0.4405218879819875 0.08739998533938147 0.06559732853407262 0.004926160079704774 
36178.86334666594 4.02491874766986E-4 0.0021539053436357473 0.3376695810925125 0.351319495443401 0.2783831671073719 0.2820112158057018 0.04957953511726951 0.4290782398111337 0.06407850375693117 0.28860758955603877 0.0040968241828196975 
33377.79975763721 1.3739463735935523E-4 0.001105895324801247 0.2981238450037559 0.33393431628722964 0.7773022108148256 0.78333841528778 0.4387355357191644 0.5566375741037602 0.0691024674597572 0.24852945166061524 0.004975209230536763 
38680.88065735465 2.7425116640476235E-4 0.0015506509927426283 0.3142480838776818 0.3178266861812642 0.9831155575330279 0.9860974130633041 0.9368699102379742 0.47070014834850216 0.027886286131206313 0.05072106460765366 0.015412026765786147 
39151.90982776112 5.759346439100921E-5 0.0035638915236392626 0.330553875183478 0.3339329290052717 0.27047711944383157 0.29513285218702423 0.9952794409595145 0.3990558136588785 0.019379910359981163 0.18472690369653044 0.005436625849379944 
34947.98173036201 0.002272708613765256 0.0039196866772506925 0.29740080350977205 0.31117773219965006 0.2009002662440205 0.20426352305150047 0.4621767006143741 0.21284603014215636 0.035176056504049785 0.21980012300552132 8.383988347013594E-4 
37146.319108740274 1.59863962935692E-4 0.001479051148339596 0.3154546681080451 0.34062446532817636 0.39727737100796184 0.4062536131232276 0.9305604222858734 0.033945471364039276 0.04894215213511459 0.3632850655471157 6.133796576722468E-4 
35577.997530544926 4.1087671879202163E-4 0.0033504223630671983 0.2688146350578829 0.3280878799742797 0.5465742405711922 0.5476426137977535 0.9531116525540031 0.219649928719798 0.045829406430873465 0.06010115198937993 4.990454445615671E-4 
38731.29488991816 7.310386445056192E-5 3.096393497561904E-4 0.10066443870052738 0.3139923559205404 0.993080515852881 0.9967605750856551 0.8832573120754481 0.4021026665661197 0.025435359646600583 0.24603495565407743 0.005083610248811946 
39979.83343944419 2.2361055040207744E-4 9.77692221189853E-4 0.3244752821235727 0.3395623281118786 0.35884641140024887 0.3666991674421414 0.9359786054391752 0.4227444968918472 0.06378510109026858 0.2179452973959127 0.0053348023956581005 
33476.17872612094 4.1125920827025E-4 0.001177961770070597 0.3016797483113394 0.32188864043911375 0.6933788202672551 0.6971243799469606 0.4405884753181637 0.07902439910952788 0.00791162366378094 0.02093974622701254 0.00288392191694958 
39049.78321675357 5.940451136568E-4 0.003039781007467964 0.3218242011311963 0.34971090212850187 0.586003930926034 0.5871865751591303 0.9245522087435545 0.5440175470010765 0.06958611348472012 0.10526162237090256 0.003078326617538254 
34971.0843801617 0.0014020234517077928 0.00258441376894962 0.3243646185977445 0.33798301695598654 0.07937548558487825 0.08487897814912637 0.9972290401817849 0.015326654453911825 0.03574637886091321 0.3729113066150344 0.002062063864767719 
39412.06620720941 8.463546741117936E-4 0.001961392833814632 0.33694443910829674 0.33740812542526033 0.27208921776577927 0.2869645489333275 0.8885247893862133 0.05096247146033428 0.08826719283876092 0.21414830637528923 0.004104514802349246 
38731.29488991816 7.310386445056192E-5 3.096393497561904E-4 0.10066443870052738 0.3139923559205404 0.993080515852881 0.9967605750856551 0.8832573120754481 0.4021026665661197 0.025435359646600583 0.24603495565407743 0.005083610248811946 
33300.73405027744 0.001089611690837485 0.0018389677839560714 0.32106238235198753 0.33754372820638956 0.6001965959504095 0.6126623297127085 0.9415007421174093 0.38881602810462085 0.05753200412458218 0.24566143668706464 0.004045106921512877 
24581.270113348506 1.790438887558474E-5 0.0010349870200373555 0.3475816708574709 0.34869013630451884 0.12131268257511624 0.12156659491671583 0.4273149389211533 0.05036833557043574 0.06892391132905001 0.0799333986550406 0.00417276581037765 
36143.75912243498 6.61219706259894E-5 0.0030852016495452475 0.30489706278970147 0.3286624531646045 0.8838734064460869 0.8934571988637297 0.4766863219175759 0.3852904906516429 0.08016418377082372 0.04255756113760931 0.0012612093489992797 
35409.385597572036 9.694428072070037E-4 0.0010476190162763568 0.3211137097634532 0.34930622465954575 0.6424956951363358 0.6443670538503851 0.9070262783326589 0.44717748455345274 0.07302619722977939 0.25790104296567856 0.003233325597530373 
37189.80338841551 1.59863962935692E-4 0.0013617890495330456 0.31672164621664817 0.31837955332801143 0.39727737100796184 0.4000602582273298 0.8447524532005424 0.44562167258840424 0.03384894310786585 0.23633211115868605 0.006872626411997434 
34318.93062236647 7.927958373236894E-4 0.0030650516562172707 0.3218436748509026 0.3477350995494347 0.8755514921820144 0.8762011304647997 0.42084718025141604 0.36635493613160713 0.058961674488004254 0.18873022349852275 0.005329444603294162 
35471.59946977956 2.561265750557632E-4 0.003039781007467964 0.3227151755492665 0.3487391665549277 0.586003930926034 0.6014820298449052 0.924688771937679 0.5440175470010765 0.058559161598202236 0.1863151922504958 0.003107813325879414 
35023.89051628332 2.2919473094660798E-4 0.0015736237842366673 0.3204294993423192 0.3396904683128887 0.9293344784758496 0.9401944629790948 0.8971003827139503 0.37827062378606635 0.048028763489071036 0.0702974027914005 8.132563130397192E-4 
34768.54111405038 0.0027161772279244217 0.0030159547010988816 0.3205599521889131 0.34716753265106537 0.4454857521172575 0.44736845189673397 0.4155660670038477 0.41459510397013666 0.08016418377082372 0.10836124604479372 0.0030845794709231447 
37187.47576559958 1.59863962935692E-4 6.090281405007716E-4 0.3156575873018185 0.31672164621664817 0.39727737100796184 0.4062536131232276 0.765115299071664 0.44797295980312807 0.03443851297053105 0.040462082187079876 4.70877905492193E-4 
30221.210968118474 5.520367243717428E-5 9.555280598193923E-5 0.3216264772462789 0.328678176688193 0.33122308471557943 0.33760997201609594 0.3482064712437828 0.26572164852566554 0.05589467075248089 0.180408497967742 0.0055896450571176065 
35435.263437263 2.2361055040207744E-4 0.0010921453030764373 0.30944197394408857 0.3395623281118786 0.35562408294971903 0.35884641140024887 0.9331456696893337 0.4068289670419071 0.058958276746986726 0.19288780327237054 0.006348630248655878 
32521.88069743525 2.166979027222951E-4 0.0029761912052783117 0.31579365825163075 0.3231424361865205 0.46760120957887197 0.46848162489476747 0.8467816842339592 0.5321942550325918 0.037012872582967385 0.021543139090831775 0.0017031589769323577 
38556.08353191357 1.7389721382909284E-4 0.0012264761783750678 0.19173333127828374 0.3075421103495196 0.7089275875867074 0.7178298462879554 0.9353485675759604 0.5305091469769728 0.05849882937972208 0.10230437433612218 0.006574775611247748 
36178.86334666594 4.02491874766986E-4 0.0021539053436357473 0.3376695810925125 0.3511179727646227 0.2820112158057018 0.28517470360600866 0.04957953511726951 0.49807900647402625 0.06427097099759614 0.28066661109206387 0.004104514802349246 
35360.409599095 5.940451136568E-4 0.003039781007467964 0.3218242011311963 0.34971090212850187 0.586003930926034 0.5871865751591303 0.9245522087435545 0.5440175470010765 0.06958611348472012 0.10526162237090256 0.003078326617538254 
38680.88065735465 2.7425116640476235E-4 0.0015506509927426283 0.1887098172127091 0.3178266861812642 0.9831155575330279 0.9860974130633041 0.9368699102379742 0.47070014834850216 0.08718494309523539 0.051868479953937285 0.015412026765786147 
34947.98173036201 1.631447177070475E-4 0.0039196866772506925 0.32220525748679135 0.3339867082462778 0.20426352305150047 0.21829846250238366 0.4621700346156701 0.45477212981850074 0.022571535391734197 0.058123268240994314 0.0010565172369456362 
34792.110341249754 0.0019119914369125118 0.0027319890797562092 0.3040113440608817 0.32733535479562537 0.45175920461082797 0.4546001951462602 0.6418057072490093 0.22064724496937926 0.020228656845190082 0.20152940683432952 0.018355744973051515 
38572.94900676881 2.7425116640476235E-4 7.039800175408883E-4 0.2881719552503732 0.3179485107259943 0.9831155575330279 0.9860974130633041 0.9368699102379742 0.4484954671331989 0.08718494309523539 0.051868479953937285 4.322578103636574E-4 
34287.567262841214 8.269747172099033E-4 0.0030650516562172707 0.30534791357784447 0.3478404882212827 0.8755514921820144 0.8783969044910969 0.42084718025141604 0.36635493613160713 0.06313349584721756 0.18574829562517542 7.345967979127373E-4 
34979.50024581841 2.2361055040207744E-4 0.004420270019779812 0.30944197394408857 0.33734208230015833 0.35562408294971903 0.35779552930870595 0.9265488910746936 0.41522752804778174 0.05873921717191318 0.2207759549695374 8.492448437771374E-4 
36635.96475853577 8.870508720594927E-4 0.003063388809107911 0.30401262595751594 0.3361233614507041 0.8748181940830496 0.8838734064460869 0.4766863219175759 0.41463292168539356 0.08016418377082372 0.04255756113760931 0.0012612093489992797 
30221.210968118474 1.0034119359283895E-4 4.039730242325122E-4 0.32092616735747503 0.32899649331963365 0.33122308471557943 0.33760997201609594 0.014257769272769782 0.2700318379182839 0.055686246662842054 0.2549720490034123 0.001424081412671611 
33300.73405027744 0.0011636728110861884 0.0018323418901425152 0.32106238235198753 0.33754372820638956 0.5916749505052291 0.6135750409805959 0.9415007421174093 0.38881602810462085 0.05753200412458218 0.24566143668706464 0.004045106921512877 
29523.111648581787 0.0026035289102189804 0.0039470777447220984 0.29553420942277364 0.3379821904475945 0.5549525671608988 0.5561071668585732 0.9277555224326492 0.014384239866800938 0.049304560277589504 0.3634730334158446 0.0013263240419565184 
38680.88065735465 2.7425116640476235E-4 0.0015506509927426283 0.3142480838776818 0.3479455303831091 0.9831155575330279 0.9883540878057224 0.9368699102379742 0.47070014834850216 0.11517007271530025 0.05072106460765366 0.015412026765786147 
34839.078045691684 6.371769235208268E-4 0.0032398525229829184 0.24113927172400063 0.3227688233781136 0.7038424917460255 0.7047446437281937 0.9368409538842294 0.03652661550952585 0.07429945192859026 0.018640482751713754 0.0038875784679647477 
38680.88065735465 2.7425116640476235E-4 0.002985690189447081 0.3142480838776818 0.3479455303831091 0.9831155575330279 0.9883540878057224 0.9250460746205992 0.4726546934945189 0.07991873993609226 0.042678716817165945 0.015412026765786147 
33302.903449908204 8.870508720594927E-4 0.003063388809107911 0.30401262595751594 0.3361233614507041 0.8777629216811542 0.8838734064460869 0.4766863219175759 0.41463292168539356 0.0799857580822023 0.04255756113760931 0.0012612093489992797 
34947.98173036201 6.933978074836423E-5 0.0039196866772506925 0.297627318559367 0.33798301695598654 0.20426352305150047 0.20817416813947276 0.4621700346156701 0.5357884663204795 0.035543962308578834 0.21980012300552132 0.011046038966237359 
37455.847946906586 3.5918113103716623E-4 0.0016988510443308145 0.3204294993423192 0.3397622381860379 0.9293344784758496 0.93397817365181 0.9050811602342065 0.3756151068933516 0.048742009408650824 0.0702974027914005 0.01924234599362668 
35051.59278896368 4.5930876202167044E-5 0.0011802021356067457 0.3475816708574709 0.3492544804551552 0.12131268257511624 0.12156659491671583 0.010848802030796856 0.05036833557043574 0.06892391132905001 0.07886592561423261 0.00417276581037765 
39678.603392511504 1.2394758063422116E-4 0.040762571490125 0.3282472154644418 0.36195940348993055 0.038869812293232886 0.04026062414070736 0.9476271125236118 0.27157706409381 0.005055194156727233 0.29848549126059776 0.01853316822194489 
37673.34561088162 3.907194568743347E-4 0.014040581986103362 0.3449533312488577 0.3718224846965613 0.9881533056269284 0.9991740590690271 0.9608912297537914 0.3536724887388927 0.11535094830010895 0.12143195968072565 0.10298023214408206 
33533.82752454656 6.817946437265303E-4 0.04008037837792373 0.39522922344001254 0.39692266131409804 0.7439339030089082 0.746665623162369 0.6315975670129187 0.37139376726780204 0.10079439363918274 0.07161162168290265 0.0017496164506900194 
33856.78571132214 0.002786015314325919 0.01778611635087317 0.3492313791599013 0.36268065325220367 0.6776825183860903 0.6826258810929136 0.9062362454788536 0.427637811040137 0.07448810538936088 0.33807729561797534 0.0035770387044960963 
37788.354647938555 9.716618766938013E-4 0.040465844813860785 0.3282474475636572 0.36292848273120026 0.4011442326631838 0.40152115514607944 0.31232814294281436 0.12096969048958259 0.004765701163422655 0.39239126214662756 5.083165957160034E-4 
33698.858178855946 4.390936041518711E-4 0.041259896123273535 0.3274379229722339 0.3611432219264956 0.3316240071300328 0.34367649499667335 0.16319271443783512 0.3756087974301685 0.004198655718096353 0.47728883475454165 0.002139604746362038 
33668.494677040726 4.4792100809681944E-4 0.029115197451215616 0.32419443745964444 0.3640195268611714 0.04026062414070736 0.06299382029575998 0.9453023204390707 0.36191656755064155 0.06095216437327863 0.29850250489230523 0.01853316822194489 
36095.11578244611 3.954580401067161E-5 0.04153185024448022 0.3488798822460399 0.36356448459020596 0.8256468612012212 0.8739633197029012 0.909580928719731 0.37493030917813863 0.005050213144115495 0.38626981369382807 0.004879342519935854 
39946.42009663288 9.92470181583593E-4 0.04190024480306957 0.34976737961542864 0.36279750400919797 0.25247674731272596 0.26405511475458104 0.478018308642229 0.5988539759035589 0.016976129084115443 0.3694286009939144 0.0019134880562224456 
34026.09227272048 0.003082539184738226 0.0415293711714926 0.3241048095039204 0.36242531430283575 0.5709361598386451 0.6012073987311052 0.9903319700967842 0.3767105733967096 0.0051483552643290425 0.3340670322774228 0.0027236400635281452 
37700.8066086859 8.125794564438185E-4 0.03876261099275289 0.3353131155624094 0.3593233557043355 0.6495513377361714 0.6517310402972066 0.918166186463686 0.4184199625371761 0.0046098068828856874 0.3863111426258075 0.008893277870486011 
33616.28846649927 0.0030763260600698322 0.02529074815712067 0.35084680976694277 0.36313647520868 0.17005296231740474 0.17456079687239778 0.9383667950006752 0.4065520081843208 0.03539813213625034 0.3715242868211121 0.002623302564697425 
33968.37308886915 0.0029278612532430814 0.01778611635087317 0.3492313791599013 0.3581155302521304 0.6773971538095014 0.6776249892077639 0.38083056166000684 0.427637811040137 0.07448810538936088 0.3358165397333445 0.0038783893657404578 
34122.952195691076 8.12821329808256E-4 0.032929353400511896 0.3518918332018986 0.3616803972774026 0.9337828395852071 0.9344779177073389 0.4448190216899658 0.38282430277832946 0.012085832515782954 0.2983487291825218 0.001602285702358462 
33613.147705640724 3.746851093899885E-4 0.041668847367636076 0.335668702167378 0.3583294398148278 0.3316240071300328 0.33548495850933935 0.9482395133159454 0.3756087974301685 0.005096871218228353 0.38677953801717035 0.026044551362291626 
33448.72063188169 0.0031161789027769737 0.02288266719227415 0.32839688567120673 0.33732953108326347 0.9907788572618772 0.9919127022513383 0.2073147373555636 0.36586555383342845 0.01446398089143483 0.29157761021130985 0.004904401701307369 
34075.91226448936 0.004904893774299288 0.0980520411122994 0.4272553179642307 0.42880234461455935 0.3326796353652405 0.33925427647605333 0.477228381794557 0.14490669605046633 0.017202627125135553 0.5743228862222902 0.019489128635108526 
33521.66495977232 0.003094128849265656 0.019532465993032468 0.30424658858627235 0.3628184240178393 0.1981338912137354 0.22737197631976053 0.48356828165481025 0.3630948219244914 0.0843769324405351 0.10108255579397718 0.0019134880562224456 
36515.369247725896 1.6019007927411846E-4 0.01668649760056668 0.30096962876664385 0.3635575917428126 0.4426797590011218 0.452937485625236 0.9336476600133006 0.40275848916862994 0.10534081186876577 0.41301640445271476 0.00471175093220123 
35486.92923671667 3.760216937432305E-5 0.10022865962550785 0.4291983192156066 0.43335522187361913 0.5477826799604713 0.5499729272720666 0.613497454827069 0.38195577522467045 0.025029493007547886 0.3812218313607211 0.008566776419328806 
37120.50937568721 1.4282763557693152E-4 0.09931363961954372 0.4306250788211673 0.4309691527319598 0.5456579737085332 0.5462190555503992 0.515396718947508 0.2684166351001916 0.02609666800460669 0.40122803015543906 0.008892242587884274 
33094.74716259376 0.004732488683363157 0.040490797050029774 0.3896032483404446 0.39538267292806806 0.5402088971448246 0.5476154627867958 0.2608567113775486 0.41494098156098513 0.1006427007149797 0.2614687561849032 6.313928182698153E-4 
34075.91226448936 0.004904893774299288 0.0980520411122994 0.4272553179642307 0.42880234461455935 0.3326796353652405 0.33925427647605333 0.38925476712786417 0.14490669605046633 0.017202627125135553 0.5743228862222902 0.019489128635108526 
35946.86094624128 7.503226672814836E-4 0.03329505995885212 0.3154925748920334 0.35788280192370214 0.7901920519617709 0.7911677879430886 0.938602598181 0.5069112015111746 0.0275245269424066 0.3804214771340816 0.00720023931562357 
30179.823806209613 6.817946437265303E-4 0.021882019619433587 0.33410589091060755 0.3425815084316471 0.7465700355431515 0.746665623162369 0.9446696353517369 0.37139376726780204 0.16239110364083453 0.3927541905818813 0.005015857238065172 
37700.8066086859 8.125794564438185E-4 0.03876261099275289 0.3353131155624094 0.3593233557043355 0.6495513377361714 0.6517310402972066 0.918166186463686 0.4184199625371761 0.0046098068828856874 0.3863111426258075 0.008893277870486011 
34858.47457145479 7.503226672814836E-4 0.041446534259223 0.3294986131413814 0.36356448459020596 0.954456123575059 0.9597841517314543 0.9095985253086645 0.36445158154339025 0.005203039426701665 0.5948770345899965 0.0016222122969828875 
31138.06580585613 4.2443484351254715E-4 0.03396851644478851 0.3573346295097044 0.3579616591204732 0.11901382755327705 0.12122129000502174 0.4677211883570524 0.40212408891408086 0.025879391909905798 0.39078387555388977 4.1701291063987386E-4 
36515.369247725896 4.378613335819344E-5 0.01668649760056668 0.30096962876664385 0.35963316365398634 0.4426797590011218 0.452937485625236 0.9336476600133006 0.40275848916862994 0.09340165938031411 0.18359893309505726 0.00471175093220123 
37752.33901511169 0.0010023210807756605 0.033429528330978904 0.3230479852162467 0.3654028762222393 0.41942730740337864 0.42741935363499844 0.2673229733749354 0.4187406048810254 0.10561336261938639 0.07184301821975247 1.3670431589992522E-4 
31357.21812735563 5.15199710669744E-4 0.025534960310220026 0.34976677908664616 0.36284369849652137 0.15274865196246132 0.18499267897481345 0.48356828165481025 0.4266262109770048 0.03529103080568838 0.2927238019837308 0.0019134880562224456 
33764.221473117665 0.0010636728316721204 0.03290711377586318 0.32001011662319234 0.3628813952170775 0.06324183389789048 0.06715276500033901 0.9158443315444511 0.07178298992296434 0.035711050280241984 0.3783878486290627 0.0019758291715082435 
33609.1556082736 0.0012578999042978335 0.0415277376429736 0.32336436045452527 0.36356448459020596 0.8369708044677853 0.8664585773908431 0.8763513743100114 0.47419123804659574 0.0052042122905838475 0.29835120600855025 0.0027947615832180153 
36132.41548837661 0.003305241844553977 0.03275890953240221 0.3247081513936095 0.3581505792999432 0.18072306646235947 0.21072383080420765 0.2682147120480431 0.37502972435058574 0.07989891754713346 0.41740475112918496 0.0025992118524422484 
33222.845876113824 2.9364676935675067E-4 0.038284737535489055 0.3272059053320708 0.36704938511519203 0.43766541387851166 0.4509100267642964 0.9603844769437125 0.3238282576520154 0.01971500743657837 0.2580897131981256 0.0051267738101707806 
29690.07799013614 2.996184051193831E-4 0.040069068504233904 0.33490999877605604 0.36356448459020596 0.7901920519617709 0.7911677879430886 0.8548174679296123 0.3630303373325585 0.006514132871439724 0.2194268179228705 0.002792843719047919 
33639.94299797216 0.003094128849265656 0.02607612700696525 0.30424658858627235 0.3628184240178393 0.18437042776027995 0.1970551276188368 0.48356828165481025 0.3663869986363125 0.08282594549998383 0.10108255579397718 0.0019134880562224456 
37059.21603402856 0.0031161789027769737 0.02288266719227415 0.2864868243216654 0.33734295872507275 0.9919127022513383 0.9988079790614759 0.5351627400264524 0.27955290473359395 0.0141678603866416 0.29157761021130985 0.004904401701307369 
33618.319228805165 0.003305241844553977 0.03275890953240221 0.33098173541733444 0.35826394784571697 0.18072306646235947 0.21072383080420765 0.2682147120480431 0.3833834514850635 0.07989891754713346 0.41740475112918496 0.0012289441473341451 
36206.41166569898 0.0010206941388089153 0.040465844813860785 0.3255019964221008 0.36365333725322085 0.38780641102390523 0.4025902516413955 0.9559718997316113 0.42850554811359404 0.0034986035629984077 0.29760113939072835 0.0015117956354403434 
33616.28846649927 0.0030763260600698322 0.02516386480954866 0.3475565041539377 0.36284369849652137 0.14219598539019812 0.15330786890759684 0.9439576013646321 0.4065520081843208 0.03539813213625034 0.37126276311689904 0.002623302564697425 
37320.75333359486 4.7223167396878794E-4 0.03464349470904126 0.18141937457912577 0.3449533312488577 0.995507161526411 0.9991740590690271 0.9608912297537914 0.3536724887388927 0.05673004540132903 0.12042024667345938 0.006099948311722961 
29676.837023208685 2.4483794703897147E-4 0.04239377257108152 0.3337232872724674 0.36362312993575135 0.8179147176021505 0.8210293871462161 0.626720382972517 0.4090191378252715 0.005303509869708853 0.261923264023205 0.0024891150716026735 
33516.0799379216 8.12821329808256E-4 0.040465844813860785 0.3277522113316509 0.35314807788814817 0.4241252403995349 0.4306682834016681 0.9461491536322416 0.2195311212164618 0.0024442722290270794 0.29850250489230523 0.011475104983138853 
39015.497882942946 6.06514913254481E-5 0.032970086328483424 0.3284008185404734 0.36192149765928855 0.9279668178042825 0.9333173841217484 0.8109638347860981 0.5167841223049117 0.015204427074693235 0.29850250489230523 0.0049428907694984495 
33919.703982332336 0.00194628929492696 0.04077204936072593 0.3282416476888643 0.36238836680962416 0.5899837361470155 0.5978938893355765 0.4834106507781388 0.356714071219221 0.004921609608113611 0.3013948617507403 0.0015925274442712628 
33516.0799379216 3.579711676065529E-4 0.040465844813860785 0.3277522113316509 0.3593471639075051 0.4241252403995349 0.4306682834016681 0.9461491536322416 0.2195311212164618 0.0024442722290270794 0.29850250489230523 0.011475104983138853 
33226.73002603519 8.376687097601037E-5 0.04109741980313751 0.3354896098880419 0.3624101292820463 0.5643305442096621 0.5745418150056215 0.4829072166466094 0.35995815502198103 0.03637366383845111 0.2614687561849032 0.0028856731985428736 
33824.80102620168 0.003342843026370835 0.04110790889715326 0.3019926096234655 0.36339947985116844 0.8468531287141389 0.8526823268622339 0.29942239343298294 0.3736050974994562 0.0049270025114354875 0.29376960465764457 0.002735443796679647 
37289.960305635526 0.0031161658097568494 0.020970258538503962 0.25457249793829484 0.3446987667827879 0.9857408775490024 0.9919127022513383 0.1759580532358686 0.35207055698367157 0.00835557757923093 0.4780644747664637 0.03529484460476199 
32830.138017170946 0.0010348733158381538 0.03292939403435586 0.34952289580783774 0.3630997540462531 0.14267294089139654 0.15304045775796746 0.8864808013479994 0.38537910927799757 0.014964624040644511 0.3650194353961724 0.0019188689950474188 
30528.209515714312 0.001054827477757842 0.02516386480954866 0.347778909115052 0.3628452180952168 0.13238876736263855 0.14050309835421695 0.9439576013646321 0.35923337299369257 0.03539813213625034 0.37088181555976746 0.002623302564697425 
33226.73002603519 3.676679583025362E-4 0.040465240325800345 0.33530466357982425 0.3624221046785672 0.5523479655568339 0.5643305442096621 0.6194873059394652 0.35995815502198103 0.005137697669257165 0.2614687561849032 0.0028856731985428736 
35337.896646165886 0.0010319481553168917 0.03297012696232739 0.3496790406720899 0.36313210698679604 0.1317195201391848 0.13286572286383697 0.9074979145040408 0.11163695294338372 0.014964624040644511 0.375423264117442 0.001932547462198962 
35270.83839821555 4.0826376357692073E-4 0.033727751354783446 0.32669827260154355 0.36356448459020596 0.8392569989952874 0.8570927237222596 0.7534684748453617 0.3677836478034811 0.026213705161227778 0.4197984339685629 0.0015181204306037909 
33731.099423595726 5.667930751048555E-4 0.038307643278545786 0.3272059053320708 0.36704938511519203 0.43972713150653536 0.44960937355179453 0.9603844769437125 0.3239338532817176 0.019877426648380832 0.3031980717789086 0.005220173222029328 
35205.67035433882 2.3132324463281994E-4 0.04008037837792373 0.33393270878692216 0.3896032483404446 0.7452029761045182 0.746665623162369 0.6197053144286941 0.41679607057406654 0.09795087034458076 0.07161162168290265 0.001750986671669205 
36054.846550263275 0.0030818226517197274 0.0415277376429736 0.34719448062678543 0.36356448459020596 0.8389415427219615 0.8466265202515265 0.2580558233939758 0.37397013956539416 0.005050213144115495 0.33143265501991226 0.0026917816344931146 
35368.54675893617 4.4792100809681944E-4 0.040007264291742686 0.33039409496294175 0.3554311036375316 0.04026062414070736 0.04522209174404834 0.9472750766439924 0.3616888724974829 0.006527212195900474 0.3052282752245564 0.01853316822194489 
39877.139294332745 0.005079178441440112 0.040549931136961224 0.3280198763127426 0.3624221046785672 0.5800816665250603 0.5978938893355765 0.49733557688495117 0.356714071219221 0.0339349044809712 0.3759522282123508 0.0015925274442712628 
35368.54675893617 4.4792100809681944E-4 0.03884769705104239 0.3277704387337388 0.35945332105831207 0.04026062414070736 0.05004558379964452 0.9472750766439924 0.36108902683242594 0.006527212195900474 0.29850250489230523 0.01853316822194489 
33685.29498219721 0.003082539184738226 0.0415277376429736 0.3243890168432392 0.36356448459020596 0.8346476526996905 0.8375129443064656 0.9918523424397194 0.3767105733967096 0.0051483552643290425 0.3348430864055635 0.0027330967442949564 
32830.138017170946 0.0010319481553168917 0.03292939403435586 0.34974530076895205 0.3630997540462531 0.13286572286383697 0.14023568720458757 0.8864808013479994 0.38537910927799757 0.014964624040644511 0.3645893022744523 0.0019188689950474188 
34858.47457145479 7.503226672814836E-4 0.041446534259223 0.3294986131413814 0.36356448459020596 0.954456123575059 0.9597841517314543 0.9095985253086645 0.36445158154339025 0.005203039426701665 0.5948770345899965 0.0016222122969828875 
36429.80364232745 3.676679583025362E-4 0.040465240325800345 0.301598852962816 0.36356901307835693 0.5523479655568339 0.5735445237133444 0.49701388486903053 0.35995815502198103 0.00682875070185139 0.3006298492165092 0.0027773537960623035 
39530.56252230421 0.002998843301787224 0.04108301940977263 0.326817616867607 0.3630151482762027 0.9399352902062889 0.9432890014603864 0.9004254745685426 0.592197878529387 0.00535087674428225 0.38123704494203287 0.00170721413289796 
34035.03308444984 1.1975200760660403E-4 0.04075396824193439 0.32824344170554903 0.3624221046785672 0.5800816665250603 0.5978938893355765 0.4834106507781388 0.35995063328366705 0.006669266622373846 0.3013948617507403 0.002898705353457293 
33555.84222066535 8.155021118628076E-4 0.032929353400511896 0.35250263925191644 0.3616803972774026 0.9344779177073389 0.9366835745440287 0.8883132773546958 0.3816050210364284 0.012085832515782954 0.29850250489230523 0.001822325050514113 
35403.34831737143 5.524513509692127E-4 0.033727751354783446 0.32669827260154355 0.3589993615901327 0.8392569989952874 0.8570927237222596 0.7478300255469607 0.3677836478034811 0.026213705161227778 0.4197984339685629 0.0015181204306037909 
33128.48029686229 3.676679583025362E-4 0.040465240325800345 0.34931666181684645 0.3624221046785672 0.5523479655568339 0.5643305442096621 0.895352700820169 0.35995815502198103 0.014535396438587391 0.2614687561849032 0.0028856731985428736 
33524.1691703619 0.002912732501593631 0.020829490418517522 0.33660084131755147 0.3446987667827879 0.9890212620640694 0.9919127022513383 0.9755723125290612 0.353264858521255 0.00835557757923093 0.37539351489173745 0.035040356493898285 
31138.06580585613 4.2443484351254715E-4 0.03396851644478851 0.3573346295097044 0.3579616591204732 0.11901382755327705 0.12122129000502174 0.4677211883570524 0.40212408891408086 0.025879391909905798 0.37559184029926834 4.1701291063987386E-4 
37320.75333359486 4.7223167396878794E-4 0.04129451619623199 0.32767834226685805 0.36807659352823446 0.8231348743636753 0.8279243220425677 0.8836218456166478 0.341958996909115 0.02033060815936922 0.37533216125657337 0.0052551956016231045 
35362.39184058669 0.001034414166975536 0.03297012696232739 0.3343504049459135 0.36313210698679604 0.1317195201391848 0.13286572286383697 0.2457359415737066 0.3593703165912198 0.014964624040644511 0.375423264117442 0.001932737914128276 
36271.83440572447 0.003082539184738226 0.0415277376429736 0.3243890168432392 0.36356448459020596 0.8358750503955441 0.8466265202515265 0.4346198967483365 0.37493030917813863 0.005005490930116624 0.3348430864055635 0.0027330967442949564 
33240.36417882264 0.004732488683363157 0.040490797050029774 0.3896032483404446 0.39538267292806806 0.5402088971448246 0.5476154627867958 0.2608567113775486 0.41494098156098513 0.1006427007149797 0.2614687561849032 0.0015925274442712628 
39530.56252230421 0.002998843301787224 0.04108301940977263 0.326817616867607 0.36300270456328404 0.9399352902062889 0.9432890014603864 0.5281701469906374 0.592197878529387 0.00535087674428225 0.38123704494203287 0.00170721413289796 
36206.41166569898 8.12821329808256E-4 0.04038986655643478 0.33525965078970815 0.35805440265354227 0.39250024842626735 0.3995741876478479 0.9553307751497924 0.3780794231857455 0.0035547550185428345 0.39784746859158904 0.002863415909298698 
31438.56747882184 5.15199710669744E-4 0.025534960310220026 0.34976677908664616 0.3631368840304103 0.15274865196246132 0.18499267897481345 0.48356828165481025 0.5581043487850119 0.03525107924931174 0.3782427477535374 0.001913684084684389 
37341.15347678418 3.69362052395639E-4 0.10022865962550785 0.4291983192156066 0.43335522187361913 0.5477826799604713 0.5499729272720666 0.5229463893626645 0.2684144031273463 0.022229853358090804 0.3787290039882044 0.0022321019819554646 
35368.54675893617 4.4792100809681944E-4 0.03884769705104239 0.3277704387337388 0.3596595403307429 0.04026062414070736 0.05004558379964452 0.9472750766439924 0.36108902683242594 0.007514002427769374 0.290144764469511 0.01434553921076371 
37341.15347678418 4.1739443668074747E-5 0.10022865962550785 0.4272574577125651 0.43335522187361913 0.5456579737085332 0.5477826799604713 0.47643096008318025 0.3595911158249061 0.025449437559592426 0.42237016616544953 0.005028807500493616 
33701.259479484244 5.659855180695287E-4 0.040091203181998984 0.33774590189302656 0.36356448459020596 0.7891717121131647 0.7912632602371641 0.8548174679296123 0.4178413699590847 0.006676341291582525 0.2222653294748551 0.002792843719047919 
35734.01688759878 2.4063843896399893E-4 0.04239377257108152 0.3337232872724674 0.36362312993575135 0.8179147176021505 0.8210293871462161 0.9620485345063672 0.40907922158996585 0.005316691931939489 0.2592718348417508 0.0024891150716026735 
33698.858178855946 5.05015152173435E-5 0.041259896123273535 0.34866519987612504 0.361304549698745 0.3316240071300328 0.34367649499667335 0.16319271443783512 0.3756087974301685 0.004198655718096353 0.47728883475454165 0.002139604746362038 
36474.59338485988 3.676679583025362E-4 0.040465240325800345 0.335306521455278 0.3637058909961181 0.5523479655568339 0.5735445237133444 0.49701388486903053 0.35995815502198103 0.00682875070185139 0.3006298492165092 0.0027773537960623035 
39946.42009663288 0.003094128849265656 0.03277773704584428 0.3497452575896711 0.36282946108248704 0.18499267897481345 0.1981338912137354 0.48356828165481025 0.6986248409401056 0.03529103080568838 0.3581772616509286 0.0019131561520641877 
30528.209515714312 0.001057752638279104 0.02516386480954866 0.3475565041539377 0.3628452180952168 0.14219598539019812 0.15330786890759684 0.9439576013646321 0.35923337299369257 0.03539813213625034 0.37131194868148754 0.002623302564697425 
33609.1556082736 0.003081448993361075 0.04137491305334241 0.326643448349974 0.3596400565013797 0.8284745182726517 0.8289796680382634 0.9095985253086645 0.3621682002578986 0.009886147846117896 0.17392255821590671 0.0027947615832180153 
33195.57412602588 3.676679583025362E-4 0.040465240325800345 0.3011199862574438 0.36228522676080605 0.5523479655568339 0.5735445237133444 0.4834106507781388 0.35995815502198103 0.0067313715182966555 0.2614687561849032 0.0015925274442712628 
33533.82752454656 6.817946437265303E-4 0.04008037837792373 0.36917710024895245 0.39692266131409804 0.7452029761045182 0.746665623162369 0.6286423395765797 0.41679607057406654 0.098480457684334 0.07161162168290265 0.0017496164506900194 
33968.37308886915 0.002720061404186271 0.01778611635087317 0.35173592964315087 0.35821712180619697 0.6776249892077639 0.6820909694803505 0.3643113767973059 0.4156376853946829 0.07701502257628115 0.3358165397333445 0.0038783893657404578 
33824.80102620168 0.0030676495850956755 0.0410868943944507 0.3019926096234655 0.3635350541464381 0.8392569989952874 0.8468531287141389 0.5298485466844342 0.37359011835656236 0.0049270025114354875 0.29376960465764457 0.002735443796679647 
33701.259479484244 5.659855180695287E-4 0.040091203181998984 0.33774590189302656 0.36356448459020596 0.7891717121131647 0.7912632602371641 0.8548174679296123 0.4178413699590847 0.006676341291582525 0.2222653294748551 0.002792843719047919 
33764.221473117665 0.0010636728316721204 0.03290711377586318 0.32001011662319234 0.3628813952170775 0.06324183389789048 0.06715276500033901 0.9158443315444511 0.07178298992296434 0.035711050280241984 0.3783878486290627 0.0019758291715082435 
36206.41166569898 8.12821329808256E-4 0.040465844813860785 0.32800654690535036 0.3637549288072874 0.39250024842626735 0.3995741876478479 0.9440601295384958 0.41650542246813993 0.004933538346824176 0.29760113939072835 0.0015117956354403434 
37289.960305635526 0.0031125532854039233 0.02095819041275847 0.33670234126450715 0.3446987667827879 0.9857408775490024 0.9919127022513383 0.9755723125290612 0.35227374938148764 0.00835557757923093 0.37792159806869796 0.035040356493898285 
37289.960305635526 0.0031162393465332585 0.02097049827488447 0.33670234126450715 0.3446987667827879 0.9857408775490024 0.9919127022513383 0.9755723125290612 0.35227374938148764 0.00835557757923093 0.37792159806869796 0.035040356493898285 
37696.78902990255 3.746851093899885E-4 0.04166606531410278 0.335668702167378 0.35764296590679234 0.3316240071300328 0.33548495850933935 0.9317408432551489 0.41791665664131555 0.005089144608391765 0.38677953801717035 0.026082548884247044 
35161.74489608816 0.0010319481553168917 0.03292939403435586 0.34974530076895205 0.3630997540462531 0.1317195201391848 0.13286572286383697 0.8864808013479994 0.38537910927799757 0.014964624040644511 0.375423264117442 0.001932547462198962 
