45.621401924000004 146851.0 
8.535300184 306541.0 
9.407778252 299897.0 
9.508702288000002 290071.0 
11.690876620000001 278534.0 
37.615590208 174018.0 
38.253120712 170326.0 
39.11489932400001 166433.0 
23.40823504 228674.0 
12.185397488 276182.0 
23.060295988 230841.0 
23.92231526 226864.0 
14.106824243999998 268050.0 
11.000109772 281273.0 
31.15409606 197535.0 
34.817369884 183143.0 
22.50230456 232303.0 
39.614191296 164792.0 
29.663494972000002 203939.0 
29.271635076000003 205490.0 
14.562370768000001 266192.0 
17.661617872 252684.0 
25.556825428000003 220154.0 
25.049476764 222637.0 
18.76913874 247720.0 
20.418903460000003 240831.0 
31.613862908 195810.0 
35.154066148 181571.0 
39.890201996 163767.0 
35.932797704 178541.0 
8.881766488 304834.0 
17.48180716 254112.0 
15.984236044000003 259557.0 
41.81375922 156030.0 
43.784724992 149013.0 
44.563289664 148024.0 
9.214348304 300936.0 
38.66628328 168480.0 
29.923422260000002 202298.0 
18.056361192 250806.0 
24.586024352 224164.0 
13.780547228 269937.0 
45.53699444 147452.0 
43.71221376 149572.0 
18.377046756 249657.0 
44.701847951999994 147766.0 
41.15030468 159346.0 
36.80672712 175781.0 
28.211102443999998 210347.0 
43.161779556000006 151143.0 
15.128064903999999 263115.0 
20.841033927999998 240235.0 
15.566251 261968.0 
36.472172024 176895.0 
10.216976052000001 285948.0 
19.101862788000002 247192.0 
32.575466124 191811.0 
26.121185856 218814.0 
33.673746332 187871.0 
28.991484272 206927.0 
15.725113023999997 261323.0 
9.567784636 287009.0 
32.311676812 193021.0 
27.912332404 210880.0 
13.576883063999999 270666.0 
27.586252183999996 211824.0 
21.186075664 237952.0 
21.83227246 235110.0 
32.006360248 194827.0 
26.51224574 217146.0 
35.640301428 180445.0 
36.257333528 177715.0 
17.077249936 255505.0 
34.384984863999996 184862.0 
16.438682012 259112.0 
33.022744204 190783.0 
20.064055328 242468.0 
25.72832596 219881.0 
21.054335536000004 239190.0 
12.610643468 274947.0 
19.618836068 244680.0 
33.99905544800001 186086.0 
30.78560942 199063.0 
40.288911088 162295.0 
10.385526892000001 283470.0 
24.87585002 222857.0 
10.791633832 282791.0 
15.015750468 264038.0 
19.760916288 243717.0 
22.187060707999997 233473.0 
12.682479836000002 274569.0 
30.275177344 201605.0 
21.57182324 237288.0 
26.162277839999998 217510.0 
9.555191056 289777.0 
12.88707986 272696.0 
37.051995564 174444.0 
35.535414812 180807.0 
10.359158956 284502.0 
9.046637084 303396.0 
22.176518440000002 234359.0 
24.371854276 225656.0 
40.604548532 160686.0 
16.724760103999998 256445.0 
30.691693896 200412.0 
30.438784816000002 201091.0 
28.47726182 208783.0 
26.72122972 215344.0 
42.100151747999995 155254.0 
27.065182663999998 214429.0 
13.176162208 271489.0 
26.655835064 215583.0 
31.810348484000002 194927.0 
42.330697208 153893.0 
27.460847892 213087.0 
19.346744084 245937.0 
14.723331220000002 264871.0 
40.385454419999995 161488.0 
19.986160140000003 242771.0 
34.061322828 185865.0 
