0.8333856798957309 0.0 0.0 0.0 0.539133080033338 0.03722167315758591 5.350661801387255 0.0 9.88480907E9 8.15190939E8 0.126315695591609 0.31086302179524716 0.6671458479926617 0.002363037299968159 0.8146936100149622 2.0179614548570285E-4 
0.045205468846831486 0.0 1.7588397685628294 0.0 0.7375185820192586 0.03712340376330824 3.399333452325821 1.0030947245E10 6.69052761E8 0.0 0.10853603941226957 0.022395128273221904 0.6778888374990469 0.001243890786764819 0.8168375150180859 7.90976571021846E-4 
0.8333856798957309 0.0 0.0 0.0 0.7254826317710541 0.03589541815345975 5.171948939581253 6.4998888E7 9.754811285E9 8.80189827E8 0.12769260170708652 0.27880349100850965 0.6671458479926617 0.0010861463754502055 0.8147045777377941 2.102902136057843E-4 
0.012712212521652994 0.0 0.0 0.0 0.7296842739128798 0.033778450263560425 5.168254523231903 1.52111576E8 1.0480478006E10 6.7410419E7 0.09216333273774788 0.2764523882562845 0.666470658107129 0.0021884481004907064 0.8070808748570522 4.3934735163621795E-4 
0.9661674397588872 0.0 1.1184313459668644 0.0 0.7667174843225172 0.03189620398103183 4.01566368378955 9.533052183E9 1.156164253E9 1.0783562E7 0.12074514298483306 0.04038587932121203 0.9538883980777612 8.83893982358126E-4 0.7716609592575681 8.731468083984671E-4 
0.0184258316501959 0.004630420777371223 0.0026197937098603884 0.0028618342591252245 0.7849077529058266 0.028559401108666404 5.10542079723915 1.0611433436E10 8.7449957E7 1116609.0 0.09745856772211778 0.3209082538146993 0.6668029738223284 0.003816553598295471 0.8304821878527139 4.412838506306821E-4 
1.735194405162293 0.0 1.723956534823409 0.0 0.7621229180022882 0.01872606772960232 3.426794299697126 9.636204242E9 1.063795762E9 0.0 0.11562796476002561 0.2101926938618795 0.9682718275856939 8.83893982358126E-4 0.9676925810503006 8.715271040812629E-4 
0.9661674397588872 0.0 1.1045332255343892 0.0 0.7674550094359609 0.0319121629672815 4.021474688404415 9.946855326E9 7.46046071E8 7098604.0 0.12074514298483306 0.1476995690600537 0.9538883980777612 8.83893982358126E-4 0.7727109374430393 8.759632986097155E-4 
2.2420271899724353 0.009457350329305479 0.009015451712920983 0.003244555769362411 0.7525062621972866 0.03805047089975112 5.114096977466605 1.0136013783E10 5.63986224E8 0.0 0.12119379049464038 0.32463277930419604 0.8723522907881109 0.027056283605147245 0.7852304766023424 3.9994134809271525E-4 
0.6133023878304628 0.0 0.0 0.0 0.793280859667706 0.03180284386944924 5.108458443059625 1.0477054684E10 2.10507063E8 1.2438252E7 0.11554960276995381 0.4038183070524648 0.5514537112751219 1.624903559346178E-4 0.8185421033437331 0.00163257292474001 
1.8560750833141708 0.0 0.0 0.0 0.7854474536482485 0.02633551873216091 5.121231125456222 6.858563843E9 3.841436167E9 0.0 0.12228989832137992 0.2661907189765001 0.9452071028044536 0.001303649014382958 0.813667170812106 4.957549061415389E-4 
1.5425592386067044 0.0 8.771012504511706E-4 0.0 0.7899945664450574 0.034539125895400626 5.106897814770232 8.396092855E9 2.303907154E9 0.0 0.11381077387426608 0.2809014614771931 0.6512605995427979 8.80838847900326E-4 0.7852108974591847 4.2648696535217863E-4 
23.63030915976213 0.0 0.0 0.0 0.7997818156922444 0.03281691105083372 5.100041916755782 6.730311306E9 3.969688701E9 0.0 0.12129579141175206 0.3613882259757015 0.9394975381787458 1.4784404229764136E-4 0.8169287092187949 4.3593636165628787E-4 
0.8277827809071947 0.0 0.0 0.0 0.7999474018276566 0.03282591697167197 5.100260127875042 7.737111956E9 2.961133471E9 1754571.0 0.17195759851056247 0.3248750083891221 0.9394975381787458 0.002187124107654731 0.8098635953628044 6.532093860412997E-4 
0.5634167862144857 0.0 0.0 0.0 0.7804456472858563 0.023315567840678845 5.127136078372381 2.817955859E9 7.872749909E9 9294230.0 0.12242441761550658 0.317599449521592 0.6465017406270115 0.004441910983623752 0.8170185846493928 0.0021736632151276155 
0.6920911567310792 0.0 0.0 0.0 0.7575755795943678 0.03266521225676867 5.142344501697405 5.822068583E9 4.877931424E9 0.0 0.10017884796881157 0.14952617508406674 0.746307093909712 1.1246586675945996E-4 0.9082074703545295 3.9439053273670924E-4 
44.9178102239178 0.0 1.6450602776207877 0.0 0.7129094971175046 0.03183545474224348 3.5434053267586365 9.527573179E9 1.172426829E9 0.0 0.10218627816693485 0.01984525695260883 0.9439013113836229 0.003926441720977585 0.8285708924749908 7.365350605156203E-4 
0.9999554051414862 0.006088513376473385 0.0071855659938304854 0.006088513376473385 0.7955209632954966 0.03581650694795675 5.078299937009769 9.693016565E9 1.006983442E9 0.0 0.10892521132954822 0.42416310512244443 0.8733530128932743 0.002250587938324471 0.8059708308357796 6.077660148369864E-4 
0.8186862690142291 0.0 0.0 0.0 0.7950996660496666 0.03555436481962414 5.096844051662732 5.61296242E8 1.0138703766E10 0.0 0.13511847681308436 0.4275537837597146 0.6958907117630698 0.0038731187815584634 0.8317903536082492 2.2383655602400775E-4 
44.27551793450875 0.0 1.7998485668677757 0.0 0.7569812830779474 0.03685252624897811 3.339017626312398 9.527573179E9 1.172426829E9 0.0 0.1274954826862981 0.05467217399414434 0.9439013113836229 0.004490726950698142 0.8285708924749908 0.002122667016716082 
16.698424613126704 0.0 0.0029733689221183206 0.0013878615743099093 0.7397733827821054 0.035965553571706894 5.1532705706145325 9.072034377E9 1.623042454E9 4923168.0 0.12622089273559278 0.4005207953965082 0.6792153100084022 6.517680579759808E-4 0.8124739333774322 2.442234497391945E-4 
1.0031341629381996 0.0 0.0 0.0023750108944732115 0.7860801006080859 0.03084352632738991 5.110416788042756 6.504224509E9 4.195775498E9 0.0 0.1222140503792457 0.3210144170625097 0.6447381607184757 0.004364428260991466 0.932357621404055 6.084654541837977E-4 
1.5771248813755507 0.0 0.0 0.0 0.7901907700793512 0.025243300243215624 5.117544974409278 2.627110751E9 8.072889257E9 0.0 0.18112187596247198 0.4285757563243657 0.6659040467172977 0.004374336093353104 0.8148471183517391 9.457535457101012E-4 
0.3101315737808652 0.0 0.0 0.0 0.7945022590872265 0.03552187296999822 5.102617672613753 3.80873199E8 1.025531939E10 6.3807411E7 0.13582023939929821 0.4275537837597146 0.6318825369509464 0.0017862071866279793 0.8365757876295804 4.525499610804351E-4 
0.23491222924784694 0.0 0.0 0.0 0.7834491892409489 0.03182234601157959 5.118221340888444 4.321081018E9 6.378918987E9 0.0 0.22609906105419433 0.41634017348758173 0.6945873163910935 4.726829372848351E-4 0.9495011475715205 0.0020990842312361706 
0.2926660293038698 0.0 0.0 0.0 0.7552924395858731 0.024206376130327167 5.150413092832919 2.270476775E9 8.429523233E9 0.0 0.10884296528875743 0.32136141172311816 0.938026884217997 0.024273594921899053 0.7122876699602143 2.3561940110871163E-4 
0.2747282106113933 0.0 0.0 0.0 0.7873437749815229 0.03083871401277288 5.1154232610304895 4.821308344E9 5.878691663E9 0.0 0.12270151299256121 0.27655373700209546 0.648958093280539 6.644354100697998E-4 0.7696850296706691 5.170850550757776E-4 
1.5922384710509965 0.0 0.0 0.0 0.7959618850587904 0.037101603396523096 5.0998449860775255 5.571473526E9 5.128526483E9 0.0 0.12846040897104888 0.439079846526788 0.9539008347249786 8.499629426416693E-4 0.7692770981416446 0.002154224416005017 
1.0341428184064128 0.0 0.0 0.0 0.7984552790376185 0.023330302445960915 5.111949705161362 8.82991157E9 1.87008844E9 0.0 0.1092359526735957 0.20233018662790236 0.9704936435725893 3.8537492264684343E-4 0.8190336362472413 0.0016802571162065872 
0.23432941816643327 0.0015628266671056854 0.0 0.001585316699845832 0.7738638445124847 0.03443783278398971 5.119122771874106 7.935968455E9 2.76403155E9 0.0 0.10078598445374749 0.26649665905784187 0.8508475800141306 1.5534315504607532E-4 0.8138490210060689 3.922005066697349E-4 
0.8306688634899738 0.0 0.0 0.0 0.7923842535012361 0.024286843721574677 5.116767736632218 3.91425197E9 6.78511905E9 628980.0 0.12732031328292423 0.3178387284143419 0.5451435581002881 1.6429813448907144E-4 0.8187264774382 2.015261971096377E-4 
1.7260197529749244 0.0 1.7411919105961389 0.0 0.7377686425083985 0.018981849940326118 3.434796538015464 9.659976837E9 1.005503952E9 3.4519209E7 0.26754167669866624 0.01810425783443137 0.6464199061046892 0.001243777373752468 0.9735862361223533 8.051045267920058E-4 
0.24280819829037803 0.0018453292704918407 0.0018453292704918407 0.0018453292704918407 0.7892374930261566 0.025824421019698673 5.10840209814267 9.56130972E9 1.124685901E9 1.4004378E7 0.1038321966141525 0.38511980570359694 0.9823387346792791 0.003207041440342062 0.7379761363833872 8.755749799980574E-4 
1.372781481657475 0.0 0.0 0.0 0.79838979931006 0.032788284407644586 5.100576315171413 3.815343178E9 6.884656828E9 0.0 0.10782794024719987 0.14978299078331272 0.6861134988236531 2.568420424152394E-4 0.840296466607172 3.4220085570263936E-5 
0.8186862690142291 0.0 0.0 0.0 0.7950996660496666 0.03555436481962414 5.10268993410062 5.08488027E8 1.0191511979E10 0.0 0.13511847681308436 0.4275537837597146 0.6295605540245888 0.0038731187815584634 0.8303792308763037 4.525499610804351E-4 
0.26322174084414945 0.0 0.0 0.0 0.7908367875266965 0.03550011294960182 5.105197619368203 1.236146963E9 9.463853044E9 0.0 0.09669716565243655 0.42242824193213674 0.9382262028785837 1.3031142012042514E-4 0.8163816063866138 0.001548423579064562 
1.5916458422441886 0.0 0.0 0.0 0.795787718748912 0.03712016743801345 5.099921404485273 2.960355948E9 7.739644058E9 0.0 0.1284670773038082 0.439079846526788 0.9295650558613747 0.003239730214595877 0.8191347265638059 1.884956141749326E-4 
0.8310586931636645 0.0 0.0 0.0 0.7867408894661169 0.028760151461949466 5.1145088249372685 4.078161857E9 6.621838152E9 0.0 0.0997907853586881 0.33638704678993614 0.6526101173495358 0.002677897411020775 0.8131790435157383 0.0020391746021480306 
0.2933651802004118 0.0 0.0 0.0 0.7875179042406953 0.01957048163864992 5.118776778072696 4.417987324E9 6.282012681E9 0.0 0.10520522921757464 0.3177903360474607 0.9300803074326163 0.0021905583979920794 0.7421765650051352 1.4261151410662962E-4 
1.6122603538244331 0.0 0.0 0.00307414384424704 0.7856033383099797 0.028754105202225412 5.115278494264046 7.543578139E9 3.156421866E9 0.0 0.1147558732334545 0.28288230866214226 0.8712501007407342 0.028368266564542055 0.7859476877333187 2.0266845601240685E-4 
0.8277827809071947 0.0 0.0 0.0 0.799979144101011 0.03282591697167197 5.099782705483537 7.094658725E9 3.605341285E9 0.0 0.17195759851056247 0.3131079211862085 0.9403009467114519 0.013660586153372472 0.8098635953628044 5.279374442186419E-4 
36.44598515168861 0.0 0.0 0.0 0.7296842739128798 0.033778450263560425 5.169899308871779 2.55532821E8 1.0444467188E10 0.0 0.09216333273774788 0.2764523882562845 0.6667471806011871 0.0021884481004907064 0.8070808748570522 0.001456669617706247 
0.9400615898882443 0.006034374436648991 0.006034374436648991 0.006034374436648991 0.7677815281134646 0.023339071099383064 5.1200010669406915 7.340847255E9 3.359152749E9 0.0 0.10943844712788162 0.426821450462095 0.6535532600033169 2.8599090241130873E-4 0.8142530606750699 0.001818621439054354 
0.8872331034541123 0.0 0.0 0.0 0.7889155866236357 0.036107813234615566 5.108153041552931 2.81398338E8 1.0362346767E10 5.6254895E7 0.19374124419618838 0.40404459813368343 0.6703334504696484 0.007160443251502398 0.9050674691211499 4.497946387517416E-4 
1.635968955786018 0.0 0.0 0.0 0.7915924581173682 0.03578213775062161 5.1061028336279035 4.936080309E9 5.7639197E9 0.0 0.12232108294390691 0.3116729432189274 0.9198573097924542 0.00223124249620642 0.9405933807450291 1.4261151410662962E-4 
0.0015103841355958098 0.0 0.0 0.0 0.798852026651078 0.0340037658472609 5.100517947105394 9.66037226E8 9.73396278E9 0.0 0.0937972665151224 0.3249224546437511 0.9386454434884736 8.660236793067323E-4 0.686590356340172 9.570202745503207E-4 
0.9978701883699377 0.0014098645119944003 0.008291721521912081 0.0 0.8021549819894883 0.03574928765742487 5.079464695949212 8.189008601E9 2.510991405E9 0.0 0.16162341319253426 0.38690826806101036 0.9264929219895621 0.00445595332116489 0.8667035775881129 0.002137645487312211 
0.8308669310998461 0.0017362789396443087 0.0 0.0 0.7937822804921555 0.023435399986894256 5.114511291794582 8.022279677E9 2.677720331E9 0.0 0.09456873853389583 0.27795587474748806 0.6266572928232168 0.0022846067444325844 0.8187264774382 2.0103794571216021E-4 
1.5864254705715268 0.0015529147525381523 0.002078473417060999 0.00139845536010956 0.763213205753311 0.033202974945877664 5.126931944436712 9.347358878E9 1.352641132E9 0.0 0.10844386428588075 0.23892865604048044 0.6944047035048589 0.0030979818393044103 0.8296442408513316 0.001637218928340809 
0.13850126490040934 0.0 0.0 0.0 0.740018869503839 0.03397828046645177 5.158589466295591 9.952118007E9 7.43049032E8 4832961.0 0.13360709768416584 0.27706227476851286 0.9770101176393231 0.0013597107603211568 0.8169398099958068 4.0901700324158746E-4 
0.2756205451196585 0.0 0.0 0.0 0.7875266180809811 0.01957048163864992 5.118862092696827 4.160111231E9 6.539888775E9 0.0 0.09995582090369969 0.3177903360474607 0.9300803074326163 0.0021905583979920794 0.7421765650051352 1.4261151410662962E-4 
0.7121137926497183 0.0 0.0 0.0 0.7860670541740001 0.030862028670124636 5.115778233951673 2.065438622E9 8.634561385E9 0.0 0.12727856735277737 0.27655373700209546 0.6631436373422813 0.0017344518861907537 0.7286392918679301 2.546614585387255E-4 
1.0265950184264863 0.0 0.0 0.0 0.7978186014319996 0.03692261689610052 5.098058288725916 1.443359768E9 9.256640237E9 0.0 0.09800042127060508 0.4296322865637435 0.6615683236816725 1.8949346208537365E-4 0.818826468732512 0.001548423579064562 
0.7105149631300502 0.0 0.0 0.0 0.7552247343880906 0.0321349497583341 5.144587159259495 1.53462485E9 9.165375158E9 0.0 0.09965113391117103 0.3178625769140792 0.6750282609730524 1.3075561377473392E-4 0.9778211985196329 2.52319418409397E-4 
0.28248899295411745 0.0 0.0 0.0 0.7873437749815229 0.03083871401277288 5.1154232610304895 3.664809108E9 7.035190899E9 0.0 0.12270151299256121 0.27655373700209546 0.6489201298325525 6.644354100697998E-4 0.7696850296706691 5.170850550757776E-4 
1.6099672287450932 0.0 0.0 0.0 0.7951573976496192 0.0262720039937474 5.111668454416194 6.396423664E9 4.275778678E9 2.7797658E7 0.12240851218928228 0.3137381537872511 0.8660337283188698 0.013845637156196598 0.8193996007940699 6.021239748093344E-4 
1.635968955786018 0.0 0.0 0.0 0.7915924581173682 0.03578213775062161 5.098175399028971 3.210510302E9 7.489489707E9 0.0 0.12287153809658855 0.3116729432189274 0.662465982495237 0.00223124249620642 0.9405933807450291 1.4261151410662962E-4 
1.0038840105821054 0.0 0.0 0.0 0.7985581584488705 0.03659285325963398 5.09755308047389 6.028225877E9 4.635294054E9 3.6480069E7 0.13498104706045524 0.4296075321131302 0.653038906003056 1.9299441661599815E-4 0.9588319082001756 4.6262627820185776E-4 
1.6034625106250096 0.0 0.0 0.0 0.7959618850587904 0.037101603396523096 5.0998449860775255 2.028903171E9 8.668802756E9 2294071.0 0.12846040897104888 0.439079846526788 0.938026884217997 0.003239730214595877 0.7694578665396954 0.002154224416005017 
0.13850126490040934 0.0 4.583093037206284E-4 0.0 0.757344302770824 0.03164200393345476 5.142206107930734 9.543835004E9 1.144188462E9 1.1976536E7 0.09829124774894138 0.27829898824315 0.9815661986663456 0.003207041440342062 0.7379761363833872 8.755749799980574E-4 
0.7458783036813308 0.0 0.0192278940455316 0.0 0.7853752164207454 0.03669603688831067 5.091379021842844 5.897628723E9 4.794540605E9 7830671.0 0.1270580353959975 0.3200142467356456 0.6631436373422813 0.0017344518861907537 0.7300407303284111 2.546614585387255E-4 
0.2889040837280307 0.0 0.0 0.0 0.7844062329429902 0.02996218223834667 5.118920222625324 9.134373436E9 1.565626572E9 0.0 0.12601516113454986 0.433270373804297 0.6980941383920476 0.004209530055960013 0.8170993946976414 0.0020677669118293945 
1.5615703317313943 0.0 0.0 0.0 0.7822889117662607 0.03342104203931419 5.109519412863397 7.93159253E8 9.906382089E9 458659.0 0.16037220033368188 0.27370908584305714 0.7499400052271735 0.0014159657395735677 0.7858933205781193 4.497946387517416E-4 
1.5615703317313943 0.0 0.0 0.0 0.7822889117662607 0.03342104203931419 5.109519412863397 7.93159253E8 9.906382089E9 458659.0 0.16037220033368188 0.27370908584305714 0.7499400052271735 0.0014159657395735677 0.7858933205781193 4.497946387517416E-4 
0.24176797254189664 0.0 0.0 0.0 0.790988857931078 0.035498846362895936 5.106406797913357 8.189008601E9 2.510991405E9 0.0 0.16025463527468364 0.38511761547056295 0.9264929219895621 0.004468419123233924 0.817018876547926 0.002137645487312211 
40.72451328624094 0.0 0.0 0.0 0.7839634743257786 0.033211778726784755 5.115912728913921 5.54997246E9 5.150027548E9 0.0 0.12601399980762806 0.34722558928022784 0.6657221917890213 0.004587184150115603 0.8202675360519188 8.339776739238536E-4 
1.5584169792975129 0.0 0.0 0.0 0.7851771174188003 0.030776112974940754 5.116892232620536 3.04755901E9 7.652440994E9 0.0 0.12309577498203599 0.3195975619059176 0.9130082569156793 0.001929926872729593 0.9427017614686771 9.935765370195629E-5 
0.21374212943957327 0.004708806354967229 0.004708806354967229 0.004716105161360009 0.7634380407812811 0.0309484998471779 5.118707254157685 1.858244765E9 8.838655787E9 3099448.0 0.12270593205875667 0.4258418841669732 0.651316929693106 0.0021817272029275663 0.7986693248031481 3.7733234936157133E-4 
0.061677356104914316 0.0 0.0 0.0 0.7850351314400936 0.03440089395139321 5.114145264181727 5.363267086E9 5.334598452E9 2134462.0 0.1227128551603924 0.26649665905784187 0.7465115053790423 1.5534315504607532E-4 0.733060333323066 3.922005066697349E-4 
0.6769352266463372 0.001576698611932887 0.001253508367843125 0.0012712182466209367 0.7553957730572735 0.02366213408899198 5.145840667627338 1.867903155E9 8.83209685E9 0.0 0.09965113391117103 0.3178625769140792 0.6750282609730524 2.818563997035332E-4 0.815195628366113 0.0017998411009725454 
23.054359103103316 0.0 0.0 0.0 0.7859013305050198 0.024257994394684772 5.1175298851611 8.586479846E9 2.113520163E9 0.0 0.161216557803816 0.37497751538549245 0.9523316799995194 0.0012839627860685686 0.9031326321686941 4.556208683054589E-4 
0.6914224246423029 0.0 0.0 0.0 0.757347574415666 0.03266521225676867 5.143081058460714 3.390758879E9 7.309241127E9 0.0 0.16142648779453406 0.14563945329668293 0.7460412587753211 1.2384943676918884E-4 0.9082074703545295 3.9439053273670924E-4 
0.045205468846831486 0.0 1.7588397685628294 0.0 0.7375185820192586 0.036879577198287515 3.399333452325821 9.779810298E9 9.20189707E8 0.0 0.10853603941226957 0.02245473455694116 0.6536802874518246 0.0012584867992715453 0.8168375150180859 7.90976571021846E-4 
1.019323616666388 0.0014236108546394014 0.00850354610687595 0.0014236108546394014 0.8021985708959027 0.035761195788438345 5.079689465499505 1.236146963E9 9.463853044E9 0.0 0.09806594357028683 0.4242188945225842 0.9382262028785837 0.0022942946933552553 0.8660663074268006 0.001548423579064562 
0.8151683052548034 0.0 0.0 0.0 0.7900485207548276 0.035678196817350426 5.107250382784894 3.166335484E9 7.511577111E9 2.2087404E7 0.12286205023879945 0.3118164183239354 0.662526108671594 0.0022192052236910276 0.8167223941856714 1.4261151410662962E-4 
0.2760601108491721 0.0028732902034488876 0.0028732902034488876 0.0028732902034488876 0.7826809663748946 0.024514561239504375 5.113184601775255 2.381579751E9 8.318420258E9 0.0 0.1602750442733006 0.27220044776822794 0.6703086342751823 0.004418947637614586 0.787602134367444 4.4593249999753807E-4 
1.3918483546554226 0.0 0.0 0.0 0.7972682163246833 0.03715950055052844 5.0921184091508715 7.106390473E9 3.578344868E9 1.5264657E7 0.1785731729655685 0.15067289583595386 0.6841621252056074 3.4763903386276633E-4 0.7126317681657689 6.077660148369864E-4 
0.5694137567688187 0.0 0.0 0.0 0.7853390444817804 0.03769033332701193 5.1108369584714515 6.443236875E9 4.253593281E9 3169842.0 0.1336702104147884 0.4107431494123577 0.985937655238464 0.0031873851977994214 0.8114084371720341 4.692793369879349E-4 
0.8419503188437467 0.012931945883202891 1.8004971399492071 0.013387911284431718 0.7617590690211 0.0371145533753629 3.3033093804866955 9.694686823E9 1.005313182E9 0.0 0.0602862518741582 0.013721583038979551 0.9439013113836229 0.004468326371115594 0.8285304745331454 0.0021395612822032585 
2.1617391452470653 0.0 0.004245032862508906 0.0 0.7546352484739857 0.03327051886009143 5.141557038720358 1.819807234E9 8.781156802E9 9.9035962E7 0.12632235475420606 0.20233018662790236 0.6671909298468668 3.8537492264684343E-4 0.8178952743051381 0.001643106688236222 
1.350263712054974 0.0 0.0 0.0 0.7854492960010142 0.026269768056937124 5.121127259901531 5.156682227E9 5.543317778E9 0.0 0.12240851218928228 0.3118148316806556 0.6297683169473345 0.001126928366429625 0.8194270501144671 6.021239748093344E-4 
0.28791273604489775 0.0 0.0 0.0 0.7873347308656014 0.029551207763215945 5.115195414240275 7.590693957E9 3.10930605E9 0.0 0.11424514209016097 0.2785122152629478 0.6415290157148039 0.0010820083669138656 0.8196793530162605 4.623256699726572E-4 
0.25676109920077256 0.0 0.0 0.0 0.7653040817279834 0.023569464917546287 5.144139474740857 2.381579751E9 8.318420258E9 0.0 0.12930382091627812 0.27636805398973785 0.6702614725903953 0.004469884741174633 0.7879025647409708 3.834342717424817E-4 
2.1931881097765604 0.0 0.0 0.0 0.7652859461141679 0.03322392116904707 5.134405351675492 1.819807234E9 8.781156802E9 9.9035962E7 0.12632235475420606 0.20233018662790236 0.6671909298468668 0.02988527773958725 0.8202647051580463 8.535169025637587E-4 
0.01654010969421371 0.0 0.0 0.0 0.7742754620863125 0.030646755111886907 5.128931165678314 1.058945851E10 9.878806E7 1.1753428E7 0.1334761802435561 0.2803630959839493 0.6691249567486861 0.0017296420033232679 0.8366787446059905 4.412838506306821E-4 
0.8419503188437467 0.00746629176117262 1.8247101871390359 0.007315617196122897 0.7942034565802306 0.035724947960603 3.259579499362835 9.190228119E9 1.503679391E9 6092491.0 0.1274954826862981 0.04434744756451506 0.9439013113836229 0.002432222032560606 0.805279060462718 3.3034485552405535E-4 
1.6552540592058897 0.0 0.0 0.0 0.7939309434649678 0.030569325380671534 5.109036502154038 3.645532023E9 7.016774912E9 3.7693067E7 0.12270151299256121 0.27655373700209546 0.6489201298325525 7.051195525579129E-4 0.9666615187584613 5.170850550757776E-4 
0.9661674397588872 0.0013441461936731496 0.01034902050442729 0.0013441461936731496 0.7676570340467481 0.031840804494543844 5.116464848566935 8.664393997E9 2.03560601E9 0.0 0.12074514298483306 0.14455449703476075 0.9517011729582837 2.9462957068781246E-4 0.813670250739949 8.941610989099516E-4 
0.136186966960389 0.014034377610058133 0.004102313867283097 0.014039146977965242 0.7419338318054982 0.04163819615680157 5.113252133582394 9.977133157E9 7.14664445E8 8202396.0 0.10079738741306223 0.27596799120189924 0.9904778243349783 0.0033692622772105926 0.7625833423315076 4.4230418932404063E-4 
1.5864254705715268 0.0015574131524194077 0.002078473417060999 0.0013717289531372998 0.763213205753311 0.03211511094328679 5.126931944436712 7.249718273E9 3.450281734E9 0.0 0.10844386428588075 0.23892865604048044 0.6944047035048589 0.003077570285409139 0.8296442408513316 0.001637218928340809 
1.0343468262424351 0.0 0.0 0.0 0.7894664703198864 0.03317916729296068 5.111310033792211 8.766245958E9 1.93267518E9 1078860.0 0.11166780293311132 0.2023722228059091 0.8333320532945754 4.0041864352633827E-4 0.8091902062664276 0.0016475752522301752 
0.23432941816643327 0.0 0.0 0.0 0.7740784215681202 0.03444950322953725 5.120695364411637 5.373162209E9 5.326837799E9 0.0 0.10078535956217494 0.26649665905784187 0.7465115053790423 1.5534315504607532E-4 0.8139337269974882 3.922005066697349E-4 
0.7121137926497183 0.0 0.0 0.0 0.7915312096869409 0.03125568253674177 5.11014977818214 5.067042082E9 5.632957925E9 0.0 0.12270927136174271 0.3022572978622971 0.5284474611131724 1.6509638148141893E-4 0.7314926992451166 3.918175148759169E-4 
38.38291715360414 0.0014382547590487162 0.0 9.154977116836802E-4 0.7659258465691603 0.033203229370771144 5.127038465531623 9.277129241E9 1.422870769E9 0.0 0.12666645535053211 0.3819864747661906 0.6643043498115411 0.0039495789975602024 0.8170592944897714 0.0016945255687175124 
1.5916458422441886 0.0 0.0 0.0 0.795787718748912 0.03710156511001693 5.099921404485273 2.499289127E9 8.200710882E9 0.0 0.12517043167633768 0.40645366101740177 0.9295650558613747 0.002562744349160357 0.8203019380258981 1.884956141749326E-4 
0.28981594222859247 0.0 0.0 0.0 0.7475849332188497 0.034113864293368955 5.1507690016837575 3.446867986E9 7.253132022E9 0.0 0.12165489781980282 0.27638128330178735 0.5705600710405703 0.0017931177240883601 0.816173144137608 1.0281740269716725E-4 
0.7121137926497183 0.0 0.0 0.0 0.7860801006080859 0.03084096367533994 5.115778233951673 6.211792876E9 4.488207131E9 0.0 0.12270593205875667 0.27655373700209546 0.6631436373422813 0.0017344518861907537 0.7314926992451166 3.918175148759169E-4 
1.5957455980897208 0.0 0.0 0.0 0.7776951099598515 0.033165628440198054 5.122296542062803 9.350797715E9 1.345576732E9 3625552.0 0.10844386428588075 0.3183552207525574 0.6944047035048589 0.002255619688474668 0.8298863133392874 0.017121064777493502 
0.0015103841355958098 0.0 0.0 0.0 0.7925596964646919 0.033689185942936864 5.10670872386105 1.023904049E9 9.67609596E9 0.0 0.09292788630407814 0.27718417910128434 0.830173120010338 8.660236793067323E-4 0.686590356340172 9.570420185397541E-4 
0.0015103841355958098 0.0 0.0 0.0 0.7925596964646919 0.033689185942936864 5.10670872386105 1.023904049E9 9.67609596E9 0.0 0.09292788630407814 0.27718417910128434 0.830173120010338 8.660236793067323E-4 0.686590356340172 9.570420185397541E-4 
