1 717.0
2 717.0
3 643.0
4 329.0
5 290.0
6 290.0
7 227.0
8 217.0
9 203.0
10 203.0
11 133.0
12 125.0
13 125.0
14 125.0
15 69.0
16 66.0
17 66.0
18 56.0
19 56.0
20 56.0
21 26.0
22 26.0
23 26.0
24 26.0
25 26.0
26 26.0
27 26.0
28 26.0
29 10.0
30 10.0
31 10.0
32 10.0
33 9.0
34 9.0
35 9.0
36 9.0
37 9.0
38 9.0
39 9.0
40 9.0
41 9.0
42 9.0
43 9.0
44 9.0
45 9.0
46 8.0
47 8.0
48 5.0
49 5.0
50 5.0
51 5.0
52 2.0
53 0.052999999999999936
54 0.04300000000000004
55 0.07799999999999996
56 0.04600000000000004
57 0.04200000000000001
58 0.04200000000000001
59 0.04100000000000001
60 0.05500000000000002
61 0.05500000000000002
62 0.04
63 0.05300000000000002
64 0.05300000000000002
65 0.03899999999999998
66 0.037000000000000005
67 0.04500000000000004
68 0.034
69 0.049000000000000016
70 0.049000000000000016
