1 841.0
2 841.0
3 535.0
4 535.0
5 535.0
6 511.0
7 456.0
8 421.0
9 412.0
10 412.0
11 310.0
12 283.0
13 283.0
14 206.0
15 206.0
16 173.0
17 173.0
18 155.0
19 29.0
20 29.0
21 29.0
22 29.0
23 28.0
24 22.0
25 10.0
26 10.0
27 10.0
28 10.0
29 10.0
30 10.0
31 10.0
32 10.0
33 10.0
34 10.0
35 10.0
36 10.0
37 9.0
38 9.0
39 9.0
40 9.0
41 9.0
42 9.0
43 9.0
44 9.0
45 9.0
46 5.0
47 5.0
48 5.0
49 5.0
50 5.0
51 5.0
52 5.0
53 5.0
54 5.0
55 5.0
56 5.0
57 5.0
58 5.0
59 5.0
60 5.0
61 2.0
62 2.0
63 2.0
64 2.0
65 2.0
66 2.0
67 2.0
68 2.0
69 2.0
70 2.0
