1 700.0
2 596.0
3 596.0
4 582.0
5 427.0
6 386.0
7 386.0
8 309.0
9 309.0
10 309.0
11 299.0
12 271.0
13 164.0
14 164.0
15 127.0
16 127.0
17 111.0
18 111.0
19 111.0
20 111.0
21 111.0
22 111.0
23 111.0
24 53.0
25 53.0
26 38.0
27 38.0
28 38.0
29 38.0
30 38.0
31 38.0
32 38.0
33 35.0
34 35.0
35 32.0
36 32.0
37 32.0
38 32.0
39 27.0
40 27.0
41 27.0
42 27.0
43 25.0
44 18.0
45 18.0
46 16.0
47 16.0
48 16.0
49 16.0
50 16.0
51 16.0
52 14.0
53 14.0
54 14.0
55 14.0
56 14.0
57 14.0
58 14.0
59 14.0
60 14.0
61 14.0
62 14.0
63 14.0
64 14.0
65 14.0
66 14.0
67 14.0
68 14.0
69 14.0
70 14.0
