1 708.0
2 708.0
3 571.0
4 316.0
5 278.0
6 278.0
7 247.0
8 226.0
9 223.0
10 198.0
11 178.0
12 178.0
13 178.0
14 178.0
15 82.0
16 82.0
17 31.0
18 31.0
19 31.0
20 31.0
21 25.0
22 25.0
23 25.0
24 25.0
25 25.0
26 25.0
27 21.0
28 21.0
29 21.0
30 21.0
31 21.0
32 21.0
33 21.0
34 21.0
35 20.0
36 20.0
37 20.0
38 20.0
39 20.0
40 20.0
41 15.0
42 15.0
43 15.0
44 15.0
45 15.0
46 10.0
47 10.0
48 10.0
49 10.0
50 10.0
51 10.0
52 10.0
53 10.0
54 8.0
55 8.0
56 8.0
57 7.0
58 7.0
59 7.0
60 7.0
61 7.0
62 7.0
63 7.0
64 7.0
65 7.0
66 7.0
67 7.0
68 7.0
69 7.0
70 7.0
