1 868.0
2 826.0
3 816.0
4 803.0
5 601.0
6 601.0
7 581.0
8 406.0
9 406.0
10 303.0
11 236.0
12 232.0
13 232.0
14 232.0
15 232.0
16 231.0
17 231.0
18 230.0
19 196.0
20 88.0
21 84.0
22 83.0
23 83.0
24 82.0
25 82.0
26 82.0
27 71.0
28 71.0
29 71.0
30 71.0
31 50.0
32 50.0
33 50.0
34 50.0
35 50.0
36 37.0
37 26.0
38 26.0
39 24.0
40 24.0
41 21.0
42 21.0
43 18.0
44 18.0
45 18.0
46 18.0
47 18.0
48 18.0
49 16.0
50 14.0
51 14.0
52 14.0
53 14.0
54 14.0
55 14.0
56 14.0
57 14.0
58 14.0
59 9.0
60 8.0
61 8.0
62 8.0
63 8.0
64 8.0
65 8.0
66 8.0
67 8.0
68 8.0
69 6.0
70 6.0
