0.624 2833.0 
-0.565 5871.0 
0.624 2833.0 
-0.565 5871.0 
-0.255 3454.0 
-0.42 3843.0 
-0.494 4254.0 
-0.383 3717.0 
0.11 3156.0 
0.329 3022.0 
-0.031 3250.0 
-0.362 3652.0 
0.557 2877.0 
-0.477 4113.0 
-0.564 5801.0 
0.528 2897.0 
0.081 3175.0 
0.509 2908.0 
0.356 3005.0 
0.462 2939.0 
-0.562 5663.0 
0.435 2960.0 
0.007 3221.0 
0.602 2847.0 
-0.561 5579.0 
-0.43 3905.0 
-0.547 4991.0 
-0.559 5468.0 
0.062 3186.0 
-0.549 5062.0 
0.041 3199.0 
-0.503 4348.0 
0.224 3085.0 
-0.468 4068.0 
-0.442 3969.0 
-0.56 5535.0 
0.181 3113.0 
-0.452 4007.0 
-0.526 4614.0 
-0.515 4498.0 
-0.539 4783.0 
0.167 3125.0 
-0.478 4199.0 
-0.536 4746.0 
0.136 3145.0 
-0.404 3795.0 
-0.541 4846.0 
-0.533 4690.0 
0.304 3038.0 
0.24 3075.0 
-0.093 3304.0 
-0.554 5230.0 
0.417 2970.0 
-0.558 5413.0 
-0.46 4038.0 
-0.545 4944.0 
-0.23 3423.0 
-0.552 5152.0 
-0.279 3486.0 
-0.551 5106.0 
-0.345 3619.0 
-0.438 3926.0 
-0.528 4661.0 
0.259 3070.0 
-0.509 4383.0 
0.479 2924.0 
-0.148 3340.0 
-0.387 3761.0 
-0.334 3585.0 
-0.126 3324.0 
0.269 3056.0 
-0.523 4559.0 
-0.514 4448.0 
-0.553 5199.0 
-0.563 5721.0 
0.284 3049.0 
-0.521 4543.0 
-0.329 3571.0 
-0.229 3422.0 
-0.512 4422.0 
0.579 2861.0 
-0.164 3367.0 
-0.352 3634.0 
-0.557 5370.0 
-0.555 5298.0 
-0.555 5298.0 
0.4 2981.0 
-0.059 3270.0 
-0.317 3547.0 
-0.142 3333.0 
0.578 2863.0 
-0.28 3488.0 
0.377 2988.0 
-0.167 3368.0 
-0.544 4898.0 
0.375 2989.0 
0.202 3099.0 
0.146 3134.0 
-0.198 3388.0 
-0.489 4210.0 
