56.01175956744136 0.23585176527874221 1495.6892763609096 1498.925401545068 898.866431630928 
56.01175956744136 0.23585176527874221 1495.6892763609096 1498.925401545068 898.866431630928 
0.06472905203456936 58.38869831863709 0.004031164883403271 0.041401064483743255 0.8387895001286596 
55.756948804442224 0.10272032749452209 1492.746518650305 867.4488655386752 464.49195831783277 
1.2842787111364586 1.7112129542859265 656.446015733952 427.2137049013507 65.08357487937454 
1.4276498941104805 0.024755322266158564 837.3043151675568 529.81046382711 228.605465854641 
0.2030705172910836 60.767216079472156 52.17612762608091 266.5681421408433 6.602494432033589 
0.5809360650096219 0.024755322266158564 834.8345153117195 352.8047474158161 60.179872479573504 
59.847922527779275 0.09670611313470004 1109.132155345714 472.38371154290854 602.7346066444525 
0.17763402727305533 58.12627864989401 25.56918067009157 209.99677978287949 0.4597109312315779 
4.293373670924417 59.73410899005656 621.2892616310769 465.8006301902894 15.25530693149413 
1.8432604359375224 41.30425567547711 12.007052012428195 62.53474856977594 2.8446670827536185 
0.11107055630533846 50.103298064497125 173.40619577957438 361.8586877999558 0.6604476761336064 
0.20108070161468472 59.80558706565683 380.0208470265616 289.5885678146171 8.020863600409715 
0.06394021255590937 58.38780875767324 90.46771231634946 0.041401064483743255 5.440693818780919 
81.51838556843114 0.040878104853126124 1433.1602132016915 972.1665870581957 549.2141681311289 
0.1768095320441906 57.12175320737492 354.7038349548115 251.84559182133526 6.616595709543842 
1.90609959691502 59.39937357425838 43.56684039065459 236.7597340583552 2.717902447776794 
59.847922527779275 0.0964123507768895 1109.132155345714 454.18775523511306 2.0063524681597507 
0.04194544182684995 45.040272779196286 200.3468153382305 297.82152023676866 91.09075356464895 
1.8432604359375224 41.30425567547711 12.007052012428195 312.4168602521684 2.497930201972329 
73.02828088516608 0.1034791025630477 1492.7392142899678 1040.016045893002 398.50111394350006 
53.93785934201373 0.3501350952410007 1482.2787210113245 568.461923038574 476.8997629735943 
58.09153339956869 0.008409432933009775 1452.2095502270627 1150.9801610215738 506.9810468299032 
0.1981282995064147 59.24423594141791 1.2787212618593458 248.58205983697385 6.602494432033589 
52.78916308001843 0.264361948237306 1494.7817700207108 499.51431928828436 475.4842728310499 
0.20164405286989848 58.80425687681664 128.73566393397843 256.30802537508987 0.5273962254738903 
0.059791717212617626 58.35120365175203 86.44299873797033 317.14445803742205 4.118318564188179 
0.12014455665124113 59.73410899005656 622.9602044490499 300.18900842050664 17.52714621115709 
0.0274222806257447 58.183844476430366 392.38967115367603 251.84559182133526 1.0261039875477347 
0.19564657863197743 0.02644857289317218 738.593665599082 469.004405887369 101.44100986398772 
25.056037248174803 0.00474547394602326 1467.6533432910044 438.5291971627207 245.74392324577494 
33.024170080652155 0.0030252570885204704 1212.9493631621876 474.31073325252135 243.1821302414299 
56.01175956744136 0.13612503909225307 1495.6892763609096 1406.7746479971206 451.475033545766 
0.13580406742512616 56.93214857439542 0.2597314917097111 287.14625746547364 7.569808651122251 
52.71581142639201 0.264361948237306 1494.8491811691042 717.5781287770232 475.4842728310499 
58.197126653126816 0.12664159510606018 1492.4045773135736 532.3411458118189 245.7057166907112 
0.06472905203456936 58.39817917164073 2.1512402796736154 150.50242667177764 5.530773597185877 
0.14812559682623105 0.8945733721503428 580.2444743843705 339.3200080162336 60.20751430778506 
59.5944975747056 0.008409432933009775 1494.5638844553027 1150.9801610215738 475.4842728310499 
0.14578294388287796 35.0376098752906 574.752847823953 373.649352977648 65.20289242622067 
0.12410552797187609 5.96240454398015 398.95823937943106 339.3200080162336 60.20751430778506 
52.59519347268636 0.23417543944062616 1494.8491811691042 799.1860937741114 476.9913575779905 
1.8470298082388923 57.989811584802816 32.75129938369969 112.66293878553654 2.717902447776794 
0.06075686413451545 58.35120365175203 12.249600048681337 81.67251646166869 3.2611853190171365 
0.23165686807633568 58.12627864989401 25.01003451714836 366.3666570209459 12.910236893507225 
0.7668602240634321 0.025813435717465322 751.5622304998883 474.31073325252135 240.63813877406568 
36.35148128579753 0.0024625059762595474 1199.979142994819 469.004405887369 104.1032072803334 
0.20164405286989848 58.80425687681664 128.73566393397843 350.32815968595787 0.5273962254738903 
0.2357858311163431 44.80635101171138 402.21270356022626 297.82152023676866 11.625484876289166 
59.286571391625856 0.02696270761600817 1492.2607737917156 474.95469185671334 248.34432399188478 
0.12014455665124113 59.73410899005656 86.11859727107381 348.20564470541655 4.105556648486331 
52.71581142639201 0.26556893280379656 1494.8491811691042 644.0605372742352 476.9913575779905 
0.17764244092118184 58.35120365175203 85.98395881200588 300.80496461065394 3.9916695476820863 
59.83047744495987 0.10369683922514585 889.8618280700202 356.7337572242976 243.6002406889316 
25.056037248174803 0.12652587643956412 1489.0896948396419 475.59590977615215 245.62797992933545 
36.501994862563905 68.57542329927733 788.0236443843279 469.004405887369 103.01293257668823 
0.025585961002113078 59.73410899005656 12.433934486248056 112.75791505738569 3.255612093542152 
0.1981282995064147 59.24423594141791 50.76824924110855 243.57518469120225 6.602494432033589 
4.060280178910276 56.12883809890217 8.521330785953865 177.73651682953147 10.803100426369488 
0.25336820395475756 57.66109333638503 2.3300870511516063 327.41736495448527 10.358274478345898 
0.19202999460054704 59.24423594141791 2.3890546642830355 248.58205983697385 6.602494432033589 
1.7071249469182037 58.08020354566765 32.75129938369969 104.28828225244396 2.717902447776794 
1.4276498941104805 0.02547777698979561 915.0771584840779 529.81046382711 486.0409668672364 
55.79104610317312 0.14655195338160926 1485.0768796575228 1240.9053889797024 558.3235355643507 
10.881786432115632 0.008409432933009775 1494.792492015487 760.9202926446912 240.03678940326174 
0.14137194679493087 45.040272779196286 181.17735063870936 297.82152023676866 8.341842589787479 
83.0 0.14655195338160926 1470.6332689930193 1201.5666365189786 558.3235355643507 
0.5016354426309539 42.924295957062654 384.1341607106639 339.5410442577438 59.152142682728666 
1.8408191505945322 41.859112308597474 46.78845879765305 320.4948484248697 2.4689561741769914 
55.756948804442224 0.10119913443050013 1492.746518650305 761.6370549020612 461.5022476521334 
35.041656738512295 2.6211331986466 1257.1480840837935 487.56663949622646 104.62741179811928 
0.06472905203456936 58.38780875767324 0.24565448897092068 21.19124438064206 1.5967819316723344 
0.06625352043944786 58.25399665660578 3.0257039412879934 218.20197999174593 1.7214345858989535 
0.6740919917534953 59.73410899005656 600.0443218779349 350.5201821424142 8.821943488604127 
1.9163308266410284 59.33501969296371 78.85024023078506 388.52866300957055 6.56301853332641 
0.361362546841245 41.87499632272778 393.4666127673405 373.649352977648 65.20289242622067 
56.10430610251905 0.23585176527874221 1495.6892763609096 1425.6885711353161 905.3583398160523 
55.94240439186343 0.234726630685068 1497.1293906430303 1493.514246701861 527.8665867982179 
0.06472905203456936 58.39906873260457 173.8813313381405 47.7912069946027 19.984134169704134 
59.847922527779275 0.09670611313470004 1109.132155345714 476.13045055233863 2.0063524681597507 
1.8408191505945322 44.97968790529386 262.55581514773013 320.4948484248697 95.73203147104711 
0.25336820395475756 50.08079202353183 2.3300870511516063 160.20210241611042 9.873379555035445 
0.11707753759883091 58.49624730290671 18.262543299028547 20.055701435085837 10.847722068351384 
1.8408191505945322 41.859112308597474 378.26952518045516 320.4948484248697 35.032024892081154 
0.06472905203456936 58.38780875767324 0.004031164883403271 4.313477826721979 1.609776698799764 
0.18410271714752202 58.25399665660578 0.9431055700644535 209.98601036612786 1.7504813312910006 
56.10430610251905 0.27165112894902427 1495.6892763609096 1425.6885711353161 905.3583398160523 
0.5809360650096219 61.975626693916155 701.2515033286895 352.8047474158161 60.179872479573504 
0.14812559682623105 1.0351086276114356 618.9851336352144 339.3200080162336 94.86946310939362 
0.18410271714752202 58.25399665660578 0.9431055700644535 205.47845829218207 1.7504813312910006 
55.79104610317312 0.14655195338160926 1485.0768796575228 1288.1200250025522 613.9855679916502 
0.06472905203456936 58.38780875767324 0.24565448897092068 21.19124438064206 1.5967819316723344 
0.48206171428936656 58.32612007524008 43.29222901378116 20.04170153786012 0.8477332037303669 
1.8618475558908174 0.12086598024115588 985.7381458223175 348.0861029212413 211.03935519464966 
55.79104610317312 0.14655195338160926 1485.0768796575228 1288.1200250025522 613.9855679916502 
0.3617817692813441 53.13442354241843 2.3300870511516063 174.68748085631637 9.873379555035445 
56.01575604548985 0.234726630685068 1497.0619795917069 1493.514246701861 527.8665867982179 
59.27734021716672 0.0545567972818668 1496.8599438484985 1418.888177500635 548.7348104899639 
0.2369817146861214 58.03823940084642 21.315505795512763 82.55117210397893 11.929196796443904 
