0.19107035653505622 57.79112879251907 0.47802039763797577 1.2118265215185886 2.3784236919799366 
61.20670589257192 0.2213276718662953 1492.9487367500033 1477.1440826615826 722.163202837175 
0.04335244366852735 57.79112879251907 0.4442750923346871 1.2118265215185886 2.062490397520133 
61.20670589257192 0.2213276718662953 1492.9487367500033 1477.1440826615826 722.163202837175 
0.04743732390145483 63.46058301433869 172.0707491494054 355.1378716912739 1.948302483300262 
0.8698673454685482 53.316579472552945 27.035459540662714 291.8268366123899 3.5573252586151405 
0.8088300237933082 0.16816344881180834 517.0921920770843 471.81519502939085 21.798847140108762 
0.6317143428802181 38.64943777208977 53.0852531621602 300.23432258231657 2.3715817687247402 
55.710237678485925 0.08157466951017767 472.434374345539 357.44613523405667 9.40338484298374 
0.05801816282484432 62.305702428718696 41.28899198993692 250.09545986948834 2.3767791555846247 
0.3270077301674763 57.784987183026 0.5045278706564549 23.38569348350846 2.3705355694312322 
57.552110552761576 0.04797198744744638 1496.292232520202 924.3211365503583 619.0430895441233 
58.461436211875146 0.14731199454504815 1485.352536801491 953.7346834300846 345.80060494115725 
0.18548027764438493 57.87447895869057 41.531202723166885 73.47310942082217 2.3880063894733854 
0.13543700912034234 57.689642701295 4.099925917096186 206.45555847629745 2.353589166077718 
0.06448004413363251 48.90733133207138 23.431668764277006 163.3268056135526 0.8530516287178602 
53.503866602203246 0.2138410135461749 1483.6949512909282 1357.710440479312 589.1070037447091 
0.18796757518117813 57.78868964752532 81.8215939048609 23.596209890701605 2.353464331859332 
0.3270077301674763 57.34248477889502 1.3580141970502062 147.33418289209934 2.024249429619653 
0.30920157988182884 61.81461207643673 334.18366029389216 352.2699858025135 14.423750626831263 
0.19087656639237027 43.456321382202304 28.40395135668204 358.9827559495923 2.4334175574139856 
0.13692696213826905 57.85127358635594 202.02310131228907 374.7359982863242 20.755306870357586 
63.258092718177544 0.028544085205577413 1490.8667253366955 1405.2131430866395 737.1163271525995 
58.869514834965884 0.024708062841106188 1484.767609971558 858.5142361974756 404.2839338208078 
58.30705771768568 0.012879063983363123 1484.7252082060704 1135.4474122635547 710.503380239631 
0.04867484718425283 53.14304011845991 43.03980792255513 215.4143991048193 2.671121010007214 
0.3569065204785325 0.6241642333416024 848.74833533556 383.44800238750565 9.824869696506525 
0.2793719550087195 10.071489729894267 415.28859635932423 349.26386834076555 1.5217992438507046 
31.426960679315037 0.012724085810711966 1484.140542566181 668.2871412735948 378.4536373059938 
0.13543700912034234 57.689642701295 4.099925917096186 221.61489029417595 2.353589166077718 
57.26666150219368 4.7982050799676157E-4 1493.2097954039327 631.7703719026032 247.33370745338698 
59.9828941265451 0.21602590763483703 1241.9988864449147 518.0352688529113 313.1415669698208 
0.18999413764770773 38.43510738568994 325.21377887766346 292.8389185806003 153.4572052115993 
72.8460360654075 0.025072868499261304 1499.8896007497872 1192.5063001146 738.6870760567463 
0.6317143428802181 38.64943777208977 663.2475135337154 305.4719310515105 3.7696821201041564 
0.13335933636090508 57.620591268922446 41.28899198993692 234.96600650307224 2.351472052842906 
2.1375043440507007 0.03407155541748741 1072.5658483284942 401.96237989683976 300.53790603781295 
31.426960679315037 0.024708062841106188 1456.7012493435275 584.6462369009054 378.4536373059938 
57.99993710753522 0.30256588222253455 1075.4328544162922 427.23049177179087 270.7941255621032 
0.034218734363126335 57.704016217752084 407.46279452382987 376.08807398903133 3.143034473218058 
0.1877966009896075 39.03058161496427 713.2205043719355 370.95097099390455 169.64011170071393 
13.188337987066852 0.024708062841106188 1455.5107187283268 584.6462369009054 311.7117585554124 
0.9878819212545977 58.400298901954315 18.25388138710815 413.4937715703644 0.2776119024376915 
0.17279529214736677 29.01223768860719 27.56511754868211 324.66436402626357 2.3784236919799366 
63.11040207432006 0.15166080138982954 1492.9761169252822 966.3743498305209 747.2665560461046 
0.21008717425677498 61.83132946288928 51.362637066418614 1.2236068803032083 3.691451179978643 
58.57620685269531 0.15166080138982954 1485.2506525372562 953.7346834300846 747.2665560461046 
72.75622612117903 0.024708062841106188 1477.6681254592868 1193.921082719674 346.9757486037946 
63.41606294536916 0.024708062841106188 1478.2344623406968 1193.921082719674 728.3665812473853 
0.13543700912034234 56.91178879629793 4.099925917096186 220.9642686247443 35.88237989695028 
7.245005125222253 0.1874144102335426 1427.6632401048034 458.7832744644066 404.2329791662986 
2.648454799941576 1.747081208158047 410.01196686190457 357.44613523405667 1.0406693089594796 
3.1722639006198365 0.24544557053853833 880.9124642730516 521.5861725016105 152.46309673822938 
0.1630327072636839 0.6241642333416024 848.74833533556 383.9302348839605 137.8212506059108 
46.30785639406997 5.873649795614025 894.3352841697234 413.4937715703644 31.909783164410698 
0.16467956844728 64.92571206696894 0.4442750923346871 1.2118265215185886 8.995609679119347 
0.17279529214736677 69.18356136070108 16.24186675342216 285.2741206971071 2.3784236919799366 
0.18796757518117813 57.829776684219375 78.37438523653577 57.38734520993651 3.307613480547032 
0.02736454404000163 46.90061264481855 16.69371366299714 149.91308565218316 1.5402933540798913 
0.17970794918192684 61.67031644722671 24.329882538993758 105.46970699986895 58.006787104550114 
47.28440701365634 56.69044550373947 727.0205380603707 387.4140634194175 160.32706237918146 
0.2793719550087195 9.263247734100155 415.28859635932423 387.1858143410454 34.46982030201418 
19.63703017400063 0.002509513499176691 1236.0558034063165 518.0352688529113 309.77836142114506 
8.279466683048401 57.784987183026 0.5045278706564549 23.38569348350846 2.3705355694312322 
3.3852866917544278 3.5831489195491137 848.74833533556 605.5657790800681 191.23942636010895 
61.178770027549234 0.2204572714956627 1236.7836757165628 460.8885702504484 198.40512399906248 
0.13692696213826905 57.85127358635594 202.02310131228907 374.7359982863242 20.755306870357586 
0.047058380198505716 53.0235101625952 25.254088366320104 376.04010243163856 3.451864606179432 
0.0972550348789305 42.850355023104875 365.06620980452 386.2872627929165 2.547874020152173 
0.17279529214736677 69.18356136070108 16.24186675342216 285.2741206971071 2.369691451780407 
58.869514834965884 0.024708062841106188 1456.9045760141921 705.9041367595058 609.2751118978683 
57.39277196905624 0.30256588222253455 1160.1321222444126 435.40390403934487 248.24617129995946 
33.2056683504747 0.024708062841106188 1456.7012493435275 490.1428872792507 383.19565933444375 
0.1630327072636839 62.60760111665789 848.74833533556 383.9302348839605 12.954578457173 
0.014669825979432657 53.134316338174315 116.64871769629954 287.9390466924341 3.9284004976985405 
0.2931241501795995 74.3215836057538 388.01851877177216 194.61230320657586 2.389598270463656 
0.04712518111335876 53.20149858142259 99.0810616751632 339.4920821997687 3.555774345694375 
0.06448004413363251 48.90733133207138 47.29285320905487 163.3268056135526 2.2276327690362696 
46.639497972845376 0.026716093161844923 1456.7012493435275 715.3070499206524 392.64893995416827 
46.30785639406997 0.13143522819261222 1049.082765597952 539.7326125920962 254.9952016594093 
55.80772975924341 0.2138410135461749 1483.6949512909282 1134.8540300909274 589.1070037447091 
0.06448004413363251 48.90733133207138 47.29285320905487 163.3268056135526 2.2276327690362696 
0.17970794918192684 62.44435672348972 24.329882538993758 105.46970699986895 0.040597700321128416 
0.18894132393768862 52.8357161104578 602.5708990279697 379.2151368718241 1.5644342616197662 
57.99993710753522 0.30256588222253455 1075.4328544162922 435.40390403934487 270.7941255621032 
58.869514834965884 0.024708062841106188 1456.9045760141921 717.0493054109636 498.548157414212 
56.375405300269236 0.02883855079726058 517.0921920770843 471.81519502939085 24.334224276198142 
0.3047798802801649 116.27607437771567 599.8168760803461 352.40930109612134 14.477109216630396 
0.1630327072636839 0.6241642333416024 1233.419358291417 519.5205175966971 312.04385118590415 
0.8698673454685482 53.316579472552945 347.0271899512335 292.60735360725215 3.7261926397717815 
0.21008717425677498 61.8959647912941 51.362637066418614 26.053680654106017 3.691451179978643 
0.6317143428802181 38.64943777208977 53.0852531621602 319.60494292247245 2.3777572153041113 
63.26774200747884 0.2123561229695956 1490.9001210296276 1351.328085282596 730.1537208564646 
0.0462443595614877 51.22889858130088 220.02646102977232 291.8268366123899 3.5698423076607826 
19.63703017400063 0.002509513499176691 851.3841034817058 382.4449861439523 135.55594024639973 
0.2931241501795995 74.3215836057538 388.01851877177216 281.6690868482898 2.389598270463656 
0.0972550348789305 42.850355023104875 365.06620980452 373.576565111567 2.547874020152173 
0.0972550348789305 42.850355023104875 348.8937795610719 373.56020187741876 2.547874020152173 
0.1540706508580694 57.43753928146924 31.70697103863469 233.4787961465391 2.351472052842906 
2.1375043440507007 1.7004233535822948 1072.5658483284942 275.004252398311 300.53790603781295 
