80.32396096316626 0.3649240842603647 1497.8939433785733 1463.222425549007 705.3257035808462 
0.49827100381450506 48.2241625252754 0.37371101154980835 1.077743211573352 1.8963431758275173 
0.49827100381450506 47.79879948433983 0.37371101154980835 1.077743211573352 0.5446490514986779 
80.32396096316626 0.3649240842603647 1497.8939433785733 1463.222425549007 705.3257035808462 
0.3922882147564853 37.80541388485426 487.84510261383707 333.2498061697619 8.227604210312414 
0.08099901645721569 47.87590594684103 13.23845203657304 32.1141542253236 4.129186051751486 
4.32028068002775 48.42609545511005 427.8599755668541 312.2061595023895 18.095684292718374 
0.3892049194339469 52.13538859814583 2.0373738963838264 332.9027636203426 3.5808953840877704 
2.3354787003485735 44.08089293033803 39.490412187753904 78.54725438878437 3.6179854077105404 
4.171385920243276 52.488818640261556 927.9691829988276 381.0393113144351 55.73605080450041 
0.16360121648372025 59.265275181315445 1.4608697827542478 16.957658163468523 1.8963431758275173 
72.19674898196016 0.2501809283328413 1461.1932713783995 702.0581499816042 351.15816016713245 
0.49845736912093236 44.15398092411883 216.5499796993002 295.0597219425568 6.680205920828069 
0.4254464068488626 0.10223170483024333 1352.6477464768986 453.31665869643484 185.51728670056485 
0.37826000481109134 42.22438108203735 47.85428653178562 53.537556166567505 39.586696555980375 
0.3902703245029733 42.738281413079584 26.122875015537204 337.63789832525254 5.30165939931174 
2.3521404226120666 44.13157862422236 227.0379559974166 295.0597219425568 12.510916285820194 
5.562078003621586 1.2989503770558333 1479.0825086694736 619.2589359082266 318.0970113610265 
0.6112336711051802 46.6146630963077 368.16580899533085 314.9509797037481 5.44645073738198 
80.32396096316626 0.3649240842603647 1497.8939433785733 1327.2330037177612 705.2844882668069 
0.4254464068488626 0.10223170483024333 1352.6477464768986 478.29519353363617 307.18975368165013 
0.966649841864391 41.30263216363683 717.373602780061 421.84373752876775 23.869493576767326 
0.37826000481109134 44.06841482231553 1.4582372147455658 53.537556166567505 1.3729408194436543 
79.88863114632825 0.029177645487379666 1495.1209075343108 1350.0769373672802 488.7847169932538 
79.92937588155002 0.031481414635383176 1497.0397163265823 1199.8456769118213 706.513736749758 
0.4774198475244159 44.02180518461964 1.0976567889143336 82.31315752691475 1.3476893642082302 
3.434273279119658 54.23724378700533 31.923809657547302 232.91636535838188 0.8207487110965124 
0.7862459772662715 34.0478199494095 94.20626501801584 350.79018339886665 12.285513795986574 
5.913504521141352 0.7871080363790561 1024.2532568820873 353.49718265307763 55.73605080450041 
6.508617485482233 0.003668531161682226 1201.2239440691587 453.63293633060385 190.21740229590745 
0.05799012726150371 43.60711393499212 112.84101227943395 224.55030519785333 4.129186051751486 
35.07487416172032 0.5873263859776046 1052.4849183399676 456.53307142234615 237.28458263918844 
79.23039491649095 0.41303259910560375 1499.4978460427164 792.0146944130227 667.7512709681498 
0.16302270686735554 42.601093115211846 19.068549628214328 222.55394111375028 9.686625297176683 
0.5544186920140652 46.73224702715839 35.676811103105365 189.93528872704064 1.7795564878215089 
0.3758416707478182 52.3574844614812 2.020409210410775 316.94633914411145 0.5446490514986779 
0.4254464068488626 0.10223170483024333 1352.6477464768986 478.29519353363617 19.506549196373697 
0.49827100381450506 47.76617021809034 151.0551030976268 94.5886425515672 4.920006850867848 
79.95968820718072 0.02160378653104275 1497.8896086003945 613.5920861871939 318.0970113610265 
55.81794685133939 0.06407409923561297 1493.4732178765812 1201.2107387967349 623.9457527502917 
2.1504294833377813 54.02778119893674 748.9842297912705 367.8961504790834 202.96972375602354 
2.1504294833377813 54.02778119893674 748.9842297912705 367.8961504790834 6.026575053926763 
4.171385920243276 0.40754230869485597 949.7405522175023 353.49718265307763 55.73605080450041 
80.3332288937059 37.80541388485426 487.84510261383707 333.2498061697619 8.227604210312414 
80.32396096316626 0.02160378653104275 1497.8939433785733 452.9574584377642 318.0970113610265 
79.86141771802602 0.41303259910560375 1499.4978460427164 792.0146944130227 503.61878991731726 
0.16302270686735554 43.814114870791705 65.97872311535517 360.62319456505213 6.477675609034502 
69.77154187951575 0.7871080363790561 1024.2532568820873 359.839134474591 346.4005381007065 
0.16302270686735554 44.418990860090766 0.6236884100678708 360.62319456505213 6.381913173861345 
72.19674898196016 0.25257985094414825 1461.1932713783995 699.433221805821 739.2164737663512 
79.90457445028545 0.3634325062633002 1498.0372173824046 1046.0015535741538 583.5718215934667 
55.81794685133939 0.06407409923561297 1493.4732178765812 1002.4324682007275 623.9457527502917 
0.4780907157728001 49.10442786708024 65.89284815646272 205.4217546466324 4.878492973265767 
79.91725725554926 0.021979319841801445 1499.615060108149 1092.7345174708646 692.6632903624006 
3.859637523020495 43.884538991830404 190.53565573892774 338.79683287856597 11.912012868486945 
33.07770582366601 0.4035963399859605 774.1964511922597 456.53307142234615 237.28458263918844 
79.88162668659598 0.02160378653104275 1300.2001425567503 610.5100840318198 602.3874759125204 
0.15562840167543962 46.28312579045918 653.1478465862265 359.0838717801224 23.220115558843524 
0.5478649075923567 46.73224702715839 16.304274721161697 189.93528872704064 4.938628275110993 
0.5380699866607289 43.81478114492405 8.102920281037598 118.97142949414078 12.536508323216037 
54.16982616362547 0.02366835434832054 968.7407298240272 376.5836656193316 141.38646946190713 
0.9746921200885235 43.66053570633851 112.42307869557234 432.9498130486247 6.779675567826544 
80.32396096316626 0.3649298565386595 1497.8992364369728 1044.2264265802983 705.3257035808462 
6.780609279242633 0.016553444159730035 1496.4832277013554 453.63293633060385 190.21740229590745 
0.6112336711051802 46.60026778471484 365.5297436733121 276.1059276719302 5.44645073738198 
0.053484556800956096 48.97889613293394 1.9736963911835055 123.85067983482594 7.820211142675989 
7.380771811253091 0.4150837537191818 1483.7557950750281 768.571491518955 503.61878991731726 
59.933485182221574 0.04756297961337777 1497.047745793129 964.9544546677514 405.1331407335903 
0.5116342525069787 47.57670362100446 0.3913033466113185 162.3502056134598 3.5808953840877704 
0.37740923794651704 44.05575153045591 29.0033919558604 254.1697506921805 5.135006302590206 
4.226032179651792 42.72123072771593 29.0033919558604 258.41982415143366 5.120845843998898 
0.15482542863777315 46.354158302766976 562.0008013068045 316.1903956948883 24.18246389723589 
0.9309163835249039 49.05266105509223 11.011701144137461 153.40572388476303 1.0901827223083034 
75.65647830264093 0.35399476711986533 1497.047745793129 1009.818176672263 426.8571797642477 
0.3892049194339469 43.61711114106794 1.4582372147455658 323.33601088437706 3.5808953840877704 
0.9997769867186111 42.726589813142716 439.623740050638 432.9498130486247 4.67528163421496 
0.37740923794651704 44.05575153045591 29.007441320769203 273.77565242534274 5.250377592289873 
1.7249263609765464 46.13932736454803 4.903095772737352 172.7081330264765 4.384571965675406 
0.5119465340120053 50.99886782575924 317.0069552650031 315.84186582953424 39.73768094863884 
2.617319666461512 48.2241625252754 42.427971686705746 35.02898443700042 1.8963431758275173 
27.1702237373725 1.153576798587082 635.7860749811023 308.3226344335052 4.792789091991594 
56.03277330801778 0.02160378653104275 1497.8389968929018 452.1636780526146 318.0970113610265 
0.37826000481109134 42.22438108203735 18.792605284005717 53.537556166567505 1.8002062390064042 
78.26551057020119 0.11177674392560319 1466.8497576648315 702.0581499816042 548.1672945249345 
4.171385920243276 0.08855716382032325 949.7405522175023 326.0253885913232 55.73605080450041 
80.3332288937059 37.80541388485426 487.84510261383707 333.2498061697619 300.052531796287 
0.1551961905508235 47.80688153094924 251.6865704668508 343.12441010235165 4.607329472305267 
1.7249263609765464 46.13932736454803 4.903095772737352 172.7081330264765 4.384571965675406 
2.1504294833377813 54.02778119893674 748.9842297912705 367.8961504790834 202.96972375602354 
34.75222858582122 0.00920651905888989 1497.8389968929018 457.1928908082834 240.37461091009777 
56.62466808825141 0.04756297961337777 1497.047745793129 1001.6866035803779 405.1331407335903 
0.3466825878644866 44.40510774883169 30.206077804734377 355.79019617915276 6.482137334504497 
0.12660478149509113 44.41265450186835 29.007441320769203 371.57561005193685 3.4824088366531827 
0.363404825179049 48.105575895692155 30.206077804734377 355.79019617915276 6.482137334504497 
1.0033934807047815 0.05562742982098001 1069.7030535435827 411.5829654317978 196.73096286718092 
81.55428459185669 0.3574491375923853 1493.514653600854 1407.8374399762515 671.1984236381991 
0.15652134883169316 46.576534415664945 348.31705151489837 371.9657118024217 3.5379144979221806 
0.15562840167543962 46.28312579045918 605.6764737015127 359.0838717801224 23.220115558843524 
81.55428459185669 0.3574491375923853 1493.514653600854 1407.8374399762515 671.1984236381991 
1.0033934807047815 0.05562742982098001 1069.7030535435827 411.5829654317978 196.73096286718092 
