79.72391648202357 0.015324722019410021 1472.2543852719148 1484.4552405697052 1033.5991056508842 
79.72391648202357 0.015324722019410021 1472.2543852719148 1484.4552405697052 1033.5991056508842 
0.13656286881574525 54.913623351858554 0.09527940095120213 0.6791247177630892 2.0760201469623127 
0.13656286881574525 54.913623351858554 0.09527940095120213 0.6791247177630892 2.0760201469623127 
0.2788749101274808 54.31096552024061 68.17663330805892 174.18450209160642 8.029009608282054 
81.97010257489077 0.03507234514956335 1491.023329203282 1498.3152130464605 734.5953368607246 
0.07089698185724858 54.913623351858554 48.18681024872171 11.964942061271984 2.0760201469623127 
0.3991684947758716 51.53539241336953 278.1834421916965 368.1818864544708 8.057504773427787 
76.50160720109392 0.02726452299665695 1495.2045347920346 1420.80285047822 659.4746772613295 
0.06299569144650297 66.99913223938833 2.2150177942540648 178.97932343372315 20.197234873679953 
0.5378805381334781 44.689675631575625 0.239039269416464 304.1018328447678 4.229726924991697 
0.06299569144650297 55.65967035172768 27.762751168125476 270.679915788367 1.998357420240096 
63.56140967562159 0.1059535765211127 1499.3190609580056 1089.9500876696839 451.41855527355995 
2.5793336269332214 30.16071120217554 288.8101765761501 313.83963619815825 0.07748120493142019 
32.936537438709394 0.19980413390930707 841.0033980724395 388.631547956476 392.57961821327694 
81.94063145357468 0.029654454205066717 1478.692314279971 1245.2289970630734 656.9456717048054 
10.873249063116308 0.1395321882267369 872.6204915132258 375.85539356940285 248.04584445387337 
32.60699213117463 0.0847859887273687 1199.3470925592123 526.800576864537 246.6820502346512 
0.9094237542408479 54.33620565450631 108.93671795887838 168.99201614538447 6.713060851177803 
2.8166131269426593 30.096387246484603 242.79249078228736 409.6004610507052 8.00874391904442 
1.032133066008754 0.07429124505782007 1398.1888337217 523.6218741793123 221.91799568190848 
76.88893307764849 0.02438873354956963 1483.78054089485 1129.245794982918 536.6350908844607 
0.3200108270022291 50.56452455020795 2.3112022732102107 369.8165027674833 2.1977108365117592 
2.5793336269332214 28.23482332875166 242.79249078228736 303.6759257576914 2.2046869530138524 
0.8869607156734891 50.58715119556494 3.4799903905663463 270.23519760442514 8.40365612488981 
0.030459815606749638 56.02249693596012 7.481412691159875 135.00301478074564 0.2973788488880329 
83.0 0.03726167868332921 1487.3230181209371 791.5667958967772 362.7919854273528 
1.108121886126136 55.351471373847886 25.326504919682947 51.07875023144064 6.619548553678337 
82.85509017549865 0.03414893947133434 1488.1140694285152 969.5649731028843 542.5205828861481 
79.41568464615963 0.09786835659371444 1487.1002450795631 1331.8542549338395 665.2110323197375 
1.207895352014535 54.2272821874203 0.2132617251401655 166.66137318882733 7.763091357452837 
2.5793336269332214 30.78798794875162 275.195608734041 303.6759257576914 2.2046869530138524 
82.85494493052663 0.03435573226389817 1488.20257034674 780.0544153146908 541.8749847512543 
0.4934997922804183 54.913623351858554 2.4802435555364184 263.863922229316 1.9475492747525323 
0.6103205184040549 45.1288934392709 0.09563721835540745 150.638773404838 8.011409234783423 
1.166642517611232 54.53132113298509 392.16952520405624 344.0552799630672 1.9267090008667949 
82.16297518579474 0.0265622830034645 1483.5005862344844 1101.2074806375008 734.5953368607246 
76.39125559836133 0.004797398194089447 1483.78054089485 1193.6018093826076 660.3080991751154 
1.032133066008754 0.07382754235256073 1088.3083248277655 433.5766023734341 221.91799568190848 
0.6488766728599071 45.52919684219324 87.98766221855846 261.09732678312844 2.8324032592023243 
82.85509914087908 0.01980180786552501 1487.3230181209371 654.1758390716885 244.3139369869942 
0.49317482454170236 55.395218705195816 13.15479959821992 111.75026801553045 1.4825795040343217 
1.021243518669781 54.30975683408351 380.64192640637407 335.75400441850206 12.792366238668999 
0.46232695464894746 49.35881063828353 34.58070684874292 380.704737184803 7.295404315606056 
0.43926399767926755 50.56452455020795 34.255804933764786 368.1818864544708 8.057504773427787 
59.39582037594175 2.284523056045675 1474.0814477786755 487.9698916450834 244.3139369869942 
0.46232695464894746 54.78565410817765 1.8762278521157931 380.704737184803 7.295404315606056 
0.49317482454170236 51.63589289531612 13.722384591644001 96.69664106257616 1.4825795040343217 
3.8509746555628706 53.656996965113926 686.6297567812005 424.3588452181138 89.2006253394894 
0.22492042988190597 54.31096552024061 68.17663330805892 311.2318095172537 8.029009608282054 
2.5793336269332214 32.13532798711687 215.5989537320126 312.78162905693443 1.9341829134352544 
1.6517350405143665 3.6589803631496096 1101.5956824698092 367.7989067372732 221.91799568190848 
58.379821493742966 0.03805332845371705 1409.922289317049 410.03729931732005 244.3139369869942 
81.95729422382966 0.09085295479816936 1472.1734696996575 860.9615780835438 496.90192138986174 
82.83450616823116 0.014549146562339452 1457.1521676657449 896.521233990785 673.4951161612006 
0.06299569144650297 55.65967035172768 33.93522602053115 178.97932343372315 8.029009608282054 
1.8681859880717395 54.673600851711605 530.2094398541818 374.33214832680716 45.887625384494605 
3.5252909918611834 2.365193320676802 510.9768327681397 389.5551791629241 44.77124594314763 
53.48919250591262 0.07382754235256073 1139.487551371706 435.1531712282682 221.92194629238548 
81.95729422382966 0.09085295479816936 1472.1734696996575 860.9615780835438 610.2945401797576 
18.60624810502876 53.656996965113926 686.6297567812005 379.9849956617907 91.69317935676028 
82.0 0.02501505873996297 1489.3557808847008 1352.7681169373097 665.2110323197375 
0.6488766728599071 45.52919684219324 87.98766221855846 191.63792217062831 2.869523382277899 
0.1890310229854748 1.7833807065989227 435.9426448082881 371.46844300169187 2.3153920452487267 
0.2788749101274808 54.31096552024061 66.82098177949581 288.7381013063584 8.029009608282054 
1.1663836850966431 55.358555009895426 33.162891836624155 178.97932343372315 8.029009608282054 
0.617524242705918 0.07632116617141185 1199.3470925592123 505.2321519083696 246.6820502346512 
21.05057813447224 0.03445706014597505 1092.6443550880676 421.44423138535274 91.30166228059608 
10.91607663719638 54.82933838694662 826.2634365721549 374.22491407904454 172.96283902532048 
0.46232695464894746 54.7856672537588 370.52749400007633 372.0517904346856 58.70878134256343 
0.31199752346810816 34.346773833130854 435.9426448082881 369.77022235020365 8.95161349550733 
0.07089698185724858 54.913623351858554 26.666347839672568 11.964942061271984 2.221498674294375 
0.49317482454170236 51.63589289531612 1.428093252767268 98.57392754331204 1.4825795040343217 
8.8543612743454 3.064456985192514 1487.3230181209371 756.5101686739237 382.0594071001236 
64.98874033845205 0.03805332845371705 1475.5783004361165 534.5341658575243 362.27890379010523 
0.6488766728599071 44.29744195303092 87.98766221855846 287.80860362461016 2.8500831635987858 
0.6562712438934772 55.20446511704343 275.195608734041 268.4079120590929 2.2046869530138524 
0.49197927666470814 55.51148395730592 4.166042547590806 11.585322695265916 1.9590326691372568 
1.2060729908340915 44.39396414648006 0.09563721835540745 157.8050779794385 8.011409234783423 
17.882564863101337 43.710260885204335 686.6297567812005 328.7962498673283 58.392984358024805 
2.5888158137819772 54.673600851711605 530.2094398541818 331.0727232028139 45.887625384494605 
9.242079450813009 55.193927322173224 591.3234006942267 372.0517904346856 0.766387702104339 
2.821874908287512 0.07382754235256073 1164.916102358372 432.1761244588246 218.55713238276792 
18.60624810502876 53.656996965113926 686.6297567812005 379.9849956617907 6.095996408653816 
0.42785849514530344 50.28782272795411 24.800892098168514 58.925323436657365 20.31468696356672 
0.49197927666470814 50.28782272795411 6.796575240252036 11.585322695265916 1.9590326691372568 
58.379821493742966 0.03805332845371705 1474.0814477786755 487.9698916450834 244.3139369869942 
0.42038947369052626 53.559050006474735 936.552484979935 424.3588452181138 89.2006253394894 
0.30579060794030577 55.15283091379728 5.693573838838013 419.5744204092831 0.984070024299573 
82.85958137129991 0.03805332845371705 1476.5198705871521 554.9502122612375 362.27890379010523 
0.46232695464894746 54.7856672537588 370.52749400007633 372.0517904346856 58.70878134256343 
82.85493636534697 0.03440929071179821 1495.072369945222 666.1060062657625 520.9972230362126 
10.873249063116308 0.14013361795949208 824.3469093409444 371.5632686876733 247.21079706591888 
10.522762672553794 30.78798794875162 835.5242102564139 403.9878316207979 2.127189464559355 
81.97685776766365 0.1090494535901243 627.641818310799 399.57949601056805 2.127189464559355 
0.3279662804463208 54.91064020580082 66.82098177949581 389.72993515562564 0.6527819204407561 
10.452465553350848 0.13971600275647866 1205.4447475676448 505.2321519083696 171.80000997461562 
0.4934997922804183 54.80227431012881 23.99032243575899 16.908965276428916 4.135413209077125 
1.166642517611232 54.53132113298509 245.27763371035067 344.0552799630672 1.9267090008667949 
0.42785849514530344 50.28782272795411 6.796575240252036 84.92790969505211 2.1977108365117592 
