55.69070066700602 0.42859180338697966 1497.7460914559626 1472.6029167037248 732.5327702463537 
0.008016689897454854 52.35797439550254 0.16272132827285057 0.07297801623519717 0.3902328776345174 
55.69070066700602 0.41072574749849255 1497.7460914559626 1472.6029167037248 732.5414012601115 
0.006379826979468484 52.35797439550254 0.19814331363409154 0.07297801623519717 0.5530330518935593 
1.293194966286571 51.731181757700874 662.4820613003478 358.7798574123261 154.89060360831928 
2.603393058983393 0.4998241817245841 1497.7478340146738 448.926243529598 139.31393472909065 
0.008016689897454854 48.55554656198391 94.38620299727063 8.398753146916619 11.377092965879484 
0.4520711764766534 97.09936847919444 26.60087196606591 390.8783198247308 1.661597979791709 
0.18880399156080596 46.47125373390088 3.525270898982689 321.4481776992463 3.774176907117428 
0.3596989808283531 45.17192289552679 3.2967026747773502 394.2204363503807 0.6680465223706191 
1.293194966286571 51.731181757700874 929.1565915041081 358.7798574123261 154.89060360831928 
0.008016689897454854 45.87273882176552 89.01663862802614 32.02775932006487 11.961849845556486 
55.06034621136452 0.3457914558177881 1178.8035196060998 450.47148263421343 175.71436396711067 
0.5186593649962772 50.16712000093139 9.531937179230441 226.2109018797246 0.8637635790320348 
20.163518529094834 45.754525294918714 419.1028908559623 362.1747705683106 1.3230492024218106 
0.3618304031755879 43.72825200651464 0.5541577324823663 5.256847582045438 0.37740655544976043 
60.41991497663346 0.18241495430299903 1497.7460914559626 1413.8020781490366 675.8579527274145 
8.335714820353957 42.9585206999305 594.098568100474 455.4111433814634 334.78034230989306 
0.3618304031755879 43.72825200651464 3.2967026747773502 186.5855020610589 0.7176485164718591 
78.097567323628 0.4361297306986878 1498.9258651723187 1178.5682567871095 654.9794726508252 
59.77005938814066 0.18266670479364752 1496.9120445961976 1414.436651035583 537.2157178449405 
59.707834720740436 0.15860554309721403 1498.6909667485404 1125.2616883980754 667.6853636102925 
0.4626887427117709 51.402207968456416 26.60087196606591 140.9425945831136 1.661597979791709 
0.5029012406640675 46.73346190716768 9.640326750610768 140.9425945831136 1.5838847130499731 
1.3865765319568235 45.86997235090962 497.2019513351029 362.1747705683106 0.5295100041145786 
1.1594996370738515 48.12932890623466 642.5569180341976 400.02760992278354 2.831362290588835 
59.67780355069665 0.14004847538678122 1498.4420215877772 1291.4224653644676 675.8360302804028 
75.16093429633463 0.269284607233525 1496.826660821768 643.3056199842138 514.6543451533036 
13.009885947141006 0.34011891663116045 1178.8035196060998 450.47148263421343 175.71436396711067 
53.12872798577341 14.505295657549965 560.1293360445353 450.49986796790637 143.30039684458023 
57.24507848578793 0.3383296329673194 1493.9951311913662 911.4989704101025 545.0299160717552 
0.6604516365491461 52.4570641150962 560.4429914788558 361.09855919639074 0.3776688476230233 
1.8246713824406757 46.66446149545826 21.946994480167035 289.8649289504995 1.3090944830526376 
0.008016689897454854 52.29967414191361 52.017506716613 0.017159014275085926 1.6792166571290372 
0.3618304031755879 43.76298908517384 18.30351587661601 337.9498845977746 0.7204738509911257 
0.21329075557007826 72.5073672613408 33.17406140078447 261.5702684523674 15.695556547552087 
38.38639927453363 0.4031051527547298 1460.4578638945209 492.6222366172982 145.9566263416022 
0.4267459972626001 38.34124502574479 4.117425774103445 122.61520741480265 33.312983055258314 
57.361970401674576 0.3406213510399206 1496.6556984780932 1068.003484534186 467.08176067439484 
59.67780355069665 0.14004847538678122 1495.4942939629195 1239.3473193272098 697.3241654551884 
2.450030974333458 51.44410300042618 67.1711013089963 32.332070607296146 0.8721281337087831 
1.8142890598809613 49.75607454285522 26.721369205741468 197.5900268507575 0.5056328969208966 
0.4909568708676518 51.73169731714442 4.02415729530704 47.35159060559511 1.6658831741239108 
2.3864663157863086 51.73400001318781 4.02415729530704 354.862651439715 1.6658831741239108 
2.433027314685762 1.323130383780068 995.6195413600371 391.0884282513753 366.36679513311606 
2.3864663157863086 46.522092564559614 18.547205927929213 354.862651439715 1.6658831741239108 
1.4824024544499346 46.31840622843743 354.46778281008164 360.95246818043444 4.044684072137052 
57.40491076832558 0.34097000744777495 1482.9641988678636 887.4009542433517 527.8083923719331 
1.8142890598809613 49.75607454285522 316.0601097307063 287.5322593770879 0.5044033721431216 
23.091217912433393 1.0238716339862277 1496.154872693756 542.2911052410577 184.56350202674076 
0.3242648766161036 1.665301709804993 858.1206400358562 366.6296123406309 185.2035599274668 
0.14540809829106652 50.84774685584126 369.7706215376859 284.62945869733267 0.8957893536022667 
50.43168478371983 0.14001240207168994 1482.8472644539008 605.6752810450055 396.17978615013544 
57.777607940609215 0.11467076579076799 1494.0350271326276 1099.6217534957225 603.2508865325237 
55.06034621136452 0.3457914558177881 854.6031896834708 450.47148263421343 185.27100118226548 
56.19283328981294 0.14001240207168994 1482.880233744091 562.6323386800631 392.3921901942573 
18.838479473462098 0.35260210265218367 1495.4471442920153 532.2881889242736 426.09877893484725 
3.538669695384236 0.08473622372187561 1292.1457526903716 460.50368992566723 269.253681594588 
52.88865097006145 0.1741833956357411 1496.6556984780932 450.179655860565 445.65906321995317 
0.026711508211346685 52.35797439550254 30.535258114410457 7.180020943105134 0.3902328776345174 
0.6363696523488365 43.370361176692086 93.03416271264982 383.74828500041923 1.0198128273927152 
64.0881189970896 0.3095778807626764 1467.2121218987033 886.6467447481352 324.16821169243946 
0.3304988226961427 48.023381139792306 71.75001903571494 61.75441792819291 0.6231991816794302 
49.64707776827811 0.5317438125506264 420.2953997866368 359.5872159646859 74.75240845253956 
75.16093429633463 0.27439702355831613 1496.826660821768 643.3056199842138 732.0186030832583 
53.05571728794537 0.41322642650746866 1483.2372158820435 887.4009542433517 396.17978615013544 
0.4909568708676518 51.73169731714442 4.02415729530704 47.35159060559511 1.6658831741239108 
59.41526624732527 0.12269121984210564 1494.0057803955597 1083.086249715713 548.2504570737467 
1.8142890598809613 46.70663041672951 334.38621785717066 293.71728192483687 0.5044033721431216 
1.428110970236574 47.11096313183896 73.56729246179118 377.0819336038122 4.044684072137052 
2.822676817254954 4.262780434695561 1122.4832854168835 381.07519048470783 11.961849845556486 
48.45930927979451 0.5317438125506264 402.3835181332007 388.29338817930557 74.75240845253956 
0.3618304031755879 43.72825200651464 19.569952426531188 186.5855020610589 0.5537177552486292 
52.85815768615139 2.825936608762903 1084.703826510528 445.7355940745116 143.30039684458023 
9.989376946335735 2.825936608762903 1084.703826510528 445.86642231566253 142.7038911663401 
2.450030974333458 51.44410300042618 67.1711013089963 62.412997426766665 0.8747432341611586 
78.2952437386731 0.4150367928619594 1493.8128997909207 450.47148263421343 173.21186294889776 
2.3391898769192823 51.682885805930994 278.23963238723616 362.25548010507504 6.150406873549 
3.538669695384236 0.08473622372187561 1292.1457526903716 460.50368992566723 269.253681594588 
0.3618304031755879 44.01584674649098 33.17406140078447 254.43305437834172 0.5537177552486292 
2.4697464005525456 49.9406880284385 49.49687406234236 137.72667293073363 1.6610887168053974 
1.4824024544499346 46.31840622843743 327.63149264055687 360.95246818043444 4.044684072137052 
8.060635326218687 46.32773763823429 152.02995531846562 362.25548010507504 1.583693295183781 
53.12872798577341 14.505295657549965 560.1293360445353 450.49986796790637 143.30039684458023 
0.14043083677972368 52.43440123361028 378.8476437664698 10.591463506193492 0.380398819648037 
59.77468298398144 0.13142000812843058 1498.6568025396598 978.5092672375522 541.2767973537536 
0.21169346199465933 46.484735497684795 9.295636260900647 243.94812605863382 1.5632212590276096 
2.658018075367103 43.98718703588594 335.9251703821692 344.2865784204245 0.5654327825345837 
2.4697464005525456 49.9406880284385 49.49687406234236 137.72667293073363 1.6610887168053974 
1.428110970236574 46.747519229098636 73.56729246179118 376.84940469661876 4.044684072137052 
2.084496705589593 46.130989440730026 316.4584894764942 344.2865784204245 0.5654327825345837 
0.3416103304647597 32.36745664605916 287.3577825809076 282.7104885966204 6.3796478752038555 
0.6363696523488365 46.63639326067904 110.20866480479289 261.87827087003865 0.603258984013749 
0.6131845038334045 45.699979009773784 89.33641673664523 388.80603770936693 6.345326893747181 
2.084496705589593 46.130989440730026 51.45376653588862 344.2865784204245 1.0321685280925839 
0.6604516365491461 52.57862514313001 578.7690924304843 361.6738598912976 0.3776688476230233 
2.3634880070466737 46.32773763823429 393.4519539147005 362.25548010507504 1.583693295183781 
1.1147490097996495 46.32773763823429 114.26125423343828 261.41019382044146 1.583693295183781 
0.1249954998926418 50.70805975787813 20.489770505187323 284.62945869733267 1.3739340010963326 
18.97590744298103 45.754525294918714 401.19100920252623 390.8809427829302 1.3230492024218106 
