0.08318881263480332 54.62539904117585 0.4144735062105198 0.29389661632284714 0.2721051619953301 
64.85636949131211 0.1111122433279156 1495.9631435858353 1443.8836810800826 798.7192691107807 
0.10829070947488872 54.62539904117585 0.4144735062105198 0.16956746634476438 0.2721051619953301 
64.85636949131211 0.1111122433279156 1495.9631435858353 1443.8836810800826 798.7192691107807 
0.0959251585677243 42.51408340048756 24.168240962519036 284.6890926453046 0.6815684376984534 
15.489228872124988 51.0412656413656 463.19745889274554 358.0798822367116 38.54415981450697 
0.403411604527152 54.98365702400899 4.939178195858005 37.48319209855667 2.2949586145211067 
0.03409259324906336 54.63854821934842 0.40147043647558256 64.34551709335963 0.07171537508211231 
64.28179736824222 4.849545286660813 947.7741844987804 409.48043030824294 494.21055191778504 
60.565601256565365 0.11908830212891516 1483.051458244381 523.3744844808398 278.73117682310874 
83.0 0.1051271384413813 1497.1390544847402 809.4997416448838 588.809280625079 
0.2699150910361653 42.629614159463294 418.24899353639455 289.6215131638116 0.7622887845213772 
0.22828906265444507 57.221635208535474 8.20956134159044 122.88525071225774 0.01056620671194819 
83.0 0.21374029715505694 1497.3592525208596 1029.5916628074601 588.809280625079 
0.1239979796200621 52.98814842524436 608.7577568094418 336.65298528241215 0.7977411896900364 
14.21634398005989 54.62513808500205 10.461159456282502 66.2734076926593 0.8932758606033905 
18.33146357641258 0.0688523556264054 1302.082439200599 524.9588116816975 278.73117682310874 
0.05683438112715358 48.39204205993184 73.80875147762018 395.1059594165797 10.279902828679045 
29.60711268168181 0.1353011800177165 1333.023523972803 405.9212726066477 270.39445107967265 
30.1994361472669 0.04038617281182796 1225.5798347140649 422.9617997023642 149.9207479945266 
60.58458361682808 0.11127934760984902 1495.9631435858353 1340.690197200153 582.3356408403004 
14.37467568285302 0.06764736752338957 786.2118320963235 445.5955106636324 38.45342625072709 
60.559986291683465 0.11127766673295358 1495.9631435858353 1330.384355105594 744.1259249562869 
0.1239979796200621 42.51408340048756 255.64790088252548 284.6890926453046 0.6921203106181935 
14.29230576030251 0.06764736752338957 786.2455703313058 344.7952758916798 1.990080115702174 
0.2699150910361653 42.629614159463294 381.910598020595 348.65735808837496 0.7622887845213772 
59.23187859363086 0.10572835140598552 1493.935216579602 1276.4746997937766 510.6248453413796 
0.18236813740385038 1.249875086868876 882.5190668492612 518.6620846002519 38.93508280108651 
0.12883424804537 52.924275043715056 456.3690078806637 335.3416199233981 2.3791681122531827 
0.21068608355620191 59.00426645808215 486.29016581872634 180.76098161934215 2.4389673003593844 
68.83792327298747 0.18150531008430915 1497.1390544847402 756.9191807446306 290.4828759357809 
0.03409259324906336 54.63854821934842 0.40147043647558256 265.1735661563607 0.07171537508211231 
0.225203297367788 50.653314600658334 53.931246379148945 344.29592114221396 0.05519223157863706 
0.13910359097366784 59.24352950543897 3.183532642882287 326.36241022148846 1.9817559347984157 
67.75853591379236 0.12128191080359299 1497.1390544847402 1174.8141910687002 503.8430563146426 
14.37467568285302 0.5087715800272181 786.2118320963235 409.57709351965707 38.45342625072709 
0.48422419464643496 70.95275379118895 10.461159456282502 1.1064508286990442 0.8932758606033905 
1.0217884236469317 54.46764518821659 46.70257854166734 322.62687326028095 2.906833653269343 
60.542029590607875 0.1051271384413813 1497.7837529389922 811.4843274151133 287.60752320069867 
29.844242392247523 0.01426666628625739 1333.023523972803 384.4001557296345 151.57100542863307 
0.2298793350078272 44.168128826247724 635.4139142075348 352.97950102148303 32.64262885063012 
67.75853591379236 0.12179382955184653 1497.1390544847402 1162.0956949807228 503.8430563146426 
0.2610319086902697 54.378042058232474 250.74553624939486 314.65211203486274 13.506103003488857 
1.398986305776205 45.26988889347321 4.934705788141514 89.74384053728892 1.9938747980297202 
0.13592568374676647 55.22704526166192 9.622293646849204 65.6267169693048 2.30342044596478 
0.22559829640419227 54.128802771116824 10.210209732875533 234.7475271405125 3.0857612614555885 
82.0 0.12061973515114857 1492.0032627004057 1281.0516292808786 509.66534159263335 
0.22479929385610456 55.907946024469126 9.703327431942775 277.30724772852756 0.244282945715812 
0.306698385092807 44.63529112736269 76.50267387449856 356.85946619013515 3.0091117125191573 
0.2699150910361653 44.106992867296924 377.2409518971697 87.81552860579107 0.9545352356362643 
0.08318881263480332 54.62539904117585 0.4144735062105198 20.87574328667929 0.2721051619953301 
83.0 0.12300722398057401 1497.3592525208596 1030.6944684873376 247.86418351257782 
0.22592757991081389 55.90248532095636 11.97919571821032 215.65199425662394 4.229183455673484 
0.23814011471269703 50.057896433132925 608.7577568094418 359.3912475957257 0.7977411896900364 
62.30754399328069 0.11674719231593522 1498.2263945762627 1083.1689308180084 279.52145576096024 
0.2985427282974114 59.38470304143136 0.8694488317111153 155.18724416930957 1.78195537396381 
21.00587709301688 1.4782063129327554 912.6444522735571 385.8966818123133 69.63229769885999 
3.5784003691473814 0.11908830212891516 1478.85340372413 674.2209995428027 263.16797936955714 
68.83792327298747 0.1051271384413813 1497.1390544847402 809.4997416448838 406.0527046463475 
58.44821384207981 0.047399346004478676 1477.7849535736807 446.09572333635674 270.39445107967265 
0.13592568374676647 56.55291756491005 9.622293646849204 278.197030017361 2.30342044596478 
0.23303575147184696 49.27695454985237 121.41502956828322 344.65323090323795 0.2533159767682056 
30.438341770292 0.11908830212891516 1498.2723370415163 674.2209995428027 263.16797936955714 
24.35616868743132 22.75634782128401 622.9371290893074 392.5483044289396 82.27157244122044 
0.3855056141125133 43.95512021761637 3.0908901131759 391.2345247579332 1.7196240979786477 
60.542029590607875 0.1051271384413813 1497.2831467883245 810.5481738740532 510.47050078571857 
0.23303575147184696 49.27695454985237 142.36255189183078 254.2626098509871 0.2533159767682056 
63.873879008111544 0.11908830212891516 1341.047754673492 674.2209995428027 250.20293744478437 
1.6906264823190789 2.8645591575754814 1459.691097933688 384.4001557296345 165.1082689990746 
0.2180153367191148 54.494335807000326 283.05034947744196 349.33681452031243 0.03330664691165648 
4.875215719092999 54.654990103844355 391.3601284566726 349.29224328358487 6.936780717833713 
0.13007985170873598 54.540403338680555 140.2375941843123 65.74248838485182 8.845973744436932 
0.22670816658569928 55.90248532095636 11.976287012910763 253.08967733000077 0.244282945715812 
0.35297451182132233 53.19331618886238 267.72016826598605 339.6109025578635 2.8634222107147127 
63.827341164288804 0.11908830212891516 1498.1482131622702 674.2209995428027 263.16797936955714 
2.0342317578755704 58.65137585132372 280.62618602241764 358.02030178516014 38.54415981450697 
68.57629297286444 4.849545286660813 947.7741844987804 417.2979302728744 295.1841609626855 
0.24297637280212392 49.99402305160363 456.3690078806637 358.0798822367116 2.3791681122531827 
0.1308163491463038 57.52065692538586 141.9660704825787 47.27681645907657 8.845973744436932 
0.24297637280212392 49.99402305160363 456.3690078806637 358.0798822367116 2.3791681122531827 
0.21068608355620191 59.00426645808215 8.281459431199762 180.76098161934215 2.4389673003593844 
61.31697404510345 0.0956438424645718 1495.8390140876274 1398.506194862234 743.5775189745317 
0.31321722193141427 43.26629402981842 23.786924218427142 353.3110697699295 1.9543748404745576 
66.68844577490611 0.48616717024449896 1477.7849535736807 410.0773061923814 270.39445107967265 
61.184857139114484 0.0956438424645718 1495.9631435858353 1398.506194862234 743.5775189745317 
0.22530037633092917 53.620905812371134 10.210209732875533 201.12156407577385 3.0857612614555885 
0.0771495487730649 4.814406820321196 799.1106350340713 337.9605289689901 0.016792923388456282 
0.2699150910361653 42.629614159463294 381.910598020595 289.6215131638116 0.7622887845213772 
0.1350623185052804 55.41554515274901 614.47192693061 399.0247609815772 34.090835406158476 
0.40711910800045975 56.242106079580466 1.9054036018333207 189.1891059540857 2.7404861556639526 
0.08482840621127563 60.284017127414785 1.325752773142348 233.60015147736107 1.0401848256407233 
21.00587709301688 1.4782063129327554 912.6444522735571 385.8966818123133 69.63229769885999 
0.21535688528593683 59.05575204728175 8.281459431199762 171.0842957245025 2.4389673003593844 
0.13592568374676647 56.55291756491005 9.622293646849204 77.39297946290411 2.30342044596478 
0.4592986494904552 37.652187922922934 10.461159456282502 22.8093809956386 0.8932758606033905 
60.565601256565365 0.2128860247602904 1483.6220967269364 718.6296160594491 273.38574288584755 
22.70176698537765 0.13226458456365936 735.8918312285143 532.6600923867254 344.5561440188239 
27.210106735585104 0.13531608266028833 1492.8417811732654 405.9212726066477 270.39445107967265 
0.2386292372994245 55.33914213466357 104.07786334871406 64.84613444371419 0.830984555536892 
0.21535688528593683 59.05575204728175 9.687508943977596 164.80235486268617 2.419892113921574 
