68.43555024721137 0.24325991817273918 1499.7695066227266 1470.824069461632 926.647432776931 
0.03750995767973581 59.55293930415698 1.437683511050082 0.2521108407674646 1.3436751640521207 
68.43555024721137 0.24325991817273918 1499.7695066227266 1470.824069461632 925.340859396322 
2.198392847968977 40.72156227553564 0.21510999466890235 130.33242941517221 3.2355520382565146 
2.4389163539388585 46.38919569769882 7.762302977754619 155.52592052685586 0.24878886059143035 
0.005930155278069255 49.51755472757882 213.03173547404202 286.1280709609863 1.0122866328634683 
2.4389163539388585 46.38919569769882 7.762302977754619 200.10205120586377 0.24878886059143035 
61.1711774108122 0.016233637004126545 1499.9458704156275 736.5108657369383 444.4645160182224 
83.0 0.062357949557710235 1499.2221162336257 726.8404807794191 689.2641346764933 
0.6206075139854468 44.33336815988998 31.660828187635758 362.5058314708303 2.350322622110629 
0.22087374391517817 59.76022575962844 316.91215509798064 370.04131704263705 3.2925846231016385 
0.5832681832854375 48.69015490641319 80.2770755513357 184.11535481429007 5.090030070924611 
68.43555024721137 0.24325991817273918 1499.7695066227266 1470.824069461632 690.1262135657686 
3.3248533217220624 49.168407644705084 5.131789556841795 24.509307388692505 1.4625680881806753 
1.8266117092676524 49.51755472757882 116.39954733774186 285.30837183523846 4.7036347007388475 
0.005930155278069255 43.857515334710634 213.03173547404202 303.7793859423946 1.0122866328634683 
0.005930155278069255 59.410045721556315 314.83831735855256 303.7793859423946 0.45364582587310576 
0.6206075139854468 55.121637120191416 5.480910655700853 12.254644761087109 2.203434574682477 
74.70998585074355 0.24516121352473214 1495.6601914578625 1127.2080499446488 264.539668579891 
77.24219755244697 0.04326836595350528 1498.3757646944182 1130.0496070011059 611.7923745056312 
12.51398445001145 0.041265733139984814 1088.428303174804 346.25594089146875 232.51894305518587 
0.46495712888397195 59.549482342995674 1.375923340152866 297.2476986377012 0.171666432710456 
59.3149694319192 0.10685255124043389 1485.2266603970093 1464.9110576566468 627.0420594413109 
0.11011930549611551 45.0675665071078 309.30289748962934 272.31474143411367 1.4075695718908654 
56.10776654237898 0.09956244441223974 1499.4992327834746 1029.0266750742776 661.0969443201445 
12.557612087028586 0.2535317643740412 763.8055724683588 346.25594089146875 232.51894305518587 
9.520226366263888 0.272734425275444 761.613127679525 285.9220038323889 232.51894305518587 
0.13209045302189892 49.480773003276255 400.9575488838359 285.30837183523846 4.7036347007388475 
2.231499757429593 39.628709639639844 333.97533265374324 379.35424053270526 3.2547903825015236 
0.669812905104338 49.20909157766857 1.0482629403104342 337.6972911113925 33.908897646531194 
0.46112567879423655 49.66449442641026 0.11412242547246843 172.67468455693376 3.253315809419431 
77.46528365902816 0.9564568717095039 664.3931205996769 369.5540531641303 333.0792494018986 
0.6206075139854468 44.33336815988998 507.96703410586304 365.4379440875342 5.498651638089498 
4.085280308798159 0.030259084090690558 1067.0765609296186 335.6625153718293 128.04623823468646 
44.4189175750169 39.10499986942098 1065.219028178286 497.4412516236048 416.08696414814597 
81.53192041420984 0.04363897524333984 1132.9177760797086 552.3131272020096 330.52653470062006 
8.888488567172203 0.04363897524333984 1132.9177760797086 508.3414963228119 330.52653470062006 
0.026487326039115574 51.057621689899165 63.00538372405933 273.9274942012487 1.0995797166318613 
0.6206075139854468 59.08285842149447 102.14505484069224 12.254644761087109 2.203434574682477 
77.24219755244697 0.46025985231134475 1498.3757646944182 1130.0496070011059 887.8093658211565 
0.46112567879423655 49.66449442641026 0.20455734736189468 190.3424156009323 12.455067125058054 
9.28799354602268 0.1236375669023342 687.034755409826 413.44036607515727 128.04623823468646 
41.44768755891427 0.07885782564074353 1491.1112730476923 416.2574427356006 259.3009665678417 
77.49621338033123 0.4590227906092203 1461.8077623881975 1127.2080499446488 630.1390984031146 
0.04096273535889024 41.39763099183003 41.14569864799097 378.52748556509414 3.1619382461419465 
0.04504933538713285 51.30060754115155 0.34407006567006176 258.12316138563926 2.133675009316841 
0.041929443949870776 41.29845750216457 41.14569864799097 378.52748556509414 0.544943662255136 
0.6427161830752406 39.31968918127685 652.8589203352606 365.2706618762425 74.47526406593308 
0.7513924219976453 43.59581165043099 742.4538406531782 326.39968127539623 4.260404395629365 
0.8919258192178936 49.51379942315797 0.20455734736189468 282.8357100899118 12.466918427117072 
0.06786078753978109 40.2346082001319 0.7557509052386422 94.8589826569843 0.43197756646044994 
2.201438676923592 60.663972193687805 3.8287517185171964 118.08230884864402 5.498651638089498 
0.060500352940540125 48.33272306816064 63.00538372405933 183.35298058678654 5.190746043864872 
0.047240891314870304 47.44962489422956 18.756292018107615 174.58418578141936 1.3643202078595684 
76.61355736688586 0.0014224049154238638 1497.9624992833753 908.551015912894 432.28512588414316 
1.6306408755496822 40.2346082001319 0.7557509052386422 95.25488540511863 3.543771541524009 
74.1233890507987 0.03139043925627849 1497.9624992833753 913.0327766028063 593.6874813061993 
0.17349789866270554 44.437284492197925 4.8247845491606824 325.13989634931824 1.4152524570841647 
41.44768755891427 0.07885782564074353 1449.719496568413 486.7006104444084 259.3009665678417 
1.8581053747814344 42.700411391874354 377.41471102105936 271.78189198677114 52.34061753852404 
0.49980006452670733 49.668249730831114 116.39954733774186 192.81507738737074 4.691813584668701 
13.671952336153604 40.58731765621176 548.439383115259 348.66005174488896 1.0821438985136012 
12.51398445001145 0.012573568913510596 1088.428303174804 409.4068358536816 232.5198842024762 
0.026487326039115574 51.057621689899165 7.917542949127721 70.40096623072753 1.0995797166318613 
3.9850091933782332 13.91658781050387 564.7802370814458 362.5058314708303 5.495742286839007 
0.6118757578609763 43.42919196269966 539.6186815455058 288.9122983141006 0.4186020669388999 
92.5606360419736 0.1582771343076167 1099.3301903329705 412.53455836954396 173.69455679478182 
62.21162718384882 0.016233637004126545 1489.4868095719441 482.8771327891784 344.53059180469023 
24.44143264211214 0.13965274259984858 1453.2196459752179 666.6165078639597 292.3029042912252 
91.19395436228287 0.04304265027422737 1079.9146507819871 408.8373363070071 173.69455679478182 
61.1711774108122 0.016233637004126545 1387.4042106220654 736.5108657369383 444.4645160182224 
77.03645312108507 0.42506216433341715 1491.3962648427002 913.4535059691144 345.396261527007 
4.3450941412663155 47.696484942211946 688.0915074073691 407.3972067838179 128.04623823468646 
2.2207714801875422 16.526240936219317 368.62446719484484 347.7869061099739 1.5204748866153963 
0.12044191340390462 49.791381975122825 309.30289748962934 281.3693187688234 7.269649198996318 
78.3941583558521 0.08391393923893517 1488.8821857318942 633.4438939230245 331.0188045058309 
13.76023211823916 40.58731765621176 450.6176960320354 348.66005174488896 1.0821438985136012 
48.18833823916776 0.4479930688015046 1461.0964467215765 1360.2272583033991 598.9790615963832 
3.3248533217220624 49.168407644705084 39.98481455812373 16.498792007502338 2.396566305553103 
12.51398445001145 0.011401643929576988 1481.8170279962812 346.25594089146875 232.14830626763057 
0.4753192813701217 39.60729588605654 102.65297387105173 395.3331956725515 1.15456366785974 
1.048369559835836 39.31968918127685 664.086477309274 403.1850973516944 74.47526406593308 
1.0262608934790067 44.33336815988998 519.1945910805828 403.3523795629862 5.498651638089498 
1.048369559835836 39.31968918127685 664.086477309274 403.1850973516944 74.47526406593308 
3.3248533217220624 49.168407644705084 42.86875064056336 24.509307388692505 2.396566305553103 
0.026487326039115574 51.057621689899165 63.00538372405933 4.389408570958743 1.0995797166318613 
80.98852979065782 0.44774257495613146 1494.124599865227 1403.6494610960315 521.7999822980125 
77.49621338033123 0.4590227906092203 1499.5723908879668 1303.3976218509856 630.1390984031146 
0.1319180892440939 64.60210641953174 0.30214497236864 113.63350748104206 4.600580745623445 
2.7740399883821767 1.7196150303795257 799.1131189393304 407.3972067838179 325.21819336426347 
78.3941583558521 0.08391393923893517 1481.759445591701 539.6610025326528 330.9674056885447 
0.6204316107475819 48.69015490641319 80.2770755513357 8.61619992122101 2.1695772053714286 
4.3450941412663155 47.696484942211946 696.7179476825078 403.83725486281173 128.04623823468646 
0.46112567879423655 49.66449442641026 89.72004561076605 274.62770889898627 12.455067125058054 
77.1032652647814 0.2481242436516534 1493.2812312788164 438.52144828717127 317.0421946602664 
83.0 0.1431622773091945 1485.3367196674599 641.6606569009582 263.2945328295531 
61.1711774108122 0.016233637004126545 1491.434836794595 736.5108657369383 344.53059180469023 
77.24219755244697 0.46025985231134475 1498.3757646944182 1130.0496070011059 887.8093658211565 
83.0 0.42144031236989565 1491.3962648427002 913.4731156606508 573.1284175447458 
53.95585464580769 0.08587571412399245 1154.3646544427966 514.4714618037937 330.52653470062006 
