58.83100629737111 0.19956596157803225 1496.9978490624321 1465.773624382181 998.7952230620531 
58.83100629737111 0.19956596157803225 1496.9978490624321 1465.773624382181 998.7952230620531 
0.051688447276586835 59.09675064758116 0.7731790121050865 0.028306849016512814 0.40111358243748096 
0.08645386563031376 50.18228926846156 169.97212221852965 109.81957222956062 2.5392255909764403 
0.03105166181228038 53.752065135331414 3.3938145251067198 389.3828182693925 10.616994103521964 
0.22619251236461602 43.283033406675536 246.16393384004994 358.4084631582613 7.122162969487967 
7.9331073108081664 64.97544873472053 858.5424099286113 539.0115209920938 217.20815775395968 
58.83100629737111 0.19956596157803225 1496.9978490624321 1465.773624382181 795.7209831348343 
1.2216743991010501 54.77787040926862 16.485557405305542 357.6808654270185 10.903328209127089 
1.2494183423307792 55.704377994072225 9.501122394081051 350.2290525019823 10.903328209127089 
1.371952948487857 56.606351272608265 6.378736566637814 73.02759339932643 0.13910671499237326 
2.760213309444935 49.34728930116453 254.19564992194418 281.4412190976622 0.03756446548842929 
58.32863908293354 0.204986020214462 1498.377308801741 1375.69292328322 804.0538168027258 
79.75899049535775 0.05903637275154795 1495.639274253275 1160.7115061489737 537.5092528588649 
56.36830300020493 0.15972750655340195 1499.8127253434322 1309.18303561116 836.8812631858927 
58.32863908293354 0.204986020214462 1498.3442727819788 721.6941152824257 816.3886284516702 
0.20669886218072764 57.70949364557474 618.4662383666872 236.0699243734339 0.1848316920942703 
58.32863908293354 0.204986020214462 1498.3135442351208 1309.756206972957 629.0801651671321 
9.88145637517395 53.827543596984725 242.3569315536671 299.96473248605054 0.23320246119382393 
81.7444402869742 0.12204827217664066 1489.7041004097148 1070.3003869164456 446.3416593603719 
47.591234905394636 0.017804714766939733 1489.1172375721244 718.009816087303 412.80509101395046 
0.20669886218072764 57.70949364557474 12.043710214499914 236.0699243734339 0.533377926345616 
1.2543808563396937 36.73755846437144 1.6950349257943884 65.63358087023312 0.40111358243748096 
58.32863908293354 0.204986020214462 1498.3135442351208 1233.3205005139284 629.0801651671321 
64.23645209688007 0.019942162344997988 1497.980366604072 586.2397906279535 257.3838186776528 
80.52993205041506 0.46292063394925353 1494.6763252923597 745.5110450855784 470.89630364751633 
58.32863908293354 0.31457909673949846 1498.3442727819788 711.9702100471379 244.63673778801814 
0.09843099581932034 54.524967889851375 1.6950349257943884 101.3337935413137 0.40111358243748096 
53.41944298141991 54.426519350815454 450.64493448833593 371.95817939195746 4.749025772159246 
80.52993205041506 0.4647642610129979 1494.6763252923597 873.8000688258815 470.89630364751633 
1.1158978049494594 48.214326302381295 6.604298307989296 285.85475372792405 11.762730051474769 
0.06590041878809955 57.286600705990374 14.475054428017215 170.8892067986562 6.688704765541347 
53.41944298141991 54.70355607220665 782.1187234148819 371.95817939195746 4.749025772159246 
0.13561162997008508 35.524907272139124 442.5630260974001 354.48698786137516 20.21553256521747 
0.2298323399652391 54.41971015407279 129.95882523261974 340.99628918662376 0.1477451823999445 
17.907855774536255 28.484192805154876 627.9167265857984 358.22584693011186 296.60981044322665 
0.17835754497884615 57.286600705990374 14.475054428017215 238.3920203178635 3.7383492325313745 
0.7553692976774264 53.86510735211578 804.0361412902904 300.1637915872839 43.19165583388342 
9.891320085369717 49.67311091243529 257.23809762020994 366.3122781609779 5.052876515528075 
25.27644066643978 0.0076589385819323536 1498.3442727819788 587.4901100895278 217.0971011965273 
10.146084910527662 1.463672650499003 787.2320323416604 450.5695910308018 234.8124513431161 
26.442147687833398 2.0913633658754858 1320.4253977936423 586.2397906279535 182.74516362886305 
81.89236520809273 0.10520122340774805 1493.2829478440535 1020.2424191544247 419.10642621474295 
1.2805221991706115 56.606351272608265 6.378736566637814 15.91366065620717 0.13910671499237326 
0.6698936933040287 58.01667126079614 52.49653138282701 226.53940198644497 6.539232916592834 
8.643806672367385 0.0037534454503233786 720.0034792132896 332.43784492746596 234.9076781408099 
3.0614535883743663 0.17623635456176245 1141.9908092882508 555.6155058060699 216.4303097292413 
0.10190125856357485 43.31595055416466 323.8872018212286 111.28876716837577 9.83841288094112 
0.20831416922321228 57.472305836875094 24.121631854634124 148.36217014767928 0.533377926345616 
8.40397588627468 0.3148828513054571 781.0920986754616 588.4071930744477 259.42089456284214 
23.113952190551792 0.48976675606606435 1455.4398720217087 532.3978061406063 209.14464883854214 
80.52993205041506 0.46292063394925353 1494.6763252923597 745.5110450855784 397.6923261470314 
1.2805221991706115 56.606351272608265 6.378736566637814 15.91366065620717 0.13910671499237326 
1.1480352421040887 53.86510735211578 438.45173379167693 279.4639232686355 10.685875521576964 
0.2298323399652391 52.10195190856119 181.72674372498614 366.26456061086935 0.10394401921480245 
2.8253698881214815 54.42501348410591 140.9529348566598 340.99628918662376 0.14914428007324948 
47.70802536501582 0.32808834398578757 1459.904732237475 1015.7868773747027 419.9464195952661 
0.03105166181228038 53.514877326631776 24.864594614730997 37.32459776467195 10.616994103521964 
0.17835754497884615 57.286600705990374 14.475054428017215 161.43143067844912 3.7383492325313745 
0.3418759086256763 57.77570817628167 9.759779997299693 182.5366206965287 9.613277600873442 
0.3477079608030029 55.638723392408195 18.751424217960107 399.87137530932375 4.156689787986998 
8.643806672367385 1.9718146388122637 805.2023013920909 332.43784492746596 226.74106291924994 
1.2683103223659506 50.125100390598895 41.15611657306386 101.21461615818197 0.07531662999688571 
0.09336975459970145 54.52439692591993 1.6950349257943884 101.3337935413137 0.40111358243748096 
0.09148154614240145 54.52439692591993 2.6010250247278943 0.028306849016512814 0.40111358243748096 
3.0614535883743663 0.17623635456176245 1143.3744392056271 444.7255288284428 370.60492675609987 
0.07776526740955444 58.82520828097714 2.625069467629961 338.85455899614936 0.38863920925946227 
8.552192974018565 27.695696482336153 627.9167265857984 353.55558964520975 182.0058499964041 
9.891320085369717 54.80206689771508 474.83602644005157 366.3122781609779 4.749025772159246 
0.40841894765313624 54.050018260533946 310.2853745710192 282.7661900834837 21.657425460193714 
47.70802536501582 0.0074920017402559476 1497.5034774570868 1312.441680420286 528.9220777729896 
14.759821671607689 2.4289408643368833 1067.6792222830127 446.6554826170841 235.76519466130952 
47.74866230881906 0.6788729693586539 1231.4092257668754 444.39556445439075 392.4781513886939 
0.3520764553115419 58.82520828097714 2.62642010954988 338.85455899614936 0.6515982906308242 
14.96082082751591 0.3566797760906316 1092.411347085867 367.19347037900263 241.4146372360312 
47.74866230881906 0.5384903691428988 1234.5839747656278 412.9560665698682 369.7309024775337 
5.600530450597745 0.3780106457540171 1358.9306949826337 384.18927769757636 54.97816551205017 
8.305504822646373 1.3248545685369795 1407.1043033299084 451.98804632002293 259.41083928003087 
0.3044597455503537 59.9931408512384 35.2767931493702 94.63175248571878 0.5340568002202342 
0.20831416922321228 56.61131655024411 2.800810147979508 148.36217014767928 0.533377926345616 
0.35323004715851525 56.52721174751022 2.5949927501793213 277.76333409162845 3.5068404153278223 
83.0 0.020600752715633122 1495.639274253275 1126.7412355173 451.6777241565391 
0.1334242619147667 53.514877326631776 166.92971348443274 23.888466725028877 10.616994103521964 
1.3263929686183413 56.94487534459537 311.079013256726 344.05023058031935 20.826367069238508 
0.3477079608030029 55.638723392408195 18.751424217960107 399.9731413878247 4.156689787986998 
0.03105166181228038 53.752065135331414 3.3938145251067198 37.32459776467195 10.616994103521964 
4.435233480233846 54.45702863465824 556.6549095311739 369.86635673378834 86.94017986606879 
0.03105166181228038 57.79943739503243 22.092464173509185 37.32459776467195 11.424563422920272 
2.949838581906789 48.54610694699913 7.9915657069404915 182.5366206965287 25.30691655523117 
0.03105166181228038 56.786070047736864 3.3938145251067198 37.36689180207219 0.4077674437010277 
1.034917758589252 53.03877769710912 8.766278996823644 294.46938098499686 10.616994103521964 
0.17347425567260089 35.459400515358936 2.800810147979508 148.36217014767928 0.533377926345616 
8.40397588627468 0.3148828513054571 826.1324068792975 459.9821526078347 66.12404674725187 
14.867863551067437 2.0471719181354517 1081.0710280749997 446.4202139401747 235.76519466130952 
2.769298563527257 54.52588755144397 48.06674428887459 279.94650142792153 0.07671571666106392 
4.186143240924622 59.89386800314941 556.6549095311739 371.95817939195746 4.749025772159246 
0.1629305599029901 56.42592655307502 2.5949927501793213 203.33551153908886 6.790839117207943 
1.1480352421040887 53.86510735211578 437.8527088938146 303.4490045437051 43.19165583388342 
53.41944298141991 0.7657076844123232 782.1187234148819 371.95817939195746 17.879506284909496 
0.35193079775718694 59.9931408512384 35.2767931493702 94.63175248571878 0.5340568002202342 
