39.931394484 147538.0 
4.960751997599999 165669.0 
5.053391824 163858.0 
5.212418337599999 162297.0 
5.1138184215999996 162501.0 
5.2261515216 161366.0 
5.5719509895999995 160504.0 
28.245578819200002 151443.0 
5.0754184775999995 163360.0 
27.5608718688 151663.0 
18.6902698528 154669.0 
31.965046447200002 150212.0 
28.970859731999997 151221.0 
38.5018742488 148023.0 
5.8360306704 160250.0 
11.394242079200001 157189.0 
10.4786019728 157509.0 
25.1593514936 152515.0 
6.0806169096 159615.0 
30.409379127199998 150693.0 
32.5049396928 149993.0 
5.4406178896 160980.0 
17.472656540000003 155095.0 
37.974461608000006 148220.0 
10.0057071872 157663.0 
11.8349622864 157014.0 
28.619258975999998 151319.0 
37.37248742159999 148382.0 
30.8077535376 150613.0 
13.899095414400001 156366.0 
33.143193112 149790.0 
23.354631986399994 153191.0 
6.179829998399999 159209.0 
7.224855952 158588.0 
9.7618939024 157773.0 
20.700391264 154000.0 
9.3601346248 157888.0 
5.053391824 163858.0 
17.9742433392 154923.0 
32.702126408 149931.0 
6.412456288 158980.0 
9.107521592 157987.0 
5.0754184775999995 163360.0 
8.775053404000001 158110.0 
17.9742433392 154923.0 
30.017113291199998 150874.0 
29.505005836800002 151000.0 
21.0021107712 153874.0 
14.2506820736 156179.0 
5.4180578839999995 161085.0 
12.944388184000001 156738.0 
26.8761518016 151983.0 
37.706860712 148269.0 
17.3600189536 155264.0 
31.5558460552 150317.0 
6.1503500936 159405.0 
37.0465806392 148516.0 
35.148193532 149158.0 
34.843487421599995 149275.0 
21.8684705248 153579.0 
27.289738740799997 151776.0 
10.8651485816 157363.0 
16.368070160800002 155472.0 
25.5798191216 152321.0 
6.573989360000001 158886.0 
35.99204700720001 148855.0 
8.4968405952 158187.0 
23.6763653104 153019.0 
33.5880340304 149695.0 
21.567111751199995 153778.0 
27.021525091999997 151826.0 
26.519725624 152041.0 
34.3110866376 149414.0 
24.7803247 152590.0 
22.6703507936 153315.0 
24.502311303200003 152742.0 
22.270697710399997 153447.0 
38.865567662400004 147909.0 
36.555580499200005 148651.0 
33.8924200176 149551.0 
16.2306702168 155526.0 
36.9244081608 148605.0 
21.299257576000002 153811.0 
39.307087757599994 147769.0 
29.863766654399996 150922.0 
15.7432295224 155654.0 
5.8360306704 160250.0 
15.878842275199998 155614.0 
31.099059284 150468.0 
13.619655139999999 156425.0 
20.3370167136 154088.0 
19.9342433392 154224.0 
12.528429214400001 156741.0 
39.0151144112 147882.0 
39.4553544336 147722.0 
13.131721704 156577.0 
11.002454887999999 157338.0 
21.7571506816 153624.0 
24.098965366399998 152799.0 
14.705455447999999 156042.0 
16.939362650400003 155283.0 
24.0431121712 152859.0 
15.1036040728 155901.0 
16.704376327200002 155334.0 
34.059113431200004 149534.0 
23.8321653384 153013.0 
6.9353364168 158770.0 
15.076084117599999 155950.0 
20.2234968984 154130.0 
12.506068900799999 156885.0 
6.0806169096 159615.0 
36.3173005664 148741.0 
33.3916332464 149716.0 
7.6274300544 158569.0 
7.690069880799999 158506.0 
19.0054701048 154639.0 
13.4155488056 156493.0 
15.4238827456 155778.0 
14.399308783200002 156128.0 
24.606417777599997 152647.0 
