142.6340247392558 51.91404132745747 256.02603203194667 262.75037421245787 125.12917611488244 
994.5809705192305 987.7038861244038 1497.6755361820863 1497.1802503562772 1487.0131009826516 
947.6252602439855 991.7852962441955 13.79920747778246 4.859322605477723 1481.5540317792224 
18.942116487705828 992.0156939066782 1361.558081472202 1446.0624328608935 66.69721999659417 
992.9311855042578 7.466422314161392 4.804416005848466 1493.6099827875332 1271.760060412445 
775.4470993551214 2.8973514719929927 1491.6434976225992 60.905836584341124 1492.6046239426873 
992.7399726989754 986.3872946837789 1480.2773861523283 129.04683736246258 7.124279269013156 
7.348577074793194 996.7414703753028 56.03608212102734 1398.5796573346847 1455.378647640196 
891.5497805842994 20.39304285254473 1475.8679731925608 1441.9694451427813 65.76606469228885 
34.568213483780696 972.3480611389114 1438.9051014577028 20.528438866501297 1326.2863846645648 
938.4908318654399 957.7748664941453 37.559405213248745 1447.8878974915494 25.280309870860386 
42.781938095443614 7.98331804510799 1450.053536220335 1419.5003035413874 1445.0401146011573 
1.0377853915886082 999.6788693552111 31.49316549408082 105.28496059947395 19.5162112483549 
12.922437072871329 5.132296819945648 52.340949810915085 16.819912877510056 1493.1388084603193 
994.2978116385722 50.24071541237562 10.67655699009251 6.867071178991657 23.94762247658855 
45.42770341986646 13.229137849741 2.9645036502326527 1495.1023505189357 5.9529003827299976 
4.973492346445063 64.49744141480318 1486.4229331991858 0.34192774955355 25.744578442364663 
999.9563397529201 996.2119737255595 1466.825555078936 0.44943607645009376 1480.7516345526003 
982.1119256859771 994.368185388698 20.180797022553932 1462.6186757421062 1496.4854745519601 
999.7366883543036 2.613843785715053 1415.7905643765582 1498.8367001920544 1466.8530944552645 
2.212962084232384 993.4198385106855 1471.862269880691 1442.9487269824267 1478.7537761833894 
24.23241898739459 50.387788197797654 3.151359726421943 1428.4068856731324 1439.8587757699468 
998.1797866922293 965.6138194076096 1464.1327052252527 1479.6099685236798 31.882563330916714 
938.2364339636998 8.310913817035859 1399.0295645089686 17.42077490391708 28.60367201482522 
922.3811615750814 974.6795433443968 55.14149459634138 6.101253384420247 21.557312251415496 
897.8586687595624 12.325891514786026 72.20565454279438 59.66501643197897 1415.114076443405 
6.243115672175281 988.9157661322802 111.25203087504654 4.434281020319785 1382.3871923165245 
48.975300965886426 42.63558087605757 1487.4893212712332 1391.456546701399 35.85779543843698 
104.5874034218377 998.4757522661573 1465.4721889264356 56.05347598171312 26.758718111102088 
8.3525872243988 923.3989150016178 10.821220694946065 1494.645916500341 165.6879076403448 
971.2759586988225 86.30780420739381 8.661180632204779 1421.5503799490953 45.13629233248162 
42.426292483806584 19.302697612138765 1466.8649431443903 16.681679158075447 1422.7915244450362 
992.4649703350154 617.1470442290866 856.5158292145234 686.8098290434674 772.7568259336665 
438.6781148704177 517.2704946944897 686.7765258410705 1485.6642111819906 1489.7555280112658 
5.75555674668482 524.9771261903144 887.6538622741056 626.606058038634 697.8965683524691 
446.2731358886336 546.247717133314 13.199972320155629 23.125840708646482 738.2812449700632 
501.22937164715796 991.3470616622369 1496.6966118717455 724.600218717865 1491.9507927111938 
444.56719865628946 543.1179066908666 958.5559044031396 1451.2254634879475 5.2243842138322005 
998.3930224895736 17.62967157939488 857.3820205767449 751.1349536081477 1439.4873635486192 
962.3063229181882 457.1893752288948 1463.6612310819255 15.03412972877799 745.6438288356427 
441.8098930242723 981.4026661207947 4.533946269154654 866.4450611029988 8.700483201705522 
32.923019080678294 16.99731113030234 689.2953373861822 1441.547881818537 725.3531171134005 
932.9414878857438 18.367662894298697 666.3038751286014 729.3397385044278 15.189906838706246 
984.7158018970044 996.6006882172235 648.0775239213355 1492.1961734360186 868.0645952779328 
30.266933681899033 552.8282114410229 50.33567468592148 717.1124952805765 1494.250284489085 
499.5161695277128 995.4378790211234 1495.3444401915713 1475.9355070508639 739.4063778950901 
984.4858710324249 646.867054956533 40.4081924582888 813.6240376079876 1497.558232920906 
504.9843911386524 582.2302564975117 1000.8462275369511 14.940572252323147 29.913259500619848 
8.211915088072953 8.444929491415841 834.2410126429926 1.5201930806302832 793.4149985315674 
449.52165335839527 12.920393052815115 1498.4343870299408 1011.5341262211178 898.943017431648 
581.2188185059367 922.1739106195391 825.9903418628156 37.99336411925125 1490.6147595190125 
9.243288400323625 445.42216422861867 2.412679275761387 13.467774885298322 1.4825943959700938 
523.097148548117 11.686863635668065 0.7599021251059601 800.1787263386394 984.5793126969311 
4.61613401231975 484.6812080207689 1461.7486783252896 729.2479769890022 1462.7927058006142 
980.5402001620927 433.5853006332626 1495.4756077420388 1484.388635494923 853.5272826003935 
11.656147305122989 998.51715417226 628.1215501604895 1424.0263780533976 772.2307899548695 
964.2931074535038 558.6121955027785 17.512846074823617 765.7078677302447 24.25386341409347 
479.10494426381814 963.2063519677971 1465.6024890377305 830.5355400297107 15.373563203125663 
981.1992961810007 26.18189877835764 546.5171350769025 13.125929966877226 846.2297428321083 
11.524499184870862 326.12756368409043 1475.1397299903222 720.4820675355712 0.4181265508912402 
476.4128508158144 441.40702051158365 13.008418863674265 1466.7026020898488 10.943905458556447 
991.8719863440207 515.3144358358403 1495.13605928129 767.5242156494942 1495.8186102023542 
99.479850541898 994.4783093127836 683.3563519713011 11.711379334541528 519.9295819199634 
951.0975787291637 978.0379257004091 315.3772538488073 1.4526579317094002 723.2771395112208 
983.0981570764305 6.6973634245848235 875.429361112043 1499.4553031763749 523.585692199883 
470.82829970041956 967.6142252126916 12.713853915882423 1461.9404224420832 1102.6386070724495 
467.05852790910296 2.803375938510766 731.4375556415358 35.625863750741175 1470.708777323948 
3.225959364021813 5.555163792062223 1.3683890134932875 808.5273571952372 15.538311714061837 
974.7999214213929 530.0081539750439 1499.449520945853 810.5983132583532 63.71709874574244 
19.829597633685747 484.3297873316432 1422.4796433361237 1488.7007701978437 735.4409791920579 
459.34535044619673 5.574603029357084 1483.5772123454676 85.91392471421288 26.331187830342216 
559.7486297293339 996.0476277853228 1438.7986349907699 13.805672084789666 780.0070566809756 
503.8612584335528 4.290682501163712 16.1168293975576 8.806352700535648 17.675960254297795 
610.0926334459954 36.44416102408587 562.7632977724446 1464.5793349756618 1497.168361275486 
995.8369149789977 494.6634198369608 34.72814051905032 1498.9313517711958 625.7707506120719 
6.317063413467827 577.3871715882925 530.3067702491071 24.39537404897224 1470.5097860324418 
981.642548539148 998.8916194820438 843.312564853002 796.6149146353756 1497.826403344321 
990.2614104250963 956.9317823661371 636.26520429019 617.6270804136616 20.671238123902093 
11.82183909859491 11.599212436531502 1.4127012321500376 6.254558585466919 809.7273829586013 
23.680093237085643 979.3189036690903 783.0703104075202 720.1773070697595 28.871061691627396 
984.750435841699 454.8870074540954 32.465744068383096 0.09331166795961687 1289.4173466972472 
7.607403687383663 473.7878054800322 8.463239713568715 1356.6182448789725 661.541181855601 
474.32773193500196 607.7177535667735 1499.5564543112346 1499.3799589585894 1485.8799814064903 
3.7044213923651537 447.33663024734085 1435.2661503271895 0.10568538587424348 767.339719938898 
390.80988447756215 0.4926959363262817 883.1407507762664 1430.3781549992873 13.526059639534626 
9.725012780079867 16.378969236645613 650.8575568377584 762.8487198388655 1425.0225154010081 
13.013566469204264 994.938583253397 976.4895695309062 676.7631735851863 1475.1112561401683 
973.8838626107923 994.2729877246541 797.4161101380292 1494.3097807006145 42.10174731571781 
510.27139076587923 986.8029840210687 41.36899569802832 169.07924913897006 1497.2749819857518 
990.4585113145882 332.8440828786306 1485.591574223713 11.252039857286345 1467.0814912948558 
990.4707860886876 491.1235233806385 69.75798856539367 1486.6869321074953 1497.7354154574164 
17.704276803620523 989.913849868878 11.463456200789535 550.1844406694892 634.4467476292735 
985.7616586533335 446.4973802896971 394.21037025111906 4.226654398722552 20.683285568918187 
970.1864622189238 0.3382572856365229 1490.687063369884 570.2775558774783 361.9604035543999 
997.4334380848086 994.3199054042427 1498.238417456941 879.322593504351 814.2005136850714 
7.415532573685102 12.753248937000471 790.2186723942652 16.693918127410612 2.3981867983081107 
525.4585087958505 21.464941182115282 1441.1618266467303 1498.7548459946026 1465.8868063947111 
503.58635904449665 4.692366969727746 5.329438581307244 1497.7765989057798 3.947668011454797 
39.50684680985661 966.0880673640971 798.7611953353547 1498.1963220667785 1499.1895740630396 
438.3631479636354 886.7904364029837 9.275611473950619 5.066569934751408 6.827297395790355 
