84.06708009517794 16.96669965527331 213.20691650316303 155.98197276935406 1217.3025023161213 
997.8673598439267 990.5913585685145 1486.2513154111593 1481.0044249855916 33.007158927385596 
990.5008204701786 989.2716180168011 1466.3157571939182 2.626487955391943 1486.4912115686627 
27.573374174535093 935.2993656904368 0.9798998198167763 1420.0904498395603 36.244386519485914 
993.216736759887 5.898472683009803 1442.4397904526236 1481.8562008111642 1492.3820525520816 
991.200312986433 29.727089211291634 26.43128858659738 8.805719252036992 1.8122817659971813 
5.616827949350256 998.708016661755 1485.4078754515251 1496.8576769428814 1470.1734197206017 
4.846130476913291 589.964658511344 1494.8921712850563 33.78902721992555 21.236252324688508 
987.4459642514781 987.5635768161679 13.690925902960394 1458.6425501559818 1479.8946117936127 
8.610004974153318 13.139234724809379 1445.9948162741039 1336.3163764149929 32.41078535626318 
0.2601330280087577 974.1656154920278 179.87264698562865 8.85054677904823 1487.155348449709 
966.8289589618593 24.50145375300461 82.7714617762702 1493.364010616039 78.20247209113568 
817.7427970006738 999.3529532071861 18.314046356353032 16.183164088170056 20.87441849173083 
970.4626154029195 2.925448582535961 1451.8320147240483 50.79625325345422 271.24250682382007 
17.692708965928116 30.832668406908013 13.03640676996598 1429.20410814439 1388.5669482887592 
26.54848120254305 26.32238654408292 1499.925646449861 58.11335358339797 1438.2085845466331 
983.0798134895361 140.82629686069126 6.711770451583332 21.925669445883646 1471.1256908041685 
7.176724236539034 994.3979005361335 1482.519735173412 1494.7360870441887 0.16510213589282507 
3.0195009444261567 32.95981865253339 7.585206449289894 6.4114493489274 3.4526257212308953 
999.6808620423892 995.8597695784472 1484.4836158916191 1497.0135339715114 1491.828489380182 
881.9272726962855 985.9834693896685 1486.3232321823325 7.615352314269019 14.586270937916368 
979.9859126125432 10.221759286293208 5.65354308240601 1399.7357898532634 1495.315737736396 
965.4062273393595 23.43616187654729 1453.6020164823515 1468.6382104566294 44.91445246582831 
12.386495232280303 990.8981151922645 4.589932244859263 1328.916422189287 1424.7590375168143 
992.6084422341686 966.6485716540498 104.95753527994079 1424.8603255870141 31.134580378053446 
7.469129141118747 987.7976126188278 1456.696764990284 80.07910896713038 1451.1037384102924 
24.883604479745248 16.221683502942284 54.00143919142042 1492.0853572452775 10.242969620649356 
15.498272136808101 116.30770921965494 1376.4074558803388 1459.0776027644833 1497.3984815961514 
6.44897998671401 994.4326755333698 203.29209502773531 0.6990720569541864 2.3223742140678905 
946.6824101997829 994.5466741689027 76.65289520124846 79.13593288040194 1488.3421025341227 
981.5684558886071 27.746737953121436 1483.6394995550656 167.79164628406386 1490.3235663928278 
30.99496099835397 0.6367806838577517 1349.8539558955097 30.850287679733135 6.481148336502041 
513.8699062216116 992.8284678797339 839.8842635496836 954.464399120971 796.4511795098532 
999.7600712827542 473.7258818069085 629.9242336373079 643.8585063570134 36.55315988579333 
601.2809054770596 429.52048914653494 681.4168950746173 1499.0974515239482 1483.827548247551 
504.53316639106373 513.2938437929288 1497.2765073136281 16.849961295586134 911.9498217589271 
6.322046345170085 542.1083600371784 6.339144679759601 602.6398721285909 658.3065547854857 
535.7858411989762 375.9395705418076 1485.0123875424265 1481.750114609147 588.5063452588985 
560.7211093711215 2.8119195601736813 16.086588304648764 796.7080479921412 661.4695202753713 
3.3776462917298744 984.7177748992773 1225.7148598959998 523.8987657526804 0.2857312687858937 
994.3540058341097 583.2671524564744 928.8081663008288 653.0588772310731 1496.9911188784906 
18.161224644396512 473.225209803701 723.0904897012459 1475.7030969341495 64.01775172065804 
985.1875645458421 639.242532804628 7.048401884843846 41.90828046097944 796.360383008819 
539.1859344023436 17.10408153209386 674.6902281743693 15.499624805969114 13.337342999076851 
1.2238835655586922 5.137859816052859 1492.6916702054432 682.9037976578329 659.4592588593973 
990.1550227144163 995.021638846542 1493.3823564474628 581.4020698544015 723.0246722081823 
481.76841390606495 23.992700991990134 815.839779364441 0.5513713449926683 1436.2681727903828 
994.6079457955394 439.0807120784606 21.877751800629785 1449.7846487556105 633.0139392313544 
8.52501604699507 985.2921260227403 844.4183738553206 797.8858993036285 1421.4395791916086 
341.73939789091565 998.0391192025897 66.34549571756315 28.75265158960022 838.8992374125447 
405.93868952851386 999.3344831309945 799.6449653668951 1489.2577442468848 14.089323147704002 
973.2322624518225 15.155278821908258 836.2441370703348 1485.0291819044965 851.5212720622246 
13.541368047334966 19.460564630977007 602.9237868137136 1488.3767264338221 700.077440119879 
476.85904905603127 974.2944348000509 1498.890755797934 834.414104648561 1490.3893304344206 
3.578883224915619 387.70506415057235 5.044662349896701 548.5551141075268 1481.1199240988315 
498.49580728035437 19.476861903701682 1443.5926180053227 740.2204760351991 2.139114461503666 
990.4020624150828 995.9065477315548 688.8911934957997 1489.379773426301 929.0252801709817 
411.43812185901476 486.656991972401 4.489564896608789 51.653971933687096 13.427999635121978 
451.4829950075366 35.21693889133959 1424.216915040248 827.35368683858 1486.0980902302729 
252.6484792983885 981.1215056172202 1468.5978594686576 15.126540452829628 593.2539224334391 
611.7409972582676 981.2487108860678 39.696262474653906 837.4207394601211 1454.0324796662533 
987.3870025136306 446.1367994469453 1417.5167319880275 26.67833467726205 74.52038657266047 
425.3840606682522 339.2602766862248 14.573157009205085 1435.975710265274 1.7760444085942462 
41.89592924791074 670.2323129729239 1484.249656683247 1494.7117282682514 871.9108042509617 
918.6311127121205 10.718176722632977 574.9627057434598 24.081050807963354 798.3222770576725 
952.0261586766737 975.8886573886566 16.644431692663275 700.2111365838697 13.19109899920312 
2.231043812552236 4.031389492982096 510.86590604241655 646.9853230076329 0.7011656856314441 
646.3785233997646 992.3219725651186 804.1472865718822 25.316029622774682 1492.014630246364 
988.8043621797442 510.0410946107817 1479.139045393734 1337.7006348128566 12.325431500365081 
556.8469759243897 16.59063376457226 5.95852947128761 532.33571573189 1493.0739317431326 
10.620838733576331 994.5496138680336 397.691242705646 1494.789173310311 874.6013972693378 
976.344980470947 520.7758586699549 1487.9396958055863 1497.2685616633278 1497.2509813987974 
13.859518162357753 581.3566132189762 900.5057510791577 14.42751494148381 1317.1021537285505 
949.9917488191618 989.4703182656945 833.4443716776713 18.02346858823278 86.37871804252784 
48.0734050839764 997.9872578344736 42.34261329932904 775.8635361316087 13.67846591554789 
528.8246118487167 626.961990613519 36.31925782642187 1497.9427789012075 1499.0665625868553 
510.7679433684745 29.373011215856447 835.8768585715297 1491.298321709517 7.377276898989704 
997.3075244617459 83.00166219054228 1486.2494609750074 816.5223255816253 665.8044639350801 
989.5497926450173 22.754765601170845 20.67395665782007 666.7661849059928 56.247200146772705 
968.4405787326097 470.3302281789071 1445.1569487121228 3.542719923051163 1499.5387242718252 
9.764666071578997 15.251429042539622 854.7808991787961 7.60127844656644 756.2868746744037 
531.7549177677631 904.0684124652761 1484.8281561407557 936.1554882692272 31.220790458496516 
20.270589624216797 452.059389188365 825.9698895980084 1453.21512315447 1495.7822894010753 
990.3647468776595 509.30049569824763 19.829188581814538 974.2571503293151 1476.0919782121518 
0.14961660787105036 472.66388118351455 673.2984883235025 3.444336232500622 51.32263943474358 
999.0629015364867 995.5616151596342 1459.0159795270677 1486.0153356159178 752.432894192294 
13.578463753613601 499.06185883997676 1458.9156621660552 1493.4925320681346 15.538339762098563 
389.7277862699138 434.46339040134154 8.472555824500239 32.04500195008736 1440.7611190845644 
538.564868104534 943.3019940766986 53.12245034543584 1429.9683504296704 658.4950467316116 
980.9019321194421 13.861595790854997 829.6408544752146 1036.957706732583 1484.2959695992379 
76.54679797445496 436.52584475998236 1421.6781475080115 626.2222285458356 1496.521032287674 
7.9227253843048295 999.794883659893 809.7465992778267 38.54920624168534 728.9659456945907 
524.5930157091112 978.8220418650566 1497.1041801135848 1496.6701145501484 1491.746918509238 
414.3793655573158 48.75172318415644 25.33114089350924 1473.8775550850025 1013.6143937188191 
991.9200514367227 985.9403187088556 634.3539414757914 84.38455601163835 840.942341477593 
34.1898225897117 1.1297211698572118 6.790829372704699 11.298470517885463 668.51947115597 
997.8299344254805 463.21178525021554 566.2410014302415 1453.449102297296 19.654465327407166 
452.24956602706675 20.96718793632646 1496.0783617339264 1463.705293721916 1049.2359702053352 
479.0764188353358 84.90410383888315 1496.9444484972744 12.378575973418682 55.168690207781204 
957.5008678210509 529.1581902154743 23.03174809823666 32.19438617612169 27.07094843887442 
