579.99658952019 627.5277756043041 1259.222764772637 716.8412333394648 1455.8332255822306 
12.450651902136233 0.41261594340569197 11.126491492729096 1496.3460200217364 31.420478357976233 
882.0949752762602 990.5388361040555 14.677519128939664 3.7245453265090656 1.9813356369816626 
19.699825415512407 1.0993965563692587 1493.9344748513781 62.60319920620755 2.802655990731706 
990.0279627615332 21.953575212707023 1448.1437457227053 1494.9151530192617 10.101166471678136 
76.37285076315558 10.331971000356432 5.651796093240014 9.265192479860296 1499.2595802091282 
154.24095810692208 994.8528598675209 1497.1534087385783 1494.4752112835854 36.015815976119804 
997.355230492431 988.8642860998309 46.23332369546163 1484.7401650924178 1459.7935172870066 
992.7967814498311 4.311365320625371 24.79403701487559 0.3692057088515721 185.72266465352817 
5.585940055019889 990.2238891697186 1.003253298441531 169.19237536608844 1357.757829471788 
13.387757410560418 6.568769768879323 981.1464455244718 1497.8325822571876 1470.333277733182 
913.6427660020006 955.7926289119652 1496.686058644683 22.02810324615978 97.28780397827674 
926.0897580870883 19.892209688011864 17.20875103937841 1487.8712178990247 1421.3121280947528 
29.210170666748915 988.3891148004133 1.2237047949994473 1167.4025058060192 74.66068735578347 
995.3702593216866 62.108366675237114 1415.2597482016868 9.38231992172539 1443.4489015818162 
996.3666290006414 963.2396686119715 225.55438539697354 1488.3919555423827 21.044094584365165 
0.061906945154066584 11.181262994555908 9.697278350386751 12.555150544165116 7.097619179318282 
14.159190123753994 990.3979269711901 1474.353663345015 1493.8450241531066 1420.5327533942452 
962.7722120546554 957.9091984343318 85.55823533268769 6.672722457949643 1457.8139383842552 
27.179556489009272 997.41061433393 1228.0661500079063 0.46888569057101925 66.35486670723223 
996.6986378136517 0.3769760086268503 1459.0409673958973 1488.7933270998947 1476.5207743212682 
5.196230354783449 6.086122887167145 1453.1180520114144 1444.8582016668363 4.463067606452265 
5.426855799861463 0.7247729038561967 1376.4390352455735 47.93104721944774 1415.6649783503563 
979.2788209381706 36.021423512633596 1462.2434954005535 47.75649166664514 15.783615537643902 
993.0721237093833 999.4714501283357 1484.3892331573797 1489.7047762317136 808.5593551118772 
957.2944944130728 1.5551966559340658 35.759659216195786 1471.4282133650502 73.63339021959398 
30.33850101867719 920.5342054694113 73.06473033054628 1446.144630370443 1462.5749545766075 
10.543017609371708 951.5744458303066 1458.812455313551 47.298542883175756 1417.8403500953787 
988.1604376914188 52.96272884934439 14.341895823960005 173.69113362749948 1473.2112192509965 
998.1019163164008 999.9479796013867 1432.6364932429262 23.86261303623516 1444.661647140129 
2.6218968597433445 864.2483284465746 17.40371621436382 7.9508899392271015 7.390651876998833 
16.180687485208733 9.12628433019258 1.684842532566122 1303.3092282254595 1248.2132827286323 
991.20260970797 677.2806808121339 1487.034335626653 1056.7531821364728 27.628703285875243 
514.682614363503 11.874762956397667 740.0657309015636 716.2982387570125 16.657667240640215 
995.645714244204 565.259770569733 10.36956207180978 667.9191545538588 821.4059949812965 
21.46461345492645 567.1896442136685 1489.6764473581545 975.2834665134986 624.2760619546088 
993.5735929388538 640.3152192981875 990.4566731490781 1486.3848951506973 1497.1289224769926 
14.530612859720794 365.56574968077183 692.5503451827287 7.2653213884418255 792.8593942553357 
450.2209127680016 464.65286596285125 14.330213939071246 1495.4548357345993 624.2773378568796 
429.30808172085943 1.8570278171615449 1496.756307248009 874.7064754326079 1079.3797646766957 
585.2490972845014 957.8084488683359 687.3855257898085 24.252324601645338 598.3639465806127 
44.62783659027969 688.7136448014376 727.1886626343078 1489.1783137256634 38.53776377937152 
489.38720036468465 1.5313780658577913 15.760031913759132 29.242291664652754 764.1988153938106 
548.7019667897225 975.6855854017517 71.83555976080652 907.2327319763256 1499.8546138489664 
618.3445735601622 979.8128468931325 1497.1709282438233 1477.0302548276704 1498.5799067198445 
986.852257377962 448.3814211744274 756.1700737171112 132.4780461038136 30.254600938509014 
986.6898758464653 17.651756570339018 831.8817971578284 1371.286995490713 817.5493354335554 
4.515310156733565 446.833929848781 1481.4963657329365 1493.797116956517 1499.8058459901438 
455.3751341030704 26.130938319968045 1494.5094235764593 0.5334648871699876 621.2604505934645 
710.9865081750938 992.3537050639388 1178.3421224566825 1452.3461008016088 4.780080740659997 
10.862257463851943 395.48839186245056 13.454849963762783 737.498998220719 2.985648039141253 
6.647296566195782 978.633413857424 915.5166923431232 786.5478678388777 1468.7161173404381 
991.0681493361687 359.66501923451756 699.1555009617954 18.540222988267573 1457.293426600753 
615.3266848383759 958.642259508228 17.64633815688599 901.4138699960663 25.500894903118464 
38.33473212505989 512.1336104887616 1499.3092577285367 16.495199141555062 27.081903836082834 
4.538897757937477 374.41969012678436 82.72761336495482 564.9697467727042 1465.3359524318055 
993.999325678401 999.0165660703777 1497.3101307194895 828.3411859019512 1493.574138014534 
501.24258204743353 987.0336023444219 773.9207915762239 2.3295779210929513 1489.0852201857488 
1.1416703828588393 0.11086746474631148 982.0200314286276 1466.5429162260107 625.6743340786841 
492.2303038177278 394.509816653534 2.3932042690993915 25.89627119224758 5.369408625557625 
994.2654445615808 66.06466098146757 1471.3926509141406 655.141914025079 845.6320637257253 
364.51651151110843 382.10555037953 15.094236765770653 1461.2903228368941 1476.5627687754463 
161.27410755694228 966.7502141203881 1494.0079267774788 751.7185718874589 9.859735758808386 
975.5088231358862 371.735187977994 490.8893209743502 1461.6048690512794 8.986731070801945 
11.186567029497718 997.647778783203 695.8193160406917 1396.2492034812565 832.1810099003823 
997.7359246649678 997.4061994733564 514.8339686414331 1479.6860096453631 792.2797687431905 
524.2217512525526 24.53553321104629 665.8567990482517 115.12512429713607 1472.0200649671956 
9.187971671185014 998.2459209600363 13.65616593872926 37.46914328415024 642.9539916981194 
557.1174961847363 992.0399378057397 1487.1228500393609 46.75922078409178 816.8084842968833 
472.94856388511033 33.97884823494435 1494.7462451016852 1466.3992087239542 337.6835119773196 
7.827115251157535 6.720766969222858 727.3172914690789 10.631528618640196 13.402915333808386 
875.4920858752419 24.20535570753424 8.436438952258818 755.6385379482691 24.247225494926973 
164.15240988977155 437.0088872794973 1492.0415065647462 89.66818300236763 1493.0373833756707 
953.9601352567125 996.0354820215629 814.7845216659375 337.63525789355106 2.317308114303529 
390.25735756731996 29.899768016473537 1441.1575651969315 1494.1039285801814 1467.146124883206 
496.8949048787753 604.2097443410518 62.021503719067894 3.8443961074837163 1447.8719318425399 
3.5711813025327555 3.0801141373555385 2.3229191706359287 524.1694353005939 676.3997178309708 
993.154326553412 56.197868245236315 797.4291429688136 812.7480486224044 1486.2823903061967 
980.826869068827 482.7771327767895 140.30077873837365 1495.953127252205 1488.022366601666 
996.9008098091261 648.1545839766918 1471.4723090042598 96.17486094436639 766.6717589362012 
13.171510627909221 6.662922094047952 796.7635477894943 680.3088719281941 1498.0210165822791 
987.173879661197 999.5984312444791 13.8664556100494 537.5489135562151 676.5308306464408 
460.12637305415825 33.461389280994624 93.65872179732487 1488.7971474432693 3.2251422771663596 
967.4668050572752 409.62390112737546 1499.51718882921 1499.3930148269073 859.0363497874013 
29.05977705263063 989.4803518168264 690.4898224658771 532.9453237368667 29.965103616266198 
515.25365727754 966.7120091341823 17.17737994200891 1490.763202030847 692.3642224973149 
14.123109864740858 3.158627719932139 1392.7615473325484 725.1285745764458 33.06811781994218 
958.0505103564752 11.778877922341447 808.1677034571029 12.323099134434191 450.20085093912104 
993.2815478717279 978.882078909821 539.2397511506638 679.5039445665418 1495.1096987898661 
532.529231400019 486.32982610085827 1430.4620361818343 18.96128671741526 3.797266358558038 
392.0740566088675 969.7082894698663 1499.0239352267147 1491.3170710423003 803.76801588764 
15.699569596253626 504.8224084146974 1.475865760669326 1438.54543407794 12.360876983486035 
958.9938167075594 65.1259010892232 1484.9800791379168 698.5900694097215 23.75021232865904 
496.6160597931679 17.079939143853974 494.1164216912267 1489.2525420789707 1443.5307445108233 
405.2462837428848 975.841760501037 603.737214728067 1494.0508526031126 1491.918809767926 
391.99688065830895 584.1077059866354 1433.403222972824 1495.030350322731 0.1248550774964885 
21.389533499396762 988.1846451424275 1442.796797472085 452.1175653247687 797.2735623649944 
419.5255752867545 996.690276329853 6.39665867092154 12.392729402715908 48.78229343524787 
949.0879619595729 23.818356590038615 21.879970133085347 803.4854864368663 740.4187612666407 
0.23768905847421085 821.644239021723 634.789490877216 39.40645069675208 1443.7315262581528 
