897.0678709346274 812.4943710353687 1456.2171526578759 1398.344135561562 1458.2846170724843 
6.858071055007242 11.76971254708825 1.5177389623818316 5.023941763973139 4.751619238143712 
973.5805863442461 990.9035959858563 35.85614775489787 1138.509631547922 2.7308611980346176 
991.2413316690486 67.8457813056741 30.144331884285556 8.494448000194 1471.6438707878413 
21.388839354202773 0.3954708774585036 1396.7965288306202 1462.4838006596847 102.65205635404106 
6.443826346320347 997.1698582146453 400.8779119776515 4.069344221177107 1405.5678177642505 
969.6582508258165 92.76777512741896 1424.7840715027742 27.79028743550177 107.3465870238956 
44.06782428313927 25.656256535394384 14.263148603132048 1388.3701064781565 1479.9651088538826 
49.983615646128634 992.7170815276236 1432.315709263612 272.52358489445754 15.254572860588844 
52.08715867634795 23.287573092210636 1496.5812629494562 66.85505189408836 1377.6631765752602 
979.3853886112321 1.8275672216916394 204.30450806770745 1491.2343899682628 130.29470695718527 
2.7435102263940747 922.6153046138255 61.238229208863295 1474.52867256966 40.4272762647912 
930.2933024604068 999.0977741461274 1498.3244604327604 0.8346619677929157 1491.6149268966587 
998.7403458557247 992.1178985400347 5.4620778154400025 1496.067921300352 1480.0344241889816 
21.05576087056116 996.2567224743186 1489.5495097320659 1492.553595573309 1494.876984933834 
974.1603214412918 998.8789317386926 1488.764002958474 1497.7895539772032 20.19651515997739 
991.937455602818 2.585445206491066 1350.912018361666 1464.488746355711 1488.7076851778672 
978.0461481360156 495.79090561292696 31.842412498576998 9.817165441359577 20.565234978883517 
1.2384884474752056 977.3272842566497 32.72865567464089 2.774134332108491 9.119159785813569 
7.456378895714044 5.9782914287230815 7.889913729002718 1.7483253034863422 1450.1756058027634 
35.57045033641082 970.433937180222 52.05836862769725 1465.6763100803234 1455.0054807898975 
6.997140888445386 23.205381250189117 1498.8662499511008 73.35935677383316 7.753969484286749 
957.551441842312 989.1857007668323 140.17784702278087 65.74367735128217 1497.5603166633373 
987.0526707547135 986.4150426471169 1457.565773792408 70.39618157834038 60.01117330415695 
24.74529443204887 19.813876057192537 22.933545635125007 1480.69529191133 27.05126495512067 
999.8855784489926 13.604620052565576 1473.3863758708594 57.56314656323003 1446.6496509204262 
12.792558775720275 93.77521472454886 1464.1683742382097 1467.3928062525233 1492.3292908425358 
972.8271523780817 0.2668945189474581 49.51216050796947 1445.310839022514 1496.463567731056 
936.5486738613669 19.84646265830625 1495.9688278290698 1390.8391652753962 44.303710844291466 
23.74259326941397 941.7059485987523 1449.7637848564761 1453.4741953951784 51.13226145709765 
32.68585220940634 878.9917530877387 1479.8213212124695 52.000969546487696 1486.6532457883961 
540.3437066115929 3.041762715403795 3.431077231861368 574.5968188226483 614.4074393532824 
551.4589163809409 994.9764307526507 655.2891525494207 764.6079009704929 698.9477251555281 
15.254474603312197 416.7030313503702 848.4682176608944 1.8216841564477337 573.2720214797428 
996.7185622743331 0.21772345264792214 325.46905903789354 55.90420252397066 5.189754466113472 
719.1113459024502 976.2160520970031 5.2772749757686865 12.931051670470817 26.426767839356323 
482.19193387216694 313.60963132616325 733.6431998001009 1497.0918897492957 833.3604836450194 
999.924269575972 464.2595351387611 743.5782819185204 666.374397138359 1485.2578385319794 
47.470261408282255 525.90939422944 72.16534943668573 647.8993182409336 1498.7345931001628 
485.3679087892517 419.67704062086733 1441.7640253752534 736.6800336601234 4.168943252430058 
987.5229021508785 996.611548690347 841.0131368829573 1490.8401764186453 780.52422451873 
13.099103376097766 471.3067309610325 37.262406002981976 743.9717958207349 7.805412913056919 
503.17909728096157 27.03598313934641 1473.2858591107542 895.9842619182467 1454.578654041149 
1.8519376145054167 982.7584439423255 1449.298671932942 766.6744483908809 880.5195225345249 
448.94770315433954 22.28117573134547 661.1860422055687 37.41720243258745 1476.9974295434665 
643.5660828971086 559.9937006581233 70.31822884408729 1463.7837530022452 38.451218558576805 
993.561061469155 987.8809642215716 869.595387141876 32.01169385873448 694.9376166292587 
422.5546619812023 993.9455346955066 721.6007487975372 1496.136844550806 1459.2039129226043 
1.0485442029321002 0.15359228211719866 716.0062332337884 1447.8122943548733 778.348390139011 
999.881158425739 389.85728445877055 1475.9947271863425 1472.9638393429236 680.6473453908403 
433.73469193121383 3.212487548368115 741.6226850836294 4.7121396938250015 20.516004914025665 
418.03237279475735 999.3636163662836 36.72231065041176 25.065743944375107 1035.757213063747 
986.3564926189005 551.4111647774713 1.3563926719333264 1460.2880790172153 951.0541875646896 
577.8805542167468 546.8725812572935 1496.3024300938139 35.099991295925 1101.7710268862602 
480.42132757476077 939.6920761569945 881.3749857853265 1487.1771406957832 7.050119515551511 
451.0720105165943 992.6895053938516 883.1270344609895 3.056023728600421 5.85835085133729 
996.0444040455662 996.8050612283135 1495.140953655994 776.8698897451552 799.8564226049041 
39.28243124997688 14.987235678110888 1444.7087854940014 717.8088178586881 696.4659548371424 
996.3765638498113 14.118934795756989 797.1441735728932 747.4082976423815 103.93209123035547 
16.299511712421722 986.0023830656269 12.525377991322195 1490.3238572351825 720.8503188763478 
960.8366872163351 412.6238913674173 9.22664085210717 33.27378541236037 955.46942346726 
13.371490045142487 416.9041337659473 9.358593614827882 2.0821276541045375 683.8533851392098 
30.69516332903188 566.9710865133397 1493.8603222351187 977.6352603952579 1483.8445211793037 
708.9945786165739 992.9649432938214 15.583999328118992 870.803960562226 1485.0629179765178 
1.5508984394216885 529.6739650135197 1492.6619078103631 26.519763188379063 25.1057403082125 
498.0374134943325 32.97831799994078 78.05176055524548 996.8536187888699 1465.8086055081803 
445.62374749929126 64.63604037691061 640.0991257429386 1493.1526286659366 3.689580761935096 
939.2029256011604 2.2607053023729895 1020.9081714166731 10.56795405087202 826.153431061027 
593.6899123694229 999.9044914257759 1497.0086162600269 712.8197386270182 1481.5531040310436 
16.249099718441684 395.19142811674647 2.044455644213794 1488.0208697083094 849.5451140321917 
126.92367464296395 570.7413504706813 1479.475593196534 1497.054741151602 697.2493454951399 
992.5007717718386 595.9556518281722 1419.7547495564454 660.0065189253359 8.343264451751264 
27.02850255437339 978.3880405855841 464.05812002052164 756.1311911566875 17.108227722340217 
0.35257032876112593 8.110780318553612 707.4830427835825 597.6666449409504 3.598419512536699 
4.540825773851287 283.2722887403043 769.5400730047365 10.281404907471591 1474.3726262318014 
972.1834860332212 7.429243406386621 20.541549978133844 706.7191525180486 43.051265570838716 
991.8437452168116 338.62773435221504 661.424336089914 1499.6810055839853 1484.2751391873014 
984.4540137640874 0.33055581061469663 1473.3878542398063 936.3444105562481 742.1576529898938 
21.442842161405572 999.5477004457983 594.0138174629708 743.9052013087094 1480.9324659588935 
988.6304013769185 992.4532005108691 4.596635866396303 1447.7726652025424 584.7992794040229 
44.661310248668926 7.416893950435655 661.3390915909199 837.7861775017084 1495.0384912745576 
968.6705331120513 965.3242839298846 15.075294711926535 114.21090571803538 567.1123094707576 
985.5828104957112 572.4707426465975 1456.3707215024203 59.85330764898045 1494.3690725585911 
470.9364951015756 20.061137855679977 1497.2784272787692 1493.8156944880052 717.9179934577713 
77.38131636464607 972.7976496331671 1375.968097612335 23.0796117571731 762.1000227548393 
540.6371506406296 3.116285612252745 1458.3328438173025 32.901325341600504 10.913947734791263 
481.6812116633902 993.880733918254 1491.3822579765915 1471.774588096372 833.1308783249501 
486.21565754542917 43.029001019895155 1.479351076755231 3.594411396549757 8.311881846584047 
971.0166995993843 561.3802627592811 853.5675092372406 1492.6344850139799 66.5255549078112 
502.9890782136528 600.3799064230128 28.339848757898302 86.14528795488174 1496.6898929845422 
955.4206112126166 28.863877029499328 29.439865429908117 1477.003792792294 754.7984799871306 
16.32034938946081 997.3883805932948 1.6137778641722167 59.54744462488226 783.9014960805487 
975.3051216820277 970.3037976100863 738.4235204037997 1.8681959646911217 3.0391197772162704 
994.9455755296981 999.432969946405 709.3051497193171 1479.2247761690576 1492.6529057511043 
2.597318925040115 5.117324636819243 14.09550762698536 609.7342780979387 791.3231959969054 
13.069593407014747 454.933810278536 1175.5782225563642 1342.7089171266823 0.8556532430467612 
950.5392944820251 12.49385261599767 95.30736550308427 663.8975447996717 1475.540990502752 
462.71239607563535 973.4048038891082 852.8115798750379 23.206316806629545 1492.4165346453958 
477.1928443428654 659.1697388620479 50.23215634182859 1486.0929682125568 1497.7380203494483 
512.1428061938155 414.78598307719835 1496.4616300085672 1492.9913133795585 1476.1709077616465 
