993.1858058745917 92.25764872110231 599.7545151815242 940.3417084932553 1179.839953816816 
20.560811372607123 994.4528730538486 39.73465516635888 13.082192260653102 17.96920809524688 
20.18379875461185 972.0690780893713 1474.603619981627 1489.1879472059204 1493.5165953556982 
3.8323578019292537 19.00676963122261 1493.0283219187193 71.79565268443156 50.8833788899376 
982.5011803804366 983.4255997793975 1488.2599990155986 1486.8269689034094 3.0207828023590677 
28.205666330929134 43.97862249088102 26.09074723757754 1480.439914700881 3.5310514405001436 
990.1818150244856 983.2516550033323 1445.6847016949562 6.8732640979549675 1472.693846874673 
27.75464274502393 27.370150829874373 1.7413271620273507 14.26523591658546 1467.142451331028 
999.2596558207439 999.3619326385431 5.834956794528557 1473.764749714102 1473.9504709722942 
948.8335780562342 37.35923242075512 13.39455502240272 17.661027226461513 13.137386593366717 
145.79428136814687 14.19147846879465 1468.4363657768388 1426.2792537222801 1496.884389887628 
30.12262824767864 994.1460770634751 1194.7101063027442 1481.8298911959337 1.7807512060263875 
65.14772923116641 989.8604195807059 29.444970290659732 437.29732130705185 1471.9753240826399 
999.7725169735905 875.6793308848603 1304.422111272983 2.885338409558791 33.939588056205785 
971.3391959317751 17.27233263664829 1475.541145236535 1362.807717142877 96.2697949859852 
767.550904489884 947.541233863595 6.419209289683703 1469.5676829220715 10.787394930396543 
783.6082033978728 2.9040949172814967 1473.6562826613879 3.2628429987014984 1492.9406473451008 
35.14193294418633 940.0038533469899 1432.0667452280086 10.015114595756714 1380.9954009449516 
36.98661692643812 2.8784941237175454 22.483904212190097 1490.371781357923 1386.2461551502254 
996.770429503801 992.8654508095457 1495.9541821604685 1482.9947047835565 1498.5274159084092 
999.0611748823399 662.7993903703702 23.947833318447852 14.552126719168834 1432.7946301044508 
2.1351298337469737 3.7256357106862925 8.090620323052633 5.484725580910177 23.704200156098977 
5.634241388575156 138.3323637456817 1479.1896218367795 1499.653021968193 109.80251064097568 
981.0327672354907 59.154950903236966 111.70491817945988 1481.870995942963 45.42609120328689 
84.27052008705849 961.6738283700132 1444.3460134245677 64.36459756084851 49.267292211275795 
985.9788119078966 13.130379657582235 1448.7945471515627 0.6086314475126642 111.09114741763094 
970.1187143902532 980.063314085075 40.82863548533378 245.85753580379472 17.24652178023606 
14.910255672156204 24.14482652962535 1483.3079889261444 30.89664670874226 1418.8200887779399 
48.63474732331885 918.7267680403401 17.397385782784212 1453.4594730313204 691.9529951985643 
977.5827888604891 4.7606459138825885 1486.9605825323922 1467.867356257569 1495.5145006613266 
801.1404142571079 3.156153865885414 80.88999338071507 19.033408468723202 1494.3688590185309 
922.5873610575969 286.5175601416442 6.120966016752383 1483.335807978734 1488.432809458331 
538.04715703268 995.3058883382367 1493.6568005775503 829.9511054105391 844.2890779925112 
1.8905369341127853 987.2530136456826 526.4400008152024 1480.4657700428352 1499.2770465036035 
416.1962518079125 11.552651602466879 761.2775636313004 635.5848329105602 4.7364314255772815 
2.6593071095386556 461.1861682107922 670.0556729172738 26.28901264458611 729.0883454701014 
999.3747809031371 999.8898448587942 453.6097780317383 632.9817735318309 972.1730917359142 
38.8675847284542 712.3298060855542 22.205118654378243 906.1498929742248 0.2325428699108123 
527.5098466679076 464.93448238886765 1477.768875301791 1491.4719219068838 673.1992989142819 
13.678018025466422 44.510050109408894 719.4700151202137 689.3357571788483 1494.5296285793022 
506.9188177828239 979.521210011458 48.97418607280146 26.629825298183917 1003.4950911774396 
998.6888644807898 563.2639407054913 1493.2835201464968 653.8612677285303 1494.3808357932146 
974.0129336797894 514.7101058549702 797.200119884397 1459.7036566342435 6.016311149540876 
999.9247815338578 8.031987614904201 679.7521465210615 30.894222169482067 798.3566874564476 
637.3419294172495 14.477358795161322 8.422855473056712 1470.97000408194 816.8497471072424 
10.61728293555686 540.9684263079178 1485.737750319246 794.6458661932693 43.98104364205596 
471.55802208920903 513.0101213564284 1.8762370425173813 14.752222754272182 20.673623484029346 
2.9465357383221535 525.0535556790899 7.457224965436938 1460.1611118520618 1490.1030974443265 
541.4978460523419 455.53014385284774 1486.743387910502 29.69893996745665 564.1363557506027 
642.9233947794297 988.6851920311586 725.2158942640448 1494.0128667162787 1491.3737257489115 
9.315132325144582 23.39581313031891 951.6558008818085 1459.4539227724986 787.5749254161642 
25.45252309003354 626.5507146925913 1464.787314483652 653.4245793545333 1495.9250839741453 
11.186099008356209 5.044151295971577 15.906359496274503 686.6427927848338 725.2880334800045 
504.1253107568936 981.7083941378595 774.6862955049478 71.9366539388272 1.2508324156436101 
412.0342474664946 957.189903081798 768.249079083561 10.92771466533149 1466.022084026595 
955.6022417070437 423.88566895726456 3.874252360946906 746.5553975537645 34.86064068353312 
993.0344836504149 451.45486339851044 1488.428644943617 822.1095003827777 46.58621533073681 
992.9700228223278 991.606071337548 890.7895377844691 1499.6525006570228 625.6416071626275 
0.9697906076098217 983.6044971837714 253.74720376030908 1479.3050415807709 36.62636614544756 
624.951639149246 4.392789020696841 1481.3525386059732 841.0131048544965 1470.279472161043 
48.904126225413734 984.0962005871615 1477.5678615559364 1497.891933625951 590.807344834927 
143.6369640901467 547.5518081752235 6.418836752693946 10.007257342154297 1417.0710509612468 
988.8333624252573 637.6554629338524 13.572398648667994 1496.3331567665 814.7687734085242 
913.306107447677 996.1331762923938 1495.198290521635 21.51027545731915 694.385644251755 
524.6698930040238 14.979037006172646 860.5981009974553 1429.7454502131652 9.426760475072848 
474.6707154306883 1.9684491114265734 36.206125484859186 1.569873692082835 575.3860174640052 
543.0603320110341 984.0702813628754 18.492944318655614 884.9028292412285 1480.2412856990386 
980.1191396142125 429.2868060830671 942.8158718435354 1498.919899424143 1498.60518189665 
18.54164687576898 1.4657309285531772 788.558299979357 1.459146973221026 23.02411604206478 
498.01220432253535 3.6432020911693064 0.4193909275004848 966.5106943155381 1457.5922510546475 
12.580633273986951 8.739917246270323 1413.0515029755782 627.6542107550914 826.7922057020797 
25.439763178265572 996.4095998667643 803.9672504118787 634.7031003316953 37.43100017203427 
936.9889873370097 512.3629843548347 1033.0018751370833 2.9567248480301123 1492.2510850893398 
996.231584191195 388.8860965295822 884.4555308295119 18.35457747547814 33.87151382587605 
558.0448363812528 978.990969068884 1498.9093078385877 1497.9588657535699 27.066652925939906 
33.97254844713504 479.1055590183479 1473.9695192113825 1494.8435221609739 1451.4828851105538 
11.973546960092673 980.0132225411855 8.120254924246783 29.356839394718172 693.2403259234314 
987.5751374064937 32.76929139556184 1494.816867470007 865.4169881428389 754.6814351250497 
502.8169690594322 380.6073169156672 58.32796114049488 1473.1202185753111 12.096036660670439 
517.2510273855418 9.658252734556449 1474.3468724208403 46.09810177400953 64.1952903684993 
957.9866241376191 967.3921467511674 1481.349759105498 639.7595551666051 7.839818752607474 
995.2132609344164 990.3165663072891 394.52647158078247 14.639575559624307 1423.659953719427 
991.1560814135333 34.34833674986082 29.812316980297236 696.5077702841087 746.9893158146618 
8.161456680265356 988.629525475983 1483.7137473000503 594.4202207242074 722.2811367764672 
22.648261215628796 16.387433062840184 753.0060611569688 10.791023330355532 1483.17030131501 
483.4239458456464 991.2372117297604 1495.9268520767191 1488.775977131357 1484.0044479500436 
7.083318981545461 6.828418825531535 39.51676743544924 769.3403951620536 2.7434394722964384 
446.97520216113475 981.3772786383977 0.8744581123949491 669.3548900551913 13.679530970099274 
988.7612010242847 919.1573592467996 20.01036310522758 23.78998703476709 536.0823453286531 
445.98335852688547 6.359199350746247 696.3724004982913 1483.410141967207 1332.4947910045432 
7.725915374062309 107.43338194057827 781.1340166044685 1475.2444136594438 1.9141784212300395 
490.4008116743128 473.0754248834207 1464.469696784752 33.66189121400709 1478.2976822354497 
983.4740258866495 999.6202465648903 505.3879252833919 1452.7723059206505 5.082749530222641 
49.372411377002436 493.5588688384919 1447.8754765404003 34.315992111197346 0.2865253221642772 
995.5701026672591 998.440141809055 1470.5654225245596 772.0676912194525 1472.6563802109524 
470.2386886472519 959.2566925124 4.1109616059651355 1487.5197235093692 1057.907566980912 
985.1343517620791 1.9914113650801868 759.4013716388226 543.16076206784 20.31132705720362 
996.9455254714227 516.9019634526775 91.32911381574849 686.4792428504109 1493.5718287043499 
974.2142395692816 3.0669434956565045 1439.192988515498 16.07270864807645 885.8814832494618 
998.183225073337 551.3869807008734 1484.447245806132 1485.8759630516327 777.0227934525853 
