686.0406520912326 487.6017198971465 1408.3027069691723 1326.0006832223808 1411.833126221776 
11.841434942731933 2.252629591360522 3.288882218372313 14.45230673768344 2.1258534026386555 
990.4394062593404 960.3896868389279 15.941414277266475 1388.2758286433707 30.787092381924563 
5.966718719231157 977.9435480707039 35.599387263148316 124.43811945840777 1465.517686821952 
971.3766522956201 935.0638785213239 1491.5437108664257 0.3440224822789939 102.27890957714541 
996.849446146999 6.052064086836895 49.47029921673174 47.187162894368974 1367.2459468636982 
43.35482738753515 29.418622492481173 1354.956846953437 1473.2950463011687 2.1045751876308527 
39.446506683805225 3.8888274416415403 1476.9221927639173 27.258609260587598 1455.0588288638492 
35.326347052650696 4.364406913310526 121.09275559372479 1481.4745688183057 1464.313655387604 
25.369500923817956 987.3634600635314 1424.6950948806757 845.5120871909327 26.841310724431466 
987.0102694912717 7.3470599399185765 88.12527129064074 1432.869046971361 25.261366464002897 
974.3976952778015 981.4940497462412 8.74042255408053 1383.7933640166696 1489.6339241630096 
973.8267767715994 2.4942937564870205 1497.9714244216063 183.2965382310761 171.82649844271896 
996.1856424041601 983.130854340025 1450.6743016497041 20.39401825919124 1478.00927259488 
329.0744632638163 989.9408927098746 12.56690871389382 1.5647492744086389 7.899212611358175 
1.006852106942402 982.899832318135 28.433023824638916 1468.6917346314742 575.7230952769752 
987.3023774765655 995.5135308586746 1447.4675482193977 1490.6304163331988 2.551910475276864 
4.041577402162377 996.8583263004349 1489.9292407151443 1480.2494192124743 1438.3236387107938 
18.420693513403474 33.21003074341755 1472.3080171794443 16.96521734948747 31.305726408711433 
4.447217667284176 4.629865422899893 52.79031745830842 38.81698940709105 1492.4634942346922 
967.6764969327378 27.278537578814046 16.648712843895797 11.993240614839419 10.748266815528872 
34.53760898478863 996.9865849405849 1401.3170828639888 16.137407303675687 1324.9860903691056 
0.49192173642464976 1.9136477688344034 10.78356036662087 1488.9516347277438 74.79271275041499 
980.7270855727893 12.366626726290853 374.53702542220975 1458.9129348722329 1482.5880003592215 
981.013232997609 967.4419275840798 1.7234344022049042 61.71051024005422 1014.6090484954336 
954.8965898447697 13.509540920695674 1495.262686853247 1458.8719654143415 31.962079809200905 
960.1172820937796 20.292964395960734 1440.5149256883815 33.191734607114384 1472.3835383627493 
53.81221810788539 80.66088018642648 1492.9194241921125 1478.0286692545747 1438.6945062241055 
994.9328728033969 996.7469667355834 1492.5293522380978 1494.918025214595 1492.0849911050761 
55.158542122107576 977.6870575080893 145.77753046688545 1405.720560505379 1496.711722685085 
1.6592268040803715 697.3894806621022 973.7422151837218 0.10855664279879607 0.3790662775018383 
993.8851053923031 913.359577800881 15.450411811194941 28.707530269612704 9.476644260163313 
959.9547086091078 2.0608755405274737 1488.4969769687957 1497.69714493025 1436.7334323295604 
348.96254252281335 691.1782520949721 681.8629861989413 1485.9982502763798 125.59191836486605 
597.7335602324996 588.4038258352128 697.1638258754175 16.744259524133998 1496.0250852140034 
418.01068606912827 13.96306452825391 1.1047245263896555 771.2053799596888 681.2775671760896 
0.7371449603682523 667.6177883055562 6.665452294980668 707.7430726615679 1.0734072314936283 
991.0006861644266 980.1974638909843 928.9774994902237 841.1994837331109 797.388880125793 
3.1718520274048867 629.8836545334789 1498.3241240358068 1484.8991127831798 645.86692430116 
548.1148833830338 2.757776934902978 854.9662682261055 12.11866954806018 22.109813283156974 
981.7676593351646 462.2567758814654 22.29575897787589 1408.298781598792 803.1203832997635 
14.068275882783809 468.96171085312795 694.5381232856256 715.7883854974369 1488.3648498930302 
44.208374492343935 12.476702614144909 1485.3225683074597 800.7870432770935 789.2069245619575 
387.7683492380012 984.208827808184 1435.1305537789906 31.33807220082535 706.3198824150596 
997.0801188753943 428.50118663722526 1463.6734416211186 719.485605510188 23.457978196112006 
1.1932382941205466 599.6999209949454 33.019761740703366 6.044356248187944 686.1791636051355 
489.354548642063 992.5873337406866 777.8770880898651 1485.2834099589281 1498.9902061930952 
989.1930643910886 645.5927359073168 1.6662902394317114 525.8050818949941 1454.485533080652 
949.4907599841573 23.123585612599086 875.9604460370665 642.8596597690795 860.1348240554775 
396.22444820605375 972.0523238729461 1472.184818517578 1466.24144208037 59.270895301146155 
0.13827314945435987 0.2607624007622267 658.4977917625404 833.8331468753672 27.85862248780585 
965.3334319428299 574.1146943305863 5.528351382677932 741.4120538227537 18.541149510680867 
525.9027707008775 4.169599588167205 750.18853746394 0.5872485339168954 1470.4914317369673 
521.6288159168248 441.6032981344667 108.0097118523639 1482.2240866780596 1490.1969939610879 
490.4114700816679 971.1213862124819 1484.634971960506 604.7671364012317 1499.8702333309045 
993.1418630487941 386.87793098939886 1498.2131749427642 1494.0133757659917 686.6453140552305 
434.2361215488395 991.4340720551961 33.64245632869367 1392.1637893012173 52.41872701636219 
3.088586514346292 458.94915914638466 1452.5366475958533 7.5358429955108 628.7451894658387 
916.7091399977596 532.6562528544993 760.9647895632964 29.736033487914536 5.712287093771639 
545.8710563173535 50.823777489269695 674.1929211447592 1445.4667395837607 73.8519422492706 
528.9139695114428 959.6401997647392 21.83805741486111 219.81773088021225 1497.318297941998 
995.8674374205613 443.31469419339817 1476.607085566746 500.6883157941467 1496.805857517267 
646.5569095239285 9.522011451892244 8.530336684955508 742.5488366900971 1492.2369679006626 
2.3177857864622453 10.799335228652062 543.1544626614574 17.24938961156347 810.4931092082285 
23.441274625325526 6.531188499586227 879.5822875302888 1455.6169972383182 956.840057641542 
380.5456939683609 927.2850240382504 1422.452132287649 41.82663249733004 8.655072920935037 
0.9843268495144386 994.2613733955719 10.387218250007768 569.0290660372518 789.8606222452245 
370.58528712261443 19.5979595449991 1494.1419238446683 702.0451480422681 1488.942570946331 
972.1067215886744 995.8392539793443 686.7441673551102 42.109226961544344 1491.5463288341164 
997.225167734441 959.7404338116709 773.0577169068839 1492.8740354585673 49.027367717059015 
29.81519235618424 464.1397834675004 39.59688254140603 1494.216863457281 6.006644646914527 
537.8077755916408 413.3862003327867 4.423843013369844 9.579172505424117 3.2771599258279993 
534.1341679462242 34.347675529089905 1494.118012062147 972.0109878562977 33.144350354830486 
7.0579784244994 999.9480298441749 1477.7207843292979 692.5072450225094 1480.0948549833788 
3.1697625870167334 985.3078595818376 720.1762264908211 1478.4991771260904 131.73576025929324 
997.269800104289 986.8169327628124 707.2461192768642 1489.57191156812 1491.357329020572 
19.504613605120234 86.41680735854918 0.4654290001504524 743.741064517325 1495.1319342611469 
988.837202506045 2.4784753570578077 25.37584346508398 630.7766824041029 392.8969982578077 
999.7682160774968 973.8425990354954 1494.8930086223718 746.4766814897538 89.88374804003274 
995.0773390623922 490.15715733719935 1298.3416056712583 18.655823463186948 710.1356602094498 
556.7683341261211 982.7479121808368 1497.17846752911 1489.598723397023 895.0224868437782 
986.0123978241406 9.07502000563598 811.6110373138009 1465.7591915715689 813.5865356255784 
557.9797400080265 997.4906214403088 39.78170710551709 1492.3292230505367 1040.4148404653915 
15.935954052106126 974.9236069500848 487.7550265046208 39.277921767975734 1.710193270685334 
4.4758335984681485 603.5430676841378 576.1643352528591 12.70876268503035 1485.9507694587123 
411.3434676916752 17.222724412909507 1493.3272626714522 76.10864029290492 690.730714881181 
586.0968003733451 1.5457265926906993 2.7524265859918406 7.8558991807150536 908.5105200713133 
2.00671672630115 528.8825537161317 123.31382046618405 1476.5881120010763 1396.11898390923 
12.943995986002044 554.1586154886911 1450.2693039808491 1458.7743847560678 1495.4987193595991 
824.6494350298082 998.5106668405201 668.5165807251126 1.3111230674204832 60.32713706426107 
11.409871959585427 337.5157850911111 1436.0878916942966 622.0868926360217 5.418221299905324 
543.0154315863457 22.344933213754082 11.467902337802261 1486.9152392914905 61.133550862672024 
550.8880813528694 10.96374124285926 1471.2808397602225 1464.1315637158239 791.8464527551695 
387.3514374839384 386.9692909392297 1460.8021779687845 14.789362642205761 1487.8269445835492 
14.396235173183003 45.85036707725576 22.56722814649509 1479.1835184866952 833.253170013342 
989.7461456354079 985.3215926636211 1487.9529846160524 772.4399644729536 1493.4251495508427 
997.08346834085 996.9908801993532 12.582754032232579 1151.438821969515 645.5310727578812 
989.952502519056 18.652135325955776 770.6018830503223 2.1712603596055757 77.36024997460989 
3.9723933329331995 34.74991677014394 731.5909969730834 6.2720071725740905 7.5862454642537935 
984.8612882015228 25.307187234958505 1480.8358838644424 832.9348001492394 1480.9602756174359 
