238.27520227408084 327.9024761081796 87.71087126056676 132.00617601338882 169.09697987971367 
989.5885645508858 998.5597024037284 1485.5861806136354 1495.8161436185628 1485.533255983628 
31.24345170754028 5.227111678122731 1487.968563763543 1467.1882197119187 47.25643532780727 
882.3040420213295 5.477122318162775 1479.7749233512577 46.18097811967803 1461.7803019000341 
19.112507139410596 971.4151720222184 42.53585880346189 1401.8270906904436 1458.0612802718845 
919.5672338607939 982.4878396906801 1444.9622524783256 21.4853250384332 53.0467573012518 
993.312092095687 40.9216870665029 79.24007820205136 1442.4214220131296 1408.527578729084 
27.719740518056035 990.8866305966701 1395.281760737694 85.35045790106399 1499.7605664259524 
975.6837794187313 960.3273755591661 72.81231983086661 1442.8779538668682 79.80055848683281 
970.1317010145789 986.6696846788677 150.97607146354792 4.889656480980664 1479.468959055694 
16.02563703919879 17.706366772668012 18.31469019707327 56.436882552195975 1480.9834885649989 
56.422365169005005 998.9964642851165 1406.3232342460783 1364.7630542422112 63.86425087457087 
995.3555178340187 36.188268720925066 1239.083445281989 1440.1108460146388 17.204630661614097 
83.08184204362445 43.23772038422802 1477.0269685120336 1497.2200376917936 1468.7068311644002 
1.6467998165158315 6.576356543925077 1493.7840597666868 12.205213136670167 34.92919847405357 
24.06722823014096 9.283542315031813 13.747962433463655 1499.7857234897403 10.644554886191981 
992.368727954822 0.4957803103935454 2.057903572198483 3.7857008240202994 25.185224955442898 
10.637122767708785 995.1473721511804 43.72620203072897 818.0214633184444 11.348491831042528 
988.2945923333339 986.280839569723 31.1324402757584 1494.935486322387 1492.4200313315878 
997.4901027393387 956.9022557184916 1492.050580387499 1477.7661105897405 2.1517348259944558 
972.7393682730199 8.686907230969654 1486.1567185025986 82.05827835225999 48.22846883805115 
6.279839069421089 978.769351013335 1471.7818559650173 1488.0895164921524 1473.0729881460197 
998.1493984784353 978.6106608031746 1452.032398739813 23.493724380262538 1499.0143078394542 
948.5276919153092 8.209393079072536 1495.2156199017525 1497.94350007747 1499.3408119767832 
0.3380585284973314 2.553353984261597 1384.8405959352408 0.2929090999047035 1433.7823992032345 
885.3763872617291 971.4377444370061 2.8792139513239 25.246296187809104 78.9717042378656 
5.6237754950251295 103.79911252138652 21.914036586549834 1460.6854696992855 1386.4524594327258 
19.74749422842892 991.4085547354576 1229.020343086738 6.5991408306924075 35.0081566399526 
975.0540646260052 96.64450364132615 150.34764786205218 32.77102589974235 1488.574730519047 
1.0152370636887786 964.6801662059189 132.98450509740766 108.34964805471847 1477.431422049827 
918.8479556906868 4.29305692233195 20.33243247430927 1461.8777524222871 3.859040747420106 
593.79577894915 538.9357899923772 1444.453419078117 764.4793836820629 793.479280950219 
6.1164386545427 537.5079015186517 715.2063557988762 1487.6874284869573 500.1443092677766 
38.20017236013329 985.9251968536688 38.46833093464513 2.843172327509802 520.356510268715 
999.5397997363812 542.3290119012973 89.9315185904202 725.5807066060368 707.0133887647613 
6.8751042369776805 3.895108200032915 676.8656625891894 659.6936264361595 35.543174510849376 
570.3487889736566 992.1490622199672 795.708296173467 821.768952543684 1498.6608102157722 
368.12664166264153 987.9218426136875 95.58582140996324 1482.4888284081308 58.61338071490555 
495.07227107910643 9.641865363650526 514.1180215114475 1081.518368855016 1482.458019140465 
996.2595956819956 526.2273204968576 756.2660617245947 45.26963694057362 58.249279852179036 
0.9469735563244486 456.399258931606 1393.1791517505535 28.4681316948186 718.8345699677327 
988.8557199407581 494.85099865680127 978.0931908699746 1498.561114943793 729.2941568195122 
507.7277817313859 2.6485710332450063 72.51106760856379 3.5226512517620434 830.4251167419211 
558.515446994427 10.990357674094842 1431.582568333901 767.3312059643054 14.097409868840893 
987.8207939887292 411.768174564001 1492.1728675032186 654.1075613935718 1498.7759229433038 
7.471159764198654 2.7568130847323014 3.9758440937999184 2.573679653867955 6.721841992460953 
560.2361701893539 990.6672923260769 1490.8838338078633 1479.5350756799269 705.1101043250611 
30.461857406979263 582.8139067540775 1491.1723303804597 847.2979772465122 1483.5569721675934 
354.22379117506466 533.4974689256886 6.277263612985362 575.6395745376998 1481.8714949979346 
999.5799425586422 951.7963447448346 669.0357840515285 693.7536108948057 2.1095096445767347 
502.82212882766584 14.896026156986707 3.2532091061294732 1355.6855121524063 684.5641500883908 
576.0405520603184 983.9763074855306 1479.9216998863214 96.7109819229064 801.6214575195733 
984.0386250256776 57.91928777253352 856.5866812906814 0.6056405971869294 828.7123979555495 
529.2399171205498 943.7856834621598 23.589482432200715 1489.0735032844946 1059.395159085974 
519.6455138200779 83.87415409462884 1498.661853882308 1493.2858465995218 727.4171902294518 
5.864076587678957 775.9371183641537 1484.3094728343424 665.1177367194748 34.97560655498289 
403.45460200640207 1.8573691851186958 769.2793750295347 22.60672713492179 1494.9318830516704 
28.244768659514307 494.2102369587549 41.801083714581964 1485.14451365279 2.3684144127497087 
4.925414289392527 7.4178621103264675 1464.4315110371394 675.4442764367926 944.3426617610568 
305.66214988931364 991.0456039882242 72.98955407169144 8.070770831547836 2.260346258600443 
962.763490480148 25.12362837703297 427.09614471761824 775.8990607155959 18.022479272407022 
994.1564792033253 601.8799430749051 541.0958840929095 1490.0001105255792 1498.6550762472336 
3.1457787117250557 711.6761266139305 803.691436003296 1497.5376052636266 1449.8766270159242 
559.5633522957967 998.6395938242534 638.6774605308934 0.35687213013757546 1449.8600370858226 
2.085826957700765 22.056778179788683 16.00720355284929 637.9586098478287 876.4652283885202 
486.48369871437137 411.7511858053171 1488.211072162174 31.904364516496198 74.24260718987391 
998.4588166259987 995.0757620938542 1499.9027415125993 841.2146644537977 637.1580451916127 
583.6320185633086 436.43337961027163 1481.105077550172 1471.943608563786 41.095595425094665 
967.1141836953425 985.1093389338862 9.405434703091519 617.4663502245207 1467.6827136495042 
40.566658798604216 559.3286067093107 634.1907300844474 26.09224539894034 1481.8252733878217 
938.9398924386973 24.610561651586373 2.179343351849272 676.9277097497029 1464.7156983320249 
5.18607525436332 527.3246757676865 775.9510528397665 1.1219504906766486 4.5188305450236115 
552.3629736024442 561.8645242327146 1485.6077125548547 1496.7972528980938 1472.4270141754678 
671.5512897054261 409.04205194834907 20.18805233122395 1487.7246235326309 27.3908853649909 
472.53049204503185 499.33822966018255 1456.6139984142228 2.384177049559344 1458.5550171859636 
13.506953978769998 992.3360845466842 101.65432909141214 938.1047098678699 881.0899044372729 
980.7002332367389 13.488033614210803 1459.2736491621317 1011.338857837377 729.9347535796503 
7.897495769019547 5.0844077553883205 588.6830237676099 1443.10985308793 781.6361585604113 
507.21539528158377 2.119442926900028 733.9103481854062 14.854474189273603 15.911150337439949 
994.2637250101002 966.0815339675751 659.8116956641778 83.53015568294802 756.8091343125038 
965.2003491896683 998.7751142572272 798.6505932308572 1492.8527131937944 16.741519965073557 
13.20642406639372 998.5523066379236 1338.2035199590164 861.4381211999903 913.3292371424404 
998.2489102414855 306.6691157927968 8.755805803674688 3.0661018144207963 756.8325488967251 
423.08608430369094 507.0557512521894 12.722694710234517 1487.986474723099 1461.7416000222386 
999.2980008799772 38.513999982260906 909.1939467955802 895.4636404304971 1492.1453222127311 
372.92758496087595 30.76087392390614 712.7328818694034 1474.9258556595314 16.479441487705802 
990.7122196157214 996.839849174302 1470.986356787165 681.1476980011827 1497.5784718695152 
511.04569630473384 967.582263506392 1470.4054656682674 519.645607100775 5.963017108521096 
3.8057615004082335 420.99611647589273 1.5680659737464797 7.804198389540495 814.0187297023766 
24.448686140074784 577.7136823545931 1473.4210692382803 1447.9896894670678 75.53084780203095 
631.9377445168697 8.680178109574666 1476.212743639555 0.6594529946031824 753.088103645824 
994.4709779904294 998.9327966916851 604.3035956816052 1493.8021237871576 858.567922826232 
2.340128767326699 1.3258971348636406 971.6178287533002 1037.190113259418 1444.0279880717367 
446.48124368153873 4.62109651932896 18.99818217362148 656.4653833732842 1.494419843765915 
9.111462818013894 966.0269190941299 943.0927038001614 1.8580192019739261 842.3399854347427 
14.844075020056358 982.5372250110354 428.7777627819445 1379.451921825407 34.29630410378398 
981.9003935104034 527.0726225158014 31.920837770954556 77.30295582523155 2.149346304468558 
999.4271633470626 638.9370803253187 1487.0113955628976 27.726886269819286 870.2617359076155 
956.2487056437105 4.607017518259093 40.49448020901575 1421.997674077167 650.7539726042061 
25.335431966156396 4.531774626610474 1494.7020039342367 757.175488869672 66.36970071615761 
