109.96805311307712 601.3142141470646 634.7862129360567 30.444954431441516 24.159026152631323 
983.538124857676 35.290312170730644 1484.975003082506 1478.6220869868469 1470.3256539820434 
146.48667354605593 994.1659873515878 24.287233042447674 1405.4197108666008 1464.4505289854847 
999.5477783192963 987.9427432563587 1487.3302618305158 16.60120811290755 1433.6421163159443 
944.508394778948 49.61005889222436 36.84352309412081 1470.593341438739 22.36197085929653 
39.66944176302367 4.05558285346086 23.044385005756563 11.821233885050464 1499.9244717587724 
990.7408189565183 974.5361774284798 1476.2624847825841 1482.0921853269367 27.15940726649396 
20.549109441266754 11.312487979564079 1460.6826337320072 1473.4824837376484 208.10237202652226 
980.5768598773296 56.160000988751065 1253.4403028571724 15.357672806093625 28.08897591939369 
988.4492311566547 981.328449910213 45.347017635467665 89.41782209562726 113.54907056027864 
5.287470641373693 979.6443391478294 1474.6122232980645 528.2785139676766 1498.5549794118826 
992.2009224314244 18.148349215115765 27.31970402739803 510.3995622702861 1445.3128181743546 
32.29821828490886 927.3856358928199 34.67946917041343 1452.0360634343751 43.762375316101554 
236.7941340782913 38.024812948119326 1492.6183450979624 8.831193483245626 1401.499136066884 
998.1342293814076 990.3948285748618 256.4090224516985 1492.1033345117298 1493.841547160477 
30.57950949350474 10.780156795731411 183.57272274478888 1460.9771372001028 1344.030234400098 
2.23325624445192 986.7107727259109 1412.4468301597046 1499.1306283420201 60.0954252785259 
48.863253593166014 997.0630979499574 24.63469022088116 10.613872984243876 1280.6451510756292 
5.476580416317489 2.50598211489228 10.777422322750363 859.8461473935697 5.689709768644358 
961.0535682742204 985.5549746716218 1491.5280885704476 80.58116867308496 36.17750959588978 
985.3489649283911 999.5526520371214 1497.9375717296248 1492.1205741718109 1486.158656407504 
992.6558192629576 44.69245930134047 1491.138413277639 1399.3873110630661 50.04526874089549 
4.516086658724161 5.151945262608093 1448.7558874166987 30.64511779056822 8.32217664931284 
947.9831079429233 9.411618022947543 3.9515579120351085 52.61953367170569 13.905273130248752 
980.7342843133389 981.407391924006 79.79338962253546 74.59756979248672 1446.103259269109 
2.5733989989863426 122.90336056478712 1473.8130420431892 1424.4670498249843 1489.6312788385646 
964.0957946678914 992.926179339367 75.59675869247329 1382.635806462945 22.253939641854124 
989.6747214963007 0.127408338154944 1462.4235007520667 50.09863393548763 1278.0612306724554 
43.0913911521662 982.3456021437645 1484.60072558078 37.695851690468466 40.321103928398216 
942.954825446297 139.70834147324706 4.586321052290954 1496.0138038427835 1353.8585934756948 
4.420224961051988 996.3249154213248 1380.8202611354347 1496.9129208814347 1455.2542806566437 
4.068143979163663 999.837035364849 1.7054874788884344 284.42938767705 34.01467100422373 
30.956616291341945 0.9739527705919793 2.529680651339572 4.671550383537837 367.71973914185037 
540.6669809296424 527.2385067549951 801.4696354428496 1470.5894823419123 481.7476684386011 
343.16727240728085 649.802543244217 858.7672619552822 5.09241358974527 1421.5719029842535 
990.7588413629795 495.1432252268876 1480.4657669918727 720.6879749868577 766.3591927470724 
12.785029575809403 30.90216253445588 522.0974836729919 1496.577910690247 45.30541094155899 
662.4493884241709 284.7041508673589 7.087568348636886 5.018893260225754 844.7698694455103 
421.71539622391987 7.402203852779898 951.9723884813537 830.519032770486 1496.4226614524384 
6.995400985085665 568.800852223475 3.671777384374575 699.3248488691229 1397.8927268257066 
292.42092933618346 368.0897251924916 1494.9389993920456 740.4534494440295 14.356433058067497 
985.2773029658778 995.9368369511772 680.7841998637329 866.5954962711731 786.4871162160617 
507.0804749900142 986.2966307578141 1488.5778922858347 8.574585165456504 765.3295848473356 
465.42407919508656 578.9234720766815 1496.7756479936734 1496.9569530483568 1466.4108724200019 
630.378012560922 541.6534740871714 13.099007908733086 750.0542382808834 33.382633016534825 
17.861145543991984 973.1420505453814 667.6657252688511 1461.94478168567 840.3662513033397 
20.32130209894745 5.681614874596619 907.2824419360935 4.989696275654875 871.9422970833322 
973.4025219799692 499.0700281266488 770.7222620330696 17.578819290320403 1456.8711267259312 
973.7948932718939 58.9957812238729 838.6995666326247 1493.1650499539207 664.7144934241611 
318.1700273320285 17.25730554587146 18.16482811354403 1489.037405307969 604.2829866007298 
507.72821931951586 993.6486156986539 1462.0316100179655 977.9164654046591 59.13153699334478 
534.1346856286515 0.8056094149735404 742.7805429677107 5.8284753127809115 19.643082325320748 
513.3494736781297 993.1815871149047 17.210427539117447 30.333781133993764 651.0422087299834 
993.948784997583 653.8331254859125 17.931339816521618 1497.0030568466298 788.1774108704791 
9.043683321601549 559.0014944180336 1475.2152859145988 64.93949566208035 714.2516758628814 
998.8929840507843 683.7451579336148 785.9824653329551 14.717090353781382 165.8483768517624 
663.922221997759 999.7759392879584 1465.0009559870357 786.0547436448862 1491.6773649729244 
522.7051202297067 600.295391862751 1.5962419457520305 1459.2459118538254 1456.4287949051497 
587.7587304418818 18.257016930623426 1499.0209981348905 1495.2390686085498 610.1844274726271 
1.5682287199495493 956.187151389038 817.6338132497431 837.0238946350119 7.2864949394849665 
976.4675367580933 1.4144070949770882 3.762704463188715 745.0677262959576 446.461629574763 
1.2358455490608655 0.09961414587422723 56.77826563594224 779.8575130427515 1494.3240475069501 
993.7425238990502 364.9572237203995 770.8311509610361 1499.3220882809276 1494.4636551266722 
712.5767951310186 9.606410828522316 695.6079239190788 29.909828706902395 1480.4585214673418 
29.92386329296337 614.6153361873658 1478.2359996182834 1492.6591162267955 678.4440189510403 
962.0545556997955 996.7773435022696 8.30563463974171 715.851551673133 1491.2062434885647 
9.337537151404284 481.42953207568274 3.8726754495286286 12.327174264117557 12.288173319092211 
992.3178588324115 586.6821064960853 787.1143984480019 1388.0897904578792 12.678858277964888 
6.125603225343501 53.08877668696388 1492.6397685750378 794.0543979575964 624.2015830068411 
36.95410493817963 462.41164306987247 2.769189533952221 1454.7643325586828 96.84898400896085 
994.4633437609579 960.1049326200115 1493.6282641818784 1498.423190955587 746.395785930995 
981.0580889563249 55.3486936775115 1472.8290714894715 785.2629807656043 1496.9964759340335 
1.4400986284789363 951.3027712356569 626.0250607899694 112.10537608545346 1461.7132012214947 
9.187169991306309 558.9556895041105 508.54213043737775 1476.41850587148 1483.6694379081644 
944.7708785496966 2.022663278525516 962.4329104945228 782.5817634991438 30.851534673158486 
581.6254060546709 366.5231991356646 1474.0704359133047 20.17192919577937 41.019956500197516 
587.4280965041849 989.3596663850466 8.702672316272142 1421.2842091450095 567.942240102401 
0.29108880043093865 342.17453856427636 1481.9906285686543 345.49967591330426 1460.1042321324724 
489.38834422337163 985.5170329766759 593.5620421858213 17.141563092092802 14.914933711535571 
704.1711626666892 571.2033055913448 6.555462106701548 13.224898426195509 1474.0324221529995 
998.4880547042682 451.6273132644125 11.929517285234558 58.94667111483215 35.75571963752117 
375.47467572071645 994.0242819390699 1457.4689719737387 28.872429173340763 1485.2330776981664 
564.142850360046 991.7285333495216 821.7728447617762 1497.3945057839846 1472.1135173996463 
9.19893264607663 1.1521832814446187 717.1498672948214 653.5747030425713 18.09303575865956 
0.7281129839908917 940.7394901116356 11.188091803038258 646.9218700374571 722.5643911477508 
553.226885348244 2.420296152338408 41.52100871614783 1386.2386217578266 1455.4731909242407 
941.7103303494888 34.23553986160355 1488.9254085485018 2.8566330390307204 689.8491469505777 
983.065520592005 8.365359830746154 89.50042375618511 5.646972057560761 862.0126526404825 
437.0207738326388 22.264523655314285 1469.6486903328507 1444.3661387276168 1496.4138471904757 
984.4762803253893 998.0166168066164 858.5548079919411 23.102003481866195 1111.7078563748196 
495.0668940032986 356.2030439142968 1433.2693820734858 1493.9229051770844 10.133437830146807 
8.931630627394437 459.8544408937505 17.553953924979492 13.72634413926005 932.7439198044292 
500.21270855999654 8.394816156641838 58.32873745003786 1494.9348268498206 17.477171871521037 
994.1106703069207 991.8094220140422 1274.0662397916442 828.847542318258 0.6808368558264277 
435.7262134757975 16.505690869351387 9.011857199222984 11.861388114001837 5.636957567215772 
10.607350921399416 4.304093111271223 730.6142563588847 9.910342035062914 1474.5346930254425 
921.9523022276173 519.2936558489054 1498.917133574746 72.38208525112616 1471.621543067996 
12.129712475432154 962.9763109292201 1491.9251577667612 897.5474679921062 931.6025733698564 
453.29441861196085 944.5644605665028 638.598686482965 1458.4629090205415 24.093864443589077 
6.611714569700222 453.3469091055812 1490.3968256537455 15.941419836900227 8.471929555477098 
