292.8079189310853 8.02986498584346 131.03280714636878 352.5966805541711 145.34244035501266 
983.6237211006853 999.7737143735903 1484.7044428506015 1494.0603386851528 1494.1515382105404 
12.14996634794796 999.3936994572763 24.252241375454563 72.73830511987833 1490.1651138811 
41.59731405772871 926.9190944125025 1449.2947956376618 1488.901855358726 5.338058172237425 
951.5312268412213 13.962593093734043 1475.475785658427 56.87920941421659 1418.073042721253 
970.6085720501231 946.1176618322916 13.38974995410247 1455.7447387492368 163.9131463737239 
3.714063466189743 28.93307365717113 1199.5987759796353 1464.170828457512 1439.920102563638 
968.1157853605635 929.7089358306653 1461.2467923604572 36.75564706161427 100.04156721969426 
903.1813997094481 41.37707161246374 50.0708076832797 1416.8037674205818 1485.2437032894081 
930.9210951831293 65.14270914253719 1445.8509270884983 1444.2126907227369 7.0757028171580245 
23.235667110410475 44.59720752099516 1491.3450461550074 23.16448395484494 0.8702284174220143 
9.745823780025752 923.7681312286218 1489.8719691826004 238.90307146339012 1494.2017875035997 
999.2475779587468 975.2962871707357 43.393573560735476 195.72344829048853 1379.6768542974348 
12.923075611210312 997.01182844041 19.574682560718315 132.93016445375116 1.2510342451480527 
43.979705061286786 991.082867192618 199.11423613456907 1487.3777472863378 1448.712041676004 
7.3917076446218255 7.996770692987321 175.7743819634252 24.091575867535408 1499.0289763901953 
40.26562606580819 2.177980765596388 29.714632281045706 1480.9273070639715 6.198406486240704 
997.9277785182446 235.12146764439478 19.63982838847711 13.995917244215173 45.66999886285789 
991.741409188808 11.500360976858026 1464.9796358449553 1495.4423614395014 1451.7443647868874 
959.8810466293058 991.4975960810887 1485.1656169374648 13.28983411400536 1483.8615307018672 
994.2876680286381 981.7479043135086 1491.2411002987517 1465.558341476353 53.43111330677458 
35.923772389919506 989.6132827098229 1385.833212016396 30.30573677076592 35.00365003164624 
919.5295776292395 59.475414377356486 52.54112534446226 9.565896875017632 1464.9060290671794 
12.539706594567601 977.8509375294905 42.81014238202552 1390.6493865977955 26.442157872121676 
994.711064922298 57.58679660724886 64.32978391994426 1464.896466437324 67.330325106294 
974.8470866130331 965.1668650247921 8.884607880384976 1481.792690683913 1475.899293113856 
44.986377780268484 34.05820709064178 1464.4671870094098 1415.3078817813282 131.0414880904918 
19.436642916038416 986.179300820853 1462.363300899283 1478.2782127339815 1468.031593265753 
980.9292963907001 60.16140194007047 1435.1907043297333 155.33086496935422 35.87619128120223 
4.211702468891243 34.41781468780669 23.13723964016151 1477.5983585283282 1388.7567305208108 
53.5860414601147 72.65903926201078 1435.171570733229 99.09712700076123 1376.520805608603 
889.9958855769645 996.8221079721397 182.05407525550882 104.24585900095917 11.391199776003225 
593.9557848539822 540.125863705319 1489.2540644152928 786.7852918124747 895.1027355335137 
2.324527498921314 414.5634270880751 16.541657314202652 3.025478139864035 601.5758900629842 
496.72868330898467 995.2283492863754 712.8670944227456 1478.959872449716 602.4545295267033 
981.1571392587666 517.2646852972 712.9804216948004 728.6871552281633 1485.7262657475158 
479.80898331026486 992.4395484829816 747.6814107309775 34.794993363587544 862.4945103661349 
7.465732581684259 481.3748467173667 867.1627068318115 837.7297125547079 28.664550492954522 
977.0747305355902 17.80104759390888 790.8658175892564 754.5462539989442 564.4550565058851 
157.95078337291747 516.0604454819609 19.198850528354015 714.5247403127082 1494.3024269889233 
468.17604749283447 529.1593734263928 1499.4451964072034 1495.7532365801865 1488.8837810256612 
439.0660965866475 219.69145867079533 8.163629286314645 1477.0203389463488 675.7093685360736 
510.71990247266484 472.72290858230934 1460.861918854019 7.027148294695196 2.8674332716706052 
7.531333997990997 2.2524665290213353 807.9529822438495 28.025303966775496 651.3242554391745 
994.9907493363627 972.5351346337878 873.2607864979057 790.6401530010073 92.09205663334808 
9.669620195246608 942.6717377169067 1476.107710709272 862.2104480550438 687.310526550188 
529.3902086824063 8.19197918294645 1439.1592226952623 1485.732787887145 830.7542158910423 
490.53901264455305 544.1899811630374 1454.7868436153412 22.73611497844913 1496.1226919135836 
996.4797595744975 484.29326281159666 2.7031050574520266 709.4599753251193 864.3198852211075 
968.4879212581095 445.67947617763974 809.3544626614485 1466.7899326061274 0.09577253836523525 
11.66078895010736 958.4260480180656 55.73927826137226 716.1510660220522 661.2547096364586 
632.5429742497038 14.309160353153882 20.37695531788569 16.366191586370537 758.3285669286765 
993.7330021910852 983.8652633564949 1499.1859026808172 773.1755629221387 919.607584183322 
24.507721040141096 10.482899704632676 756.5624872393598 790.9084707089198 1469.8908201783997 
542.5818197358606 985.802767880555 706.7867415659365 1499.387628891803 1482.1153531976754 
470.89313208965945 565.0386026672224 6.384561666447408 12.07264249137452 20.685247429064358 
993.3693241430415 16.04261764487369 688.4912855062753 16.59599577121612 28.306837429195543 
3.941681470820191 457.73245349920313 2.997164390202034 1481.4954596404132 12.457816746412941 
424.5504504352108 30.89010279778681 1460.9331524415634 726.2131961473852 22.83533215511713 
3.9128658895438706 10.96615733803008 34.12662179878534 3.0449913375918403 4.637588212018429 
666.3576203695928 6.542047822948982 1495.0310937825493 840.8539521803278 1493.8651796270071 
615.4488503963429 500.4483912032076 30.683249558396852 48.113411636963036 1482.1216111966714 
618.3612256009699 990.015368072511 18.616948958302125 944.4975313184112 22.368515619256513 
509.21593539031926 544.8232648472778 23.936175772891144 1495.4976452149108 1467.8347952139936 
462.8056311099504 924.713356476883 1498.740362730356 906.7561596133777 7.6574635980630745 
449.4304153767741 16.868863717198312 556.6466233508074 1473.7049242019625 3.577465380443401 
6.268376697801435 969.2946588403 828.6401848400093 494.86907459703184 1492.67351982603 
999.3483875102085 534.7274674894834 1498.0421088871146 1471.626701844785 864.8700262990246 
7.375429107809861 497.15685959805313 1390.3033671491792 5.5007663543743535 602.0298520423763 
957.3025957078243 990.4447391683647 809.4994785342216 10.87977569524956 1433.4603023559641 
997.9016024948713 2.994785080971729 74.37754368089506 770.9013923872279 1.8944630815695418 
999.3196636574455 48.63148005097803 613.3967488105496 1490.651983987913 1487.4923120633819 
672.0023376836895 20.19502375663751 1461.763226373158 6.976509447514712 699.0115983661293 
35.860591867708735 449.92947831699416 1466.1165104960112 1449.764404171761 921.2432618350645 
2.7161018287908956 2.542598617694347 41.84235110210083 884.1227419969426 680.361040215333 
882.2622536677551 9.213968298666497 807.9590252868063 91.75420344627544 1488.6490817182826 
10.174040926256067 823.7370748135422 661.1790981729986 13.596719286043001 3.0098780032939976 
999.1972791431074 969.5877237654737 553.1867824577661 1494.4457001165 831.7543407487078 
486.02286167896796 991.8113081839438 59.34202175464159 770.650803145891 1474.4222857366926 
20.88350681076967 992.1295933460084 687.1116664323616 1494.6929434508177 542.8859994171758 
975.2093335779341 910.2755347864908 150.2912594745212 4.558552138761163 584.0146936703987 
721.4101815148417 8.009706664851123 21.687127303053224 715.9043322494889 1491.7001594228095 
492.92053383449894 995.7100912077003 1477.1009726361685 781.1610159657552 1482.5426669844105 
990.2436767616198 529.3241780288736 1462.4008896324058 7.168473730150337 1139.8022024623422 
4.603866511678101 9.821867389416706 1447.9284292391496 805.6779185081851 1029.7561754005226 
22.035857038838145 421.3879894664556 574.9603348420576 25.95625517052952 1463.3979065899307 
459.94217980244497 492.76408266948613 1465.5158822090864 1476.9708769563174 88.38652682351045 
37.015834994437725 453.490298939601 675.868070102063 1460.3804862939146 1482.0087684195478 
976.2526651196071 581.3122036720064 16.872288656944402 1484.4847991278984 8.02825961438236 
975.6301784151159 603.5338018725221 798.6208836662324 53.843262122079125 34.70450816408038 
1.1394894814482637 7.258095503324902 922.685344486585 633.3885701801805 4.916005683820113 
554.1617476508226 992.7554495558073 1413.5831008658909 29.452474548412432 36.40433754184852 
2.0031382850995705 967.291341147124 98.85172637317152 1.6306543031180398 813.4736941853744 
977.2305329291162 17.84130117295102 129.2472466016431 1453.49115469443 871.8270664633328 
0.12380679249601734 19.05711693854606 648.7677181809031 1495.65467766639 379.88895687753416 
997.3309519257042 555.0560370578048 842.582899967182 1496.940369770546 1491.2520571765776 
996.0969198051735 92.81996675940239 1452.5561441242448 831.4389520180454 5.804235209355912 
400.0909428068188 995.1393991186409 1492.7995974836795 4.063171498928597 1470.6462937790875 
442.3934740643022 5.8251227772051495 785.4535989910722 11.048126834697081 1.3194753264320624 
440.37873155099334 992.274307265399 1498.6539264343498 1478.3453861958346 847.5027262945185 
