339.68583562788945 29.86421958937835 4.660548755362537 153.93122609163862 782.4808572145183 
999.6920875975977 998.2202112714078 1492.9028690042082 1491.0800336449463 1492.8162008782397 
17.418039255824304 998.1689423829 1493.7803312069664 145.22650385011045 43.80252315900191 
964.1023926265326 25.813642333859853 1498.5069606438708 1290.8027030726998 15.001846021781951 
50.4307900368635 987.7770029866114 43.53937834936799 1476.5234064240083 1403.1497397980754 
992.9634839680388 973.6551705259238 144.11998217942673 78.49963133459664 54.08368635100336 
13.875311703499316 38.340811169652156 1426.83914525623 1442.546411735988 1489.6374746556257 
966.3919326847976 182.21381667751245 1468.8419041063096 28.12429756290291 1484.8207960676834 
983.2260419892704 49.98134763033679 75.58523979270943 1479.2179594697116 1477.4836817139417 
7.264302466943873 41.376632835438464 32.073514618390085 1485.348347607868 28.701676521050157 
24.136710221971835 1.3644978222262516 1490.048130905257 27.73371170211497 5.20328574768919 
72.78177469944258 996.9038448117697 1269.3191680367484 26.818143507710612 1488.1532826333605 
953.3286041654991 999.5316352963152 485.2013129489962 1480.789355711294 9.280316084661456 
994.3940188749114 935.6988085007807 114.47485155304032 20.140894730378168 1476.9854899772865 
1.22334314358441 988.5372857407527 1.5816710168332637 13.40158408377501 16.87691194410751 
4.967714978972193 932.0013469714435 1483.2311997036243 1462.0411265811624 124.433421823334 
999.1536393196237 5.88020118259569 43.19529624485452 10.657316165631814 24.583266927659885 
991.7307422474296 964.0640606683379 1460.3101401539252 137.8367536318143 22.926827332080624 
4.439814103638362 48.94018973360359 1331.3648283206219 11.826880907250981 1488.5781194134358 
989.4867645610113 999.9178023351475 36.786013008100916 1490.5390720406645 1482.7788517134304 
983.6819273276719 3.9238048091481126 1471.9414778691312 1448.7689331509068 1499.2759733072094 
987.2074153586152 1.752103039682651 75.29094670519638 1399.3119215337308 15.92369509589947 
31.58803646527719 8.066540972242908 30.954887273497324 1272.896439357066 1493.0832007072256 
42.89230275985745 988.7467778617046 1488.0677338820879 1480.5608003501648 1488.1088535133158 
4.070394783898701 10.898083628817501 1464.0231242877344 1465.4420611869598 74.32540094801726 
38.18771421053191 975.3863967886697 33.069981090493364 1489.1267345648102 78.3191846057244 
929.1868040876708 7.0557161861674045 1441.1024147447647 24.649668634479426 18.11272169067041 
46.94796667054224 994.8627882951487 77.01392278086489 22.85883705219216 1389.6624078724153 
963.0411600663804 997.6495832448052 1493.3875142736254 9.98092685363411 1493.0247692400005 
889.3158228394116 12.778111104497336 94.04111377237423 32.72335778208241 1470.351764371348 
990.4350765339283 977.1536306447574 1490.3371904354 1442.8525281738034 8.966177220722848 
0.4891616632307638 23.488224164339044 35.659470040412586 1.9744231374663745 1.9308992236720113 
3.282324881878851 180.77088523383966 17.676657843355482 9.166745383009545 1497.1325997526794 
516.6282241099186 479.86250243584175 823.3482387102885 1494.9641927535713 859.6259498232979 
515.8179018018874 580.2511299634765 4.1954663096607225 808.0408757935759 4.867269859638979 
416.12567640301455 535.2802372544273 1438.920694466524 51.472082719187576 769.3542240194251 
987.9354317658606 15.093229675970598 764.2986429235434 638.7118794863318 788.1340303983269 
608.9589770940026 991.2145783245529 688.6528819765824 820.525486712346 1480.3242898976678 
0.5292553245805909 400.3323754808007 846.1969465980006 629.3559598548154 12.647289018267339 
940.7538959168677 553.7204327849726 6.455519637584118 1496.381217146131 653.4489357816083 
472.8972568063629 14.20477897008876 1444.6044031759577 739.1775403712408 1432.153547508385 
998.7274050584879 976.8063227355206 1489.2200200221464 797.2024915287765 854.2565448953752 
1.800734609086585 994.0216052361744 778.9503435891255 635.2958915741011 845.224282766129 
994.2579038354764 524.6296161286124 34.522530919480154 26.153564600822133 755.3107934339207 
10.741577145242488 460.1676460376217 704.8584594352368 1492.402445034892 1495.9722511073828 
520.3469295857741 40.140513228814065 809.9978691625299 1499.7942051054556 88.2527162521195 
440.4116686244115 937.2223147870073 735.111532025886 53.70556740300386 30.288466285530337 
988.3602509557024 466.7079579330383 1480.5520250417123 1495.7785523430061 706.2396058785835 
547.0037848006293 6.3461513158245 738.9137098714472 25.83495800486535 19.518489899365775 
333.0884398302879 32.025304700359136 22.854283416783417 1497.652234211193 821.323917970378 
30.84616544853791 2.781911295004047 1426.151710778243 764.066911593712 671.113805571366 
891.0361361196773 486.06770980866645 3.2513417647104803 699.6752866532923 1490.7391142399647 
454.249428813134 995.4719939102738 1400.291478109858 932.3885225245482 4.8710140291992055 
479.6093949092174 992.6356996814478 3.219354091831328 1492.735143541778 808.2105251901036 
4.5731730565058415 551.2749255964914 1.9980037989296706 38.19243079939716 629.4652836882584 
4.052930514546249 605.5446525963439 1498.9793236153378 835.2837606277134 1356.2997223359666 
525.5757773858857 7.235071103776192 867.3353376055823 1.4710161471460648 1476.4204560583146 
981.4389238108154 992.6477237905016 920.3273807117581 7.748766559856957 903.5264297348903 
998.5231131044308 539.1682002582551 819.3059858784646 1478.8627149215185 1473.548064666719 
1.8204927953067163 505.9535862493936 669.1103961846446 1480.080151692683 48.01930848320451 
955.2575364283442 503.1918488674962 1449.8459950095187 612.266727234445 1.366180148481222 
424.9698122646768 992.8052863879135 1475.103911293257 1492.7042825095277 899.2236134546256 
23.18599466894222 591.3412555887184 1.1556922898212085 557.994463607694 1454.0217750576878 
960.5688840283838 963.4133636836477 24.454513027449888 843.2800877288098 517.0543272579916 
10.909623070269658 0.6113055535449385 6.350745359765709 698.8697246838716 4.110966265655103 
994.0671699890802 474.6394629454052 1486.2322055500617 767.3023314496328 1490.099763818476 
36.5055999065157 998.0103741280021 29.981722460151072 737.1206350865324 2.460263515329686 
10.387473746970578 7.813186098333036 838.7261789911977 25.918159709421683 805.8335899485181 
991.4333202697394 33.75222719029103 3.103820938007318 659.2859956899998 27.433114057888396 
593.6806428489647 5.1109228153923825 964.8352918011813 1485.4667837542463 1483.367518850832 
399.8811960670421 26.482251070580777 1495.9291489416498 752.863890429405 15.460553545308287 
454.2405637694281 950.0789595642348 13.437683530225286 61.90241922753281 881.1944431130772 
12.525345562997781 522.9924879681365 1434.6577215574987 19.630218559656075 57.963405508071716 
466.39827787080804 986.3773277207916 1478.2050643059165 510.35789703043883 1495.1064221550098 
969.9639097252884 11.282185260156563 1361.4236657555055 90.5813314723719 705.2993754979678 
999.8255714470982 374.4200118940203 781.4855731694495 1489.3943115805278 100.9047283127194 
462.68917418407443 407.96813209914194 12.353157321286389 1461.8694075008414 1486.7489715866857 
8.597775041840116 307.6195749466687 1494.6843114519243 1471.5586965025207 745.5782583673077 
14.359832586058218 3.403508021651569 622.5218022997086 585.7607610821584 1464.3644625841039 
980.4233548774364 582.1391375194521 754.1757985001957 77.37801725081533 21.494760362729902 
998.592527462834 459.6695876893963 793.2921000429775 45.71785928044647 1495.748792395225 
24.00510192280947 977.9139948035636 736.0555385007076 1496.3511391441043 1492.464750672536 
32.053290927698264 483.15823098415484 1499.0062637142692 14.32204889533012 1381.4349728297489 
476.8201338927638 485.7830608902356 0.25307241426314464 26.919864029128604 8.993268828374756 
997.8698497107284 998.324595957137 761.7561156351986 1475.4250940756601 914.656967471043 
998.3202387045675 13.380550989651185 1477.3296593737625 1476.6184794200342 792.9024984084264 
503.64936978313455 977.1470231579359 51.84084021433899 1451.1669276802024 35.492053185205876 
930.7879588576525 26.260938873837404 28.33000594794405 680.2151919420121 1494.2482935218716 
6.304446615803649 4.557546995553441 634.676750970999 1474.7799571686326 567.5551801865923 
469.3169460173452 987.663016507478 1458.8988906644431 15.596779459407905 368.5170434406037 
977.4773615128252 965.1595285900598 6.072426056409396 831.2111069252537 1493.503221033499 
496.0300804288845 23.43962438461322 20.750362289743418 1438.4902501919944 13.986929911399049 
425.98312926630643 587.6167931091187 1488.994511421707 1394.284460946175 35.5988663136268 
9.030724186784855 675.7126961358294 32.830275137397116 1483.9208543299872 655.2915408592027 
394.4262564155947 452.6988336913857 1488.5472435430581 1493.9984869062216 1494.0938673665619 
966.4289296630545 39.843946218555025 22.33538385432926 6.03966485957419 755.2612471403108 
573.3674482097697 990.7420635693778 680.4762658883687 48.546624346107734 1487.5469029706298 
13.007297069742574 991.6192885740161 655.2853412597282 14.703458220263865 35.968458772501045 
977.8586448691894 998.5173288688032 928.6258959245206 721.8262270564605 25.500084462882043 
385.38803955625445 11.101963337303623 35.46280509852795 1.353363569883137 1478.026804888167 
