901.752539918349 919.4186369763371 140.22721594349423 1145.1800739463251 1233.5128308337787 
18.715557785730198 4.355023706260841 1476.2111433107561 8.47559710427792 30.936041059434814 
9.758482503013699 83.0988575284174 24.654955111307718 1489.9615411401392 7.696029174949215 
896.8648317343207 1.6712488335207665 1493.9138692596698 1474.2281822567838 1487.5633802270995 
151.60152860495035 990.6482071591829 1482.7236051242849 39.14671037821505 1485.5746094844053 
988.6039933636457 11.908319117414079 14.481525312467769 41.569330568486166 22.82633029903458 
872.7174465210334 988.9540177652574 1497.3205438631248 1496.2033400030537 8.686818552083864 
30.139749075642207 2.3892334884459965 36.51874967733004 9.065727661555945 1486.1829173196381 
26.306995366133236 985.5936424071657 15.693588377733658 56.53717067167058 9.829259985415673 
8.494476392061578 961.3477376039892 1447.0307734160706 1492.349714906405 1495.2863498872255 
987.0280993344661 745.3917850837572 1483.859905619521 0.007254248091226323 161.90016070028807 
927.5717264350668 61.35885695041965 1246.6348084091326 11.42637015440634 1455.9702524926158 
0.5023811057469629 30.0968535548366 1468.4898917765636 1496.5187710018126 62.6452844375609 
11.57679453086724 36.05233046160483 84.69672727023581 1460.85951808958 1471.5715118925375 
997.3085413782569 104.8052019686102 341.0390766326949 1475.8716175022616 3.4309244052569965 
159.5026938013584 983.7277903623448 4.8596195335240395 18.082089016510984 1474.0425902060547 
11.434291999271707 997.0887831950621 114.00528305711022 1450.3690215189756 65.13486790065825 
996.727258010845 970.6241470728198 7.358429907105557 46.264957902367954 84.820401059161 
999.8581788665998 978.7258361024502 1499.8901267852684 1494.454301648917 1491.7283893975432 
963.4591564003977 7.864961098691614 26.782780089528167 1365.770586869694 1457.4055734236342 
6.276288196276347 919.2510616083845 1485.8638381819692 85.63327834471495 52.80720995962268 
4.587961910090255 10.460009007069559 2.153284619529794 3.0870092959227047 19.713600402591958 
5.217429475621427 26.593830169681976 1496.9123332211984 582.7251090924966 1364.1019415650503 
990.0982887783775 991.157046755498 1481.0645494798596 14.763553916554816 1475.7507573069813 
20.344180664605304 944.2224639904596 27.752928634664887 1426.0637614595964 1487.984368124394 
978.1593039383516 21.574580116780375 1414.7966774809845 520.6820138607404 1.509318011714722 
948.614388244519 146.30804087306072 34.16133115688885 71.36467481798375 1492.5806190102194 
993.7499204168003 960.592854613773 181.75848737919176 1460.797154258822 2.480286362614381 
61.09393093518312 985.0530752288537 1489.5274624489355 1310.7172862914983 35.53794262963361 
991.2581858598196 997.4476072993349 100.19744899061422 40.7012946785234 1448.3696407262253 
988.3049314217398 19.443577414551605 1466.8860473555794 1490.6437571761633 226.87778816337843 
6.926258327572765 187.00453095240417 1410.6093122376276 1482.6809358480814 1472.2419895708388 
13.995302192759462 462.37816878574466 754.0593458253829 20.491214304377557 822.7859020271209 
510.88319710774186 23.18501258646599 20.45694400963505 876.1732077911109 617.2416454603904 
593.7366438622004 994.3601908358278 1494.0136124064638 736.4886702885925 719.5353841823121 
633.6824636163807 544.804998927729 725.8448270444107 1498.8078008516914 1474.9420239017688 
582.5500633111354 519.0603459158234 684.3445055022148 36.15090386343611 7.196917244388256 
562.8189223918856 51.69567825332888 1499.6085684760571 56.22781557762468 824.4820537820025 
433.6161052718689 426.70501142791323 958.5906419077996 1466.794583190453 8.4665303337354 
34.77977074455063 985.5614835919172 46.912610047405266 707.4447517655128 722.3858681331333 
997.732760342784 408.5836951179111 1487.8687069609737 774.540093502875 1494.5082116178498 
3.6242589301468398 18.282681414686696 839.4754542118777 747.5770668151623 19.110372742699834 
43.63347811989915 987.0020592741856 818.575974809112 722.2006808909738 1470.4896470757863 
874.7491047235937 985.4999826597315 781.4415986042955 664.509432474273 9.225923785912082 
201.31044727539205 1.75274967831629 822.9998163009145 2.502850929171796 1491.3751630729437 
977.2494619343128 20.57637525631517 624.9781568943419 20.975687649898212 626.0730978516663 
17.280544940104335 462.91324636534193 35.539812673768154 1459.9930417183168 794.3521969447264 
998.9636845303223 593.4663386294351 1494.2026810068382 1484.5205809434274 740.0831628139132 
993.078033166147 511.8098546875284 65.88128875605531 1439.9492947985254 813.9791485385601 
18.692360364913064 562.5501438877627 1451.4017749245224 1487.8123377403952 663.1501175800441 
529.7446004868116 774.2273259988159 15.852121966314082 3.667018251531595 772.8490019635049 
995.7288566641533 999.7406872278162 861.1373112949827 702.35684714253 1479.1755249229043 
456.9087032353164 948.1623096636039 14.637216433676215 927.685459208281 0.8564912397914237 
6.582033797105535 436.8279001480406 2.569110316681833 575.0056352729893 1420.8539952453882 
409.67407646113185 18.997707895112015 827.0796361552826 1486.6708642867966 1018.7916758768356 
43.97794692803403 440.750003018774 1460.8335045921285 88.37100410733434 1464.8176366736197 
976.0762502509059 0.6402351593285394 18.648492494354628 872.1395064091015 47.16644958728528 
10.155159697678663 990.1804937511047 785.7131188345214 42.60080846128672 50.25289406123762 
987.2727001398048 990.8248128542707 1008.5535632935597 6.167248900489087 812.269105162918 
555.2528148862987 989.0458708068353 80.09875718202048 1488.5275653732087 1478.7513619964632 
490.5180967756546 12.32755592749346 1.332964245364554 20.779198093185457 814.3008150503841 
348.25898611870286 455.8322747903866 1499.1378552845918 468.75891638698425 7.400222943255541 
0.266911280517923 417.5826018235015 25.85861217392932 718.0787876619266 18.19812321800868 
488.0116608672023 996.1643149457557 1497.7422797186637 1476.4550259880837 1454.489903961428 
961.7341164943399 21.58236625657517 878.2165229241796 728.3818330131065 1478.0767763000963 
759.4054917290573 2.4958247842206127 1497.497277440808 27.625812008618134 30.106385369430054 
5.335002124266408 936.8604903971516 851.2848777353488 1485.3021879590776 759.9433728029189 
468.9594654683381 23.127013638280737 0.5900026543297909 1457.7993679673089 33.562949172103394 
987.3704450074208 564.2454498702702 606.375482776582 6.918492685416555 1479.11335936758 
980.9370983900927 996.1347803255168 755.2728913636387 1465.3903244508765 752.6670338141444 
992.7497466553389 993.3334024967921 1498.5712952645667 568.4066964237489 40.15242508470479 
42.51995090296346 988.8995783740291 1482.5288339133551 478.7595053701417 830.9962567783609 
982.4243085050578 429.946071754265 7.660272828798442 837.2454977046307 1487.2102502203902 
962.7673434087982 559.3210937658046 26.21464143591329 13.013385541800204 4.956014020029265 
509.94664749644824 33.87163987788011 1493.5591481259075 1448.2807140105785 800.3468922354176 
4.999564017110769 0.8144869115782605 523.7791576701228 715.3954163614693 1463.949470998818 
997.4717986906745 504.49296872331826 1115.1359877180212 1492.2514781027405 6.368362269926209 
18.126217333875317 5.907292508762985 730.3519934191289 8.74439632761559 15.031780872384438 
515.1571717405186 993.7341544320735 765.4843631004185 73.78406330501785 1497.1670280637989 
11.553998904669683 3.7928105834824644 1485.8298373248301 615.770498628971 505.7787389386315 
484.8231016282128 41.98182746131251 118.7164651444258 1493.855514540229 1444.8521145676095 
558.6271413428785 986.7469307523418 21.31657589806496 1469.530828735539 459.58681703787107 
512.8674429944167 12.335309579354249 3.770227375026858 13.708707400253983 2.2009546668048663 
7.8404143652965885 0.347424425531373 726.2281973915831 1488.342755314917 25.8381032840318 
986.6646799545651 33.54603522402644 1487.1260267476327 669.92413201082 727.6252779244173 
28.45158044722318 985.4441682580409 886.2027075443334 884.2759858074835 22.14818050316969 
997.7859722437232 2.723760859092317 78.51240638119648 1447.5123460804443 643.6929083091866 
550.3355838518938 603.8277891476127 1478.4166002028244 21.436815965771792 1418.2258415159079 
16.062053721067173 516.3913696524502 11.10781062457039 6.788770592902726 651.6016140193087 
986.5206361877589 990.6593731770555 55.07518488509966 687.4369654930383 761.5323637007864 
28.768581672352745 572.654140418035 730.4186847141018 1497.187020054995 1462.1330556674511 
972.286802396323 9.176903976507722 709.9328799164483 1487.4377294690107 1431.1371411781677 
421.87812909304887 980.6517359881996 1425.8791976313876 91.47545786025596 72.70472315766396 
992.245618231839 987.9935511664081 28.219000905388313 1476.148549473274 1496.0990239470975 
471.9723467561067 989.0735860228159 1.0454294422209687 74.19863348399296 24.52305576928304 
15.564722196412584 11.03781168803275 1466.2641064885997 13.126375173978744 1076.8631613303596 
481.9252854239823 23.742056967293813 6.980048686142215 24.944709648333674 1480.3000144583762 
522.9342192059363 991.4426135528323 926.3991527625682 1495.9245789799015 59.00957732808709 
7.060318450790692 2.163419403891531 6.8073787705161815 645.0933281827845 643.0287475329203 
378.8692286934715 9.519744106483042 1497.3198539102004 1460.9138644024695 1477.800334229869 
