146.51489523470283 406.4118683532426 183.14914943465317 507.0646006773689 20.477663880197838 
997.7881513289387 998.4712626612071 1481.0679103988064 1495.0096589390619 1481.3171003603404 
71.20932247491474 20.27022193083594 1481.8689120749664 111.01049430099297 1436.3864906309727 
984.10226840048 10.217423978768569 76.55597393136615 1480.980446885904 1439.8428671136412 
990.0532338030648 951.5638895472784 1427.7288803427339 94.05438472778765 34.011675107817105 
3.7528406974606243 973.6201026486885 4.115718963581982 1334.1003331145298 1406.72541554489 
944.9733222142149 19.373667901433024 1403.34550543034 1490.755787089006 59.05131110623707 
998.6042116364174 938.2685228183306 108.52716795046436 49.85066740006039 1457.4794579452214 
1.1369472212601206 975.748257528513 1497.487102933874 1391.7681955043206 79.92543378607276 
937.6697040679809 931.9774776051786 47.49638919045424 1481.9167619071898 27.44951283574637 
999.6924022182662 2.299889821775425 98.72796236208708 10.078000820307798 28.899342144759864 
18.88382326848481 17.873273475065066 8.201473973298178 6.48948296744245 1486.713457583214 
95.10884523610574 973.3364111870583 1457.9891470329887 2.6069522863033656 1459.2483998371129 
0.9991853568954712 63.12452701784199 1434.8968431295532 1487.6874472009308 1470.356749249055 
996.8236852394449 38.52818018494142 1480.9719108784648 211.729289162298 1430.3234111803113 
16.062151745711017 35.56005116978056 1469.9010570664645 52.0733170273307 21.365164322545148 
8.534046197441247 13.62597409102917 3.4702906328313854 1491.144731839017 83.63514568112551 
936.7582562616661 962.0982329356087 8.958707643709262 7.449685853733845 26.785845760887273 
995.6392981445556 951.0623372516444 4.092099665403193 1461.4074256267768 1484.2739055317604 
994.5178430682763 981.1076746027564 1493.2585892299626 1499.6445540096424 46.84049458263912 
23.67607652764514 990.7311313148651 83.71570737608825 7.818453901579147 872.571359398917 
29.722385679937346 989.5816018802813 1467.623555625139 1491.3757758416327 1448.736400440471 
923.4244837061515 6.084661485770693 49.184258813873505 27.513670534789647 1428.328634111785 
988.3794329993511 999.4548666608532 1493.6797549587673 88.2849095115576 1485.7601497672329 
46.74056683370287 5.348469614151474 2.9694164230287257 1372.6476864413708 1451.7160566786176 
942.5169359178731 43.31079748986533 1463.7301943689433 8.953079875116954 42.38857543360241 
981.4030070477428 54.50653401579552 1491.0121682138915 1499.9059012171833 1441.888483263221 
35.05033060754692 948.8346481492322 1353.7476263719223 67.67809499474286 33.03575455341734 
925.0137672817664 26.314573443593893 10.72821605067309 1462.6267210145686 51.07029709251443 
19.814357096365363 134.8583733934142 1427.3720018099793 1499.9453418238854 13.730396705438686 
31.380954491339928 998.9346028472997 30.343029532803378 1459.28852689669 112.39247217112303 
2.8002781041082114 1.5394876706067429 8.638587649623497 6.670837440923172 0.7085552240564397 
543.6448668669339 583.7244441956543 830.3824791801051 690.0908723074825 1488.3657203768405 
38.349332132090794 996.5415693993289 124.47806502503123 17.75104829306706 0.38226557899206925 
539.505012555219 994.3135806759823 853.3289361554934 1495.8096501685861 601.394293749239 
998.1615668508022 431.3109321959694 64.9901673984552 723.6464848717125 776.9010696858967 
415.1839298839085 24.28448549093165 1433.5306244974558 833.6926227436765 638.8252966268651 
6.237981643962165 590.9641352367838 3.6829976064943204 63.140290952560186 1490.7326998615747 
994.2799632634922 603.6906588584142 1496.4327487114335 766.1665783172378 739.2373676661806 
10.113841631579689 371.1366260077597 613.5739437439306 1490.217707045596 737.2855014433324 
504.94903006631586 18.39007851952146 621.1162206357754 7.029409907453599 756.5200696735294 
696.4749918905386 972.466787829804 720.2225538648214 1.9156985165864615 776.1921617077642 
12.81609687364005 904.2198123428213 1485.7048802485665 699.5724398951006 776.7557295932312 
981.2010734981383 499.82581757292945 694.0801539828069 1476.7136206418422 17.8407094471848 
500.93142271252987 43.78335364127983 864.4933594961211 1484.3548384626686 1483.5128208521335 
485.3311144866707 989.7285076252657 1.1985654828234882 885.957289064493 1469.6532996112849 
449.0060018207326 447.359750697614 1476.2604460941895 8.849511679483502 31.54022226153913 
7.48688065374159 4.936880791593379 27.1324274229765 638.0559270896259 805.0628379993875 
980.5997761991781 46.03835420863967 739.2476741353764 715.6149717386271 22.535340020557292 
591.5033459031679 955.0751997597623 2.489587814321237 772.8400476221183 47.41106101491177 
983.7744102930473 575.6381768034836 718.2095665237455 1496.1271597778073 1474.3342293601806 
2.103354624556797 0.8640892454733207 849.00977909941 890.2464782883301 29.274070231646967 
45.94605902314641 464.3977448760842 1484.8109523971616 784.6140365151432 1467.1852590224607 
492.54816685666356 600.981301726246 1493.2868685723986 1459.0678307681183 59.137793399071604 
726.479873107273 477.27220676341096 1494.37523259707 43.72746355206619 1480.7239638263613 
463.3920136115213 18.744855698692664 31.041960931826264 1453.5607876501392 835.9623465301853 
17.05199431176052 979.1153757057904 628.5082067546055 515.8744276371945 1418.4317937827748 
997.9982755596288 500.7910490660895 516.9236601914306 3.0540948130336476 87.51500979973432 
988.9410062802446 8.993293783555512 649.4021689641713 763.0045171013029 1414.7283725009179 
7.984820141390236 1.4880287720151486 845.9520924926372 11.817074364162238 1498.6919260151392 
626.0198259279483 980.2857693164364 1452.1589979179132 640.5843883870953 7.65598147687363 
525.5722947303217 664.527964000317 1496.94631377282 1492.2287535108221 1471.2013631029627 
993.9171997328547 995.9730581590902 791.9353959495077 756.7785098747847 1486.4933617919116 
13.30189377149582 505.5150289633593 20.7780774677197 1428.8206888696545 0.23359818074253358 
517.0485689330577 461.4027374968174 18.23617984823167 1.11350893885509 1438.2971780424689 
4.038654786252871 490.47154853565 773.8766957257943 5.850873576084659 15.408476989503317 
593.1272137101214 1.1926049268154992 10.435407722709677 649.7920145199537 19.259188580856566 
998.5042616634132 976.0368093358858 75.26577530413337 1458.7194334782155 727.165020081712 
44.60116820906607 991.255143490989 747.984811429447 1465.504201202902 1496.4459102933556 
999.98347194122 34.74144445656646 1495.5429813676974 1467.3478651937596 747.8319505729492 
18.070449772163766 1.4966275980754506 1493.7692356560287 46.93429033841123 706.0932645454162 
66.0964387000611 943.4857942640847 811.8448161548489 943.4006101261338 15.735850864768143 
222.29131079286168 423.0820255031045 4.097740507391368 1488.9238266482057 1468.905692425617 
503.27769106569656 7.858742360024928 521.4203072404267 1485.0399460319577 5.276645208013909 
609.0360151527641 974.4483694592199 1494.4420196066542 62.53268484168112 836.2518945959979 
998.3541624229288 998.2883315619399 1499.1289432172384 1489.7124333096206 693.2217355012717 
424.05487581816357 996.1926604790702 29.131551392701795 50.9095353443077 1465.9292597961535 
4.727552447196914 2.6383546335592145 868.1743587814544 881.6095223580978 1469.7814886280319 
999.4406795012414 45.31011605191415 41.83021949776888 12.707645365955756 755.5508127159959 
999.2379036165856 9.295300355375735 1469.0270735258327 474.518516752929 714.7505792113129 
988.339819141998 975.448167518408 564.9442662918686 903.5496216888006 23.040582402468146 
492.85433060648023 553.6110955067253 3.636333154913629 8.296696868939579 26.076344598732316 
11.954444754409877 35.446669420347355 1461.0720884777327 1431.0323110810746 610.9143606135408 
4.769269064263892 990.8130112571287 94.86732937258347 772.8309995706303 665.5757735081453 
997.3807328765745 467.67243614139215 11.678752247540391 1496.1063456714162 1484.1375620485555 
497.0705555688943 999.2566198315566 1478.0730969105823 724.9416993363036 1492.0758160874252 
3.4115855377778725 433.09244898678946 1471.4647189033499 748.0476906507472 20.874328588424195 
933.8794997925653 375.63590548823544 679.8741840548449 26.982743390992102 1454.1925365932832 
399.3970915491537 0.6337810702375934 906.846989627613 6.6133675443662 2.22836128208459 
991.8485814177283 23.322248457925742 725.6459685504311 1495.7689230030387 814.4082586839736 
5.643855606562331 572.8361454733155 1361.8554090823377 38.263747151768555 838.1596437806477 
432.7499765068439 10.59190784016506 68.02355334892907 683.7153429591415 1428.7524128097386 
557.053302025721 6.495300238484547 1496.0528907687 963.986877537535 1453.4740745013075 
57.52037341969829 978.5091186489853 1473.6697860629797 1485.1375826594965 756.5231750847197 
997.7417150994862 980.6423869214752 200.43422327055305 68.10835645183083 776.5407719451637 
2.2756319698143956 1.3432405596587316 7.037887047219082 13.807472781678598 694.4361688147625 
402.1937338234933 958.788289147786 75.43961803517068 1494.1453946066383 707.7583949260902 
997.5234817192155 437.7772643114527 1433.260211969807 965.9482764386969 36.08258199679426 
989.1427521540095 987.6498448041067 860.4333461728727 54.00956816825975 14.492584326511126 
716.8595692227565 543.7574906935233 2.6047764480571223 1461.9969519445538 19.403535553959962 
