1 0.7834492168069342
2 0.8901901376561729
3 0.9006869077702454
4 0.9116185719397887
5 0.9148212925581853
6 0.8860392751687947
7 0.8931736856945159
8 0.8806771761631964
9 0.9300223056090318
10 0.9127293839518288
11 0.8573138717399507
12 0.8642919450964833
13 0.895680712304792
14 0.8379709873514445
15 0.8412893369154527
16 0.8622884780563523
17 0.8371592532139847
18 0.8700135565460809
19 0.88021266540204
20 0.7916265122434822
21 0.7915629714874723
22 0.7371306275739086
23 0.7345051416065425
24 0.7150087788233928
25 0.705872198964596
26 0.6480224125386286
27 0.6521564251608991
28 0.6803007105548801
29 0.6414122176802801
30 0.6567643710622794
31 0.6199706399308346
32 0.6359200040535273
33 0.6657574501178234
34 0.6576279419115423
35 0.6346519226258373
36 0.6272970130926793
37 0.6372501173407724
38 0.6483388260678283
39 0.6585376504036562
40 0.7008969528783494
41 0.6122442499198474
42 0.6011438564476588
43 0.6165118317884333
44 0.6160437388749662
45 0.594964447404386
46 0.5748326874703865
47 0.5693742805114993
48 0.5483476707429698
49 0.5532243654916147
50 0.5766552739500875
51 0.5884255294933196
52 0.586384528811204
53 0.5947998995089178
54 0.5927418454181015
55 0.581780381199471
56 0.5735932787208682
57 0.5700973195908398
58 0.5775724542275157
59 0.5735439781830394
60 0.5771280703584452
61 0.5507313517911231
62 0.5531076674378034
63 0.555389474249603
64 0.5471265506992817
65 0.5506962677079235
66 0.5553257435434802
67 0.5522723225845679
68 0.5429560932577748
69 0.5411396330126165
70 0.5411396330126165
