1 0.8340193973311527
2 0.8096706519743754
3 0.8948296216810717
4 0.8041131319545822
5 0.9216456775558222
6 0.931219489016061
7 0.918419515905408
8 0.8299994588117888
9 0.8401825452253253
10 0.7656848943801731
11 0.8676866144560937
12 0.9076825475111986
13 0.8106819042433259
14 0.8339223873590846
15 0.7883780262973712
16 0.7555143019415645
17 0.7696661210795996
18 0.7039500103227194
19 0.6488343180784265
20 0.6529660902931608
21 0.6648678719157383
22 0.6330501622700492
23 0.6361561965942532
24 0.6273804864166785
25 0.6258320674036341
26 0.6137233522294863
27 0.5921720464964121
28 0.5630898587047739
29 0.6021139117238246
30 0.580622351407045
31 0.5758046411935049
32 0.603427469375058
33 0.6099137272430769
34 0.5916957527002364
35 0.5888470809316609
36 0.5999241894594248
37 0.6656762205633303
38 0.6047696720115981
39 0.6148103326755738
40 0.5886708088419043
41 0.5857454210710852
42 0.5989531531147151
43 0.602318102913143
44 0.6112812066063534
45 0.6150943096078175
46 0.5936177651383152
47 0.6033304383631197
48 0.6054630324925817
49 0.56805379076716
50 0.5739750466871822
51 0.5622872023258307
52 0.5012882218154794
53 0.4785166517757829
54 0.5124271819076872
55 0.5228625444895291
56 0.5510377402014418
57 0.5542075721824161
58 0.5610743259255807
59 0.5425908088538929
60 0.5407553237615099
61 0.5272907570197085
62 0.5287569437546682
63 0.5339809973952322
64 0.5439082533314424
65 0.5340886964469356
66 0.5251877396924967
67 0.529091137833975
68 0.5376388399326814
69 0.5455951666930697
70 0.5455951666930697
