1 0.8971057006413787
2 0.8317712111733347
3 0.8952462208276392
4 0.8294047216027588
5 0.7324590009033853
6 0.80164355122384
7 0.8262705107985214
8 0.8424045973613664
9 0.8696134994603518
10 0.8960746512681866
11 0.8541020406874601
12 0.803849644062174
13 0.7874181064766199
14 0.7803120806690973
15 0.708658969609362
16 0.7179075982548003
17 0.7113893259853631
18 0.6789105330155853
19 0.6918104953017326
20 0.6420944996339819
21 0.6618125842370814
22 0.7054822161328713
23 0.7174561749804954
24 0.6805028130519899
25 0.6556753830941884
26 0.6124166476254005
27 0.6002889058810815
28 0.6068945568822562
29 0.5763663673859397
30 0.5774860869398388
31 0.5669255697470842
32 0.5931936134789914
33 0.602305747120981
34 0.5624732768276307
35 0.5519688642407427
36 0.568643582643056
37 0.591097433653109
38 0.6113956635672636
39 0.5926068657173429
40 0.5445272634864672
41 0.5295205315452576
42 0.5311451656430706
43 0.5988678046602313
44 0.6085571180488216
45 0.5636454014718626
46 0.5689093375802377
47 0.5726879708158646
48 0.5799816974211994
49 0.5859997649740472
50 0.5656669625210496
51 0.5463778432583755
52 0.5906570706029777
53 0.601603686513404
54 0.626772373558905
55 0.6025486723894381
56 0.621361783657906
57 0.6082330121436492
58 0.615386445716939
59 0.6115466767451859
60 0.5505277007901191
61 0.5399591888348818
62 0.5444260874389318
63 0.5593299732856575
64 0.5468998842989781
65 0.5377618572756085
66 0.5591312183310931
67 0.5429414170223792
68 0.5234956362688116
69 0.500170482127424
70 0.500170482127424
