1 0.8704541183645799
2 0.9443917499628763
3 0.9195564815963785
4 0.6793591449458412
5 0.7976690044399327
6 0.8083949091249668
7 0.7712323283608401
8 0.6676121865935213
9 0.8113789749920695
10 0.8945452554086869
11 0.7171672887303041
12 0.8336896951867759
13 0.7522495846055384
14 0.6687343730142679
15 0.5928962218625728
16 0.5997881527147522
17 0.5611951058557645
18 0.5857760810455653
19 0.5557470412169339
20 0.5264754249711936
21 0.5634322786115613
22 0.5884153167101364
23 0.56959873117947
24 0.5348575427697078
25 0.5123164736684008
26 0.503645747493775
27 0.5824892075646749
28 0.5415698460552854
29 0.5494992275324951
30 0.5432493586014099
31 0.5268555892019234
32 0.5381352981426925
33 0.5218368748215815
34 0.5170447791682922
35 0.5121785996082544
36 0.49002324790852664
37 0.5368129469252566
38 0.519281213903501
39 0.5299784148602475
40 0.5457147067418835
41 0.5493843864688891
42 0.5427648333857864
43 0.5470039471905124
44 0.5386150060960482
45 0.5346643370067269
46 0.5617750494710708
47 0.5560052220819975
48 0.5499997934424043
49 0.5177004290363719
50 0.5253622484262179
51 0.5167014900390922
52 0.534259804972321
53 0.5628487416292073
54 0.5593683107170224
55 0.5682087566642666
56 0.6405183428824753
57 0.615687970518465
58 0.6112179504081517
59 0.5965249236480831
60 0.5618069286239917
61 0.5253238079887286
62 0.5111560831101721
63 0.5159514500019854
64 0.5141892162090862
65 0.5167510713994472
66 0.5235074679071589
67 0.5149944210302998
68 0.48475218779884977
69 0.48924403371338004
70 0.48924403371338004
