1 0.8568741013866279
2 0.8745894877298271
3 0.8183952350727741
4 0.7811256359265518
5 0.8634565264388301
6 0.8828901417739169
7 0.7751464349111293
8 0.8635742023908315
9 0.8081171906849891
10 0.8271730046126728
11 0.8341330421686068
12 0.8399901520572055
13 0.8515952575496436
14 0.7571557038825993
15 0.6417930566963708
16 0.7204165880839871
17 0.7405858017225365
18 0.7530541928539815
19 0.7244401802929245
20 0.7085324257638995
21 0.6801615886954419
22 0.6618763312915779
23 0.636633828908356
24 0.6243852863187522
25 0.5952861724787267
26 0.5816865138299239
27 0.6046490906739935
28 0.5708254953408792
29 0.5775100472071268
30 0.5911272606392759
31 0.5713464694865193
32 0.5624403995415265
33 0.5802603314450706
34 0.6043539125133284
35 0.5457731358894403
36 0.5570821284807111
37 0.5641494227691572
38 0.566423809465324
39 0.5361542656585065
40 0.5298179405557767
41 0.5523456901256529
42 0.5645852352208572
43 0.5670053239079847
44 0.5671117155391001
45 0.5741390394119412
46 0.5770844272267301
47 0.5675347268686596
48 0.5529500276147026
49 0.5619378177918524
50 0.5728687606181081
51 0.529646598530695
52 0.5262689921038368
53 0.5434545972527905
54 0.5728175645569898
55 0.5437756799444571
56 0.5488070840270848
57 0.5541312035266641
58 0.5370730903475723
59 0.5312003536091087
60 0.5284271810699207
61 0.5387480374643232
62 0.5558755285001562
63 0.5636657384535391
64 0.5670538604572566
65 0.5497749794235873
66 0.5639279897802121
67 0.5695502387012262
68 0.5785075960539788
69 0.5762477623760651
70 0.5762477623760651
