1 0.8285033286253034
2 0.8696971987068594
3 0.7568486055930002
4 0.9343145243278265
5 0.8763586015812956
6 0.7441101699508665
7 0.6018890040245024
8 0.7431464332086913
9 0.7832376777319273
10 0.7706010366244563
11 0.7882429546801296
12 0.7919090307511042
13 0.7486181149407363
14 0.7869215167484623
15 0.7324500202568278
16 0.7867234213547993
17 0.8439520197102598
18 0.8286645976314976
19 0.8123551042766075
20 0.8066658906840922
21 0.8085440441653647
22 0.7913863699782221
23 0.7591879793688334
24 0.676165741931209
25 0.6776084208958864
26 0.7127510855530736
27 0.6962442446590811
28 0.6251894618270605
29 0.5948779058873477
30 0.575292065352798
31 0.6018233398481662
32 0.5954366507764678
33 0.5854000877288751
34 0.6071281020115101
35 0.5941119677975919
36 0.5816666177638528
37 0.5761372073623838
38 0.5942261761450888
39 0.6276855533085647
40 0.6356299416373112
41 0.5951664415756469
42 0.6009186631200016
43 0.5799172955158973
44 0.555058114281114
45 0.5213476940448315
46 0.5089823727981022
47 0.5321944107169652
48 0.5389195747525277
49 0.6026903290954103
50 0.5846572831427245
51 0.5717080280094038
52 0.574937428315312
53 0.5354631218824739
54 0.5157155609586348
55 0.5212803839538398
56 0.5328467516558613
57 0.5331760322364756
58 0.506114648554828
59 0.5268942484106205
60 0.5069816037588342
61 0.5387806009191266
62 0.5403976041103624
63 0.5460561155796456
64 0.5125579719982786
65 0.5133456151733983
66 0.5320287576111823
67 0.4966333481755921
68 0.5486757390944131
69 0.5308729854444234
70 0.5308729854444234
