-0.566 5945.0 
0.625 2832.0 
0.548 2883.0 
0.484 2924.0 
-0.522 4534.0 
-0.543 4896.0 
-0.314 3542.0 
-0.548 5015.0 
-0.285 3495.0 
-0.213 3409.0 
-0.511 4446.0 
0.32 3026.0 
0.294 3051.0 
0.193 3104.0 
-0.454 4007.0 
-0.552 5136.0 
-0.013 3235.0 
-0.554 5251.0 
0.091 3171.0 
-0.239 3436.0 
-0.556 5332.0 
-0.527 4621.0 
-0.562 5660.0 
-0.549 5063.0 
-0.558 5441.0 
0.365 2997.0 
0.232 3087.0 
0.17 3118.0 
-0.367 3668.0 
-0.043 3258.0 
-0.559 5505.0 
-0.085 3288.0 
-0.463 4066.0 
-0.471 4084.0 
-0.445 3966.0 
0.108 3160.0 
-0.196 3385.0 
-0.067 3273.0 
0.061 3190.0 
-0.385 3724.0 
-0.557 5380.0 
-0.401 3774.0 
0.601 2849.0 
-0.561 5576.0 
-0.506 4388.0 
-0.534 4691.0 
-0.415 3824.0 
0.277 3062.0 
-0.438 3931.0 
-0.103 3302.0 
-0.432 3900.0 
-0.127 3324.0 
-0.171 3365.0 
0.028 3208.0 
0.255 3066.0 
-0.476 4153.0 
0.431 2959.0 
-0.565 5854.0 
-0.479 4159.0 
-0.538 4766.0 
0.385 2985.0 
0.477 2931.0 
-0.503 4322.0 
-0.151 3341.0 
0.345 3009.0 
-0.404 3797.0 
0.065 3186.0 
-0.536 4745.0 
-0.182 3373.0 
0.451 2946.0 
0.128 3150.0 
0.457 2942.0 
0.338 3014.0 
0.576 2865.0 
0.59 2856.0 
0.423 2967.0 
0.219 3099.0 
0.624 2836.0 
-0.564 5782.0 
-0.563 5706.0 
0.022 3219.0 
-0.051 3260.0 
-0.354 3634.0 
0.155 3131.0 
-0.56 5560.0 
-0.54 4826.0 
-0.249 3452.0 
-0.565 5854.0 
-0.564 5782.0 
-0.425 3867.0 
-0.508 4414.0 
-0.502 4310.0 
-0.269 3484.0 
-0.423 3849.0 
-0.343 3631.0 
-0.155 3346.0 
-0.363 3656.0 
-0.54 4826.0 
-0.497 4267.0 
-0.257 3464.0 
