117.2765951364554 0.10265802185838976 82.0 1493.3976483180027 1487.2599757634623 688.5411770205637 196.0 
0.03993207158000639 51.59088758366471 284.0 2.3658689145077862 1.4697930941641273 3.159820308876471 25.0 
0.03993207158000639 51.59088758366471 284.0 2.3658689145077862 1.4697930941641273 3.159820308876471 25.0 
126.77000872311463 0.10265802185838976 82.0 1493.1099936785704 1487.2599757634623 688.5411770205637 196.0 
58.75265078907064 0.09274134964623137 83.0 1496.4166300885274 1284.711271823798 689.1055678050957 196.0 
0.011624957153976823 45.90930018481203 246.0 41.96602320058771 46.38404724579725 0.3279825882031914 46.0 
45.99712031333979 0.09980800505631171 83.0 1496.4166300885274 1204.646937647407 688.5411770205637 196.0 
52.54185593686257 0.03652754079558632 85.0 1405.0511897513238 955.8210861063648 640.7235595732234 196.0 
0.1388605447010877 51.565140537670935 257.0 2.809072448075897 158.7848769720729 1.5155982247908493 25.0 
0.3072925884619492 44.99692228145871 243.0 36.17030596649519 350.6599384317159 2.53692111955645 38.0 
0.022098620118752403 51.054426580807075 250.0 32.68341897288112 16.01247945800273 1.2724509051717205 28.0 
0.023695183525723633 44.030777227292276 226.0 268.08285591374954 294.69072440094595 0.7127343226283314 36.0 
52.54185593686257 0.03652754079558632 83.0 1494.8443525983967 955.8210861063648 658.5295928057077 196.0 
1.740099433398119 45.107587826626904 241.0 67.23483996446122 53.32025758791096 1.140234573383725 48.0 
1.740099433398119 45.107587826626904 235.0 316.06762059274376 53.32025758791096 1.140234573383725 25.0 
0.002525589156137903 51.60862063858575 259.0 0.6117301587063118 55.53250853787431 3.7848713877051248 25.0 
58.42205094853067 0.010402782038236594 83.0 1482.6676998308037 1429.3842042230876 584.2189304257083 196.0 
53.0895144037369 0.36630690850706893 84.0 1495.1081597294183 534.0948078569957 277.07809022024617 196.0 
39.548329556263866 0.09841844789378373 85.0 1442.8147516607535 526.263448318156 666.3189908303531 196.0 
59.48773924983194 0.07474008698373014 83.0 1492.5064594628213 1434.3062989262428 658.5295928057077 196.0 
0.10958762163596147 44.77434040875055 231.0 124.53379655368997 372.61896598052925 2.432734648110999 31.0 
24.903034299136067 41.836862065010884 199.0 251.73845991013897 343.4247718161455 70.53432777594668 38.0 
52.74677889912164 0.040714900918372265 86.0 1298.5187647998755 518.4086286319689 253.77406858818262 196.0 
0.03749732918320312 51.41904466868888 243.0 77.22494426670534 89.21607853426352 0.3350892194360944 28.0 
0.03968761883937234 45.57206270814776 241.0 61.435526884017776 314.1517015743909 6.619089592358988 34.0 
1.9244948810962264 44.89816560320949 229.0 124.47379928200527 343.88390440017747 0.40900760581775675 31.0 
46.05362731728544 0.01853783969046096 84.0 1491.4842708438416 722.458457525649 714.9974987933905 196.0 
58.381359743006065 0.14256379711696976 83.0 1497.9489363421103 1153.2764901710907 584.41113303755 196.0 
1.4252034041459272 0.08294480433479119 145.0 872.8713799837622 401.34897833113746 200.98192838144163 196.0 
0.031183616972682904 53.340448786531816 251.0 15.294384032009134 273.5349278189115 1.248879040994309 21.0 
0.13923885511154271 47.13867477751315 236.0 63.50407181963523 371.78833555482095 1.1379981337334448 21.0 
53.63364974358615 0.04696506197307418 100.0 870.8683222562513 534.0948078569957 284.9712169132887 196.0 
9.46071389142282 52.03889138844734 217.0 235.77200217002354 348.3413267061047 3.202380579400685 9.0 
0.2861699662401662 49.86216284502043 244.0 67.137668826144 90.03796336551353 9.36929503044098 32.0 
2.4569123631383896 53.24750160849091 230.0 158.06795015426172 295.4060195618292 1.248879040994309 11.0 
0.13923885511154271 51.565140537670935 256.0 2.809072448075897 187.39430708252348 1.1379981337334448 25.0 
37.94129931164582 0.01888249863159891 84.0 1491.4842708438416 746.3279891462408 365.53722561916464 196.0 
0.05077796248090305 51.383227918934544 202.0 690.5040930349178 299.24643687267996 4.401293598067559 15.0 
58.381359743006065 0.39789103002507886 83.0 1480.660048817373 1153.9050111693325 517.2258733893525 196.0 
0.1136141695925566 51.72305719855022 254.0 10.336152769870385 110.45516754956314 6.733186876782339 25.0 
0.012392271671862423 51.98424480019267 227.0 266.3644656599716 356.7401204702617 2.53692111955645 12.0 
0.1411354316025879 97.97752118142311 206.0 489.38050959588804 289.66013106605055 0.5344735548992601 0.0 
35.78899020466386 37.83520958151444 135.0 626.2101504537493 413.7460984678028 287.06716754430033 63.0 
18.260413843111785 0.04450415343322847 109.0 1497.0828508229479 534.0948078569957 284.9712169132887 196.0 
0.03749732918320312 51.41904466868888 203.0 655.908076351353 283.56253264290933 0.3139347465214124 15.0 
0.03968761883937234 45.57206270814776 230.0 268.08285591374954 314.1517015743909 6.619089592358988 35.0 
0.6783096595451149 52.96520769541365 257.0 3.4979339366283284 165.69980991097546 41.51412758789613 20.0 
9.017231664022631 46.86586515384412 216.0 343.8154942305341 361.7193305455918 3.318679062963946 25.0 
32.59658493519816 1.0198604331885157 129.0 870.8581869559367 402.62853081718043 234.50489500709924 193.0 
0.6783096595451149 51.70544708931071 250.0 17.6047076696506 154.64695445201804 9.439953970425904 24.0 
0.13266297499031388 51.054426580807075 252.0 10.100695724998978 282.95713982805063 1.248879040994309 28.0 
0.2979178474763407 51.23052141865843 247.0 35.018826668508375 278.43172888060826 3.2395146543793274 17.0 
0.045485612331125136 44.815115513726 266.0 1.3135129520080966 20.90389061332914 1.0730614748649703 50.0 
0.13716655848857837 48.20063030712083 205.0 534.4973741793085 298.8365865801985 4.6650929558942416 27.0 
39.548329556263866 0.5013753078242864 108.0 1477.9809096523884 535.6856986533007 666.3189908303531 193.0 
0.038399501278510204 50.883294597835665 245.0 57.12465654455211 205.65874488312647 3.0440085698460617 27.0 
18.13557908607404 0.08283504738321186 109.0 1454.420062387611 418.18181763014763 206.206422364816 196.0 
53.86773029325056 0.03209452455731168 83.0 1494.7982826058626 935.4119520843429 320.87320138494 196.0 
0.2861699662401662 50.634433605925636 241.0 102.69172190312219 151.12991944912702 5.89526334865883 28.0 
0.13266297499031388 51.054426580807075 227.0 261.44321423376186 282.95713982805063 1.248879040994309 14.0 
26.686181406692608 0.0010207713755576442 101.0 1144.6428659569638 424.46215019885074 344.2678841822976 196.0 
53.28884402504676 0.07474008698373014 84.0 1492.5064594628213 692.6162926168989 658.5295928057077 196.0 
26.686181406692608 0.0010207713755576442 101.0 1146.8003068784674 337.48092538008405 259.4186177006022 196.0 
0.011624957153976823 51.06393783428125 249.0 30.247838515552246 46.38404724579725 0.3279825882031914 28.0 
22.15467505281624 0.2394419653306814 107.0 871.3563261719994 443.27693461104934 206.4394102684024 196.0 
58.381359743006065 0.3066891710783466 83.0 1480.660048817373 1088.6846651893752 517.2258733893525 196.0 
0.2861699662401662 50.634433605925636 244.0 71.78600067838263 151.12991944912702 5.89526334865883 28.0 
22.15467505281624 0.09959619630929023 107.0 871.3563261719994 443.27693461104934 322.9963540775822 196.0 
53.63891162337484 0.054618952324306656 84.0 1483.1327951201613 803.505346334994 290.33062953912696 196.0 
0.04377842088099246 51.02883901987966 252.0 30.247838515552246 7.895181368424559 0.3279825882031914 28.0 
0.3446612777609417 37.129599775318404 185.0 626.2101504537493 413.7460984678028 287.06716754430033 67.0 
55.24924904669524 0.36859423768677274 88.0 1353.7706770728532 425.58311918115504 31.212078332643756 196.0 
0.13266297499031388 51.054426580807075 246.0 37.10597319102352 282.95713982805063 1.248879040994309 17.0 
53.56641006787056 0.36859423768677274 86.0 1309.7656664449923 425.58311918115504 277.07809022024617 196.0 
0.05296825213961231 45.311230361340975 229.0 268.08285591374954 320.1866639187809 0.7127343226283314 38.0 
0.006704384875136721 51.60873084638446 252.0 5.1809072795992535 314.2798357849775 1.2853332777125805 25.0 
55.24924904669524 0.36859423768677274 84.0 1498.1683526300576 425.58311918115504 277.07809022024617 196.0 
3.286929295236018 51.17829531493102 180.0 742.1650410294915 412.97857382692337 0.3279825882031914 17.0 
23.109320305972208 0.2394419653306814 107.0 699.7388376336738 443.27693461104934 237.95377389268592 200.0 
0.6752484748093108 46.93123286850806 248.0 9.179316494634065 343.88390440017747 0.20150008341481662 27.0 
3.286929295236018 49.41293192234238 178.0 839.6194876820915 395.1161816629378 0.3279825882031914 24.0 
0.1411354316025879 96.71776302530499 192.0 545.1864431512157 428.08072809785494 0.5344735548992601 0.0 
0.1136141695925566 50.96065784303925 254.0 7.96949926193318 110.08530136845934 6.889100206865554 28.0 
0.012392271671862423 51.98424480019267 250.0 6.2925352120312965 337.2199332089902 2.53692111955645 25.0 
0.5148681672647211 51.64382966078605 278.0 0.526691125993739 6.767051493966193 1.1947565025017763 24.0 
53.86773029325056 0.03209452455731168 83.0 1494.7982826058626 935.4119520843429 320.87320138494 196.0 
26.686181406692608 0.0010207713755576442 101.0 1146.8003068784674 426.0748930891785 259.4186177006022 196.0 
18.260413843111785 0.04450415343322847 109.0 1497.0828508229479 479.59344762268046 284.9712169132887 196.0 
17.938004245437163 48.23644705687517 192.0 534.4973741793085 293.683282119427 0.5344735548992601 27.0 
24.124098940234692 46.0139307620631 153.0 875.4898400289559 318.4017571577715 233.99406680984117 35.0 
0.5552251607891989 50.09169221131084 243.0 112.30813692549873 25.7502350347103 2.5699694307092766 31.0 
1.4252034041459272 63.67793041957354 180.0 863.4235738484426 401.34897833113746 200.98192838144163 0.0 
0.0455325975678632 50.96998925290879 245.0 57.12465654455211 197.55066013636693 0.8467922998164086 28.0 
53.59822041785024 0.05703149620396877 84.0 1490.2558440464186 702.3911224385204 290.33062953912696 196.0 
1.0814071657893805 52.24085930447884 231.0 124.47379928200527 343.88390440017747 0.40900760581775675 24.0 
59.38370305568842 0.36863948239518507 83.0 1495.0752489975278 1043.8865463070856 616.0419593224796 196.0 
0.01673010854505058 46.93123286850806 249.0 4.162103550935231 384.360190482818 0.18149334640611592 27.0 
0.04400505826466751 52.03889138844734 235.0 273.08597149924475 147.94299032965688 2.53692111955645 11.0 
15.194054157021501 0.08283504738321186 112.0 1494.8919844023012 332.48059186448324 206.206422364816 196.0 
0.6752484748093108 46.93123286850806 247.0 9.179316494634065 384.360190482818 0.20150008341481662 27.0 
