0.12353000450029322 46.834375176006176 283.0 1.8880098370546499 1.7141596573186302 0.9482075809447765 43.0 
51.261407786971255 0.24530089262209165 83.0 1494.341513613906 1394.3733114655436 621.4137771711863 196.0 
51.21695461565435 0.11755740490143818 92.0 1035.3654086430329 489.13146257134747 339.55363094731683 196.0 
0.22096485799387391 46.76655106590987 250.0 20.73934163291513 267.65478099278573 5.737470966166078 38.0 
21.437242081088105 0.2552014201870523 148.0 673.4161972451735 368.81846775890523 174.0920334269061 200.0 
31.659585591006028 0.06116509229367556 108.0 718.9515901094968 370.58561380708926 227.75692801391324 200.0 
0.09874578550316268 46.208504681272345 242.0 80.62498288950366 247.75461447708807 46.51292762810441 40.0 
0.1218799941003472 45.99999715275779 269.0 8.107638667122671 10.812612050445324 1.2250181099588224 46.0 
46.36884069417754 0.06278486205332592 83.0 1481.3744975358939 1265.4184942664972 719.7594250883302 196.0 
65.54991271531776 0.054941760737576055 83.0 1499.8157047784125 881.7600807205049 481.55089464170646 196.0 
66.36209328721998 0.32923342367728736 105.0 755.768428884438 359.83691568272155 272.48538297584463 200.0 
0.18292966552789786 43.78299439415808 249.0 3.0750752566214437 337.44748466310864 3.299321222891691 46.0 
152.60774964482783 0.3043354842291862 83.0 1498.8126187083026 510.46543837587365 384.6610887415589 196.0 
0.4160726811736946 35.57220138920644 247.0 9.824179059976785 25.048864410754504 11.473905874283052 82.0 
31.659585591006028 0.06116509229367556 105.0 760.3264239801952 515.4738589218354 227.75692801391324 200.0 
49.255250142283714 0.2650466885579871 84.0 1497.8321112243107 688.4691849833964 460.74286194324424 196.0 
0.12581638900901648 46.85963895932184 250.0 2.120739474203223 370.39120054281597 3.3676681319400785 26.0 
49.255250142283714 0.14594607908989116 83.0 1497.8321112243107 974.5027410207111 479.1830253952001 196.0 
0.12377805995189468 47.00962465493945 255.0 1.9230499184258931 140.34213893387408 3.329911464249471 43.0 
0.1696122683827041 46.24986349566448 239.0 229.648758190491 56.86187614154406 3.054052083973962 23.0 
65.59542205153112 0.054941760737576055 83.0 1499.7156772745873 1245.1716822477665 481.55089464170646 196.0 
0.16193042035734667 56.929141549244264 249.0 29.400195699974418 136.57871247185446 0.9449062779471156 7.0 
0.16193042035734667 57.98052015899888 253.0 19.59855041222663 115.79151215595257 0.9449062779471156 3.0 
0.40801732074369235 46.59067772319778 228.0 245.06238387658888 291.48989221555246 0.903366553184586 31.0 
0.1696122683827041 46.24986349566448 239.0 232.54778488866947 72.46399324375605 0.9311729536083053 29.0 
6.78676600309759 0.23985343458091912 122.0 960.3792486677527 391.75703788044495 467.1659205744712 196.0 
30.004691048183386 0.11755740490143818 98.0 1250.7330811911702 505.8705806064514 339.55363094731683 196.0 
0.30951920602895344 46.837715677099254 239.0 50.517500899891964 391.9377115350378 6.543464765285737 21.0 
16.48049760859614 76.11011134524918 167.0 629.1014967636066 371.6647024713636 313.6187571255371 0.0 
49.255250142283714 0.0863938377828044 83.0 1497.8321112243107 1160.8786385321707 482.7609349587477 196.0 
50.22635216972372 0.24530089262209165 83.0 1494.341513613906 1364.8390848213035 621.4137771711863 196.0 
0.15100445670193519 56.97833483574087 228.0 282.8419899963915 333.19448301583657 1.59025931187007 1.0 
964.5266284196025 0.041021792476999275 83.0 1494.956738968516 1136.7609242365168 622.6829362913984 196.0 
0.145758897563336 46.32254772726408 226.0 282.8419899963915 289.00612446791575 2.2350637408490304 35.0 
0.05479208384177729 41.8542391883756 227.0 397.72103165433714 328.2640615610022 1.1884419549762018 38.0 
0.013321123961510334 42.51731834878254 252.0 1.668014146203578 256.1869050539434 3.3870145122609907 55.0 
0.12353000450029322 46.834375176006176 255.0 1.8880098370546499 51.222592003095855 3.4847194316215333 43.0 
56.293677223166995 0.07464293761172139 84.0 1475.8725270361745 678.7661750714277 287.63045286038937 196.0 
22.704882600601913 0.24845780965199848 106.0 1010.4294834941593 566.3161650567159 3.5604618788136153 196.0 
0.09773687947907048 38.98604311985254 227.0 317.01357480012626 355.0537941176231 2.594599315541484 60.0 
0.14523370810328695 58.44754592464642 185.0 635.7383871982705 372.43291076398475 229.34104675000674 0.0 
16.48049760859614 0.047454735056647615 113.0 923.7790282502974 388.57066434843637 313.6187571255371 196.0 
0.045774726969752204 42.81390415932151 229.0 261.442721114789 332.6723505650765 2.7494441801733305 34.0 
782.06325456617 0.24582814382760076 83.0 1499.490699983435 1029.1595026423192 622.7028844203356 196.0 
51.261407786971255 0.15056262724244174 83.0 1497.9162197317885 971.9002714284183 621.4137771711863 196.0 
0.02682244276916812 47.85490719252685 240.0 50.84396573276665 352.2417295665772 0.11960253469031912 24.0 
0.1696122683827041 46.24863324450017 246.0 248.99773761228755 15.014360693554629 3.054052083973962 29.0 
0.1696122683827041 46.24986349566448 240.0 232.49274834055808 33.333015832104046 3.0516206652645614 25.0 
51.261407786971255 0.24530089262209165 83.0 1494.2968712523677 1014.3511500474301 621.4137771711863 196.0 
49.20974080626788 0.0863938377828044 84.0 1497.9256462053636 797.4622903148415 482.7609349587477 196.0 
30.004691048183386 0.11755740490143818 98.0 1250.7330811911702 467.4302854207136 339.55363094731683 196.0 
0.16229284489052803 43.8691372279463 231.0 454.8708958564409 340.99227902596317 2.4692340910505153 42.0 
6.78676600309759 2.0164307704010795 131.0 960.3792486677527 391.75703788044495 2.781865319826551 189.0 
1.4483918113348953 61.15677703868116 192.0 706.7989741019682 370.58561380708926 2.751764639907961 0.0 
65.88329650142538 0.2406843450496292 84.0 1493.4325131423625 559.6871090094708 481.4430804757349 196.0 
1.2566153009317147 46.48005429337916 226.0 286.2194290486702 357.60722906744957 0.8773369832994333 34.0 
0.30951920602895344 46.310695828609724 245.0 23.8533454916315 391.9377115350378 6.543464765285737 29.0 
49.398613304692766 0.4101027402040427 84.0 1496.4589732944567 527.8413859498507 261.2963062465039 196.0 
50.18189899840682 0.11755740490143818 90.0 1035.3654086430329 675.520345392744 404.69952170539943 196.0 
1.4849161420574335 0.03677713865707111 126.0 1431.8368881651213 361.6430817240191 261.2963062465039 196.0 
0.262359557836219 45.01001217660142 230.0 387.081091626098 281.38712514043686 0.32764297549625154 38.0 
0.05479208384177729 41.8542391883756 228.0 397.72103165433714 313.56365285120694 1.1884419549762018 38.0 
0.1696122683827041 45.608608584191174 239.0 229.648758190491 59.5729934923167 3.054052083973962 24.0 
3.7510142107175746 42.842628849784575 199.0 610.9312971005946 325.1109784330772 20.397886509789185 45.0 
0.4160726811736946 38.2688147374993 243.0 24.678528237123572 25.216898881052572 11.934686354998966 75.0 
0.2273374651933937 46.834375176006176 232.0 91.0288297132615 374.0355083216823 0.12553897598225827 22.0 
0.18744564923311535 57.694485117270325 239.0 94.74730436829141 294.16814605767496 3.392809268083843 0.0 
0.31607611474521013 40.92331971971682 249.0 8.130420064879038 231.27966445746532 2.6980487678731473 64.0 
49.255250142283714 0.2406843450496292 84.0 1494.2127332468413 744.189377775217 479.1830253952001 196.0 
0.301396270577567 42.795598405720604 206.0 519.3824259065676 372.5434448375498 19.179761889921153 45.0 
0.013321123961510334 42.51731834878254 252.0 1.6727163422824916 256.1869050539434 3.3870145122609907 55.0 
3.86240281604769 41.78171750350626 201.0 527.8569404973446 311.6088521850296 19.331285122513187 38.0 
1.1407817827779259 46.48005429337916 225.0 389.4615930739187 357.60722906744957 0.8773369832994333 34.0 
0.301396270577567 46.834375176006176 232.0 100.7562178123911 372.5434448375498 19.179761889921153 25.0 
65.54991271531776 0.054941760737576055 83.0 1499.8157047784125 809.8648630369294 481.39530282632626 196.0 
31.724095598424697 0.293020166160459 95.0 1473.983156878173 512.9073294807771 261.2963062465039 196.0 
5.873329146061811 40.92331971971682 243.0 8.130420064879038 231.27966445746532 2.695375853242294 60.0 
3.661864792127036 43.14437094003888 201.0 519.0078105459511 344.13836565701774 3.005948399875005 45.0 
5.042155537777373 45.60670363410799 244.0 21.879508190509767 59.84283478948416 3.3417594629880156 43.0 
1.632291140886764 0.006860958459519395 125.0 1487.449626275161 512.9073294807771 261.2963062465039 196.0 
0.1696122683827041 46.24863324450017 246.0 229.648758190491 15.014360693554629 3.054052083973962 23.0 
0.014952350896199798 46.85963895932184 255.0 1.6795667554762848 65.0484400276178 3.291337019115305 43.0 
1.1407817827779259 46.48005429337916 225.0 389.4615930739187 357.60722906744957 0.8773369832994333 34.0 
0.00595233735120311 45.57854378654365 254.0 0.5117218611930525 294.9239580318955 3.229742473663761 42.0 
50.382114847216734 0.2406843450496292 84.0 1494.2852656558862 729.2553213425384 479.1830253952001 196.0 
0.12072259921696804 42.842628849784575 201.0 748.5807975017578 328.4895229003056 19.92265043714997 45.0 
0.21353112361325677 46.83487421199626 234.0 80.4658889202037 341.8074544471137 3.5805877167195366 20.0 
22.704882600601913 0.24845780965199848 106.0 1010.4294834941593 566.3161650567159 3.5577889641753515 196.0 
1.1407817827779259 55.2367778538367 198.0 659.0972003886018 357.60722906744957 0.060831089692777285 2.0 
3.7510142107175746 42.842628849784575 201.0 517.1981048371256 350.0359966685123 20.397886509789185 45.0 
4.706986447336039 46.50938585690892 223.0 236.59216228478505 329.79515097005714 3.1044342195244825 27.0 
0.04472169908792151 42.16529712567423 251.0 0.07183877657427473 115.79151215595257 5.171541064543241 61.0 
5.384111244330901 42.39920524146512 192.0 652.8428603180984 357.622865397195 19.92265043714997 43.0 
4.3268618795349445 48.26145916794541 192.0 574.6837922265078 376.5963842222853 23.273167869676428 27.0 
0.12353000450029322 46.834375176006176 244.0 63.97734639851309 49.790250823160896 9.86914267145131 43.0 
0.13772348207327645 41.87245784413774 240.0 164.93331696599554 56.97740887933912 0.9623459672189307 59.0 
0.25730488867490764 57.783506383941976 192.0 583.1066003587523 376.85177954832693 2.563882649648779 0.0 
49.255250142283714 0.14594607908989116 87.0 1257.5359281182164 502.0115249791371 482.0619097232351 196.0 
4.464657627870789 45.611631373452845 241.0 47.06071257944045 65.0484400276178 3.1084628650505746 43.0 
50.525478009625786 0.32108271692655643 84.0 1496.5315057155537 512.9073294807771 261.2963062465039 196.0 
