68.75615854187522 0.2840703994475033 82.0 1493.717922668379 1494.5025615359832 892.6118385785335 196.0 
0.19765757841487 58.756295530515196 287.0 0.3424096703511488 0.38899896555690816 0.3575770196165399 0.0 
0.19765757841487 58.40832970864436 247.0 48.53900715276406 13.957114132590661 0.9315400014953253 3.0 
0.434237324189637 39.031042610414744 246.0 10.92433956594899 75.77959273271667 0.9754487398042488 71.0 
54.050246897657445 0.30851111944812937 85.0 1390.147537593864 470.5884627826151 235.55080776653384 196.0 
33.31249128872142 0.44407214074892426 84.0 1494.9916162523523 759.722247750592 271.35707120337617 196.0 
3.173099217610744 39.220979227000186 222.0 467.09170483403904 344.1113111614396 6.300570893498593 60.0 
52.58155091009843 0.45908927450107023 83.0 1498.105342337584 845.2357592382176 289.8769057133977 196.0 
0.197370841624048 47.92785866824392 227.0 419.05280031912315 341.45818274909607 1.0067556605278478 27.0 
0.1215968484668805 40.02293813222383 227.0 247.07799169960086 370.5775566821378 16.085754325597243 56.0 
51.77987884958055 7.714467868790516 127.0 1350.333376273148 416.14865556638443 266.9404928349193 168.0 
0.030883863782866117 57.92752234084865 249.0 29.121974098343774 162.61785086848965 2.656481786485415 3.0 
0.010869093825123244 45.530984734479816 253.0 300.77017446168065 0.37404307932464276 0.4094919729355374 35.0 
0.19765757841487 58.82719190331896 259.0 0.750762493405694 258.1646514433528 0.9420228415346565 0.0 
0.10628560899391126 3.1102797656015397 148.0 955.5431203819701 411.2321980735196 0.9921523594228319 186.0 
58.75669470687975 0.4609096404564207 83.0 1497.9257437183703 868.5354880459987 518.3512689638893 196.0 
0.1505769936800509 46.54963540630844 248.0 12.499346393375944 370.56241181253523 16.26201557156781 24.0 
52.56652808082465 0.37388611613032374 83.0 1499.7588480732838 933.3011333597844 650.6062100665952 196.0 
0.3243638687085753 57.590943956361436 241.0 85.83118362000641 262.560153631272 0.12692941215052045 0.0 
3.173099217610744 44.50961910424532 224.0 324.1550635724761 345.1949550876309 0.6993404433222294 36.0 
58.74981267406192 0.08929537355105534 83.0 1495.3108582313696 1056.4853015927572 528.4096392506592 196.0 
3.036631498434822 0.12214113510227184 124.0 1498.0043336705173 504.3120575160592 316.90650440600433 196.0 
52.846546059800346 0.43502497501351484 83.0 1499.9961605270112 1404.9541900729423 444.9836762371601 196.0 
58.75669470687975 0.4609096404564207 83.0 1497.9257437183703 798.0623128684119 518.3512689638893 196.0 
58.92004383685908 0.08929537355105534 83.0 1495.3108582313696 1163.3703985567395 522.6101687441861 196.0 
0.20741982785531507 59.42832855912324 250.0 25.010421527266292 138.5223368752478 1.0260666133913627 0.0 
0.23507745691095 43.10688244988148 237.0 187.97551659202372 110.87786447403349 1.196829421960669 52.0 
0.3243638687085753 57.590943956361436 253.0 14.325644528153717 262.560153631272 0.12692941215052045 1.0 
0.5209873834346499 37.9236702750342 192.0 556.4354213179679 404.7015816184223 6.388530009848157 63.0 
1.519919669239123 43.18399249810275 233.0 57.81381320965852 359.84205049876965 1.5670615193851969 47.0 
59.02579211637991 0.3516540616684453 83.0 1498.5748957442179 1288.1735478443918 350.4525429072642 196.0 
0.1505769936800509 46.54963540630844 233.0 84.06842406364265 370.56241181253523 16.26201557156781 20.0 
0.012604907053753722 3.1102797656015397 137.0 1044.5782445382902 406.9848879746694 0.9921523594228319 186.0 
12.215418097859647 0.4124046747207819 117.0 928.5425370429373 381.910007752703 257.66747596373074 196.0 
2.8679367492558896 1.2004075764278532 146.0 970.6859701841506 342.2483411863175 16.21979447162866 193.0 
0.3243638687085753 57.833927758749766 242.0 85.83118362000641 252.90828635646545 0.12692941215052045 1.0 
1.3724587103313342 46.61183366693605 228.0 300.26537928018865 316.0995595471953 3.9108936186904284 30.0 
0.3243638687085753 57.590943956361436 233.0 85.83118362000641 359.7544013255829 0.12692941215052045 1.0 
0.2951809493318873 58.66750847142616 242.0 56.658983621951464 298.7804550949234 6.641920348979758 0.0 
19.71756636650854 18.231954890374325 192.0 620.268156843304 365.5996003786637 6.371913128245392 141.0 
65.28286900639434 0.34997232327620803 83.0 1492.8840466488875 1159.3365545344475 367.81287905969543 196.0 
7.23498281510712 59.19327830499418 184.0 712.4098663841773 364.8796910707815 72.76048477411308 0.0 
0.010869093825123244 45.530984734479816 267.0 19.33494330826619 1.7600691432440527 0.4094919729355374 46.0 
59.02579211637991 0.3516540616684453 83.0 1498.0302983296751 1288.1735478443918 528.9271491309696 196.0 
11.269856399295694 0.3889372310932657 116.0 1403.8212589619523 418.369810754089 92.2287410638085 196.0 
55.7727692168732 0.12214113510227184 84.0 1498.0043336705173 516.2513981874906 316.90650440600433 196.0 
3.915357284445112 0.388934142756148 185.0 708.4302601264692 362.293871930593 55.12194985505371 200.0 
7.23559180363711 47.236889356154336 242.0 22.077216298808253 184.43476042433684 0.3506044885009504 38.0 
0.9743311563368522 0.9664255007513454 149.0 916.7700823875709 346.95896048306753 18.23093968842531 193.0 
0.2751228962245893 45.88522283293 232.0 84.9937408101294 383.949951317766 15.159319701999554 24.0 
59.46456623552761 0.388934142756148 145.0 712.4098663841773 364.8796910707815 70.32008742459129 200.0 
0.19765757841487 58.62777722665487 227.0 302.1529114962457 258.1646514433528 0.9420228415346565 0.0 
0.1215968484668805 39.972039794064926 228.0 186.11210953545594 370.5775566821378 16.085754325597243 58.0 
0.5209873834346499 45.43055775611306 247.0 12.30887650831874 347.8446092363887 0.32856473866208874 39.0 
0.13801477503266624 44.28936394694341 249.0 19.722689834308696 208.34921438373846 0.3506044885009504 53.0 
39.44666253894384 2.353141572151305 128.0 1127.837530106171 385.71563862106757 5.799286413070334 189.0 
1.1597502434502138 45.93008830302727 249.0 20.67553735006146 98.54394745389911 6.641920348979758 45.0 
57.51080897816526 0.4644410911805539 83.0 1498.1071047781052 1482.4140141293883 721.7123118337511 196.0 
4.395916251470759 1.8549343397163653 129.0 923.4963789305623 438.636294073082 354.5290480289312 189.0 
54.67502899195471 0.027050639381899277 84.0 1499.9182944201118 584.0781716738821 330.7871801778755 196.0 
0.2689041734252545 43.773543247631174 249.0 21.7120093259266 129.4116838386146 0.28113237408161135 53.0 
1.6545051990114672 39.186639315463275 244.0 10.92433956594899 75.77959273271667 0.36747999466986236 70.0 
50.223825422200356 0.07535976899150792 93.0 1127.837530106171 440.0598626204396 258.13100652104794 196.0 
0.2701522613957563 45.193836538249606 229.0 164.45283137357546 372.0658553293313 0.6441840382380176 27.0 
0.030883863782866117 57.92752234084865 250.0 25.010421527266292 150.97021238594021 0.9640198287054389 3.0 
1.1597502434502138 45.93008830302727 181.0 793.6111951049024 366.27650709382374 1.8707969105982083 35.0 
0.15519791843012007 50.23756608381112 250.0 10.096262566032678 326.58762231269276 7.805775627804172 32.0 
54.67502899195471 0.6947780291198953 114.0 1499.9182944201118 584.0781716738821 284.9087796060237 193.0 
3.05961587066438 49.018557335544926 225.0 235.03263202958357 345.1949550876309 6.371913128245392 19.0 
0.434237324189637 39.27402640492519 240.0 41.13579767459606 75.77959273271667 0.9754487398042488 71.0 
1.5102305249305452 44.67831769302197 241.0 57.81381320965852 256.77526907485367 0.0024673791838770165 44.0 
1.5935873709837853 58.54498074036071 256.0 6.599048084789139 91.52256761908477 0.3692645317877334 0.0 
0.2689041734252545 43.773543247631174 250.0 16.277008562565843 161.0776102440977 0.3506044885009504 53.0 
0.17871887199684866 57.92752234084865 255.0 43.30416804058473 1.086056032797221 0.9640198287054389 3.0 
0.3243638687085753 57.590943956361436 263.0 14.325644528153717 12.13573451569826 0.9231105604686114 3.0 
3.144920970547206 45.93008830302727 247.0 20.67553735006146 98.54394745389911 6.641920348979758 44.0 
0.197370841624048 45.94995483973293 239.0 316.5097936520733 34.42537856790392 1.0067556605278478 31.0 
0.08313542860229417 38.68948856378621 282.0 0.05279746300476518 0.38899896555690816 0.36124548233763937 71.0 
59.02579211637991 0.39481062880336726 83.0 1498.1071047781052 1481.1436712575974 540.273513558034 196.0 
52.846546059800346 0.43502497501351484 83.0 1499.9937462993585 1404.9541900729423 562.2974298205415 196.0 
0.7135639039041912 45.43055775611306 233.0 150.9894413985345 259.3959692207883 5.725287173274182 38.0 
0.2835404431015621 57.099689737711884 240.0 45.41867169815013 376.5160796800409 0.2628548305860766 3.0 
0.619965457397786 28.970297097365254 199.0 533.7219207842292 376.21638012378054 17.414992446450142 105.0 
0.20928857411102408 39.27402640492519 239.0 41.13579767459606 253.60619554199766 0.18022982813658311 70.0 
42.82578717387608 0.3516540616684453 83.0 1498.921150358903 1288.1735478443918 528.9271491309696 196.0 
52.18999554759144 0.39617600179794 85.0 1423.9942774421263 669.8777912840909 406.0168593291979 196.0 
4.22818274129912 39.54820400861185 222.0 310.1573398555274 365.5996003786637 6.371913128245392 54.0 
57.51080897816526 0.4644410911805539 83.0 1498.1071047781052 1482.4140141293883 721.7123118337511 196.0 
59.02579211637991 0.4619979005345015 83.0 1498.6517021923732 1481.1436712575974 540.273513558034 196.0 
0.10628560899391126 3.1102797656015397 178.0 755.9201588606443 411.2321980735196 0.9921523594228319 189.0 
20.858043012671416 7.671229225165294 127.0 1350.333376273148 417.64094494697883 266.91636222408744 168.0 
45.1744106847465 0.07535976899150792 93.0 1127.837530106171 438.636294073082 243.4026040199318 196.0 
0.010869093825123244 45.431726173811626 225.0 322.08854242789863 398.47531971758474 0.06545258210898142 38.0 
11.269856399295694 0.388934142756148 173.0 712.4098663841773 375.4220164036918 57.77866220114433 200.0 
56.39690274716416 25.24613207033173 193.0 473.8702176390816 342.1160269422593 2.8485681232687377 121.0 
0.2714123379268606 45.024810587378774 229.0 164.45283137357546 376.50203512539053 0.30053435977540954 27.0 
0.5568029683506117 37.396100344671694 192.0 556.4354213179679 392.54233874360864 5.559500654848686 67.0 
52.18999554759144 0.39617600179794 85.0 1423.9942774421263 669.8777912840909 406.0168593291979 196.0 
21.709916062357177 0.07535976899150792 106.0 1084.5625850576037 442.13466031678934 266.85460691848687 196.0 
4.22818274129912 39.54820400861185 221.0 310.1573398555274 376.6027191563012 6.371913128245392 54.0 
