0.622 2834.0 2.0285714285714285 
-0.57 6162.0 1.8714285714285717 
0.126 3303.0 0.6571428571428571 
0.622 2834.0 2.0285714285714285 
-0.57 6162.0 1.8714285714285717 
0.618 2837.0 2.0285714285714285 
-0.569 6020.0 1.8571428571428574 
-0.545 5220.0 1.7857142857142858 
-0.559 5887.0 1.7714285714285716 
0.598 2850.0 1.9571428571428575 
0.482 2923.0 1.5714285714285716 
0.251 3080.0 1.2285714285714286 
-0.508 4461.0 1.6714285714285715 
0.349 3014.0 1.2 
-0.457 4270.0 1.5285714285714287 
-0.35 3905.0 1.2571428571428573 
0.049 3388.0 0.7571428571428572 
0.522 2900.0 1.7 
0.46 2937.0 1.5000000000000002 
-0.516 4545.0 1.7142857142857144 
-0.449 4207.0 1.4857142857142858 
-0.55 5105.0 1.8 
-0.537 4911.0 1.7571428571428573 
-0.483 4797.0 1.6142857142857145 
-0.468 4347.0 1.5571428571428574 
-0.056 3287.0 1.1285714285714288 
0.594 2854.0 1.9428571428571428 
-0.235 3725.0 1.0571428571428572 
-0.516 4968.0 1.7 
-0.564 5759.0 1.842857142857143 
-0.193 4089.0 0.9142857142857144 
0.578 2864.0 1.9000000000000001 
0.166 3225.0 0.7428571428571429 
0.375 2991.0 1.2857142857142858 
-0.04 3389.0 0.8714285714285714 
-0.327 4149.0 1.185714285714286 
-0.36 3782.0 1.2714285714285716 
0.537 2888.0 1.7571428571428573 
0.228 3112.0 1.0285714285714287 
-0.222 3510.0 1.1 
-0.385 3940.0 1.342857142857143 
-0.265 3748.0 1.042857142857143 
0.437 2951.0 1.4285714285714286 
0.179 3243.0 0.7142857142857143 
-0.289 3707.0 1.1142857142857143 
-0.522 4643.0 1.7285714285714286 
-0.158 3702.0 0.8857142857142858 
0.072 3335.0 0.7000000000000001 
-0.388 4006.0 1.3571428571428574 
-0.429 4041.0 1.4714285714285715 
-0.429 4417.0 1.4571428571428573 
0.294 3052.0 1.3 
-0.501 4388.0 1.657142857142857 
-0.175 3483.0 1.0000000000000002 
-0.316 4073.0 1.1571428571428573 
0.063 3342.0 0.7285714285714286 
0.303 3040.0 1.142857142857143 
-0.551 5335.0 1.8142857142857145 
0.329 3029.0 1.185714285714286 
-0.195 3979.0 0.9285714285714287 
-0.12 3547.0 0.8571428571428572 
0.14 3181.0 0.9714285714285714 
0.214 3152.0 0.9857142857142857 
-0.075 3534.0 0.7857142857142858 
0.108 3438.0 0.6714285714285715 
-0.419 4180.0 1.4285714285714286 
-0.54 5063.0 1.7714285714285716 
-0.495 4319.0 1.6428571428571428 
-0.109 3631.0 0.8142857142857143 
-0.371 3986.0 1.3 
0.397 2976.0 1.3285714285714285 
0.268 3066.0 1.1142857142857143 
-0.477 4398.0 1.5857142857142859 
-0.41 4115.0 1.4000000000000001 
0.2 3159.0 0.9714285714285714 
0.189 3124.0 1.042857142857143 
-0.556 5548.0 1.8285714285714287 
0.06 3197.0 1.1857142857142857 
0.005 3299.0 1.0142857142857142 
-0.526 4659.0 1.7428571428571429 
-0.559 5699.0 1.8285714285714287 
-0.307 4047.0 1.142857142857143 
-0.4 3870.0 1.4000000000000001 
-0.407 4122.0 1.3857142857142857 
-0.241 3586.0 1.3 
-0.523 4745.0 1.7285714285714286 
-0.56 5582.0 1.8571428571428574 
-0.206 3754.0 0.9571428571428571 
-0.011 3480.0 0.8285714285714287 
-0.369 3816.0 1.3 
0.565 2871.0 1.842857142857143 
-0.482 4335.0 1.6000000000000003 
0.577 2869.0 1.885714285714286 
0.111 3312.0 0.6857142857142857 
0.087 3658.0 0.6857142857142858 
-0.554 5485.0 1.8142857142857145 
-0.125 3649.0 0.8428571428571429 
-0.225 3969.0 1.0 
-0.547 5425.0 1.7285714285714286 
-0.019 3528.0 0.8000000000000002 
