0.167 3276.0 0.6571428571428571 
0.62 2836.0 2.028571428571429 
0.623 2833.0 2.0285714285714285 
-0.569 6104.0 1.8571428571428574 
-0.558 6789.0 1.8285714285714287 
-0.519 6288.0 1.7 
-0.461 4867.0 1.5428571428571431 
0.521 2908.0 1.7 
0.323 3027.0 1.157142857142857 
0.591 2856.0 1.9285714285714288 
-0.473 4657.0 1.5714285714285716 
0.111 3641.0 0.6857142857142857 
0.362 3003.0 1.2428571428571429 
0.6 2849.0 1.9714285714285718 
0.566 2871.0 1.8571428571428574 
-0.5 4752.0 1.657142857142857 
-0.501 5713.0 1.657142857142857 
-0.564 5641.0 1.842857142857143 
0.423 2962.0 1.3857142857142857 
-0.567 5944.0 1.8571428571428574 
-0.565 5876.0 1.8571428571428574 
0.388 2982.0 1.3142857142857145 
-0.518 4461.0 1.7571428571428573 
-0.387 4080.0 1.342857142857143 
-0.46 5530.0 1.5285714285714287 
0.499 2915.0 1.6285714285714288 
-0.395 5324.0 1.3714285714285717 
-0.185 3732.0 1.0000000000000002 
0.489 2939.0 1.6000000000000003 
-0.051 3628.0 0.7285714285714286 
-0.159 3551.0 1.0000000000000002 
0.196 3233.0 0.7285714285714286 
0.373 2992.0 1.2857142857142858 
0.458 2947.0 1.5000000000000002 
-0.508 5684.0 1.6714285714285715 
-0.515 4510.0 1.6857142857142857 
0.293 3099.0 1.0142857142857142 
0.577 2863.0 1.9000000000000001 
-0.01 3341.0 0.8714285714285714 
0.273 3077.0 1.0571428571428572 
0.298 3053.0 1.1 
-0.526 4986.0 1.7285714285714286 
-0.241 3524.0 1.1142857142857143 
-0.497 4542.0 1.6428571428571428 
-0.377 5178.0 1.3142857142857145 
-0.347 3884.0 1.4000000000000001 
-0.303 4301.0 1.1285714285714288 
0.143 3281.0 0.6714285714285715 
-0.511 4374.0 1.7285714285714286 
-0.531 4929.0 1.8 
0.576 2866.0 1.885714285714286 
0.253 3083.0 1.0285714285714287 
-0.255 3607.0 1.0857142857142859 
0.232 3192.0 0.7857142857142858 
-0.412 5370.0 1.4000000000000001 
-0.443 4340.0 1.4857142857142858 
-0.027 3435.0 0.8571428571428573 
0.183 3163.0 0.9714285714285715 
-0.171 3948.0 0.9 
-0.321 3764.0 1.2285714285714289 
0.211 3127.0 1.185714285714286 
-0.356 5170.0 1.2571428571428573 
-0.323 5083.0 1.1714285714285715 
-0.336 3795.0 1.2142857142857144 
0.055 3315.0 0.7999999999999999 
-0.554 5215.0 1.8142857142857145 
-0.539 5093.0 1.7857142857142858 
-0.262 4014.0 1.0285714285714287 
-0.23 3980.0 0.9714285714285714 
-0.369 5039.0 1.2857142857142858 
-0.43 4212.0 1.4571428571428573 
-0.117 4982.0 0.7857142857142858 
-0.445 4635.0 1.4857142857142858 
-0.556 5437.0 1.8285714285714287 
-0.071 3849.0 0.7428571428571429 
-0.373 5225.0 1.3 
-0.416 4189.0 1.4142857142857144 
-0.326 5110.0 1.185714285714286 
0.038 3305.0 0.8428571428571429 
-0.169 3489.0 1.2142857142857144 
0.449 2953.0 1.4714285714285715 
-0.126 3508.0 0.9571428571428571 
-0.458 4567.0 1.5285714285714287 
0.021 3266.0 1.0714285714285714 
0.024 3355.0 0.8142857142857144 
0.443 2956.0 1.442857142857143 
0.154 3186.0 0.9571428571428573 
-0.143 4242.0 0.842857142857143 
-0.482 5468.0 1.6000000000000003 
0.069 3393.0 0.7142857142857143 
0.277 3065.0 1.0428571428571431 
-0.399 4097.0 1.3857142857142857 
-0.082 3422.0 0.9 
-0.477 4211.0 1.5857142857142859 
0.611 2843.0 2.0000000000000004 
-0.291 3688.0 1.142857142857143 
-0.391 4095.0 1.3571428571428574 
-0.319 5129.0 1.1571428571428573 
0.609 2844.0 2.0000000000000004 
-0.294 4286.0 1.1 
