37366.10759038399 1.257629070820686E-4 0.0031730674179685212 0.02959053934683603 0.32734168318533385 0.9967566804380625 0.040267006744378886 0.44477013613465316 0.0054461565206346055 0.5062498403919043 0.001055699462868328 
1278.6985842510612 1.57402400523189E-4 1.7150483500986475E-4 0.2997609872793289 0.2998901888755357 0.0026852993198693276 0.8507195803755124 0.14447923165179566 0.00218153160424908 0.10612110495442667 1.9913943761999914E-4 
1278.6985842510612 1.57402400523189E-4 1.7150483500986475E-4 0.2997609872793289 0.2998901888755357 0.0026852993198693276 0.8507195803755124 0.14447923165179566 0.00218153160424908 0.10612110495442667 1.9913943761999914E-4 
1375.2786809611468 1.8204894203619756E-4 6.56759784502009E-4 0.28391223472816335 0.3003144771910568 0.6278358796133399 0.07959164878035115 0.3736055414549571 0.003659392010710678 0.03646050762773247 1.5182155322866075E-4 
32310.26152383872 4.3354772422530804E-4 0.0029908657685948927 0.29400780971255397 0.31160759306883057 0.9963781564245309 0.6082888607971864 0.3578583974624535 0.001097566218863184 0.0524190927422143 8.564481317764273E-5 
30601.51466028596 0.0015442587164069261 0.0034280076308603915 0.037407808671542905 0.28826215719301695 0.9967566804380625 0.6273977087177135 0.6310879433901911 0.00787613522905783 0.4275352112003885 3.6518178869420485E-4 
1252.996570399121 9.180687676975749E-5 0.003024062201678209 0.30086472502702777 0.3033421910055906 0.03747465330181432 0.6009094780488506 0.07375090621210736 0.005109210904514424 0.056128964972577994 0.001935082850045303 
20806.77978420581 1.3864573172076477E-4 0.003149935371447276 0.29400780971255397 0.3111692886089621 0.9864966974516797 0.593305136840616 0.6188581666960903 0.020174437995409154 0.06621164228047585 7.76966969270589E-4 
8586.853204080637 1.4952241391200138E-4 0.003149935371447276 0.29400780971255397 0.3111692886089621 0.5412742187196671 0.593305136840616 0.5514993789547662 0.010811486420889872 0.06621164228047585 2.9083606166211426E-4 
25770.474869174293 2.0425205287803218E-4 0.0029893043659062497 0.01524470098021416 0.27890026750166386 0.9968043350658755 0.7887212853959177 0.27031047983343237 2.8556515481662176E-4 0.10080316004829634 0.0037152563556853914 
3125.3941657650807 0.0014339033988078594 0.0031522002201119247 0.2882104304025539 0.3012670633696439 0.7448611756893773 0.8301670987218349 0.1936532107160081 0.001877960040782453 0.06569306303604242 9.014290019043934E-5 
1260.6567087689616 1.9351928363381285E-5 0.003123796296380441 0.2901981321225321 0.3002695554558374 0.3526712245314721 0.09041932780348394 0.2961478469050455 0.01105702383062697 0.05112488300402198 0.001954007739840734 
981.7742335870528 0.001578145917478194 0.00432681544011827 0.3168592986956229 0.31687102620517693 0.12167655355995671 0.7066123559895119 0.0708107212144475 0.006804041431046452 0.06560071848016874 0.0037204224092966818 
8888.567473672061 0.0014561511761992268 0.003464104168578961 0.29262538420908585 0.3002907943122076 0.20155851503999667 0.8018559213645418 0.25447628697190955 0.002205704540105354 0.04705901866162718 4.887627793363665E-4 
1225.457093691511 1.66458736075339E-4 0.003159611017426073 0.2931431971271863 0.30539396199825536 0.18027503246480506 0.8240781070921852 0.6739111477541545 0.006709740649832169 0.06426901210665145 0.001966346448604752 
1817.8155789449916 2.1852504602061173E-4 0.0029830222119665998 0.2803380006525777 0.30370479921747334 0.6028821839156626 0.9201287688698923 0.04975142287519271 0.009089195829552647 0.0519583893689667 0.001140624529818304 
1298.0112442616432 1.9096835973121435E-4 0.0029120163080696548 0.2945440570605909 0.3117574036459511 0.46045785123315286 0.834436636692592 0.2517906374943577 0.0023307819896179046 0.07251085982141722 7.637211979689117E-4 
1102.609703262024 2.0097488243157988E-4 0.003101596605265965 0.28101388946968003 0.3048167330563186 0.163426393168882 0.523224545845095 0.17412028124519982 0.0016413634255467826 0.0032709113110105867 0.0018335333633061964 
2104.37022781062 2.8249431382795244E-4 3.46227088634946E-4 0.28668473418316814 0.3061396994882731 0.1930815959817435 0.6035767021556145 0.0808476451333241 0.0057407442537088516 0.04222342990939364 7.774200130496452E-4 
1932.5415103583102 2.9066496417950918E-5 0.0029988261298488856 0.29645387936815193 0.30001484594681443 0.2355260901015231 0.2827484355495329 0.027764596429737762 0.005650299722412974 0.0023029314752765935 0.0010401651212415596 
999.2189347727594 1.7226790883773086E-4 0.0032101051491366193 0.3163598070306069 0.31666359901447255 0.05923858633867096 0.8230961649809262 0.1753483779945023 0.004763021473915689 0.0807898917646006 7.697611868814069E-4 
1040.118075651284 0.0014678810557123816 0.002856246118146078 0.29419353045114977 0.3112491574715988 0.6415488813646572 0.8420009744677149 0.5801326506592197 0.0024160045993025236 0.21113994026449914 0.002062264960522965 
1253.5796427695443 1.2702845834646948E-4 5.18028580278243E-4 0.30086472502702777 0.3033421910055906 0.0844560469498834 0.6009094780488506 0.0708107212144475 0.005109210904514424 0.056128964972577994 7.751202677587713E-4 
1846.095722133296 0.0015221024531940214 0.0029493278916461604 0.27645828252351023 0.30539396199825536 0.33022802067173085 0.8412511357119702 0.13456722778338945 0.0028030923009275815 0.02286540127128542 0.001966346448604752 
1253.5796427695443 1.1946719300877807E-4 5.222630119793568E-4 0.2921133549185744 0.3033160982233645 0.39572602936069745 0.9887092855668403 0.0708107212144475 0.005109210904514424 0.004167287217665544 7.751202677587713E-4 
1260.6567087689616 5.418616395529305E-4 0.0031645211365920268 0.23197605651344794 0.2905507925133539 0.9009868850886128 0.09041932780348394 0.3008664630040285 0.003937530359496097 0.00682548609229619 2.0781203627496343E-4 
1426.0804649262432 6.32033846519706E-5 8.077174105799894E-4 0.2725889579764689 0.2847041054686507 0.8385076087951641 0.021503965607934217 0.2874256102723154 0.003765022927236992 0.033838519491315576 0.0015577369946604691 
1466.2554117974382 1.0367718765587904E-4 0.0034581685660849725 0.2938999903370421 0.3101491266598102 0.9797118987908959 0.5424780598654849 0.07375090621210736 0.005109210904514424 0.05609501682153314 5.980214368885052E-4 
1240.5475534619775 4.187009310657175E-4 0.0013078128676436245 0.28896825650105273 0.3054488610397405 0.1021195911352907 0.6059360107763571 0.04440614065048426 0.0012210648414364574 0.056109735671612974 8.284725398535783E-4 
1255.460200278294 5.858558578459124E-4 0.003001962302209617 0.29015842107645967 0.29700892043306265 0.9294556064442294 0.2695187738941649 0.005996480674181681 0.006709565558516997 0.09506803606829073 7.625978671819126E-4 
3480.7280785433823 1.5546692730742713E-4 6.372315835395389E-4 0.2795800884614868 0.30372925399772494 0.8475921108083456 0.050225299251064726 0.008257829312151799 5.5245009624181433E-5 0.05095626312743621 4.898566467312175E-5 
1444.957059004309 7.366462362139366E-4 0.0011096422790761377 0.3006213505484758 0.3147542373928825 0.4998157143162084 0.005177187141463591 0.9538119939439358 0.026868863550632158 0.053192671153230155 3.955878290142446E-4 
1279.3266774821595 3.3727696856894213E-4 0.0031174253364507094 0.2838634206291605 0.3048220657030509 0.829964279212208 0.02905785478654721 0.047897459813418516 0.0013168356545719775 0.03223856493367335 0.0018598984199360844 
1390.098331109226 1.471456587931606E-4 8.81128614307382E-4 0.28402185391857887 0.30073887856665665 0.2928947464353484 0.0491152300881601 0.3470771864850962 0.012526594547204584 0.057970288628922305 9.729590035850101E-4 
1274.1677713424624 8.966687247133414E-4 0.0021253193989003755 0.2931896919296652 0.3097990052014141 0.7303948303317278 0.5868837205703762 0.035930141378618094 3.5979713734473565E-4 0.06020187367383234 7.294967418293398E-6 
30428.491458468576 0.001995015871564962 0.0034280076308603915 0.02959053934683603 0.2895510130084614 0.9967566804380625 0.6272437936741723 0.6997991732334833 0.008027591333386742 0.5062498403919043 3.59069727496367E-4 
2447.3064493157435 8.19989850196642E-5 0.0028048496212760804 0.28616300698179314 0.29185794388310954 0.5742232940184495 0.8475132634956015 0.3398737006191961 9.114526537103576E-4 0.053792777925751406 8.46636728564631E-5 
9946.554180012441 9.546550264503443E-4 0.0033565926216227635 0.2940887774524099 0.3100070072872386 0.9472910358149644 0.8109235403433978 0.23533378323823684 0.0024160045993025236 0.21055207813140578 0.002004016869851418 
2681.3724606688206 6.372519676760807E-4 0.0022165463337481786 0.29136316731290385 0.2950310021550361 0.2695558942090235 0.6922058035240743 0.13067371570174396 0.004088412171425826 0.05493381504904616 4.8357914023158116E-5 
2081.9852513106757 1.2815281121511687E-4 3.281483459326911E-4 0.23371561515592323 0.28000232632057287 0.8677314800221081 0.895679197202039 0.08763334674979739 0.003638593103970444 0.03458382058974561 0.0032515142041595144 
35262.35663572885 6.390873116927584E-5 0.003463563504123965 0.026882069359553076 0.32208383715377037 0.9947687375171409 0.804441642534303 0.23044081462471697 0.10155219924001474 0.4826300386349768 7.766463757213889E-4 
1253.5796427695443 1.2702845834646948E-4 4.8358570803189085E-4 0.2820582111877992 0.30086472502702777 0.09479493657368634 0.6009094780488506 0.0708107212144475 0.004520914278684615 0.056128964972577994 2.7966087944733737E-4 
1241.1561022017813 0.0013355797189088298 0.0031630975638370154 0.2938893773450779 0.2965421609442363 0.3726210782221366 0.8109129362548162 0.27072651252449736 0.002205704540105354 0.06542322435474188 4.887627793363665E-4 
2965.3928834773437 9.90859504429367E-4 0.0032720074533071045 0.29398171614728535 0.294281764408196 0.4747040834703165 0.69661082762471 0.06635176798198748 0.0017569471944064033 0.05676410714844679 0.0013865365911099382 
2505.256271794973 1.7163741815023664E-4 0.002973515644641164 0.2924254335855722 0.31023578599325047 0.8935774661511177 0.834436636692592 0.2684332403038482 2.9218784006186443E-4 0.0556678143523224 0.001993250515535424 
9946.554180012441 5.877520124868835E-4 0.0033565926216227635 0.29410305972824935 0.3100070072872386 0.9044784272594971 0.7278013138306149 0.2716431582860124 0.0024160045993025236 0.0556678143523224 0.002004016869851418 
981.7742335870528 0.001578145917478194 0.004298866175337645 0.3168592986956229 0.31687102620517693 0.7202722406315258 0.7066123559895119 0.0708107212144475 0.0026311371250079527 0.0637186850230675 0.0037204224092966818 
1222.600619122238 3.3727696856894213E-4 0.003118638584705736 0.2903543700485186 0.3046635673817663 0.2846253849075897 0.7447352132950168 0.047897459813418516 8.671089267412537E-4 0.03223856493367335 1.7499504507925907E-4 
1631.0008881953895 6.705460470868597E-4 7.72796118135915E-4 0.29870689749767393 0.30377326270318744 0.6533969363631673 0.8529054725359424 0.08485774140855531 0.0016439936481215088 0.04611601360739928 3.9264126218806455E-4 
1609.833061840916 0.0019896979497673996 0.003245035670624046 0.29561210906611934 0.30539396199825536 0.531190134912221 0.835493770446675 0.03457350937409104 0.006709740649832169 0.06426901210665145 3.082636431565259E-5 
5375.413825965323 4.3354772422530804E-4 0.0029908657685948927 0.29400780971255397 0.31094783899506967 0.4861302798573099 0.685748582344259 0.3618777261430156 3.085382714681541E-4 0.05382565795533973 1.1321102820834234E-4 
8327.79954077125 8.298326548335636E-4 0.0031867596587257744 0.29360913589555093 0.30946658935600524 0.9299356450456996 0.39270487427058115 0.2657059800697517 0.0019456823159405496 0.14380985713212777 4.040917411899053E-4 
5812.431096452781 1.3740754054139385E-4 8.81128614307382E-4 0.2851913900473674 0.30042049178453245 0.7609629823173671 0.7701497728285693 0.2979965121003758 0.01290434527246282 0.04501766715686 9.729590035850101E-4 
2970.2847682224346 1.2084815815233824E-5 0.002870539100262972 0.2943767419912243 0.2965983691091079 0.3820670983746445 0.7247098668123121 0.2713989626831157 0.0022822040094132253 0.065527494337128 4.0373529980288923E-4 
1303.0320087978675 1.1117176986267504E-4 6.766292065531546E-4 0.28944329880968683 0.29586894069522 0.058960932754571316 0.6339061412703967 0.3583382031978707 0.00679452588989565 0.0047546730814135366 9.252485128914232E-4 
2507.4360962673177 8.495028279148604E-4 0.002816500408903208 0.2958568973557065 0.30476986180932275 0.18756479561055048 0.8472424576026539 0.3101561686620611 9.114526537103576E-4 0.053792777925751406 0.0018288441957189073 
34242.97237817241 0.0013724525783680894 0.003152234597574521 0.12231501748199566 0.2607482512677087 0.9982231155808488 0.6257210760740439 0.13679073369595135 0.010338817598383981 0.06535706731068915 0.0032794419880763197 
999.7991297490893 5.222630119793568E-4 5.644595264361603E-4 0.2921133549185744 0.3029280182000653 0.4498257906282763 0.9887092855668403 0.0708107212144475 0.005109210904514424 0.06172621025239768 7.751202677587713E-4 
2667.9854992666383 1.4952241391200138E-4 0.003149935371447276 0.29400780971255397 0.3111692886089621 0.5412742187196671 0.593305136840616 0.6188581666960903 0.010811486420889872 0.06621164228047585 2.9083606166211426E-4 
8246.511176839043 5.929329571010868E-4 0.0014331859119690515 0.27917043039891476 0.3017725714121387 0.802527153690947 0.8323642094014428 0.5768234857217827 0.007112036918141074 0.050479735210529744 8.272025787749382E-6 
1298.0112442616432 1.9096835973121435E-4 0.003022973863238144 0.2945440570605909 0.30295617189396756 0.4457948457249115 0.834436636692592 0.2517906374943577 0.0023307819896179046 0.06614898050063166 7.637211979689117E-4 
1303.9784043551495 1.3771111269903706E-4 0.0014349545179286852 0.2629275716969959 0.2934466689773371 0.42659695377715356 0.8310523599123987 0.3117819062748196 0.0022140625988280355 0.06382912478451909 4.9068878055412E-4 
33124.247941149835 1.5730578723805117E-4 0.003215329252657689 0.14316753689953862 0.26416674014150826 0.9982231155808488 0.856127692205628 0.13679073369595135 0.004925007219602503 0.06535706731068915 0.003270991100829017 
31686.79305507277 3.271371806262074E-4 0.004035992075568633 0.26564450411100937 0.32108462965848766 0.9962161454936098 0.6372653665187566 0.329468978970327 0.05114534259815212 0.014340132846547338 0.0012927730413073752 
3032.8668978760466 0.0014339033988078594 0.0031522002201119247 0.2943624597153849 0.29659235010714136 0.9519016630965763 0.8078320933526892 0.23508958763533994 0.001877960040782453 0.06549596755972255 5.320347569314895E-4 
1180.0955672356135 5.314013626944284E-4 0.0016427638168083232 0.29487723924419573 0.30349213255702934 0.07273504196651792 0.6683403908959643 0.3461611923866904 1.7516145121068954E-4 0.056128964972577994 7.7189333058489E-4 
1243.6357589109377 3.298103457929208E-4 6.847192736331614E-4 0.2961493132888551 0.30334732130360137 0.7593258323588492 0.6976404711883313 0.0776727423029939 2.9940898450662307E-4 0.017091773829277904 7.782706264487641E-4 
5994.764792222362 8.071232413808577E-5 0.0029105346187516755 0.2945440570605909 0.3117574036459511 0.7802574338897602 0.8344698065376788 0.2517906374943577 0.0023334397529431315 0.07556935743127483 7.637211979689117E-4 
1256.6921963101015 2.879927880810681E-4 8.217242995381734E-4 0.2757901034430221 0.29308273087132075 0.14041619117652462 0.6944066873154536 0.3140019216757073 0.003961628556649515 0.07129361947993677 8.224516697301694E-4 
8342.183990809164 2.0569366582851102E-4 8.81128614307382E-4 0.26588857431652274 0.30042049178453245 0.6501559737417172 0.11240331142757129 0.36443851991748966 0.013082587640131225 0.01098803465477318 0.003936937370938854 
25047.42905891298 1.9297611224023683E-4 0.00298612372203447 0.02884072058227355 0.2758473939354986 0.9968043350658755 0.6282977955065878 0.3013994096454162 0.0020206113790157115 0.10022660992528007 0.0037152563556853914 
1484.8653575546857 0.002021067144288946 0.003122503602436269 0.28101388946968003 0.3050926444215168 0.5166068312021053 0.523224545845095 0.17361815255633228 0.0016413634255467826 0.050873263125667555 0.001798421675850242 
1241.1561022017813 0.0013355797189088298 0.003464104168578961 0.29388919477729725 0.2976031176689446 0.3197712153524948 0.7998691423498732 0.26197506848818175 0.002205704540105354 0.06542322435474188 4.887627793363665E-4 
3655.619879284942 4.4587974367248844E-5 0.0016226620856635374 0.28068154355068486 0.2942993808322144 0.24499186853736354 0.16985426997634928 0.40806660254737037 0.005431763923584781 0.022281127544715104 8.34557716092916E-4 
1218.9602896408082 6.804451374452114E-4 0.002951350190601092 0.29025159032787545 0.3146965580682051 0.2560672341396794 0.7354757032394179 0.3404077858377118 0.027213199890593162 0.011031346654949693 2.444834822356916E-4 
999.3732395070174 5.119438984078611E-4 0.003162692694378951 0.29269422900688585 0.3066161836665389 0.4099274518873894 0.9870135430718157 0.3008347204124742 0.004721566549558193 0.005306655591537042 6.812109836653462E-5 
999.2189347727594 1.7392584843723346E-4 0.003211187951508045 0.2909310011595629 0.3066199829765952 0.38625570276894994 0.8394260385836626 0.38675546977704195 0.004819291096675244 0.07433988119559332 7.536758241988415E-4 
1253.5796427695443 1.2702845834646948E-4 4.8358570803189085E-4 0.23252939671997686 0.2820582111877992 0.14921703595125538 0.6009094780488506 0.0708107212144475 0.004520914278684615 0.056128964972577994 2.7966087944733737E-4 
1256.6921963101015 1.8321811919498127E-4 7.253095442472564E-4 0.2757901034430221 0.29308273087132075 0.5135546456167512 0.6944066873154536 0.32688660399550856 0.00450690050225285 0.05238900185303613 8.224516697301694E-4 
1651.597751323488 1.7150483500986475E-4 3.5298487088184665E-4 0.28347356213737024 0.3000599906745667 0.007748494836197606 0.7270154938404497 0.14447923165179566 0.011445430172048646 0.05267212839996482 0.0020004200327440797 
1398.7207930375098 2.7868103465488717E-4 0.0030098937143742573 0.2975040773929621 0.31482313632359177 0.12866677135802165 0.9175202243743488 0.9502726932927914 0.026342681347214278 0.055808643232981944 0.0011353642259080573 
961.3101948994567 7.980562207275115E-5 0.003366767222357096 0.29036232840301957 0.30705703005932533 0.985858927833341 0.956013120530085 0.689458403738568 4.573264898854179E-4 0.010371201390401596 7.869276307175814E-4 
34696.8105152331 2.896258171982077E-4 0.004035992075568633 0.2656369771916881 0.32108462965848766 0.9963115328980193 0.6404930320966664 0.2565505827382592 0.05114534259815212 0.011870615575462113 0.0013455290602785686 
953.0181821979288 6.133658514374622E-5 7.264202815664897E-4 0.2889186589257153 0.31089385951502024 0.791077596711924 0.9874183744516691 0.2956406714046689 0.012969440722931578 0.017998888842593663 6.877728301600344E-5 
1179.1708205280593 1.5336533309460784E-4 0.0029830222119665998 0.2987725816361071 0.30362240706074967 0.8895824020936705 0.8998439942973749 0.023555369001783566 0.009089195829552647 0.0519583893689667 0.001140624529818304 
989.5502014610735 9.935159393850658E-5 8.81128614307382E-4 0.2671523848847341 0.29773281514126937 0.6702816154891923 0.11108750103152581 0.371937301481572 0.013082587640131225 0.01098803465477318 0.003936937370938854 
1643.5650813429545 4.4587974367248844E-5 0.0032236353650989583 0.28068154355068486 0.2942993808322144 0.24499186853736354 0.07207725778728308 0.40806660254737037 0.0022901505687426375 0.0035432895368802085 8.403880768550019E-4 
1597.3940463777863 6.372519676760807E-4 0.0010126665290826884 0.3043809752652539 0.3048862045316442 0.3276616934914795 0.4072768735966473 0.07522029010961377 1.577277518149899E-4 0.12234239619373666 4.0108571779824275E-4 
2439.3685488241795 1.2843609026937629E-4 0.0029897817225915343 0.298182503145025 0.3009015209386076 0.8683152771831985 0.6952550042950421 0.023555369001783566 0.003024105358820904 0.05607676844509309 0.0011382795763649443 
989.0848218790981 1.7392584843723346E-4 0.0017855069285251895 0.3163598070306069 0.31666359901447255 0.02418783546751309 0.8352413412064188 0.3161428290321965 0.009362104121794258 0.0807898917646006 7.67999752627651E-4 
1490.0893481134167 1.2070998330880302E-4 6.705460470868597E-4 0.29870689749767393 0.3037564700816821 0.42105969491139417 0.8529054725359424 0.31197379503647393 0.002266685734043322 0.36541157942240116 3.9264126218806455E-4 
1282.6476139926835 5.353560051204526E-4 0.0015941706971693012 0.2747265112448351 0.3053377910367763 0.28405880996282135 0.5999204103373258 0.3136979547527853 0.005434992122172277 0.017951440140389918 8.383876424541823E-4 
958.2210985871227 1.7392584843723346E-4 0.002161782225479208 0.31502403534617496 0.31748468801002516 0.026429621893849453 0.8401262167520639 0.3012474605515892 0.010755725062865169 0.08300242118493696 7.697611868814069E-4 
1465.5974945162532 1.4743734270879964E-4 0.00323895389692519 0.29410305972824935 0.31023578599325047 0.6881278007277801 0.7365851011719488 0.24718713797728364 0.0024160045993025236 0.05697141762922485 0.002058577927964901 
1240.5475534619775 0.0016427638168083232 0.0017645983671100865 0.2888895132893996 0.3041928341512918 0.07273504196651792 0.6028654125631061 0.3461611923866904 0.00132365696454949 0.056152499287068516 7.7189333058489E-4 
1442.404107612887 2.1933756463383362E-4 0.0033576638254720842 0.280979016747225 0.31040285099650816 0.21717530890047437 0.9739645852104852 0.3810476976341134 0.01288642506648848 0.057824579567128186 7.681361467916975E-4 
1303.9784043551495 0.0013355797189088298 0.0031630975638370154 0.2934466689773371 0.296516743031075 0.804248115634368 0.8324080949116647 0.26729549054598106 0.0022167203621532624 0.06542322435474188 4.9068878055412E-4 
1170.203080308927 1.8487911385718463E-4 0.0031586540321531945 0.2938903755360712 0.2953502120908983 0.6839986257921989 0.7619896059170056 0.6622127839960649 2.365303156391836E-5 0.040191468807724826 6.252911008692123E-4 
9964.115141198507 1.8393151879706507E-4 0.003362364591603727 0.2940887774524099 0.29532340108289346 0.9472910358149644 0.8109235403433978 0.23533378323823684 0.002367493011467361 0.21694954013333273 0.0022747198863288147 
1280.5668874747275 1.1845377787446237E-4 2.0578403884307555E-4 0.19362923979187396 0.2838365397910601 0.9967779852217223 0.02905785478654721 0.048279250830131494 0.00572231270228118 0.02365060965707943 0.0020004059343380586 
1261.837758734569 1.3239963003325392E-4 1.7150483500986475E-4 0.26547398279169715 0.30001605271103676 0.0026852993198693276 0.692985777073425 0.14447923165179566 0.011445430172048646 0.05267212839996482 0.0020004200327440797 
1649.717407630905 4.340624404611623E-4 0.0029346463015586847 0.29397189992026873 0.3048744953046947 0.36160535310319725 0.9384222997040266 0.055559740585928 2.516688365543539E-4 0.05385138142134679 2.2111304387059162E-4 
8968.11431193581 8.298326548335636E-4 8.492728589875455E-4 0.27907765518785277 0.30946658935600524 0.9268317462724754 0.39270487427058115 0.2051684711944491 0.0019232965351872761 0.14380985713212777 1.1734906455956358E-4 
1398.7207930375098 2.8667698729002873E-4 0.003114987085210546 0.3146965580682051 0.3166614715605996 0.1267308033287152 0.8990708482765501 0.9502726932927914 0.026342681347214278 0.07117957985653399 1.5074634420118014E-4 
1442.404107612887 2.1933756463383362E-4 0.0033576638254720842 0.280979016747225 0.31040285099650816 0.21717530890047437 0.9739645852104852 0.3810476976341134 0.01288642506648848 0.057824579567128186 7.681361467916975E-4 
1466.2554117974382 1.0367718765587904E-4 0.003157161961343027 0.29390017290482273 0.30908816993510185 0.9932028138574048 0.5535215004708577 0.08251107042580692 0.005109210904514424 0.05609501682153314 5.980214368885052E-4 
1605.8977340639628 0.0019896979497673996 0.0032447710017421477 0.25353543776373044 0.30539396199825536 0.531190134912221 0.835493770446675 0.03457350937409104 0.007266216317335357 0.0665320576882081 3.1869837723555295E-5 
1449.6279575244446 5.190818894061627E-4 0.003122503602436269 0.28089802656487567 0.3048744953046947 0.36160535310319725 0.9384222997040266 0.055559740585928 0.0016413634255467826 0.050828329588514486 3.3171426874897326E-4 
1132.2305882600713 6.320303731337257E-4 0.0029580540638912928 0.2795534371597417 0.2932083709642213 0.7061022980226925 0.6868530874017185 0.23047430401452496 0.0020749760733413 0.061039605854733156 4.8357914023158116E-5 
1027.1230766646927 6.372519676760807E-4 9.368590133800572E-4 0.303259448421001 0.3048862045316442 0.7011787482779963 0.690999707028005 0.08167352909625442 1.577277518149899E-4 0.00893736618422157 4.0108571779824275E-4 
3081.990110744938 6.804451374452114E-4 0.0032465921378724183 0.2913362384211915 0.31462878339290107 0.2560672341396794 0.7354757032394179 0.3404077858377118 0.027213199890593162 0.011031346654949693 2.444834822356916E-4 
5289.600245379566 5.849751346819689E-4 0.003176155405535354 0.2961604106050659 0.2966166789308687 0.7753764021419531 0.6705977644055833 0.3216588859069537 0.0013906427749051584 0.0025834960675172013 7.00173248370994E-6 
1253.5796427695443 1.2702845834646948E-4 4.8358570803189085E-4 0.2820582111877992 0.30086472502702777 0.14921703595125538 0.6009094780488506 0.0708107212144475 0.004520914278684615 0.056128964972577994 2.7966087944733737E-4 
1281.0904325920558 1.2702845834646948E-4 4.8358570803189085E-4 0.28125211981596715 0.284617500530357 0.14921703595125538 0.021864526717762706 0.05017788345207128 0.004520914278684615 0.056128964972577994 2.7966087944733737E-4 
1490.0893481134167 1.2070998330880302E-4 6.705523264299971E-4 0.27942781820717805 0.30372705376029047 0.42105969491139417 0.8173280675478325 0.019880494435504326 5.450738947235852E-4 0.39675265718777347 3.9264126218806455E-4 
1597.3940463777863 6.372519676760807E-4 0.0010126665290826884 0.3043809752652539 0.3048862045316442 0.33173889110858773 0.4072768735966473 0.07522029010961377 1.577277518149899E-4 0.12234239619373666 4.0108571779824275E-4 
2955.1732520452124 1.5336533309460784E-4 0.002874947856733831 0.2987725816361071 0.30362240706074967 0.8895824020936705 0.7235773173906 0.023555369001783566 0.008801515334841125 0.0519583893689667 4.142062103612986E-4 
5289.600245379566 5.849751346819689E-4 0.003176155405535354 0.2961604106050659 0.2966166789308687 0.7753764021419531 0.6705977644055833 0.3216588859069537 0.0013906427749051584 0.0025834960675172013 7.00173248370994E-6 
7183.05691397491 5.94555773470099E-4 0.0014331859119690515 0.27917043039891476 0.3017725714121387 0.802527153690947 0.6883760484757323 0.023275086821721247 0.007112036918141074 0.050479735210529744 3.740167544772208E-4 
2439.3685488241795 1.2843609026937629E-4 0.0029830222119665998 0.2987725816361071 0.3009015209386076 0.8618722283142475 0.8998439942973749 0.023555369001783566 0.009075367519202376 0.05607676844509309 0.0011382795763649443 
37840.46667938251 2.4959673134882703E-5 3.958663514516442E-4 0.1366081122988307 0.37512586338214543 0.9989461124130489 0.004331027618042799 0.21631498796383664 0.7295406534387449 0.6171586365822987 0.8365606162634813 
1247.4686224553468 1.5668339024026682E-4 2.79705978277779E-4 0.29707589619225594 0.3069766201687909 3.4257463762930873E-4 0.02907255623709712 0.05010105871765344 0.0019138940696428195 0.0025289632823162975 8.511322214790895E-4 
39790.98075249076 8.876211845084103E-5 4.399885042256557E-4 0.1366081122988307 0.37512831745371983 0.9980169709997024 0.3527286401529277 0.2157131378732105 0.7295406534387449 0.6171586365822987 0.0010736846112894272 
38467.452254190284 1.4644835027905983E-4 0.002552475473630649 0.15068849867537287 0.3796303851719025 0.9978539947971717 0.9991939186919416 0.2163401787972098 0.5263315197067902 0.9099665410987506 0.5518236462787491 
39750.788919071936 2.9212962572766128E-5 4.4530960118958814E-4 0.13644683754971546 0.3754824602051152 0.9979987807469715 0.3546791125313431 0.2157131378732105 0.7295406534387449 0.6171586365822987 0.580151265533471 
37840.46667938251 2.022661426628792E-5 4.0186253600891006E-4 0.1366081122988307 0.37512586338214543 0.9987833808511758 0.3527286401529277 0.21631498796383664 0.7295406534387449 0.6171586365822987 0.8365606162634813 
38931.14839027296 9.811415194506054E-4 0.0025547945778865385 0.1187128456102624 0.3138426447751917 0.9987833808511758 0.1520211708642519 0.0011059087806710027 4.472670538217122E-5 0.600437441119058 0.04985077168728362 
37334.57120422116 2.8615802073542375E-5 0.009620214000783837 0.1366081122988307 0.37512576278890036 0.9977773350862539 0.2355150624210693 0.22952605583019892 0.6266330182502431 0.6171586365822987 0.008515022196895261 
1100.8423842449506 8.029494555543111E-6 8.740108581410361E-4 0.28843508430846565 0.3093575291836689 0.42968445545181505 0.15450684633704947 0.23318200180864368 7.330218221892042E-5 0.1485363392083054 0.008652782053043977 
1274.0189067187132 2.7940651418735936E-5 4.432617163171045E-4 0.285993355385491 0.2879044295143472 0.15631612564728048 0.2884171825104036 0.11760092047924726 3.803341266103242E-4 0.005100230163321395 0.0027235167481683043 
1482.6623228749795 5.335282739960014E-6 3.166791226174448E-4 0.29371654260612046 0.3019317354799989 0.9779853317191851 0.16618628537207086 0.256927885009244 3.7307595461671223E-4 0.16055770806123024 2.5483101003447224E-4 
39860.94672538698 4.376670432962242E-4 4.414075448718191E-4 0.24780882160704806 0.3138209374363499 0.9993160056466763 0.9056938414068092 0.41926434402893764 0.0012268859248081659 0.5523612599872499 0.003051300712042589 
2848.642149494171 4.528840159717445E-5 2.2944283601093306E-4 0.2904937877741417 0.2956045862574089 0.7366332984569118 0.09831716932484166 0.2058351980169048 4.0896246895740613E-4 0.10425439193807604 3.565426692965438E-4 
38931.14839027296 3.0544022971888446E-4 0.00134086224036674 0.15999799007206233 0.3139121199012507 0.9987833808511758 0.020521091153291503 0.0014509129121378084 0.011166771742363172 0.4391935464612139 0.005770720502973711 
1349.776488551323 1.7120924289189916E-5 4.0968752070608214E-4 0.2968223716524991 0.2979075385051713 0.4669834919362409 0.22595026431974768 0.022152837816860827 0.0013488952574973899 0.016524341890740216 1.0246341062714891E-4 
1254.5594186048627 1.5823131321262903E-5 2.870466202478552E-4 0.29719011163702713 0.30413080434004425 0.9604745630943616 0.14555570064412587 0.19620463492092424 8.306868343747119E-4 0.005558170417701332 1.7344516269894323E-5 
5173.125911337405 9.208992302158548E-5 3.8152055747666443E-4 0.2888844173282328 0.308233794477237 0.3858342715268964 0.14590158015469312 0.26562142341945383 0.0011062443484818212 0.0017367675182261393 0.003986507410167046 
1245.8535563967207 1.0374294145779325E-4 8.615017162641827E-4 0.2794612822895855 0.29291500221967864 0.2872514330827342 0.21104851767502855 0.29625152225344287 3.803341266103242E-4 0.18184844085162982 1.272987054660188E-4 
1013.2223258716027 1.2326357655174886E-4 3.423749442989427E-4 0.2882499498771881 0.30531417208312667 0.8862099219506846 0.06853718812580958 0.012627193756765657 5.257516224493244E-4 0.0554749556388294 1.423104961079664E-4 
2848.642149494171 4.528840159717445E-5 2.2944283601093306E-4 0.2904937877741417 0.2956045862574089 0.7460026242176266 0.09840420599898465 0.20443213843284463 4.0896246895740613E-4 0.2455028408977299 3.565426692965438E-4 
4906.963317488121 2.1551775190428333E-4 2.363309551713793E-4 0.28791053353648344 0.3027857234072957 0.12838810337772127 0.02503337838848979 0.04925163521691146 0.0012354163809042743 0.0655591340713287 0.0021540842369293135 
38931.14839027296 3.0544022971888446E-4 5.670134426308297E-4 0.15999799007206233 0.3139121199012507 0.9987833808511758 0.01807779384132091 0.0014509129121378084 0.011166771742363172 0.6417494483512362 0.005770720502973711 
1045.0526920220334 2.9411274958388923E-5 4.4117820530509874E-4 0.28800510383944805 0.2946679719639986 0.5067640591107934 0.013406968431941613 0.004370353286203372 1.6671699181329774E-4 0.012148058013845983 3.9180879133796196E-4 
1248.5113521894054 1.5823131321262903E-5 2.870466202478552E-4 0.29720116270757113 0.30413080434004425 0.718959772068858 0.14554938940600326 0.03390225638145536 0.010732367666953187 0.0029823895628597243 3.70145119779979E-5 
938.1027673323558 1.0781002163723049E-5 6.41759304830595E-4 0.2876692203062093 0.3031802542091431 0.6946007782386919 0.10581556388130324 0.04599415711617016 1.4187385396533891E-4 0.01231614328593611 4.168522372314192E-6 
1488.3772017227618 3.6262939922623734E-5 3.7131986874054386E-4 0.2870791426605709 0.29156563547572883 0.34788284353476717 0.29233437807901325 0.09640195683974694 5.730891602248862E-4 0.253886797997515 2.4310449221993366E-4 
1219.151123135894 2.4050768584433024E-5 2.8449331283753954E-4 0.2958724365403132 0.3019737655268962 0.8721965264934195 0.027639992769873056 0.2357357699254135 0.0019160638909743646 0.20891275921313238 0.0036686504986367515 
1497.3682674450426 1.37763984889115E-4 2.867277333680061E-4 0.29371654260612046 0.30231462636797174 0.5439043514825641 0.02148687115348892 0.6408128103158144 8.17371085389687E-4 0.1617404739425869 2.3078590280306474E-4 
1215.6893094730476 1.5240441651991288E-4 2.024689637685923E-4 0.29032661620185995 0.29183165886733153 0.19067674012938562 0.09868767751844412 0.19681264031368687 5.172107720282653E-4 0.10648514962450961 0.005718839216862242 
1100.8423842449506 8.029494555543111E-6 8.740108581410361E-4 0.29998595572574704 0.3093575291836689 0.42968445545181505 0.042004204503394385 0.017465734306637462 7.330218221892042E-5 0.1528765568769183 1.0246341062714891E-4 
1473.7237529335282 3.748923565294155E-5 2.76114663419147E-4 0.2954384057760579 0.302465752570311 0.26189850600151965 0.15580488450281793 0.011824569490959905 3.336512887530821E-4 0.002652564283269392 0.0017431978911699021 
1558.1457190005435 7.741951934453685E-6 2.662039836193952E-4 0.2961453916423529 0.3094492061702204 0.08935523752716754 0.046990936105724856 0.6829104862391004 1.9436010531686913E-5 0.04519150105418939 0.003292001425080006 
958.206857617268 5.624401110198838E-5 9.510731383640412E-4 0.29788332882920643 0.3121663118395834 0.11543089121054567 0.2317375244503177 0.24722795971337774 0.0012782484440827175 0.3122500082773768 0.0033975359189670714 
2773.8059234052926 7.432845515854925E-5 4.928425686425326E-4 0.27725492344282865 0.2896450446958703 0.16406610057893406 0.0998746737640455 0.11743114847167571 5.095141131608572E-4 0.2811323021431637 0.0028284738142181163 
3575.475254255471 1.5386878386225922E-5 8.520268427240284E-4 0.29527585800920186 0.3038511683940114 0.6185500071157775 0.16494715435989812 0.0649307375027737 0.0019544228694801393 0.0022205264661933274 0.0024545114638759168 
1248.5113521894054 1.5823131321262903E-5 2.870466202478552E-4 0.2972008673730786 0.30413080434004425 0.9158510530845202 0.14554938940600326 0.03390225638145536 8.306868343747119E-4 0.0030188967578639167 3.7363562312214534E-4 
35944.893399765766 3.781343332828336E-4 4.7718558695160253E-4 0.2902312660364781 0.29600764117447526 0.9843526390891633 0.13913449284854473 0.04517694030446765 8.640476058084033E-4 0.03447652600791627 0.005140809603631856 
989.2250822926759 1.7120924289189916E-5 8.740108581410361E-4 0.3004508896092843 0.3044023001010117 0.7063336162177237 0.10588767076542703 0.4032351106653923 0.001965628773704344 0.017265592421598558 2.6916083728502734E-4 
37150.62641198508 4.3763862414845207E-5 2.2944283601093306E-4 0.28356516863993547 0.29562449971107 0.9995572034330159 0.053415795259152715 0.20678839855286946 4.0896246895740613E-4 0.10425439193807604 3.565426692965438E-4 
985.2659794580495 5.345812872656496E-5 8.818613316578355E-4 0.2964106641232627 0.3044625846178004 0.6399150987099687 0.02996675874492155 0.11290771179790374 9.97433748860965E-4 0.200792003968194 2.858103851455091E-4 
1545.565609716684 8.029494555543111E-6 9.968624092619451E-4 0.29998595572574704 0.3094492061702204 0.22001329770186448 0.046990936105724856 0.6824915784051722 7.330218221892042E-5 0.06511566676301989 0.003292001425080006 
1211.881789567727 3.945885539776271E-4 4.316857711516442E-4 0.29049596859782734 0.30607907592324685 0.04635677962392826 0.10121118266360554 0.2771805290256224 5.130891400192273E-4 0.013956830061771203 2.7267341400526906E-4 
1013.2223258716027 1.2326357655174886E-4 3.41722621166541E-4 0.28753794071170163 0.29221444315231254 0.8221699503330441 0.06613556901610068 0.012627193756765657 3.3664543017184986E-4 0.0554749556388294 5.67087194470958E-4 
1209.2509663840417 1.5503759901732692E-5 1.3679677446889376E-4 0.273867580508757 0.30364748688162196 0.03375345523104796 0.1692795355938774 0.012337874380221877 3.803341266103242E-4 0.06719478287819074 0.0032316515664183084 
2860.2145264714836 4.382914992644908E-5 1.0490063117035475E-4 0.2758999980832904 0.3031802542091431 0.5598634970418969 0.10476900375476395 0.04884277346280244 5.573017013124982E-4 0.037327959861084004 2.94561470005417E-6 
3082.6604001975234 7.229043783402357E-5 1.778888870856796E-4 0.28950804839333366 0.30465373022018655 0.4852970764188672 0.15779094215984027 0.2351908551595136 5.177989344886004E-4 0.004199302350076181 3.7762274160671396E-4 
1300.3825495845915 3.981650026076295E-4 4.316857711516442E-4 0.28963033371910896 0.30607907592324685 0.834547304453918 0.10121118266360554 0.2771805290256224 0.00540488247265471 0.013956830061771203 2.7267341400526906E-4 
1147.0230626318917 1.0094566264668872E-5 3.108814371471261E-4 0.29371654260612046 0.3100162279381654 0.41079198892467933 0.11063805798378357 0.40455332458719473 3.68314920293754E-4 0.16146824270501897 2.3347612539274245E-4 
1574.8685745693535 3.194542686656127E-4 5.907445915252659E-4 0.29378239632278796 0.30840559881360313 0.7599105298775255 0.8092166803350511 0.3357200883251717 0.004365717790307706 0.6363056495132806 0.003205668763393195 
1489.2214275642234 1.3038352336209393E-4 3.166791226174448E-4 0.29371654260612046 0.30231462636797174 0.41079198892467933 0.02148687115348892 0.6408128103158144 3.68314920293754E-4 0.16146824270501897 2.3347612539274245E-4 
1247.397782039772 1.137407684570522E-4 2.7678607451716685E-4 0.29719011163702713 0.30413080434004425 0.5989376572036853 0.14554938940600326 0.2109794192342116 8.306868343747119E-4 0.006242818346787777 1.7344516269894323E-5 
1247.397782039772 1.5823131321262903E-5 2.870466202478552E-4 0.2863109877973658 0.30413080434004425 0.8099589935203269 0.14554938940600326 0.1981891802513115 0.004047693445360332 0.005558170417701332 5.52304157894556E-5 
1836.442126925432 5.859313966937526E-4 0.0016280051357279292 0.2888824445166267 0.3102726448483303 0.05287955880103362 0.09602559266959698 0.264173123330318 0.0040047274529873686 0.16540883352530542 0.003548895854068106 
1240.3645262585862 9.62505973603291E-6 3.169980094972938E-4 0.2972008673730786 0.30413080434004425 0.8497187033711351 0.14554938940600326 0.03390225638145536 3.816309470363042E-4 0.0056126865977182555 3.763258463774597E-4 
1239.4145908880907 2.2127094218521982E-5 1.3479259141728294E-4 0.2944834242402062 0.2990413282079584 0.3781314818243072 0.2215449224545572 0.2548011300053448 0.001877396567503969 0.2008019939246627 4.08329722356865E-4 
2722.384447178779 1.0781002163723049E-5 6.41759304830595E-4 0.2876692203062093 0.3031802542091431 0.5101555518939771 0.10581556388130324 0.04599415711617016 9.70511975411364E-5 0.08538106711028082 2.94561470005417E-6 
951.6174366309942 1.8666288100019692E-5 0.0013061150522927973 0.27637256930463344 0.2933154280603576 0.323717802113405 0.025223931923245124 0.08307264681501828 7.477582284752431E-4 0.01898040568782733 3.568709474825963E-4 
2773.8059234052926 8.341305719704388E-5 4.411834063022834E-4 0.2861707137553128 0.28733634883377557 0.36151995067747983 0.29084694229594543 0.1256853740633208 5.095141131608572E-4 0.04264756602527194 0.0028284738142181163 
1482.390251102536 4.962783290532159E-5 2.6216749466250074E-4 0.28857583393883157 0.28928115912410346 0.3372564710520973 0.10892818103201998 0.3020935729533802 3.8031012922867255E-4 0.010488537886542887 4.110611889342171E-4 
1861.5123160104458 2.9096653715391952E-5 2.763552688334013E-4 0.2988460834940433 0.31001194036475127 0.5876881717475311 0.15812503102983985 0.0352148127989837 0.001191875758479395 0.011670275376856186 0.0018827994920125627 
4827.174831976075 1.705227343955988E-5 1.0490063117035475E-4 0.2758999980832904 0.3031802542091431 0.564351499837519 0.15675062397628037 0.04884277346280244 5.573017013124982E-4 0.037327959861084004 4.014011884691577E-4 
2732.5930559250746 1.6672492648864773E-5 3.7626478531109265E-4 0.2681980090293995 0.30502375345128097 0.7815988602080517 0.04376124171774862 0.07869490075462444 5.229937555224172E-4 0.2451640442377525 6.364688069124148E-4 
1349.776488551323 1.7120924289189916E-5 4.0968752070608214E-4 0.2968223716524991 0.2979075385051713 0.4669834919362409 0.22595026431974768 0.022152837816860827 0.0013488952574973899 0.016524341890740216 1.0246341062714891E-4 
37334.57120422116 8.816391031523166E-5 0.009515469674507868 0.1366081122988307 0.37512586338214543 0.9977773350862539 0.2355150624210693 0.22952605583019892 0.73498942709078 0.6171586365822987 0.008515022196895261 
969.6613606426494 4.622942978178668E-5 2.2944283601093306E-4 0.2904937877741417 0.30334339468152943 0.7749340260555159 0.09840420599898465 0.049808781743406846 4.0896246895740613E-4 0.001636170430576095 3.54524068058016E-4 
2453.2473236329515 5.174916382404194E-5 1.852622669359079E-4 0.28924279701240924 0.3064807856982751 0.5785285662651389 0.14032527791394345 0.9665511718818403 0.0011780065734701122 0.00546486382891323 1.8896592318088084E-4 
1279.079175082347 1.042721290032784E-5 6.40112585375946E-4 0.28791729257805604 0.3096828161328855 0.10195768685092416 0.23759728144507497 0.21576491360271616 0.0011820010952234756 0.17092387148149185 1.520560094582518E-5 
1300.3825495845915 2.5151086499048894E-4 4.3178714576606886E-4 0.28963033371910896 0.2983882416428934 0.8309586290373225 0.21606536771963986 0.2771805290256224 0.0011160803287808161 0.014024157010943611 2.7267341400526906E-4 
1362.7340168213527 2.5531200265829107E-4 4.245130196663561E-4 0.2687508456375831 0.2979718947064588 0.4721004835908792 0.2224133367415994 0.022001349220352573 0.0012022267071610951 0.013480264188961281 1.7910660460585415E-5 
2261.7409933098506 1.3038352336209393E-4 3.166791226174448E-4 0.2777047781226647 0.30262391780614695 0.9350279972609723 0.02148687115348892 0.20338510537745955 3.68314920293754E-4 0.27806116130608727 2.3347612539274245E-4 
1496.8092804767402 3.6828729628045814E-5 3.0675463334846207E-4 0.29371654260612046 0.3019317354799989 0.7813925769337183 0.10892818103201998 0.3321920934062409 3.7307595461671223E-4 0.16055770806123024 2.5483101003447224E-4 
1279.079175082347 7.2967742388400925E-6 5.811634258407386E-5 0.29988699294221266 0.3096828161328855 0.17810644776352974 0.2236986352567168 0.21538925828271555 0.0011367312616577486 0.1416440782110338 0.0018585085691559407 
1122.8215103080197 4.382914992644908E-5 1.2086363631657267E-4 0.2758999980832904 0.3031802542091431 0.5192192061595864 0.10581556388130324 0.04884277346280244 5.573017013124982E-4 0.037327959861084004 2.94561470005417E-6 
1314.3150237833877 4.303878218456347E-4 4.6104718288065346E-4 0.2945999034597836 0.29807622182767085 0.9939245022867297 0.02230405934386532 0.20404183773391665 6.0511459959542314E-5 0.001969893024839846 3.2246274297496793E-4 
3001.1323380750073 1.9287079558900932E-4 7.228762509846171E-4 0.2979248155690329 0.2980086446161778 0.06268092505416499 0.06294956931075313 0.2661548794702956 0.001275751971501353 0.028342813067584374 0.003591366530323669 
4796.543732106123 6.019071073254574E-5 3.0085023038736573E-4 0.28924279701240924 0.3103896295169111 0.26344017526098595 0.14032527791394345 0.027198119884503255 0.003553557334267118 0.16003389323034173 0.0035522592930534846 
1275.3717595097319 3.343154932920508E-5 5.140445776090183E-4 0.28275601264815864 0.30312960105556347 0.8615339456294242 0.03580604861517463 0.02203333062143025 5.339396956508327E-5 0.04113752485967432 0.003006810928589671 
2848.642149494171 4.528840159717445E-5 2.3649068785681963E-4 0.2904937877741417 0.31076764481126845 0.7090353140356656 0.10062857120886362 0.26480444606105047 0.0013973771987803186 0.24848459437351542 3.5810602555648197E-4 
2838.031874452707 4.5045444500688264E-5 4.4763460765079755E-4 0.290691632239297 0.29422768840193986 0.8974437378365153 0.04248984802768965 0.1967268753698689 4.076421496525683E-4 0.10766813503899107 2.809476613327463E-4 
10723.709623634177 4.063479826604336E-5 1.5141793255364188E-4 0.27358023768195483 0.31187245477049647 0.9982464908242152 0.04167673777534729 0.43186179096348787 0.0036650946057709063 0.26140600767594835 0.0031377707783255427 
1212.9796025666026 1.9955993975172482E-5 0.001266448581079258 0.29754245699837106 0.3018668844106569 0.025757146129961384 0.06391990492493206 0.08612458646961722 0.0018071738477430294 0.0025289632823162975 0.002713181266486714 
4906.963317488121 2.227801003225937E-5 2.363309551713793E-4 0.28787143944273763 0.3027857234072957 0.20730857647971834 0.02503337838848979 0.04925163521691146 0.0012354163809042743 0.0655591340713287 0.0034183640178166203 
1457.3489750077692 3.783485764644143E-5 2.3320686704655252E-4 0.2961584398235448 0.3045879932108764 0.2502870079855344 0.01760471612126097 0.24029834025690672 0.0021999680058363722 0.002694920250803326 0.005940990115435044 
1010.7887412495633 3.255754874805703E-5 0.00126675290486134 0.28840970358937873 0.2902237446916105 0.30130853440287303 0.19943543851660056 0.08358128248118443 3.303151840981503E-4 0.01898040568782733 3.568709474825963E-4 
1929.756156262216 3.177567873619556E-5 2.813883171838399E-4 0.29883941410292697 0.3093897990279059 0.5307852783966128 0.013621906932188663 0.3952205758767908 0.001187524376363507 0.08720942393756145 9.308820413178675E-4 
2773.8059234052926 8.057409627077037E-5 4.4326887547889627E-4 0.2861707137553128 0.2873234419915182 0.36151995067747983 0.2883706554666809 0.20303331354874954 3.7893826194659625E-4 0.04264756602527194 0.0028284738142181163 
2848.642149494171 4.528840159717445E-5 2.2944283601093306E-4 0.2901589633522714 0.2904937877741417 0.23355511954933056 0.09840420599898465 0.20443213843284463 4.0896246895740613E-4 0.2315532732156535 3.565558658813504E-4 
961.7451381096816 1.4336391146845188E-4 3.911395709921471E-4 0.296952024459994 0.3094953215392587 0.6808149534304394 0.02476699914560428 0.44743009173638504 6.388551856932189E-5 0.07223261107859072 0.003229129922669602 
4275.489773152781 1.0135754954513791E-4 4.535458716189378E-4 0.2933683021647318 0.2954736439969535 0.024265134255805176 0.027403665068576583 0.9360312120872731 0.0038162917125258355 0.16868220076394652 0.003007848297286426 
2862.767973690119 1.3036067577334592E-5 4.456011071430974E-4 0.29626860001317884 0.30251062814197044 0.9058010839186926 0.1588780082042543 0.00642445541072191 0.001191918955467518 0.012761709687999181 3.321605684914688E-4 
983.054439934746 1.7120924289189916E-5 9.97173671424179E-5 0.30042733715798414 0.3044023001010117 0.12801200734259155 0.23408795729982984 0.20282010398298833 0.001965628773704344 0.004590688709291496 2.6916083728502734E-4 
4669.755033876287 7.91261396576607E-6 1.9403090293712485E-4 0.29864647731803845 0.3095612106960583 0.20067811672580482 0.15901507823066585 0.01897498858530866 3.572318527450373E-6 0.0059581031923024025 0.0024975360315633577 
2268.5105515124073 5.1037812673069064E-5 2.153102069307435E-4 0.28720614338911443 0.3064807856982751 0.6537070645743158 0.14032527791394345 0.9573508095413871 0.0011763521590734103 0.00546486382891323 1.8896592318088084E-4 
2348.9393352416464 5.225505415333969E-6 4.453172367050585E-4 0.27864243787036186 0.30628475188350557 0.9212373495167304 0.7502511018217042 0.0013337990447301329 0.004153991126900134 0.3156805266060022 6.878852821989856E-5 
1245.8535563967207 1.0374294145779325E-4 8.615017162641827E-4 0.2558441426106242 0.282674328048969 0.10437808243245911 0.21104851767502855 0.29570245077745794 3.5786620928418783E-4 0.04144172979432846 2.1690499287634773E-4 
1147.700982920383 1.4600235403732623E-4 3.1475279907120857E-4 0.2967557122304597 0.30949849136052504 0.6704423926287701 0.027326616701352932 0.2888910935550437 3.6757484477197456E-4 0.16310354504332153 2.050343797815169E-4 
1247.397782039772 1.5823131321262903E-5 3.071595331710301E-4 0.30390053196828154 0.30553169683512565 0.9375483422295406 0.16612419960999467 0.03364770538470725 3.682562324520166E-4 0.005558170417701332 1.7344516269894323E-5 
937.831677465199 4.422581587826892E-4 0.0011400230969991585 0.296952024459994 0.29810321512487065 0.6537565593702317 0.1664934837923251 0.44368626428150726 0.0020355482254973776 0.007017893141265524 0.0016284024083188593 
37072.228571582484 1.266261110815679E-5 0.001386701980708438 0.3004508896092843 0.3044023001010117 0.9800965163246175 0.10588767076542703 0.4032351106653923 0.009706122059649694 0.05171703654375076 0.0010345340721155567 
3059.914747997176 2.59540292979816E-5 4.30177470478376E-4 0.2895219273044724 0.2968391628497817 0.011900799950982088 0.20858928909880523 0.010880901147856253 0.0019980443366942402 0.006854863605940752 0.001782800785240571 
37329.84541110459 3.6293332310934046E-5 0.001155274061639777 0.20975236109462675 0.2888824445166267 0.9977519935750323 0.22529169300386698 0.7951036987647007 0.0018723175076998692 0.006836476900395905 2.790328516470357E-4 
1118.654676858148 1.1633514630762432E-5 2.2183378172720695E-4 0.29998595572574704 0.3093575291836689 0.2013522945534469 0.04832987273177894 0.020835455828729588 0.002130050438498202 0.004474711356468049 2.67839539251848E-4 
1016.4253636317736 1.2318930326831685E-4 3.41722621166541E-4 0.28753794071170163 0.2935474015050758 0.6082426803888126 0.08397224570778189 0.012627193756765657 3.3525954407569007E-4 0.0554749556388294 5.67087194470958E-4 
4367.3073703929485 4.154379145246411E-5 1.5741500303105807E-4 0.27358023768195483 0.31187245477049647 0.9982464908242152 0.38885234641694955 0.43186179096348787 0.0036650946057709063 0.26140600767594835 0.0031377707783255427 
1122.8215103080197 1.3715678303973197E-4 3.2008245135597805E-4 0.29293234088515996 0.3031802542091431 0.38535536334467624 0.10581556388130324 0.04884277346280244 5.573017013124982E-4 0.037327959861084004 2.94561470005417E-6 
4906.963317488121 1.9518985848000394E-5 0.0015422096590817528 0.28666010162535777 0.3027640006201273 0.3330682524803356 0.18779385909897361 0.05585865988637468 5.701444205520352E-4 0.25716558620127095 3.6703639546858784E-4 
1215.6893094730476 2.519793368662649E-5 2.024689637685923E-4 0.29032661620185995 0.29183165886733153 0.17595605830436584 0.09977914114243339 0.27676216198195547 4.493914393148812E-4 0.21319217420728054 0.0036914860994942443 
1016.4253636317736 3.538116268174607E-5 3.3616780506988197E-4 0.2875097179096919 0.2935474015050758 0.6114499232977126 0.06932172073566106 0.012627193756765657 3.3525954407569007E-4 0.044289935815797696 5.67087194470958E-4 
2288.8182835752045 3.772342398798942E-4 5.827895266808797E-4 0.2981459459338659 0.30647272916711255 0.5527155479755619 0.11037566265340779 0.8843521247975669 0.0011628662694011082 0.04875830536802278 0.004608773944288063 
4906.963317488121 2.2536450410833627E-4 2.7568116218991087E-4 0.28791053353648344 0.30277590979046287 0.6567558069650593 0.02460642578923683 0.04925163521691146 0.0012354163809042743 0.0655591340713287 0.002155992768519616 
4796.543732106123 6.019071073254574E-5 3.0085023038736573E-4 0.28924279701240924 0.3103896295169111 0.26344017526098595 0.14032527791394345 0.027198119884503255 0.003553557334267118 0.16003389323034173 0.0035522592930534846 
2292.785861216382 4.7937949575720096E-5 3.985042368417265E-4 0.2772140448694385 0.30647272916711255 0.9974250854094928 0.3431248942336311 0.21377848768050062 6.857725681307936E-4 0.28265587595601915 7.782347586098859E-4 
1207.9554826688789 3.703884469551782E-5 3.0137321595488734E-4 0.2892997159488969 0.3044171340002462 0.07696503483474114 0.9016242534911794 0.4085593945140385 0.0012167359878371457 0.044596426528984656 2.9075878387168274E-4 
4906.963317488121 1.5837155764830568E-4 0.0018899191962687399 0.28654350540556855 0.3027857234072957 0.7593270299950183 0.9407998115658528 0.04925163521691146 0.001181201729249437 0.061973487345782244 3.7886628413777565E-4 
2300.42771915618 1.3036067577334592E-5 4.7581612348902673E-4 0.2786569769022422 0.3026062356019855 0.7987094296511121 0.16218260707336377 0.0015142469598855707 0.001191918955467518 0.013401435447600668 1.1361385852204267E-4 
2288.8182835752045 3.772342398798942E-4 5.827895266808797E-4 0.2981459459338659 0.30647272916711255 0.5527155479755619 0.11037566265340779 0.8843521247975669 0.0011628662694011082 0.04875830536802278 0.004608773944288063 
979.2473218903865 1.4600235403732623E-4 3.911395709921471E-4 0.296952024459994 0.3094953215392587 0.6808149534304394 0.02608868824732767 0.44743009173638504 0.0020782079533290484 0.008457093126661937 2.0405563812219454E-4 
984.0035790701666 9.0801161644012E-5 4.316857711516442E-4 0.28756685440540236 0.30607907592324685 0.7963207315060398 0.3855037750979555 0.2771805290256224 0.004936937888736072 0.013956830061771203 2.7267341400526906E-4 
1274.0189067187132 2.7940651418735936E-5 2.9947330256769813E-4 0.28878259199905687 0.2937637089100945 0.8582642357054933 0.12138542870042981 0.1049340643001358 2.2356818726988227E-4 0.005100230163321395 0.0027235167481683043 
4638.562461913794 3.6293332310934046E-5 4.97583106743934E-4 0.2105331468332246 0.2888824445166267 0.9977519935750323 0.22529169300386698 0.7951036987647007 8.5838144579823E-4 0.006836476900395905 2.790328516470357E-4 
