37366.10759038399 1.257629070820686E-4 0.0031730674179685212 0.02959053934683603 0.32734168318533385 0.9967566804380625 0.040267006744378886 0.44477013613465316 0.0054461565206346055 0.5062498403919043 0.001055699462868328 
1278.6985842510612 1.57402400523189E-4 1.7150483500986475E-4 0.2997609872793289 0.2998901888755357 0.0026852993198693276 0.8507195803755124 0.14447923165179566 0.00218153160424908 0.10612110495442667 1.9913943761999914E-4 
1278.6985842510612 1.57402400523189E-4 1.7150483500986475E-4 0.2997609872793289 0.2998901888755357 0.0026852993198693276 0.8507195803755124 0.14447923165179566 0.00218153160424908 0.10612110495442667 1.9913943761999914E-4 
1375.2786809611468 1.8204894203619756E-4 6.56759784502009E-4 0.28391223472816335 0.3003144771910568 0.6278358796133399 0.07959164878035115 0.3736055414549571 0.003659392010710678 0.03646050762773247 1.5182155322866075E-4 
32310.26152383872 4.3354772422530804E-4 0.0029908657685948927 0.29400780971255397 0.31160759306883057 0.9963781564245309 0.6082888607971864 0.3578583974624535 0.001097566218863184 0.0524190927422143 8.564481317764273E-5 
30601.51466028596 0.0015442587164069261 0.0034280076308603915 0.037407808671542905 0.28826215719301695 0.9967566804380625 0.6273977087177135 0.6310879433901911 0.00787613522905783 0.4275352112003885 3.6518178869420485E-4 
1252.996570399121 9.180687676975749E-5 0.003024062201678209 0.30086472502702777 0.3033421910055906 0.03747465330181432 0.6009094780488506 0.07375090621210736 0.005109210904514424 0.056128964972577994 0.001935082850045303 
20806.77978420581 1.3864573172076477E-4 0.003149935371447276 0.29400780971255397 0.3111692886089621 0.9864966974516797 0.593305136840616 0.6188581666960903 0.020174437995409154 0.06621164228047585 7.76966969270589E-4 
8586.853204080637 1.4952241391200138E-4 0.003149935371447276 0.29400780971255397 0.3111692886089621 0.5412742187196671 0.593305136840616 0.5514993789547662 0.010811486420889872 0.06621164228047585 2.9083606166211426E-4 
25770.474869174293 2.0425205287803218E-4 0.0029893043659062497 0.01524470098021416 0.27890026750166386 0.9968043350658755 0.7887212853959177 0.27031047983343237 2.8556515481662176E-4 0.10080316004829634 0.0037152563556853914 
3125.3941657650807 0.0014339033988078594 0.0031522002201119247 0.2882104304025539 0.3012670633696439 0.7448611756893773 0.8301670987218349 0.1936532107160081 0.001877960040782453 0.06569306303604242 9.014290019043934E-5 
1260.6567087689616 1.9351928363381285E-5 0.003123796296380441 0.2901981321225321 0.3002695554558374 0.3526712245314721 0.09041932780348394 0.2961478469050455 0.01105702383062697 0.05112488300402198 0.001954007739840734 
981.7742335870528 0.001578145917478194 0.00432681544011827 0.3168592986956229 0.31687102620517693 0.12167655355995671 0.7066123559895119 0.0708107212144475 0.006804041431046452 0.06560071848016874 0.0037204224092966818 
8888.567473672061 0.0014561511761992268 0.003464104168578961 0.29262538420908585 0.3002907943122076 0.20155851503999667 0.8018559213645418 0.25447628697190955 0.002205704540105354 0.04705901866162718 4.887627793363665E-4 
1225.457093691511 1.66458736075339E-4 0.003159611017426073 0.2931431971271863 0.30539396199825536 0.18027503246480506 0.8240781070921852 0.6739111477541545 0.006709740649832169 0.06426901210665145 0.001966346448604752 
1817.8155789449916 2.1852504602061173E-4 0.0029830222119665998 0.2803380006525777 0.30370479921747334 0.6028821839156626 0.9201287688698923 0.04975142287519271 0.009089195829552647 0.0519583893689667 0.001140624529818304 
1298.0112442616432 1.9096835973121435E-4 0.0029120163080696548 0.2945440570605909 0.3117574036459511 0.46045785123315286 0.834436636692592 0.2517906374943577 0.0023307819896179046 0.07251085982141722 7.637211979689117E-4 
1102.609703262024 2.0097488243157988E-4 0.003101596605265965 0.28101388946968003 0.3048167330563186 0.163426393168882 0.523224545845095 0.17412028124519982 0.0016413634255467826 0.0032709113110105867 0.0018335333633061964 
2104.37022781062 2.8249431382795244E-4 3.46227088634946E-4 0.28668473418316814 0.3061396994882731 0.1930815959817435 0.6035767021556145 0.0808476451333241 0.0057407442537088516 0.04222342990939364 7.774200130496452E-4 
1932.5415103583102 2.9066496417950918E-5 0.0029988261298488856 0.29645387936815193 0.30001484594681443 0.2355260901015231 0.2827484355495329 0.027764596429737762 0.005650299722412974 0.0023029314752765935 0.0010401651212415596 
999.2189347727594 1.7226790883773086E-4 0.0032101051491366193 0.3163598070306069 0.31666359901447255 0.05923858633867096 0.8230961649809262 0.1753483779945023 0.004763021473915689 0.0807898917646006 7.697611868814069E-4 
1040.118075651284 0.0014678810557123816 0.002856246118146078 0.29419353045114977 0.3112491574715988 0.6415488813646572 0.8420009744677149 0.5801326506592197 0.0024160045993025236 0.21113994026449914 0.002062264960522965 
1253.5796427695443 1.2702845834646948E-4 5.18028580278243E-4 0.30086472502702777 0.3033421910055906 0.0844560469498834 0.6009094780488506 0.0708107212144475 0.005109210904514424 0.056128964972577994 7.751202677587713E-4 
1846.095722133296 0.0015221024531940214 0.0029493278916461604 0.27645828252351023 0.30539396199825536 0.33022802067173085 0.8412511357119702 0.13456722778338945 0.0028030923009275815 0.02286540127128542 0.001966346448604752 
1253.5796427695443 1.1946719300877807E-4 5.222630119793568E-4 0.2921133549185744 0.3033160982233645 0.39572602936069745 0.9887092855668403 0.0708107212144475 0.005109210904514424 0.004167287217665544 7.751202677587713E-4 
1260.6567087689616 5.418616395529305E-4 0.0031645211365920268 0.23197605651344794 0.2905507925133539 0.9009868850886128 0.09041932780348394 0.3008664630040285 0.003937530359496097 0.00682548609229619 2.0781203627496343E-4 
1426.0804649262432 6.32033846519706E-5 8.077174105799894E-4 0.2725889579764689 0.2847041054686507 0.8385076087951641 0.021503965607934217 0.2874256102723154 0.003765022927236992 0.033838519491315576 0.0015577369946604691 
1466.2554117974382 1.0367718765587904E-4 0.0034581685660849725 0.2938999903370421 0.3101491266598102 0.9797118987908959 0.5424780598654849 0.07375090621210736 0.005109210904514424 0.05609501682153314 5.980214368885052E-4 
1240.5475534619775 4.187009310657175E-4 0.0013078128676436245 0.28896825650105273 0.3054488610397405 0.1021195911352907 0.6059360107763571 0.04440614065048426 0.0012210648414364574 0.056109735671612974 8.284725398535783E-4 
1255.460200278294 5.858558578459124E-4 0.003001962302209617 0.29015842107645967 0.29700892043306265 0.9294556064442294 0.2695187738941649 0.005996480674181681 0.006709565558516997 0.09506803606829073 7.625978671819126E-4 
3480.7280785433823 1.5546692730742713E-4 6.372315835395389E-4 0.2795800884614868 0.30372925399772494 0.8475921108083456 0.050225299251064726 0.008257829312151799 5.5245009624181433E-5 0.05095626312743621 4.898566467312175E-5 
1444.957059004309 7.366462362139366E-4 0.0011096422790761377 0.3006213505484758 0.3147542373928825 0.4998157143162084 0.005177187141463591 0.9538119939439358 0.026868863550632158 0.053192671153230155 3.955878290142446E-4 
1279.3266774821595 3.3727696856894213E-4 0.0031174253364507094 0.2838634206291605 0.3048220657030509 0.829964279212208 0.02905785478654721 0.047897459813418516 0.0013168356545719775 0.03223856493367335 0.0018598984199360844 
1390.098331109226 1.471456587931606E-4 8.81128614307382E-4 0.28402185391857887 0.30073887856665665 0.2928947464353484 0.0491152300881601 0.3470771864850962 0.012526594547204584 0.057970288628922305 9.729590035850101E-4 
1274.1677713424624 8.966687247133414E-4 0.0021253193989003755 0.2931896919296652 0.3097990052014141 0.7303948303317278 0.5868837205703762 0.035930141378618094 3.5979713734473565E-4 0.06020187367383234 7.294967418293398E-6 
30428.491458468576 0.001995015871564962 0.0034280076308603915 0.02959053934683603 0.2895510130084614 0.9967566804380625 0.6272437936741723 0.6997991732334833 0.008027591333386742 0.5062498403919043 3.59069727496367E-4 
2447.3064493157435 8.19989850196642E-5 0.0028048496212760804 0.28616300698179314 0.29185794388310954 0.5742232940184495 0.8475132634956015 0.3398737006191961 9.114526537103576E-4 0.053792777925751406 8.46636728564631E-5 
9946.554180012441 9.546550264503443E-4 0.0033565926216227635 0.2940887774524099 0.3100070072872386 0.9472910358149644 0.8109235403433978 0.23533378323823684 0.0024160045993025236 0.21055207813140578 0.002004016869851418 
2681.3724606688206 6.372519676760807E-4 0.0022165463337481786 0.29136316731290385 0.2950310021550361 0.2695558942090235 0.6922058035240743 0.13067371570174396 0.004088412171425826 0.05493381504904616 4.8357914023158116E-5 
2081.9852513106757 1.2815281121511687E-4 3.281483459326911E-4 0.23371561515592323 0.28000232632057287 0.8677314800221081 0.895679197202039 0.08763334674979739 0.003638593103970444 0.03458382058974561 0.0032515142041595144 
35262.35663572885 6.390873116927584E-5 0.003463563504123965 0.026882069359553076 0.32208383715377037 0.9947687375171409 0.804441642534303 0.23044081462471697 0.10155219924001474 0.4826300386349768 7.766463757213889E-4 
1253.5796427695443 1.2702845834646948E-4 4.8358570803189085E-4 0.2820582111877992 0.30086472502702777 0.09479493657368634 0.6009094780488506 0.0708107212144475 0.004520914278684615 0.056128964972577994 2.7966087944733737E-4 
1241.1561022017813 0.0013355797189088298 0.0031630975638370154 0.2938893773450779 0.2965421609442363 0.3726210782221366 0.8109129362548162 0.27072651252449736 0.002205704540105354 0.06542322435474188 4.887627793363665E-4 
2965.3928834773437 9.90859504429367E-4 0.0032720074533071045 0.29398171614728535 0.294281764408196 0.4747040834703165 0.69661082762471 0.06635176798198748 0.0017569471944064033 0.05676410714844679 0.0013865365911099382 
2505.256271794973 1.7163741815023664E-4 0.002973515644641164 0.2924254335855722 0.31023578599325047 0.8935774661511177 0.834436636692592 0.2684332403038482 2.9218784006186443E-4 0.0556678143523224 0.001993250515535424 
9946.554180012441 5.877520124868835E-4 0.0033565926216227635 0.29410305972824935 0.3100070072872386 0.9044784272594971 0.7278013138306149 0.2716431582860124 0.0024160045993025236 0.0556678143523224 0.002004016869851418 
981.7742335870528 0.001578145917478194 0.004298866175337645 0.3168592986956229 0.31687102620517693 0.7202722406315258 0.7066123559895119 0.0708107212144475 0.0026311371250079527 0.0637186850230675 0.0037204224092966818 
1222.600619122238 3.3727696856894213E-4 0.003118638584705736 0.2903543700485186 0.3046635673817663 0.2846253849075897 0.7447352132950168 0.047897459813418516 8.671089267412537E-4 0.03223856493367335 1.7499504507925907E-4 
1631.0008881953895 6.705460470868597E-4 7.72796118135915E-4 0.29870689749767393 0.30377326270318744 0.6533969363631673 0.8529054725359424 0.08485774140855531 0.0016439936481215088 0.04611601360739928 3.9264126218806455E-4 
1609.833061840916 0.0019896979497673996 0.003245035670624046 0.29561210906611934 0.30539396199825536 0.531190134912221 0.835493770446675 0.03457350937409104 0.006709740649832169 0.06426901210665145 3.082636431565259E-5 
5375.413825965323 4.3354772422530804E-4 0.0029908657685948927 0.29400780971255397 0.31094783899506967 0.4861302798573099 0.685748582344259 0.3618777261430156 3.085382714681541E-4 0.05382565795533973 1.1321102820834234E-4 
8327.79954077125 8.298326548335636E-4 0.0031867596587257744 0.29360913589555093 0.30946658935600524 0.9299356450456996 0.39270487427058115 0.2657059800697517 0.0019456823159405496 0.14380985713212777 4.040917411899053E-4 
5812.431096452781 1.3740754054139385E-4 8.81128614307382E-4 0.2851913900473674 0.30042049178453245 0.7609629823173671 0.7701497728285693 0.2979965121003758 0.01290434527246282 0.04501766715686 9.729590035850101E-4 
2970.2847682224346 1.2084815815233824E-5 0.002870539100262972 0.2943767419912243 0.2965983691091079 0.3820670983746445 0.7247098668123121 0.2713989626831157 0.0022822040094132253 0.065527494337128 4.0373529980288923E-4 
1303.0320087978675 1.1117176986267504E-4 6.766292065531546E-4 0.28944329880968683 0.29586894069522 0.058960932754571316 0.6339061412703967 0.3583382031978707 0.00679452588989565 0.0047546730814135366 9.252485128914232E-4 
2507.4360962673177 8.495028279148604E-4 0.002816500408903208 0.2958568973557065 0.30476986180932275 0.18756479561055048 0.8472424576026539 0.3101561686620611 9.114526537103576E-4 0.053792777925751406 0.0018288441957189073 
34242.97237817241 0.0013724525783680894 0.003152234597574521 0.12231501748199566 0.2607482512677087 0.9982231155808488 0.6257210760740439 0.13679073369595135 0.010338817598383981 0.06535706731068915 0.0032794419880763197 
999.7991297490893 5.222630119793568E-4 5.644595264361603E-4 0.2921133549185744 0.3029280182000653 0.4498257906282763 0.9887092855668403 0.0708107212144475 0.005109210904514424 0.06172621025239768 7.751202677587713E-4 
2667.9854992666383 1.4952241391200138E-4 0.003149935371447276 0.29400780971255397 0.3111692886089621 0.5412742187196671 0.593305136840616 0.6188581666960903 0.010811486420889872 0.06621164228047585 2.9083606166211426E-4 
8246.511176839043 5.929329571010868E-4 0.0014331859119690515 0.27917043039891476 0.3017725714121387 0.802527153690947 0.8323642094014428 0.5768234857217827 0.007112036918141074 0.050479735210529744 8.272025787749382E-6 
1298.0112442616432 1.9096835973121435E-4 0.003022973863238144 0.2945440570605909 0.30295617189396756 0.4457948457249115 0.834436636692592 0.2517906374943577 0.0023307819896179046 0.06614898050063166 7.637211979689117E-4 
1303.9784043551495 1.3771111269903706E-4 0.0014349545179286852 0.2629275716969959 0.2934466689773371 0.42659695377715356 0.8310523599123987 0.3117819062748196 0.0022140625988280355 0.06382912478451909 4.9068878055412E-4 
33124.247941149835 1.5730578723805117E-4 0.003215329252657689 0.14316753689953862 0.26416674014150826 0.9982231155808488 0.856127692205628 0.13679073369595135 0.004925007219602503 0.06535706731068915 0.003270991100829017 
31686.79305507277 3.271371806262074E-4 0.004035992075568633 0.26564450411100937 0.32108462965848766 0.9962161454936098 0.6372653665187566 0.329468978970327 0.05114534259815212 0.014340132846547338 0.0012927730413073752 
3032.8668978760466 0.0014339033988078594 0.0031522002201119247 0.2943624597153849 0.29659235010714136 0.9519016630965763 0.8078320933526892 0.23508958763533994 0.001877960040782453 0.06549596755972255 5.320347569314895E-4 
1180.0955672356135 5.314013626944284E-4 0.0016427638168083232 0.29487723924419573 0.30349213255702934 0.07273504196651792 0.6683403908959643 0.3461611923866904 1.7516145121068954E-4 0.056128964972577994 7.7189333058489E-4 
1243.6357589109377 3.298103457929208E-4 6.847192736331614E-4 0.2961493132888551 0.30334732130360137 0.7593258323588492 0.6976404711883313 0.0776727423029939 2.9940898450662307E-4 0.017091773829277904 7.782706264487641E-4 
5994.764792222362 8.071232413808577E-5 0.0029105346187516755 0.2945440570605909 0.3117574036459511 0.7802574338897602 0.8344698065376788 0.2517906374943577 0.0023334397529431315 0.07556935743127483 7.637211979689117E-4 
1256.6921963101015 2.879927880810681E-4 8.217242995381734E-4 0.2757901034430221 0.29308273087132075 0.14041619117652462 0.6944066873154536 0.3140019216757073 0.003961628556649515 0.07129361947993677 8.224516697301694E-4 
8342.183990809164 2.0569366582851102E-4 8.81128614307382E-4 0.26588857431652274 0.30042049178453245 0.6501559737417172 0.11240331142757129 0.36443851991748966 0.013082587640131225 0.01098803465477318 0.003936937370938854 
25047.42905891298 1.9297611224023683E-4 0.00298612372203447 0.02884072058227355 0.2758473939354986 0.9968043350658755 0.6282977955065878 0.3013994096454162 0.0020206113790157115 0.10022660992528007 0.0037152563556853914 
1484.8653575546857 0.002021067144288946 0.003122503602436269 0.28101388946968003 0.3050926444215168 0.5166068312021053 0.523224545845095 0.17361815255633228 0.0016413634255467826 0.050873263125667555 0.001798421675850242 
1241.1561022017813 0.0013355797189088298 0.003464104168578961 0.29388919477729725 0.2976031176689446 0.3197712153524948 0.7998691423498732 0.26197506848818175 0.002205704540105354 0.06542322435474188 4.887627793363665E-4 
3655.619879284942 4.4587974367248844E-5 0.0016226620856635374 0.28068154355068486 0.2942993808322144 0.24499186853736354 0.16985426997634928 0.40806660254737037 0.005431763923584781 0.022281127544715104 8.34557716092916E-4 
1218.9602896408082 6.804451374452114E-4 0.002951350190601092 0.29025159032787545 0.3146965580682051 0.2560672341396794 0.7354757032394179 0.3404077858377118 0.027213199890593162 0.011031346654949693 2.444834822356916E-4 
999.3732395070174 5.119438984078611E-4 0.003162692694378951 0.29269422900688585 0.3066161836665389 0.4099274518873894 0.9870135430718157 0.3008347204124742 0.004721566549558193 0.005306655591537042 6.812109836653462E-5 
999.2189347727594 1.7392584843723346E-4 0.003211187951508045 0.2909310011595629 0.3066199829765952 0.38625570276894994 0.8394260385836626 0.38675546977704195 0.004819291096675244 0.07433988119559332 7.536758241988415E-4 
1253.5796427695443 1.2702845834646948E-4 4.8358570803189085E-4 0.23252939671997686 0.2820582111877992 0.14921703595125538 0.6009094780488506 0.0708107212144475 0.004520914278684615 0.056128964972577994 2.7966087944733737E-4 
1256.6921963101015 1.8321811919498127E-4 7.253095442472564E-4 0.2757901034430221 0.29308273087132075 0.5135546456167512 0.6944066873154536 0.32688660399550856 0.00450690050225285 0.05238900185303613 8.224516697301694E-4 
1651.597751323488 1.7150483500986475E-4 3.5298487088184665E-4 0.28347356213737024 0.3000599906745667 0.007748494836197606 0.7270154938404497 0.14447923165179566 0.011445430172048646 0.05267212839996482 0.0020004200327440797 
1398.7207930375098 2.7868103465488717E-4 0.0030098937143742573 0.2975040773929621 0.31482313632359177 0.12866677135802165 0.9175202243743488 0.9502726932927914 0.026342681347214278 0.055808643232981944 0.0011353642259080573 
961.3101948994567 7.980562207275115E-5 0.003366767222357096 0.29036232840301957 0.30705703005932533 0.985858927833341 0.956013120530085 0.689458403738568 4.573264898854179E-4 0.010371201390401596 7.869276307175814E-4 
34696.8105152331 2.896258171982077E-4 0.004035992075568633 0.2656369771916881 0.32108462965848766 0.9963115328980193 0.6404930320966664 0.2565505827382592 0.05114534259815212 0.011870615575462113 0.0013455290602785686 
953.0181821979288 6.133658514374622E-5 7.264202815664897E-4 0.2889186589257153 0.31089385951502024 0.791077596711924 0.9874183744516691 0.2956406714046689 0.012969440722931578 0.017998888842593663 6.877728301600344E-5 
1179.1708205280593 1.5336533309460784E-4 0.0029830222119665998 0.2987725816361071 0.30362240706074967 0.8895824020936705 0.8998439942973749 0.023555369001783566 0.009089195829552647 0.0519583893689667 0.001140624529818304 
989.5502014610735 9.935159393850658E-5 8.81128614307382E-4 0.2671523848847341 0.29773281514126937 0.6702816154891923 0.11108750103152581 0.371937301481572 0.013082587640131225 0.01098803465477318 0.003936937370938854 
1643.5650813429545 4.4587974367248844E-5 0.0032236353650989583 0.28068154355068486 0.2942993808322144 0.24499186853736354 0.07207725778728308 0.40806660254737037 0.0022901505687426375 0.0035432895368802085 8.403880768550019E-4 
1597.3940463777863 6.372519676760807E-4 0.0010126665290826884 0.3043809752652539 0.3048862045316442 0.3276616934914795 0.4072768735966473 0.07522029010961377 1.577277518149899E-4 0.12234239619373666 4.0108571779824275E-4 
2439.3685488241795 1.2843609026937629E-4 0.0029897817225915343 0.298182503145025 0.3009015209386076 0.8683152771831985 0.6952550042950421 0.023555369001783566 0.003024105358820904 0.05607676844509309 0.0011382795763649443 
989.0848218790981 1.7392584843723346E-4 0.0017855069285251895 0.3163598070306069 0.31666359901447255 0.02418783546751309 0.8352413412064188 0.3161428290321965 0.009362104121794258 0.0807898917646006 7.67999752627651E-4 
1490.0893481134167 1.2070998330880302E-4 6.705460470868597E-4 0.29870689749767393 0.3037564700816821 0.42105969491139417 0.8529054725359424 0.31197379503647393 0.002266685734043322 0.36541157942240116 3.9264126218806455E-4 
1282.6476139926835 5.353560051204526E-4 0.0015941706971693012 0.2747265112448351 0.3053377910367763 0.28405880996282135 0.5999204103373258 0.3136979547527853 0.005434992122172277 0.017951440140389918 8.383876424541823E-4 
958.2210985871227 1.7392584843723346E-4 0.002161782225479208 0.31502403534617496 0.31748468801002516 0.026429621893849453 0.8401262167520639 0.3012474605515892 0.010755725062865169 0.08300242118493696 7.697611868814069E-4 
1465.5974945162532 1.4743734270879964E-4 0.00323895389692519 0.29410305972824935 0.31023578599325047 0.6881278007277801 0.7365851011719488 0.24718713797728364 0.0024160045993025236 0.05697141762922485 0.002058577927964901 
1240.5475534619775 0.0016427638168083232 0.0017645983671100865 0.2888895132893996 0.3041928341512918 0.07273504196651792 0.6028654125631061 0.3461611923866904 0.00132365696454949 0.056152499287068516 7.7189333058489E-4 
1442.404107612887 2.1933756463383362E-4 0.0033576638254720842 0.280979016747225 0.31040285099650816 0.21717530890047437 0.9739645852104852 0.3810476976341134 0.01288642506648848 0.057824579567128186 7.681361467916975E-4 
1303.9784043551495 0.0013355797189088298 0.0031630975638370154 0.2934466689773371 0.296516743031075 0.804248115634368 0.8324080949116647 0.26729549054598106 0.0022167203621532624 0.06542322435474188 4.9068878055412E-4 
1170.203080308927 1.8487911385718463E-4 0.0031586540321531945 0.2938903755360712 0.2953502120908983 0.6839986257921989 0.7619896059170056 0.6622127839960649 2.365303156391836E-5 0.040191468807724826 6.252911008692123E-4 
9964.115141198507 1.8393151879706507E-4 0.003362364591603727 0.2940887774524099 0.29532340108289346 0.9472910358149644 0.8109235403433978 0.23533378323823684 0.002367493011467361 0.21694954013333273 0.0022747198863288147 
1280.5668874747275 1.1845377787446237E-4 2.0578403884307555E-4 0.19362923979187396 0.2838365397910601 0.9967779852217223 0.02905785478654721 0.048279250830131494 0.00572231270228118 0.02365060965707943 0.0020004059343380586 
1261.837758734569 1.3239963003325392E-4 1.7150483500986475E-4 0.26547398279169715 0.30001605271103676 0.0026852993198693276 0.692985777073425 0.14447923165179566 0.011445430172048646 0.05267212839996482 0.0020004200327440797 
1649.717407630905 4.340624404611623E-4 0.0029346463015586847 0.29397189992026873 0.3048744953046947 0.36160535310319725 0.9384222997040266 0.055559740585928 2.516688365543539E-4 0.05385138142134679 2.2111304387059162E-4 
8968.11431193581 8.298326548335636E-4 8.492728589875455E-4 0.27907765518785277 0.30946658935600524 0.9268317462724754 0.39270487427058115 0.2051684711944491 0.0019232965351872761 0.14380985713212777 1.1734906455956358E-4 
1398.7207930375098 2.8667698729002873E-4 0.003114987085210546 0.3146965580682051 0.3166614715605996 0.1267308033287152 0.8990708482765501 0.9502726932927914 0.026342681347214278 0.07117957985653399 1.5074634420118014E-4 
1442.404107612887 2.1933756463383362E-4 0.0033576638254720842 0.280979016747225 0.31040285099650816 0.21717530890047437 0.9739645852104852 0.3810476976341134 0.01288642506648848 0.057824579567128186 7.681361467916975E-4 
1466.2554117974382 1.0367718765587904E-4 0.003157161961343027 0.29390017290482273 0.30908816993510185 0.9932028138574048 0.5535215004708577 0.08251107042580692 0.005109210904514424 0.05609501682153314 5.980214368885052E-4 
1605.8977340639628 0.0019896979497673996 0.0032447710017421477 0.25353543776373044 0.30539396199825536 0.531190134912221 0.835493770446675 0.03457350937409104 0.007266216317335357 0.0665320576882081 3.1869837723555295E-5 
1449.6279575244446 5.190818894061627E-4 0.003122503602436269 0.28089802656487567 0.3048744953046947 0.36160535310319725 0.9384222997040266 0.055559740585928 0.0016413634255467826 0.050828329588514486 3.3171426874897326E-4 
1132.2305882600713 6.320303731337257E-4 0.0029580540638912928 0.2795534371597417 0.2932083709642213 0.7061022980226925 0.6868530874017185 0.23047430401452496 0.0020749760733413 0.061039605854733156 4.8357914023158116E-5 
1027.1230766646927 6.372519676760807E-4 9.368590133800572E-4 0.303259448421001 0.3048862045316442 0.7011787482779963 0.690999707028005 0.08167352909625442 1.577277518149899E-4 0.00893736618422157 4.0108571779824275E-4 
3081.990110744938 6.804451374452114E-4 0.0032465921378724183 0.2913362384211915 0.31462878339290107 0.2560672341396794 0.7354757032394179 0.3404077858377118 0.027213199890593162 0.011031346654949693 2.444834822356916E-4 
5289.600245379566 5.849751346819689E-4 0.003176155405535354 0.2961604106050659 0.2966166789308687 0.7753764021419531 0.6705977644055833 0.3216588859069537 0.0013906427749051584 0.0025834960675172013 7.00173248370994E-6 
1253.5796427695443 1.2702845834646948E-4 4.8358570803189085E-4 0.2820582111877992 0.30086472502702777 0.14921703595125538 0.6009094780488506 0.0708107212144475 0.004520914278684615 0.056128964972577994 2.7966087944733737E-4 
1281.0904325920558 1.2702845834646948E-4 4.8358570803189085E-4 0.28125211981596715 0.284617500530357 0.14921703595125538 0.021864526717762706 0.05017788345207128 0.004520914278684615 0.056128964972577994 2.7966087944733737E-4 
1490.0893481134167 1.2070998330880302E-4 6.705523264299971E-4 0.27942781820717805 0.30372705376029047 0.42105969491139417 0.8173280675478325 0.019880494435504326 5.450738947235852E-4 0.39675265718777347 3.9264126218806455E-4 
1597.3940463777863 6.372519676760807E-4 0.0010126665290826884 0.3043809752652539 0.3048862045316442 0.33173889110858773 0.4072768735966473 0.07522029010961377 1.577277518149899E-4 0.12234239619373666 4.0108571779824275E-4 
2955.1732520452124 1.5336533309460784E-4 0.002874947856733831 0.2987725816361071 0.30362240706074967 0.8895824020936705 0.7235773173906 0.023555369001783566 0.008801515334841125 0.0519583893689667 4.142062103612986E-4 
5289.600245379566 5.849751346819689E-4 0.003176155405535354 0.2961604106050659 0.2966166789308687 0.7753764021419531 0.6705977644055833 0.3216588859069537 0.0013906427749051584 0.0025834960675172013 7.00173248370994E-6 
7183.05691397491 5.94555773470099E-4 0.0014331859119690515 0.27917043039891476 0.3017725714121387 0.802527153690947 0.6883760484757323 0.023275086821721247 0.007112036918141074 0.050479735210529744 3.740167544772208E-4 
2439.3685488241795 1.2843609026937629E-4 0.0029830222119665998 0.2987725816361071 0.3009015209386076 0.8618722283142475 0.8998439942973749 0.023555369001783566 0.009075367519202376 0.05607676844509309 0.0011382795763649443 
