1 0.7981610502813545
2 0.8716788925043224
3 0.8537590450761725
4 0.7546291024113271
5 0.8820786681689377
6 0.7559263316932137
7 0.8032119162996715
8 0.7592657975549376
9 0.8115970751132096
10 0.694039777566692
11 0.7355353683131329
12 0.7849648237367037
13 0.7839098529182572
14 0.7703500488274596
15 0.6535661561799126
16 0.6925129329991887
17 0.6794230819225784
18 0.7363529017108281
19 0.6879716506674178
20 0.7508302826447052
21 0.7953356004448905
22 0.8125800956927006
23 0.7359328249325479
24 0.7170715227364326
25 0.7114799066570755
26 0.7135239977138724
27 0.7061350854030716
28 0.6984918561774712
29 0.6649212704929621
30 0.6544933052209398
31 0.6548465601385243
32 0.6442532631958887
33 0.6409823734305758
34 0.629771640891722
35 0.6497846885931593
36 0.6746109916837166
37 0.6491971302844938
38 0.6994487057344091
39 0.6643435623060338
40 0.6271102973063424
41 0.6228651830354834
42 0.6148413190631751
43 0.6346359191638952
44 0.634401430906318
45 0.6296369186723784
46 0.6175658335075762
47 0.6211522768208152
48 0.5815919764498356
49 0.590886773577719
50 0.609554420345045
51 0.6097370461479656
52 0.6063891178535252
53 0.6130956499471885
54 0.6201321940912439
55 0.6300979636125372
56 0.6283360014996878
57 0.6269341932790975
58 0.6072764844546873
59 0.6303191238890606
60 0.6347780531136559
61 0.6021497538949502
62 0.5924318252278894
63 0.5803983599580135
64 0.5651090719933572
65 0.5618075804989332
66 0.5446194119601268
67 0.547493387951529
68 0.5429879517809835
69 0.542997052912211
70 0.542997052912211
