1 0.8000315592588204
2 0.6729443684050065
3 0.7175957027515292
4 0.764035968006252
5 0.7110378615195473
6 0.6587903509490279
7 0.7309016812720367
8 0.7221089083302853
9 0.73791991299598
10 0.6351386540144954
11 0.6395739447979326
12 0.6484187542659962
13 0.6544786036416642
14 0.6255056473511243
15 0.5820344119321376
16 0.5463826336125471
17 0.5366464887452822
18 0.5415972216509217
19 0.6192923378497609
20 0.5874058631402875
21 0.5560338858725282
22 0.5243944955540145
23 0.5416771629984227
24 0.5321043620162571
25 0.522163188253581
26 0.5105926047779751
27 0.5087017183804409
28 0.4976926068830569
29 0.5139223060583095
30 0.5049534000857081
31 0.5185625543667072
32 0.48695275604426386
33 0.470523976182798
34 0.4896062134118744
35 0.4878975173089717
36 0.46842217152818305
37 0.48444685774233087
38 0.5248158015239273
39 0.4913285609048399
40 0.5153490304775661
41 0.5633871607214217
42 0.5551505514027596
43 0.5772891612655512
44 0.5437707528369178
45 0.5635610259137959
46 0.5493876049977249
47 0.5357697788997442
48 0.5283795255949476
49 0.49160309301496663
50 0.5097215959865613
51 0.4883948558850902
52 0.4993077237884844
53 0.5025675727513317
54 0.506410108731585
55 0.5069609686608839
56 0.4995135448224345
57 0.5051611371363643
58 0.510595883564934
59 0.5106648408703369
60 0.4929696887733821
61 0.498310959970777
62 0.4728103250477071
63 0.5043097426371898
64 0.49458315583668366
65 0.4888349147370631
66 0.5121026953266233
67 0.49086445474326335
68 0.4819053567167371
69 0.4830627303048594
70 0.4830627303048594
