1 0.6560840378839364
2 0.8509310857729065
3 0.679725259877535
4 0.7483615155855837
5 0.8516838210233558
6 0.7861150627295195
7 0.7150840538359453
8 0.8088250332913629
9 0.8281631322987613
10 0.8597528924072841
11 0.8034436142417832
12 0.8038485135680294
13 0.8363354024135081
14 0.8452231668365053
15 0.8508281309415519
16 0.8378188539969994
17 0.8482065812373587
18 0.763201052399806
19 0.8028465130737851
20 0.755560256265882
21 0.7704561189712242
22 0.7236414776253222
23 0.7113401313875707
24 0.7305791022844637
25 0.7162986227999814
26 0.6784678424150903
27 0.6860019522335133
28 0.6749466279654943
29 0.6586135320747695
30 0.6363952733714789
31 0.6104408650179827
32 0.599006496473064
33 0.5394081560748325
34 0.5277269059000128
35 0.5167952805054586
36 0.5123280311911614
37 0.4977415532233089
38 0.49690905307209626
39 0.526020147586186
40 0.4978955675235607
41 0.49566724804261053
42 0.4988438937651113
43 0.5089313010646148
44 0.5359980142523955
45 0.533255045037135
46 0.5481747527668237
47 0.5549688688322308
48 0.5308355655690501
49 0.5463905879468995
50 0.5414770664391084
51 0.5402081198614477
52 0.5352465296413471
53 0.5333190126390004
54 0.5401107767940175
55 0.5323076042679985
56 0.5026144688584714
57 0.49872045823571254
58 0.5022930830551324
59 0.507752967676457
60 0.5173209958979962
61 0.5206045679585997
62 0.5103180782130219
63 0.5185603076970245
64 0.5101782972604143
65 0.4975765567787497
66 0.5032826259026084
67 0.4948206806216516
68 0.5013758464745931
69 0.49206424558956063
70 0.49206424558956063
