1 0.7043754647108531
2 0.7690046800806398
3 0.6095821290849567
4 0.6682073289788115
5 0.7285619717438901
6 0.6429427763835982
7 0.7466642275806336
8 0.7512939936047639
9 0.7022163537349267
10 0.6424620854400258
11 0.6296027442589652
12 0.5671419331473776
13 0.5381295777908531
14 0.6087031271923077
15 0.5714836970190377
16 0.6177816051211302
17 0.5717873866851256
18 0.5559358826637462
19 0.5957083541198895
20 0.5426891519798838
21 0.5129190663826843
22 0.47238009664174413
23 0.41845009914207
24 0.41508790028496784
25 0.43523852081045766
26 0.4267332313156125
27 0.4298277692598397
28 0.40320740005184014
29 0.4150493895948419
30 0.43295637163260886
31 0.4615545001671889
32 0.49727857734889375
33 0.4764020306738484
34 0.4517884872735444
35 0.4868148095245519
36 0.5088678871472899
37 0.540675218042973
38 0.5296157679943883
39 0.5499002178746633
40 0.5272182288129186
41 0.5576039586519826
42 0.5553706122643546
43 0.5805012909972216
44 0.5632384334165268
45 0.5704750817314527
46 0.556283758767851
47 0.5601121404260722
48 0.5917854261048419
49 0.5856813980059304
50 0.5861954024741332
51 0.5793216374072307
52 0.5688484004832257
53 0.538032560193877
54 0.5079204373523871
55 0.5337098187427428
56 0.5222562883033536
57 0.5261118483264798
58 0.5628073143313645
59 0.5670445442219678
60 0.5665111521254121
61 0.5665559794731772
62 0.5435711826296732
63 0.5391648859043664
64 0.5042502515774402
65 0.5065311278901158
66 0.5046086338720773
67 0.5458348086463894
68 0.5416552009242531
69 0.5411160423188903
70 0.5411160423188903
