1 0.7579182113942062
2 0.917849139283735
3 0.8173331429911667
4 0.7275735727810997
5 0.7457370406080083
6 0.7495469789953749
7 0.8250676920211668
8 0.7430087657090447
9 0.7622404716746544
10 0.7273792013331716
11 0.7503124097051049
12 0.8206617899172856
13 0.7566470819239849
14 0.6783994376722309
15 0.6368630353732201
16 0.6638537550716487
17 0.720484572539192
18 0.6641683508193593
19 0.643401063926131
20 0.5838784329229022
21 0.5591156675337428
22 0.6114473100253702
23 0.603880239541941
24 0.611317255735774
25 0.6264876191298332
26 0.6017214774700269
27 0.5592289447011295
28 0.592692074783815
29 0.6024028136580201
30 0.5700754419157281
31 0.5398495029964124
32 0.5208394352971708
33 0.5325274722467693
34 0.5113380617571249
35 0.5544853390726723
36 0.5373472285953048
37 0.5180418579770053
38 0.5215792482351047
39 0.553991451916171
40 0.5806649352490986
41 0.5855349314185847
42 0.5933819294576862
43 0.6163303953385807
44 0.5895551406783881
45 0.5979320020787899
46 0.603509506501075
47 0.5455482139544554
48 0.49877988742260787
49 0.5110953562381517
50 0.5535725368968597
51 0.5402917962870641
52 0.5672557663480041
53 0.5109436777203268
54 0.5353535359939183
55 0.5429144846283723
56 0.4858961583157701
57 0.48878160480362215
58 0.5158677409723262
59 0.5168615302795702
60 0.5636563900776792
61 0.5290644332206982
62 0.5337349955573742
63 0.5047957515386711
64 0.5390913519357171
65 0.5552866781824431
66 0.5447979079672047
67 0.5334323714027271
68 0.5225521786764971
69 0.5127307270154593
70 0.5127307270154593
