1 0.7632517830526557
2 1.0061406450966057
3 0.9174067976199677
4 0.7748719196824077
5 0.8810108760300601
6 0.9287072253867494
7 0.9301067201181901
8 0.8453722039640588
9 0.7874030380570506
10 0.8210459213422072
11 0.7638248711547133
12 0.7574831270454191
13 0.7286444139762214
14 0.6413695027941687
15 0.6150716191162805
16 0.6335901855636217
17 0.6304520436824141
18 0.6701741781775161
19 0.649726878096833
20 0.5987601769130636
21 0.635941989472409
22 0.6379342562622634
23 0.6459519749355318
24 0.6060724884185438
25 0.6150964814247257
26 0.6168170510774466
27 0.5776783435732654
28 0.5933215300130881
29 0.604264782048661
30 0.5910372910008331
31 0.5450574415242948
32 0.5332370015533776
33 0.5709542647293143
34 0.5650171511760543
35 0.5890646910649321
36 0.5874397514179136
37 0.5881833386386225
38 0.5495212474331459
39 0.5375781304448056
40 0.5457012999525045
41 0.5526275133830405
42 0.5541085850766401
43 0.5677216417896269
44 0.5672070771442547
45 0.5289632584331482
46 0.5648337112622224
47 0.5917635767685056
48 0.6148145647985359
49 0.5664610651649051
50 0.5479224462260188
51 0.5556016305806948
52 0.5470380867036904
53 0.5669682947820796
54 0.5842813077302519
55 0.57303125484436
56 0.5896094304797622
57 0.5902854432947757
58 0.5883319971651325
59 0.5734066155901425
60 0.5663425161213431
61 0.5759941517693272
62 0.6014152013972979
63 0.5750201285787228
64 0.5385445082146845
65 0.5452114195247955
66 0.5368120371253333
67 0.5383037322529419
68 0.5377602307442644
69 0.4978188377924283
70 0.4978188377924283
