1 0.704944641486333
2 0.8037273162914816
3 0.7923345176433176
4 0.8299459070461166
5 0.7145242577557582
6 0.8597692092832332
7 0.7480122373660599
8 0.9040582919641458
9 0.8138733370261777
10 0.8090466203883793
11 0.8388038904470547
12 0.7293130836012256
13 0.7721593511882707
14 0.6956191553767525
15 0.635667516736761
16 0.6817171730167341
17 0.6931886951242003
18 0.7013536705868412
19 0.7296102134713492
20 0.6757125239674385
21 0.6174378682090619
22 0.6130905210624341
23 0.5762818188779264
24 0.5357602578871946
25 0.5117258843068722
26 0.6026940215584332
27 0.6036700725991268
28 0.6111693027897419
29 0.5710697094028504
30 0.5614331376373036
31 0.552499252524579
32 0.5882960627415542
33 0.6251004954585183
34 0.6496481318649326
35 0.5854500056366206
36 0.601063113226942
37 0.5622030150970438
38 0.5899094570640631
39 0.5741279451417478
40 0.5723170724163819
41 0.5618647955071125
42 0.5404356123282934
43 0.555255481590719
44 0.5408511614408085
45 0.5735801870993287
46 0.5664847155415854
47 0.5704002771612856
48 0.5737091955029189
49 0.5412538705606369
50 0.5494040029763708
51 0.5053585002320385
52 0.5479904049393041
53 0.5797868800842695
54 0.5615652728533103
55 0.5550311851922948
56 0.5405631732520799
57 0.558632922727006
58 0.5402761071206884
59 0.5298943875362472
60 0.5257858337287775
61 0.5249037433528828
62 0.5058351407762043
63 0.5231279401473938
64 0.5281124865186833
65 0.4986765331159729
66 0.556190329051976
67 0.529646547822433
68 0.5318431088977271
69 0.5421754668092944
70 0.5421754668092944
