1 0.5620598972804374
2 0.654370123594846
3 0.8373671788591571
4 0.8100455611198215
5 0.7092115389516034
6 0.7735499034389492
7 0.6602453594128456
8 0.6946429925913159
9 0.5872450866845753
10 0.6991778054464501
11 0.6743133247306887
12 0.6138702718932111
13 0.5795937914660481
14 0.6116146434272302
15 0.6045602107392394
16 0.5811407322648573
17 0.5936614915948561
18 0.5807715125359266
19 0.5239328240079683
20 0.48358601890582437
21 0.4736146362923194
22 0.5047843976866626
23 0.4919664195346385
24 0.49902956689005357
25 0.5075070261465622
26 0.5364177917163518
27 0.5376966653840992
28 0.537406947633242
29 0.5466746510941144
30 0.5410014792611206
31 0.5609524363544455
32 0.5909400983833558
33 0.5772465076693919
34 0.5646254919564095
35 0.5452454074951606
36 0.562967164410644
37 0.5463625818313051
38 0.5336308531152536
39 0.5299705533615016
40 0.5236789072450595
41 0.563260416197466
42 0.538014745980287
43 0.5479695742096571
44 0.5395737590217072
45 0.5516630071951366
46 0.517591948600719
47 0.4891838748026873
48 0.5118945373821118
49 0.49505799078102836
50 0.5020934055382338
51 0.5121551781568076
52 0.5072606557827564
53 0.5232591448326589
54 0.5505216974466094
55 0.5573928057947699
56 0.5398717653119485
57 0.5307784547045941
58 0.5395802500606993
59 0.5562302955425488
60 0.5797949692155259
61 0.579565044010539
62 0.5590102192107881
63 0.5469511842075507
64 0.5482070704662682
65 0.5808718509422487
66 0.58446440963229
67 0.5553495963725238
68 0.5216747052613354
69 0.5108072633033168
70 0.5108072633033168
