1 0.6514703723707886
2 0.7745792261895205
3 0.9469372065789664
4 0.8101088653343996
5 0.8242947105138834
6 0.8057974200469168
7 0.7496454460514453
8 0.7560329021318366
9 0.8180369402498363
10 0.8094801238487878
11 0.6766176667170019
12 0.705705398075215
13 0.6167247228926905
14 0.6299559300029626
15 0.6459970974525145
16 0.6792613310838448
17 0.6280029652748482
18 0.5867973857364448
19 0.5794344306509607
20 0.5990788959723122
21 0.5880654752990254
22 0.5662212582455136
23 0.6097270021673237
24 0.6005275621079157
25 0.6150986945767601
26 0.5485820695489193
27 0.5518215167046302
28 0.560806451875379
29 0.5575565046002663
30 0.5765226470666001
31 0.5721549577749913
32 0.5733644638136002
33 0.57578401813002
34 0.565403576141084
35 0.5541445118500589
36 0.5386782132610595
37 0.5709888139000571
38 0.5637281753557625
39 0.5836044197215295
40 0.5793629744422456
41 0.560686188540078
42 0.5545840989965021
43 0.5460760689421001
44 0.561155168436253
45 0.5351494152278341
46 0.4922701096242971
47 0.49430616578084996
48 0.4970964152319531
49 0.48684954967006633
50 0.5230470642828592
51 0.5299149964378597
52 0.497522281177123
53 0.45950548885105647
54 0.5017918319496213
55 0.49530971137915186
56 0.49145177631682074
57 0.4661342665266099
58 0.4692254015380535
59 0.5017536066135433
60 0.47126070593897235
61 0.47404642696611315
62 0.4859264821568609
63 0.4985693484705853
64 0.5033883073777032
65 0.4875427859646138
66 0.4788719710499728
67 0.5011487835095391
68 0.499893316130226
69 0.4848406382403244
70 0.4848406382403244
