1 0.9556618644517169
2 0.9747156802075219
3 0.7812329734076167
4 0.8777287103648124
5 0.7594923399239766
6 0.8198511864853275
7 0.8466429370302945
8 0.7809997929052033
9 0.8532522772237698
10 0.911607456890271
11 0.9374219424565657
12 0.9304401449881811
13 0.8666293175456898
14 0.7904308873274267
15 0.7726597405645702
16 0.7127259700808841
17 0.6559289125529449
18 0.634854039599396
19 0.6213321848187427
20 0.6491149750737067
21 0.6460353171593436
22 0.6480082349139158
23 0.6711170166086623
24 0.637758738607477
25 0.6298764805596897
26 0.5537106550051178
27 0.5568026061191251
28 0.5777000764082442
29 0.5439784561420993
30 0.537733468311338
31 0.5081792782501094
32 0.5276481603686878
33 0.5192333447390806
34 0.5118302214554871
35 0.5347585775394247
36 0.5571889920412819
37 0.5648955677703584
38 0.559793388289751
39 0.5566855425385259
40 0.5334418397783093
41 0.5352821605745547
42 0.5307032086048789
43 0.5277120120403731
44 0.4977999988654308
45 0.4621134891146453
46 0.4812108173484846
47 0.4272690548177607
48 0.43382473496603535
49 0.44170413061513986
50 0.47254381149465874
51 0.48063199163651676
52 0.4308762088494621
53 0.47166187614602606
54 0.47012818939397155
55 0.4551943068311001
56 0.47943061150663113
57 0.49317302848756855
58 0.49295240436270077
59 0.479890859341778
60 0.46667008093239537
61 0.4672343195043543
62 0.4175271950172138
63 0.44946917363124667
64 0.428599066969663
65 0.4958353750331326
66 0.4682404251701991
67 0.4559118204929688
68 0.45715291947218145
69 0.47932864687210375
70 0.47932864687210375
