1 0.6947364437398386
2 0.554522956713738
3 0.6781311516602605
4 0.6777976521818466
5 0.7648624781406532
6 0.9822659475326272
7 0.831288528690997
8 0.8744447613618822
9 0.7434392836770904
10 0.7441472177465958
11 0.7166758188609691
12 0.680272011947979
13 0.6369284376961415
14 0.6213353880661254
15 0.6413730706326313
16 0.6167893390220529
17 0.5859313148307023
18 0.6102299388136891
19 0.6058172845585293
20 0.5977364517249322
21 0.5970754745346837
22 0.5857177961922635
23 0.5677566852118053
24 0.5786421400122312
25 0.5649198164601598
26 0.5698148688765218
27 0.5569729678875683
28 0.5362939843578938
29 0.5550297357324439
30 0.5385244212119384
31 0.5669195566968201
32 0.6014721717387438
33 0.5726768270491498
34 0.5349043381812785
35 0.5313087631023676
36 0.5249650634514665
37 0.5330516610445176
38 0.5186322286313839
39 0.5060901776378021
40 0.49355201612150007
41 0.48596967338571184
42 0.520270279030924
43 0.5115433808007493
44 0.5045492526690732
45 0.5045555500849291
46 0.5387157952453249
47 0.5688286346842336
48 0.5648917875926286
49 0.5518963995002943
50 0.5244015876459284
51 0.5128413172983837
52 0.512614062571
53 0.5076692349094617
54 0.4865114980162844
55 0.5029725126806965
56 0.49122249086072334
57 0.4884156226428596
58 0.4726439289313623
59 0.4750905216258118
60 0.47199289606408584
61 0.4706226910948692
62 0.47677209481816546
63 0.48515444738126007
64 0.4742908980441375
65 0.4490723988021832
66 0.45982510104094915
67 0.4772464167801267
68 0.47223535180152265
69 0.4750639631646478
70 0.4750639631646478
