1 0.659225882369522
2 0.8530068754478708
3 0.7039146770329339
4 0.8312145483421773
5 0.7126546127834386
6 0.6908231329247536
7 0.6599231865453181
8 0.827199064999377
9 0.7504501854505392
10 0.784540550548144
11 0.7539156803802839
12 0.7620388616003576
13 0.7517450620329627
14 0.7395024731206639
15 0.7011887578603963
16 0.683913293579324
17 0.741403784497167
18 0.713158886153169
19 0.7195539448599763
20 0.6186468851103615
21 0.5878894160217327
22 0.6558513111519508
23 0.6177911137215372
24 0.6296233030135249
25 0.6119083284287499
26 0.602337450019121
27 0.5621636377491791
28 0.5919716329588538
29 0.5933146734178874
30 0.610074711141596
31 0.6032819441974132
32 0.6008736662354047
33 0.5769866406869835
34 0.579137021018474
35 0.5661832311286416
36 0.5585286014636142
37 0.5527025324419518
38 0.5329603151962128
39 0.5575767366388493
40 0.5694014827764652
41 0.5725837954997806
42 0.5729335560603098
43 0.5528492563960081
44 0.5448685906582909
45 0.5576050273717945
46 0.5493207204471501
47 0.550139729986057
48 0.5552940608317716
49 0.5604167832940837
50 0.5628774639535965
51 0.5407979204033251
52 0.5372729146552228
53 0.5131465907270957
54 0.5253849807139108
55 0.5140102625788877
56 0.5039449961625639
57 0.5022396351394409
58 0.49405812533748233
59 0.5197333137292574
60 0.5185402188042219
61 0.5046468021998954
62 0.4707137516476172
63 0.469863148202073
64 0.475913825944494
65 0.521816250584165
66 0.5272766976969797
67 0.49600348799004185
68 0.49400814910794805
69 0.5050899180809206
70 0.5050899180809206
