1 0.6353399453540284
2 0.9780253590433171
3 0.8706780359049618
4 0.6586878082506215
5 0.6719553135289541
6 0.7637817878351565
7 0.7315147705389577
8 0.6895401111538344
9 0.7827843500458598
10 0.7806691530629849
11 0.839444912745777
12 0.7603154648159125
13 0.7148804593867824
14 0.7084670295108011
15 0.6352007611632997
16 0.6423983643397753
17 0.6268520727769559
18 0.6357794307113517
19 0.5935309230629302
20 0.6262527915419551
21 0.647381529630827
22 0.6247947838532922
23 0.608933123057211
24 0.6458690696372517
25 0.6120981264502358
26 0.6018798687566886
27 0.6166557945363826
28 0.6132028643515708
29 0.5839486882832026
30 0.594824210445094
31 0.6119012910662882
32 0.6250900596536614
33 0.5857847684293948
34 0.5991447498749021
35 0.6064999867329716
36 0.6191653544222273
37 0.5832344989864494
38 0.5828190950452826
39 0.5666215194515766
40 0.5583542767941077
41 0.5548366648630927
42 0.5890157447256587
43 0.5680524368503882
44 0.5675074086462942
45 0.624567089511532
46 0.6138723649889417
47 0.5878863119777367
48 0.5611017128993834
49 0.5657745460002224
50 0.5675096213915182
51 0.5384451417792857
52 0.5191628451880094
53 0.533536304532828
54 0.5307406487310993
55 0.528113946954908
56 0.5623022683251246
57 0.5616006921190043
58 0.5772607041551717
59 0.577608023429259
60 0.5740201630610244
61 0.5792579126656171
62 0.5837591021676388
63 0.5809135105881238
64 0.55302437338599
65 0.5434474280654006
66 0.5219271633257667
67 0.5046378640740543
68 0.5075266712591425
69 0.5169455736170304
70 0.5169455736170304
