-0.564 5772.0 
0.62 2837.0 
-0.564 5772.0 
0.62 2837.0 
0.339 3016.0 
-0.486 4179.0 
-0.494 4282.0 
0.451 2945.0 
0.385 2990.0 
0.525 2899.0 
-0.521 4522.0 
-0.526 4604.0 
0.495 2917.0 
-0.561 5574.0 
0.088 3185.0 
0.36 3007.0 
-0.409 3800.0 
-0.345 3608.0 
0.593 2853.0 
0.135 3141.0 
-0.479 4126.0 
-0.562 5658.0 
-0.435 3918.0 
-0.203 3395.0 
0.165 3123.0 
-0.002 3235.0 
-0.449 3955.0 
0.178 3122.0 
-0.548 5023.0 
-0.537 4798.0 
-0.563 5699.0 
0.102 3164.0 
0.411 2971.0 
-0.533 4686.0 
0.296 3042.0 
-0.177 3366.0 
0.03 3210.0 
-0.111 3312.0 
0.547 2885.0 
0.244 3076.0 
0.577 2865.0 
-0.421 3842.0 
0.122 3151.0 
0.017 3220.0 
-0.554 5248.0 
-0.558 5426.0 
-0.32 3575.0 
-0.513 4424.0 
0.056 3190.0 
-0.531 4645.0 
-0.559 5458.0 
0.272 3056.0 
0.205 3100.0 
-0.302 3535.0 
-0.457 4003.0 
-0.397 3762.0 
-0.075 3283.0 
-0.129 3322.0 
0.56 2877.0 
-0.556 5345.0 
-0.022 3246.0 
-0.549 5098.0 
0.425 2961.0 
-0.507 4390.0 
-0.547 4981.0 
0.261 3071.0 
-0.059 3269.0 
-0.141 3332.0 
-0.501 4320.0 
-0.318 3573.0 
0.051 3193.0 
-0.259 3465.0 
-0.285 3498.0 
-0.553 5174.0 
0.227 3093.0 
-0.049 3259.0 
-0.544 4917.0 
-0.539 4860.0 
0.479 2928.0 
-0.033 3251.0 
-0.3 3521.0 
-0.551 5108.0 
-0.093 3301.0 
-0.421 3842.0 
-0.555 5272.0 
-0.464 4034.0 
-0.267 3486.0 
0.292 3050.0 
-0.213 3403.0 
-0.155 3345.0 
-0.441 3920.0 
-0.545 4941.0 
-0.552 5169.0 
-0.391 3749.0 
-0.385 3721.0 
-0.541 4869.0 
-0.557 5360.0 
-0.472 4083.0 
-0.536 4748.0 
-0.56 5520.0 
