0.624 2833.0 
-0.565 5853.0 
0.624 2833.0 
-0.181 3371.0 
-0.552 5214.0 
-0.498 4288.0 
-0.55 5087.0 
-0.062 3270.0 
-0.49 4221.0 
-0.091 3293.0 
-0.108 3304.0 
-0.564 5768.0 
-0.224 3425.0 
-0.555 5266.0 
0.287 3045.0 
-0.224 3425.0 
0.415 2965.0 
-0.54 4803.0 
-0.502 4356.0 
0.446 2945.0 
-0.258 3458.0 
-0.562 5670.0 
-0.559 5492.0 
-0.514 4463.0 
-0.561 5584.0 
-0.472 4099.0 
-0.157 3351.0 
-0.547 4969.0 
0.556 2879.0 
0.251 3069.0 
-0.002 3226.0 
0.314 3028.0 
0.381 2986.0 
0.602 2847.0 
0.051 3194.0 
-0.433 3911.0 
-0.381 3718.0 
0.541 2892.0 
0.356 3009.0 
0.099 3164.0 
-0.359 3643.0 
-0.136 3327.0 
0.046 3199.0 
-0.556 5345.0 
-0.563 5710.0 
-0.482 4161.0 
-0.453 4020.0 
-0.524 4571.0 
-0.426 3858.0 
0.425 2959.0 
-0.317 3550.0 
-0.328 3570.0 
-0.342 3605.0 
0.25 3070.0 
-0.56 5548.0 
-0.548 5032.0 
-0.528 4612.0 
0.332 3017.0 
-0.396 3762.0 
-0.541 4879.0 
0.49 2920.0 
-0.375 3703.0 
-0.043 3254.0 
0.084 3172.0 
0.223 3095.0 
-0.544 4922.0 
-0.465 4049.0 
0.121 3149.0 
0.468 2933.0 
-0.275 3484.0 
-0.442 3930.0 
-0.534 4701.0 
-0.022 3239.0 
0.379 2989.0 
0.016 3217.0 
-0.557 5365.0 
-0.286 3498.0 
0.58 2861.0 
-0.484 4171.0 
-0.317 3550.0 
-0.519 4534.0 
0.577 2864.0 
-0.508 4403.0 
0.197 3104.0 
0.223 3095.0 
0.175 3119.0 
-0.449 3958.0 
-0.537 4751.0 
0.148 3132.0 
-0.364 3668.0 
-0.451 3983.0 
0.155 3128.0 
-0.558 5423.0 
0.504 2911.0 
0.196 3105.0 
0.617 2841.0 
0.344 3010.0 
0.474 2928.0 
-0.467 4074.0 
-0.398 3769.0 
