-0.566 5944.0 
-0.566 5944.0 
0.622 2835.0 
0.518 2902.0 
-0.18 3378.0 
0.445 2954.0 
0.369 2994.0 
-0.142 3339.0 
-0.556 5324.0 
-0.045 3262.0 
-0.542 4870.0 
-0.019 3239.0 
-0.289 3511.0 
0.026 3210.0 
-0.564 5812.0 
0.562 2872.0 
-0.437 3943.0 
-0.539 4815.0 
0.41 2969.0 
0.235 3079.0 
0.445 2954.0 
-0.565 5867.0 
-0.562 5631.0 
-0.528 4636.0 
-0.558 5456.0 
-0.423 3864.0 
0.053 3193.0 
-0.534 4715.0 
0.274 3055.0 
-0.31 3539.0 
-0.376 3696.0 
-0.2 3400.0 
-0.545 4952.0 
-0.497 4323.0 
-0.12 3316.0 
-0.548 5058.0 
0.135 3143.0 
0.54 2890.0 
-0.553 5204.0 
-0.506 4368.0 
-0.362 3670.0 
0.107 3157.0 
-0.547 4983.0 
-0.273 3487.0 
-0.471 4097.0 
-0.454 3994.0 
-0.216 3410.0 
0.329 3023.0 
-0.552 5176.0 
0.356 3009.0 
-0.465 4065.0 
0.603 2854.0 
-0.263 3466.0 
-0.387 3731.0 
0.162 3127.0 
0.203 3100.0 
-0.563 5730.0 
-0.393 3754.0 
-0.458 4026.0 
-0.249 3447.0 
-0.445 3948.0 
-0.094 3301.0 
-0.415 3840.0 
-0.525 4569.0 
-0.51 4407.0 
0.221 3088.0 
0.187 3118.0 
-0.066 3275.0 
-0.002 3225.0 
0.412 2967.0 
0.008 3221.0 
-0.496 4269.0 
-0.072 3281.0 
0.083 3174.0 
-0.555 5287.0 
0.337 3016.0 
-0.561 5598.0 
-0.56 5516.0 
-0.563 5730.0 
-0.551 5102.0 
-0.517 4492.0 
0.584 2863.0 
-0.404 3802.0 
-0.13 3330.0 
0.303 3035.0 
0.099 3163.0 
-0.232 3428.0 
-0.493 4246.0 
-0.092 3294.0 
-0.355 3634.0 
-0.402 3792.0 
-0.536 4745.0 
-0.526 4599.0 
-0.52 4520.0 
0.283 3047.0 
-0.33 3579.0 
-0.342 3604.0 
0.526 2897.0 
-0.478 4191.0 
-0.489 4208.0 
