8.954154245751411 174.5760451300268 237.89656110611244 251.39799864353833 709.6217605052383 
98.0 213.0588888737555 1224.8075941973855 1496.7541524708472 540.869714896317 
128.0 204.73912163771146 1302.8504615404527 251.35247597097188 1320.2534845139294 
129.0 253.11773581011732 1053.0442755647457 872.5264053138612 760.1679965185062 
27.71213050610615 96.83090737380743 903.5543412282836 391.5161180777492 248.02279416892674 
6.550670868078434 489.1675422074308 632.0381317612515 248.64244921262656 257.59056397578155 
58.69150931800593 144.05115726249784 632.0381317612515 248.64244921262656 659.998625552838 
129.0 213.0100123466797 968.3408215865267 1431.578303142738 502.5410929962354 
58.19092186426654 173.23068189984897 300.09411305552715 248.63809890678692 776.3365794768774 
27.71213050610615 96.32085706471958 903.5543412282836 336.3757688782357 209.69597868072702 
