0.02593136563936904 58.32578975026756 1.0534313946490101 0.2335173214964641 0.611356772640203 
63.5280089160947 0.2684555449283721 1496.2834741036334 1478.6569459295715 715.4531485279895 
0.02593136563936904 58.32543746472819 1.0534313946490101 0.18802648853506065 0.611356772640203 
0.06460263876957165 43.00129307190757 357.6306927766657 266.3386895052517 0.32237577766997916 
60.756216768566176 3.7419859484466436 1499.5706815732506 961.4663248460703 480.79962788278164 
13.807563812092404 0.44907041422018507 1115.3661088108806 513.222776760464 113.02084575732815 
63.594070651405524 0.31661446680606486 1498.2150718888333 785.1605026185009 597.9580601851734 
0.8448168191164864 44.918339257328064 119.331643521292 333.2841683351735 0.5453205011850562 
13.807563812092404 0.46523602549617493 1069.9273742809717 477.6663061577481 113.08047554840485 
1.9051771545762657 58.25962722113954 81.84284433206071 378.11291413454865 0.8245309720159898 
0.5838664911580755 44.918339257328064 166.09086850485602 333.2841683351735 0.5453205011850562 
63.6276832494392 0.31171482930174577 1499.6395538602503 1384.494793076953 744.1169174640283 
0.03128815777177672 40.299592617989056 250.35191903072547 389.31785002174894 1.81969586501065 
82.78266851431854 0.20016998698250033 1495.284636321919 989.7506013116439 474.1306381023481 
0.030258208680858337 59.61725756136265 1.0082427344014557 201.59046597621568 0.3351392984923045 
0.03134639177664182 40.299592617989056 250.35191903072547 389.31785002174894 1.81969586501065 
0.18072276925198305 55.48179065628753 42.141778602792556 98.21349265184367 0.24147556798432124 
62.96467018749033 0.26920509502112633 1499.4078298157979 588.726659545533 391.648743446147 
0.14848772723527404 1.5465957496658262 1159.5673651329992 455.80657863549766 397.27095833790406 
0.03134639177664182 59.25921827300341 1.547999444579208 105.69550561979685 0.32110049006467617 
0.06460263876957165 43.00129307190757 359.49402309917593 345.40452316652176 8.180131707120774 
77.01920194499252 0.4403842606251511 1475.7347739890504 1316.9768402898912 683.9440711093198 
81.05912140432801 0.23651148351734363 1495.275831539195 1244.3061299027067 381.70001713831016 
56.82973849796686 1.6164808930512946 1225.9242435606393 455.80657863549766 392.4932971036613 
58.20294557191181 0.44344984631151263 1499.2192982287802 1327.5762373807138 445.2822489794247 
17.257591863617645 0.026943294394240924 869.8845899380334 514.8582148552015 56.10162623332554 
0.09532620632217464 56.541128189871685 226.6540496215985 322.5432346233354 37.57039009940825 
60.099900411920665 0.1415574475467665 1498.2150718888333 754.1151881791699 393.5222583873302 
1.8890562642533055 58.5333896689403 1.0534313946490101 35.73320373034272 0.823004708987129 
0.06411197251019263 56.14903887236532 21.501159490975738 209.01168749737596 2.779966287623303 
0.16387314073942577 58.230444252026594 1.1127282319997502 373.5088923061179 1.5733631083285005 
0.19862725237767026 49.93387081133989 8.24860413670341 181.3700362799267 0.031771575326021484 
0.16894246459925433 55.61599393943845 0.528431495364206 145.48102102129286 1.579051581868308 
0.02593136563936904 58.32578975026756 9.288153555544948 8.16658140698755 0.7290202028346092 
0.20825898117963856 44.22491506033589 31.38646675723004 323.0579597259345 1.2199138515497845 
3.874519191684552 27.500441647353266 692.495718157281 455.81140365795375 207.69499115896704 
0.0256301258448719 0.24083469968601756 502.6249019844882 376.3633846908076 112.9140895544235 
1.1862363883587497 60.57705426718798 46.575445717562786 15.292103622113203 12.427867817693175 
0.06035315878595929 46.09932402667277 152.36255089980708 59.311736456494074 8.548283604747256 
0.017165390975451028 55.819756232746336 4.969306563379092 310.0113154037497 8.453468907338191 
0.004388370000382613 41.56012556206723 502.6249019844882 380.8387162936812 113.2571693029121 
0.9358519835583428 44.918339257328064 198.15326632429583 333.2841683351735 0.5453205011850562 
0.017165390975451028 55.819756232746336 52.92762005201031 310.0113154037497 8.453468907338191 
62.17365018627531 0.3761968766927418 1457.4917389183797 1125.3303435667908 441.39315316564944 
63.6276832494392 0.35736778970156813 1499.6395538602503 1389.548743195393 581.9139211914775 
17.781015216174207 0.10690695163837102 1069.9273742809717 372.98832066782444 208.18536390652525 
2.0523193975815657 3.8752441480599202 1051.318510067296 353.6784767413713 8.209971397469893 
76.40630478912706 0.17433103510081452 1286.3113431755346 507.8997053228698 364.16965982555786 
3.722914059256682 0.24083469968601756 703.6884230553467 376.3633846908076 112.9140895544235 
0.18072276925198305 55.48179065628753 42.141778602792556 91.98279304785808 0.24147556798432124 
0.030273925108310434 60.55593823064299 500.72821152109265 335.1576970509676 0.33569679309045436 
1.3259081756944613 59.30679793086576 500.72821152109265 352.76150739015736 0.7190578263473073 
3.982074881227378 60.6280543401379 567.9875726420316 335.1576970509676 0.3771629275706346 
0.030258208680858337 51.33554845774712 34.12960073927468 201.59046597621568 0.3351392984923045 
64.70221144524243 0.4403842606251511 1475.3562601045705 1213.2461894818205 682.259221553739 
60.532099702842615 0.24892454692584365 1478.8090679900215 827.4007304546997 393.60000643614956 
17.922220333438894 0.2407925960812131 1498.753118668214 514.6930943322436 221.06393032299775 
0.044596597023399354 56.32359962753271 1.547999444579208 174.02697881162362 0.5552960514405018 
0.00537133558156655 45.0937993151353 666.7667583558584 419.77118460034944 7.564776381184582 
20.253240069654417 2.3502460692192884 1475.3741934581476 727.4338830775068 392.6658242351784 
0.032561218729464825 59.25921827300341 52.62609045654023 46.23399129660791 0.9094118081219715 
3.982074881227378 60.6280543401379 701.7917326058614 335.1576970509676 0.3771629275706346 
0.027983862139922988 58.3247640484231 34.82265701937406 378.11291413454865 0.8245309720159898 
0.20555661032533182 45.07365709390796 0.41810779683726507 323.55591976957675 0.37076894622211964 
0.0016781362692138459 59.15810805060887 64.61965602532186 190.66216282005 38.017375446454054 
16.061868572483 0.1415574475467665 1498.2150718888333 754.1151881791699 393.5222583873302 
17.767833109481273 0.05764466982654137 824.4458467076026 474.2260684591217 108.53585269245829 
0.03606365130337168 59.2649648721768 16.298454157572873 290.78326515345157 0.3910868348716301 
0.06035315878595929 51.25170680552132 52.74654258218321 59.311736456494074 0.018590788962070004 
0.205403953002936 53.64932188913123 359.49402309917593 373.2623014863476 0.7729856760140508 
3.722914059256682 1.0675068400978198 814.6295254007903 376.2975228448832 112.9140895544235 
54.949600554005094 0.3308785206878478 1432.587645759713 595.9389309721927 256.5963885445848 
0.04254199902573117 55.33397380648137 13.811661970982868 378.26291022055915 0.7283042038144023 
0.8124386385602598 55.61599393943845 0.3746234803099373 145.48102102129286 1.579051581868308 
0.04254199902573117 55.33397380648137 13.811661970982868 353.6784767413713 8.209971397469893 
61.65632886765179 0.3761968766927418 1486.1975931769887 1125.3303435667908 441.39315316564944 
0.8448168191164864 44.918339257328064 429.00572205958724 333.2960930226653 3.6959286472522077 
0.16387314073942577 58.230091966487215 1.102015367076992 25.525816431417105 1.5539687035841134 
17.781015216174207 0.10690695163837102 1069.9273742809717 372.98832066782444 232.31199155262084 
0.029807289875836324 60.6280543401379 500.72821152109265 335.1576970509676 0.3771629275706346 
59.80399547259236 1.1768151975269079 1499.3918404261465 386.604497816132 239.24159755354657 
0.23449795170614252 50.72322934193762 6.790983859095304 24.204223376221535 1.8706045882098503 
0.01769751782786963 1.2706618561691165 1225.9242435606393 455.80657863549766 392.4932971036613 
0.02746155405158468 59.25921827300341 1.547999444579208 253.32292740452357 11.228277945576767 
5.826953467976438E-4 59.15810805060887 64.61965602532186 190.66216282005 38.017375446454054 
1.3852198158888334 51.25170680552132 2.3628675169659843 265.11235673142005 10.628046619814334 
17.767833109481273 0.05764466982654137 824.4458467076026 379.21239167293595 108.53585269245829 
57.69178836967262 0.44878327874289414 1494.742946189568 598.9770144642066 256.8414738881944 
0.04254199902573117 55.33397380648137 9.528769422141409 279.1046523572228 0.24147556798432124 
1.3259081756944613 7.699285306222187 500.6751345256654 350.92899723667836 115.60890516939074 
58.07688951524975 1.0675068400978198 814.6295254007903 376.2975228448832 93.41045982454418 
0.04254199902573117 55.33397380648137 4.470840274668549 279.1046523572228 0.24147556798432124 
48.0228556136515 0.30336613339532903 1497.0388836632098 1071.8204123244946 739.5814817088069 
0.5185853405945615 52.489073371550276 8.976786759790517 64.04693134684658 0.7293318795311698 
1.3154868338876178 59.25921827300341 1.547999444579208 251.85215876363173 11.228277945576767 
1.9761422581311712 58.26030063744464 1.0534313946490101 0.2335173214964641 0.611356772640203 
0.043511519442858804 49.742064286394715 17.07994515246642 156.64886392024533 1.883050812353582 
0.04408110093529547 59.2649648721768 16.943919320751746 78.84457784137368 2.0530656601325474 
58.07688951524975 1.0675068400978198 814.6295254007903 471.3111996311676 93.41045982454418 
0.0036705661743141396 44.245057281563234 678.1091706595287 419.27322455626364 8.353788870803369 
